1	1
2	3
3	3
4	3
5	3
6	3
7	3
8	3
9	3
10	3
11	3
12	3
13	3
14	3
15	3
16	3
17	3
18	3
19	3
20	3
21	3
22	3
23	3
24	3
25	3
26	3
27	3
28	3
29	3
30	2
31	3
32	3
33	3
34	3
35	3
36	3
37	3
38	3
39	3
40	3
41	2
42	3
43	3
44	3
45	3
46	3
47	3
48	3
49	3
50	3
51	3
52	3
53	3
54	3
55	3
56	3
57	3
58	3
59	3
60	3
61	3
62	3
63	3
64	3
65	3
66	3
67	3
68	3
69	3
70	3
71	3
72	3
73	3
74	3
75	3
76	3
77	3
78	3
79	3
80	3
81	3
82	3
83	3
84	3
85	3
86	3
87	3
88	3
89	3
90	3
91	3
92	3
93	3
94	3
95	3
96	3
97	3
98	3
99	3
100	6
101	6
102	6
103	6
104	6
105	6
106	6
107	6
108	6
109	6
110	6
111	6
112	6
113	6
114	6
115	6
116	6
117	6
118	6
119	4
120	6
121	4
122	4
123	4
124	4
125	4
126	4
127	4
128	4
129	4
130	4
131	4
132	4
133	4
134	1
135	1
136	1
137	1
138	1
139	4
140	4
141	4
142	4
143	4
144	4
145	4
146	4
147	4
148	4
149	4
150	4
151	4
152	4
153	4
154	4
155	4
156	4
157	4
158	1
159	1
160	1
161	1
162	1
163	1
164	1
165	1
166	1
167	5
168	1
169	1
170	1
171	1
172	1
173	1
174	1
175	1
176	1
177	1
178	1
179	1
180	1
181	6
182	6
183	6
184	6
185	6
186	6
187	6
188	6
189	6
190	6
191	6
192	4
193	4
194	4
195	4
196	4
197	4
198	4
199	4
200	4
201	1
202	1
203	1
204	1
205	1
206	1
207	1
208	1
209	1
210	1
211	1
212	1
213	1
214	1
215	1
216	1
217	1
218	1
219	1
220	2
221	2
222	2
223	2
224	2
225	2
226	2
227	6
228	2
229	2
230	2
231	2
232	2
233	2
234	2
235	2
236	2
237	2
238	2
239	2
240	2
241	2
242	2
243	2
244	2
245	2
246	2
247	2
248	2
249	2
250	2
251	2
252	2
253	2
254	2
255	2
256	2
257	2
258	2
259	2
260	2
261	2
262	2
263	2
264	2
265	2
266	2
267	1
268	2
269	2
270	2
271	2
272	2
273	2
274	4
275	4
276	4
277	4
278	4
279	4
280	4
281	4
282	4
283	4
284	4
285	4
286	4
287	5
288	5
289	5
290	5
291	5
292	5
293	5
294	5
295	2
296	2
297	2
298	2
299	2
300	2
301	2
302	2
303	2
304	2
305	2
306	2
307	2
308	2
309	6
310	6
311	6
312	6
313	6
314	6
315	6
316	6
317	6
318	6
319	6
320	6
321	6
322	6
323	6
324	6
325	6
326	6
327	6
328	6
329	5
330	5
331	5
332	5
333	2
334	2
335	2
336	2
337	2
338	2
339	2
340	2
341	2
342	2
343	2
344	2
345	2
346	2
347	2
348	2
349	2
350	2
351	2
352	2
353	2
354	2
355	2
356	2
357	2
358	2
359	4
360	5
361	5
362	5
363	5
364	5
365	5
366	5
367	5
368	3
369	5
370	5
371	5
372	3
373	5
374	6
375	6
376	6
377	6
378	6
379	6
380	6
381	6
382	6
383	6
384	6
385	6
386	6
387	6
388	6
389	6
390	6
391	6
392	6
393	6
394	6
395	6
396	6
397	6
398	6
399	6
400	6
401	6
***
1	1
2	1
3	1
4	1
5	1
6	1
