1	1
2	1
3	1
4	1
5	1
6	4
7	4
8	4
9	4
10	3
11	3
12	3
13	3
14	3
15	3
16	3
17	3
18	3
19	3
20	3
21	3
22	3
23	3
24	3
25	3
26	3
27	3
28	4
29	4
30	4
31	4
32	4
33	4
34	4
35	4
36	4
37	4
38	4
39	3
40	4
41	3
42	3
43	3
44	2
45	2
46	3
47	2
48	2
49	2
50	2
51	2
52	2
53	2
54	4
55	2
56	4
57	4
58	4
59	4
60	4
61	4
62	4
63	4
64	4
65	4
66	4
67	4
68	4
69	4
70	4
71	4
72	4
73	4
74	4
75	4
76	1
77	1
78	1
79	1
80	1
81	1
82	1
83	1
84	1
85	1
86	1
87	1
88	1
89	1
90	1
91	5
92	5
93	5
94	5
95	5
96	5
97	5
98	5
99	5
100	5
101	5
102	2
103	2
104	2
105	2
106	2
107	2
108	2
109	2
110	2
111	2
112	2
113	2
114	2
115	2
116	2
117	2
118	2
119	2
120	2
121	2
122	2
123	2
124	2
125	2
126	2
127	2
128	2
129	2
130	2
131	2
132	2
133	2
134	2
135	2
136	2
137	2
138	2
139	2
140	2
141	2
142	2
143	2
144	2
145	2
146	2
147	2
148	2
149	2
150	2
151	2
152	2
153	2
154	2
155	2
156	2
157	2
158	2
159	2
160	2
161	2
162	2
163	2
164	2
165	2
166	2
167	2
168	2
169	2
170	2
171	2
172	2
173	2
174	2
175	2
176	2
177	2
178	2
179	2
180	2
181	2
182	2
183	2
184	2
185	2
186	2
187	2
188	2
189	2
190	2
191	2
192	2
193	2
194	2
195	2
196	2
197	2
198	2
199	2
200	2
201	2
202	2
203	2
204	2
205	2
206	2
207	2
208	2
209	2
210	2
211	2
212	2
213	2
214	2
215	2
216	2
217	2
218	2
219	2
220	2
221	2
222	2
223	2
224	2
225	2
226	2
227	2
228	2
229	2
230	2
231	2
232	2
233	2
234	2
235	2
236	2
237	2
238	2
239	2
240	2
241	2
242	2
243	2
244	2
245	2
246	2
247	2
248	2
249	2
250	2
251	2
252	2
253	2
254	2
255	2
256	2
257	2
258	2
259	2
260	2
261	2
262	2
263	2
264	2
265	2
266	2
267	2
268	2
269	2
270	2
271	2
272	2
273	2
274	2
275	2
276	2
277	2
278	2
279	2
280	2
281	2
282	2
283	2
284	2
285	2
286	2
287	2
288	2
289	2
290	2
291	2
292	2
293	2
294	2
295	2
296	2
297	2
298	2
299	2
300	2
301	2
302	2
303	2
304	2
305	2
306	2
307	2
308	2
309	2
310	2
311	2
312	2
313	2
314	2
315	2
316	2
317	2
318	2
319	2
320	2
321	2
322	2
323	2
324	2
325	2
326	5
327	5
328	5
329	5
330	5
331	5
332	1
333	5
334	1
335	5
336	5
337	5
338	5
339	5
340	5
341	5
342	5
343	5
344	5
345	5
346	5
347	5
348	5
349	5
350	5
351	5
352	5
353	5
354	5
355	5
356	5
357	5
358	5
359	5
360	5
361	5
362	5
363	5
364	5
365	5
366	5
367	5
368	5
369	3
370	3
371	3
372	3
373	3
374	3
375	3
376	3
377	3
378	3
379	3
380	3
381	3
382	3
383	3
384	3
385	3
386	3
387	3
388	5
389	5
390	3
391	5
392	5
393	5
394	5
395	5
396	5
397	5
398	5
399	5
400	1
401	1
402	1
403	1
404	1
405	1
406	1
407	2
408	2
409	2
410	2
411	2
412	2
413	4
414	4
415	4
416	4
417	4
418	4
419	4
420	4
421	4
422	4
423	4
424	4
425	2
426	2
427	2
428	2
429	2
430	2
431	2
432	2
433	2
434	2
435	2
436	2
437	2
438	2
439	2
440	2
441	2
442	2
443	2
444	2
445	2
446	2
447	2
448	2
449	2
450	2
451	2
452	2
453	4
454	2
455	2
***
1	2
2	1
3	1
4	1
5	2
