1	1
2	1
3	1
4	4
5	4
6	4
7	4
8	4
9	4
10	4
11	3
12	3
13	3
14	3
15	3
16	3
17	3
18	3
19	3
20	3
21	3
22	2
23	2
24	3
25	3
26	3
27	1
28	1
29	1
30	1
31	1
32	1
33	1
34	3
35	3
36	3
37	1
38	1
39	1
40	1
41	1
42	1
43	1
44	4
45	1
46	1
47	1
48	3
49	3
50	3
51	3
52	3
53	3
54	3
55	3
56	4
57	4
58	4
59	4
60	4
61	4
62	4
63	4
64	3
65	3
66	3
67	3
68	3
69	3
70	3
71	2
72	2
73	2
74	2
75	2
76	2
77	2
78	2
79	5
80	5
81	5
82	5
83	5
84	5
85	5
86	5
87	5
88	5
89	5
90	5
91	5
92	5
93	5
94	5
95	5
96	5
97	5
98	5
99	2
100	2
101	2
102	2
103	2
104	5
105	2
106	2
107	2
108	2
109	2
110	2
111	6
112	6
113	6
114	6
115	6
116	6
117	6
118	6
119	6
120	6
121	6
122	6
123	6
124	6
125	6
126	6
127	2
128	2
129	2
130	2
131	2
132	2
133	2
134	2
135	2
136	2
137	2
138	2
***
1	2
2	1
3	2
4	2
5	1
6	1
