1	1
2	1
3	1
4	1
5	1
6	1
7	1
8	1
9	1
10	1
11	1
12	1
13	1
14	1
15	1
16	4
17	4
18	4
19	4
20	4
21	4
22	4
23	4
24	5
25	5
26	3
27	3
28	3
29	3
30	3
31	3
32	3
33	5
34	5
35	5
36	5
37	5
38	5
39	5
40	3
41	3
42	5
43	5
44	3
45	3
46	3
47	3
48	3
49	3
50	3
51	3
52	3
53	3
54	3
55	3
56	3
57	3
58	3
59	3
60	3
61	3
62	3
63	3
64	3
65	3
66	3
67	3
68	3
69	3
70	3
71	3
72	3
73	3
74	3
75	3
76	3
77	3
78	3
79	3
80	3
81	3
82	3
83	6
84	3
85	3
86	3
87	3
88	3
89	3
90	3
91	3
92	3
93	3
94	3
95	3
96	3
97	3
98	3
99	3
100	3
101	3
102	3
103	3
104	3
105	3
106	3
107	3
108	3
109	3
110	3
111	3
112	3
113	3
114	3
115	3
116	3
117	3
118	3
119	3
120	3
121	3
122	3
123	3
124	3
125	3
126	3
127	3
128	3
129	3
130	3
131	3
132	3
133	3
134	3
135	3
136	3
137	3
138	3
139	3
140	3
141	3
142	3
143	3
144	3
145	3
146	3
147	3
148	3
149	3
150	3
151	3
152	3
153	3
154	3
155	3
156	3
157	3
158	3
159	3
160	3
161	3
162	3
163	3
164	3
165	3
166	3
167	3
168	3
169	3
170	3
171	3
172	3
173	3
174	3
175	3
176	3
177	3
178	6
179	3
180	6
181	6
182	6
183	6
184	6
185	6
186	3
187	6
188	3
189	6
190	6
191	6
192	6
193	6
194	6
195	6
196	6
197	6
198	6
199	6
200	4
201	6
202	6
203	6
204	6
205	6
206	6
207	6
208	6
209	6
210	6
211	3
212	1
213	1
214	1
215	1
216	1
217	1
218	1
219	1
220	6
221	6
222	6
223	4
224	4
225	4
226	4
227	4
228	4
229	4
230	4
231	4
232	4
233	4
234	4
235	4
236	4
237	4
238	4
239	4
240	4
241	4
242	4
243	4
244	4
245	4
246	4
247	4
248	4
249	4
250	4
251	4
252	4
253	4
254	4
255	4
256	4
257	4
258	4
259	4
260	4
261	4
262	4
263	4
264	4
265	4
266	4
267	4
268	4
269	2
270	2
271	2
272	2
273	2
274	2
275	2
276	2
277	2
278	2
279	2
280	2
281	2
282	2
283	2
284	2
285	2
286	2
287	2
288	2
289	2
290	2
291	2
292	2
293	2
294	2
295	2
296	2
297	2
298	2
299	2
300	2
301	2
302	2
303	2
304	2
305	2
306	2
307	2
308	2
309	2
310	2
311	2
312	2
313	2
314	2
315	2
316	2
317	2
318	2
319	2
320	2
321	2
322	2
323	2
324	2
325	2
326	2
327	2
328	2
329	2
330	2
331	2
332	2
333	2
334	2
335	2
336	2
337	2
338	2
339	2
340	2
341	2
342	2
343	2
344	2
345	2
346	2
347	2
348	2
349	2
350	2
351	2
352	2
353	2
354	2
355	2
356	2
357	2
358	2
359	2
360	2
361	2
362	2
363	2
364	2
365	2
366	2
367	4
368	4
369	4
370	4
371	2
372	2
373	2
374	2
375	2
376	2
377	2
378	2
379	2
380	2
381	2
382	2
383	2
384	2
385	2
386	2
387	2
388	2
389	2
390	2
391	2
392	2
393	2
394	2
395	2
396	2
397	4
398	4
399	2
400	2
401	2
402	2
403	2
404	2
405	2
406	2
407	2
408	2
409	2
410	2
411	2
412	2
413	2
414	2
415	2
416	2
417	2
418	2
419	2
420	2
421	2
422	2
423	2
424	2
425	2
426	2
427	2
428	2
429	2
430	2
431	2
432	2
433	2
434	2
435	2
436	2
437	2
438	2
439	2
440	2
441	2
442	2
443	2
444	2
445	2
446	2
447	2
448	2
449	2
450	2
451	2
452	2
453	2
454	2
455	2
456	2
457	2
458	2
459	2
460	2
461	2
462	2
463	2
464	2
465	2
466	2
467	2
468	2
469	2
470	2
471	2
472	2
473	2
474	2
475	2
476	2
477	2
478	2
479	2
480	2
481	2
482	2
483	2
484	2
485	2
486	2
487	4
488	4
489	4
490	4
491	4
492	4
493	4
494	4
495	1
496	1
497	1
498	1
499	1
500	4
501	3
502	3
503	2
504	2
505	3
506	3
507	1
508	1
509	1
510	1
511	1
512	1
513	1
514	1
515	1
516	1
517	1
***
1	1
2	2
3	1
4	2
5	1
6	1
