1	1
2	1
3	1
4	1
5	1
6	1
7	1
8	1
9	5
10	5
11	5
12	5
13	4
14	4
15	4
16	4
17	4
18	4
19	5
20	5
21	5
22	5
23	5
24	5
25	5
26	5
27	5
28	5
29	5
30	5
31	5
32	5
33	5
34	5
35	5
36	5
37	5
38	5
39	5
40	5
41	5
42	5
43	5
44	7
45	7
46	7
47	7
48	7
49	5
50	4
51	4
52	4
53	4
54	7
55	7
56	7
57	7
58	7
59	7
60	7
61	7
62	7
63	7
64	7
65	7
66	7
67	7
68	7
69	7
70	7
71	7
72	7
73	7
74	7
75	7
76	7
77	7
78	7
79	7
80	8
81	8
82	8
83	4
84	4
85	4
86	4
87	4
88	4
89	4
90	8
91	8
92	8
93	8
94	8
95	8
96	8
97	8
98	8
99	8
100	4
101	8
102	8
103	8
104	8
105	7
106	7
107	7
108	7
109	7
110	7
111	7
112	7
113	7
114	7
115	7
116	8
117	8
118	8
119	8
120	8
121	6
122	6
123	6
124	6
125	6
126	6
127	8
128	8
129	8
130	8
131	8
132	8
133	8
134	8
135	8
136	8
137	8
138	8
139	8
140	8
141	8
142	8
143	1
144	1
145	1
146	6
147	6
148	6
149	6
150	6
151	6
152	6
153	6
154	6
155	6
156	1
157	1
158	1
159	1
160	1
161	1
162	1
163	8
164	8
165	8
166	8
167	8
168	8
169	8
170	8
171	8
172	8
173	8
174	1
175	1
176	1
177	1
178	1
179	1
180	1
181	1
182	1
183	5
184	1
185	5
186	5
187	5
188	5
189	5
190	5
191	5
192	5
193	5
194	5
195	5
196	5
197	5
198	5
199	5
200	5
201	1
202	1
203	1
204	1
205	1
206	1
207	1
208	1
209	1
210	1
211	1
212	5
213	5
214	5
215	5
216	5
217	5
218	5
219	5
220	5
221	5
222	5
223	5
224	5
225	5
226	5
227	5
228	5
229	5
230	5
231	5
232	5
233	5
234	5
235	5
236	5
237	5
238	5
239	5
240	5
241	5
242	5
243	5
244	5
245	5
246	1
247	1
248	1
249	1
250	1
251	1
252	1
253	1
254	1
255	1
256	1
257	1
258	1
259	1
260	1
261	1
262	1
263	8
264	8
265	6
266	6
267	6
268	6
269	6
270	6
271	6
272	6
273	6
274	6
275	6
276	6
277	6
278	6
279	6
280	6
281	6
282	6
283	6
284	6
285	6
286	6
287	6
288	6
289	6
290	6
291	6
292	6
293	6
294	6
295	6
296	6
297	6
298	6
299	6
300	6
301	6
302	6
303	6
304	6
305	6
306	6
307	6
308	6
309	6
310	6
311	6
312	6
313	6
314	6
315	4
316	4
317	4
318	4
319	4
320	4
321	4
322	4
323	4
324	4
325	4
326	4
327	4
328	4
329	4
330	4
331	4
332	4
333	4
334	4
335	4
336	4
337	4
338	4
339	4
340	4
341	4
342	4
343	4
344	4
345	4
346	4
347	4
348	4
349	4
350	4
351	4
352	4
353	4
354	4
355	4
356	4
357	4
358	4
359	4
360	4
361	4
362	4
363	4
364	4
365	4
366	4
367	4
368	4
369	4
370	4
371	4
372	4
373	4
374	4
375	4
376	4
377	4
378	4
379	4
380	4
381	4
382	4
383	4
384	2
385	2
386	2
387	2
388	2
389	2
390	2
391	2
392	2
393	4
394	2
395	2
396	2
397	2
398	2
399	2
400	2
401	2
402	2
403	2
404	2
405	2
406	2
407	2
408	2
409	2
410	2
411	2
412	2
413	2
414	2
415	2
416	2
417	2
418	2
419	2
420	2
421	2
422	2
423	2
424	2
425	2
426	2
427	2
428	2
429	2
430	2
431	2
432	2
433	2
434	2
435	2
436	2
437	2
438	6
439	6
440	6
441	6
442	6
443	6
444	6
445	6
446	3
447	6
448	3
449	3
450	3
451	3
452	3
453	3
454	3
455	3
456	3
457	6
458	2
459	2
460	2
461	2
462	2
463	2
464	2
465	2
466	2
467	2
468	2
469	2
470	2
471	2
472	2
473	2
474	2
475	2
476	2
477	2
478	2
479	2
480	2
481	2
482	2
483	2
484	2
485	2
486	2
487	2
488	2
489	2
490	2
491	2
492	2
493	2
494	2
495	2
496	2
497	2
498	2
499	2
500	2
501	2
502	2
503	2
504	2
505	2
506	2
507	2
508	2
509	2
510	2
511	2
512	2
513	2
514	2
515	2
516	2
517	2
518	2
519	2
520	2
521	2
522	2
523	2
524	2
525	2
526	2
527	2
528	3
529	3
530	2
531	3
532	2
533	3
534	3
535	3
536	3
537	2
538	2
539	2
540	2
541	2
542	2
543	2
544	2
545	2
546	2
547	2
548	2
549	2
550	2
551	2
552	2
553	2
554	2
555	2
556	2
557	2
558	2
559	2
560	2
561	2
562	2
563	2
564	2
565	2
566	2
567	2
568	2
569	2
570	2
571	2
572	2
573	3
574	2
575	2
576	2
577	2
578	2
579	2
580	2
581	2
582	2
583	3
584	3
585	3
586	3
587	3
588	3
589	2
590	2
591	2
592	2
593	2
594	2
595	2
596	2
597	2
598	2
599	2
600	2
601	2
602	2
603	4
604	4
605	6
606	6
607	6
608	6
609	2
610	2
611	2
612	2
613	2
614	2
615	2
616	2
617	2
618	2
619	2
620	2
621	2
622	2
623	2
624	2
625	2
626	2
627	2
628	2
629	3
630	3
631	3
632	3
633	3
634	3
635	3
636	3
***
1	2
2	1
3	1
4	1
5	2
6	1
7	2
8	2
