1	1
2	1
3	1
4	1
5	1
6	3
7	1
8	1
9	1
10	1
11	1
12	1
13	1
14	1
15	1
16	1
17	1
18	1
19	1
20	1
21	1
22	1
23	6
24	1
25	1
26	1
27	1
28	1
29	1
30	5
31	5
32	5
33	5
34	5
35	5
36	5
37	5
38	5
39	5
40	5
41	5
42	5
43	5
44	5
45	5
46	5
47	5
48	5
49	5
50	5
51	5
52	5
53	5
54	5
55	5
56	5
57	5
58	5
59	5
60	5
61	5
62	5
63	5
64	5
65	5
66	5
67	5
68	5
69	5
70	5
71	5
72	5
73	5
74	5
75	5
76	5
77	5
78	5
79	5
80	5
81	5
82	5
83	5
84	5
85	5
86	5
87	5
88	5
89	5
90	5
91	5
92	5
93	5
94	5
95	5
96	5
97	5
98	5
99	5
100	5
101	5
102	5
103	5
104	5
105	5
106	5
107	5
108	5
109	5
110	5
111	5
112	5
113	5
114	5
115	5
116	5
117	5
118	5
119	6
120	6
121	6
122	6
123	6
124	6
125	6
126	6
127	6
128	6
129	6
130	6
131	6
132	6
133	6
134	6
135	6
136	6
137	6
138	6
139	6
140	6
141	1
142	1
143	1
144	1
145	1
146	1
147	1
148	1
149	6
150	1
151	1
152	1
153	6
154	1
155	1
156	1
157	5
158	5
159	5
160	5
161	5
162	5
163	5
164	5
165	5
166	5
167	5
168	5
169	5
170	5
171	5
172	5
173	5
174	5
175	5
176	5
177	7
178	7
179	7
180	7
181	7
182	7
183	7
184	7
185	7
186	7
187	1
188	1
189	1
190	1
191	1
192	1
193	1
194	7
195	7
196	7
197	7
198	7
199	7
200	7
201	7
202	7
203	7
204	7
205	7
206	7
207	7
208	1
209	1
210	1
211	7
212	7
213	7
214	7
215	7
216	7
217	7
218	7
219	7
220	7
221	7
222	7
223	7
224	7
225	7
226	7
227	7
228	1
229	1
230	1
231	1
232	1
233	1
234	1
235	3
236	3
237	3
238	3
239	3
240	3
241	3
242	3
243	3
244	3
245	3
246	3
247	3
248	3
249	3
250	3
251	3
252	3
253	3
254	4
255	4
256	4
257	4
258	4
259	4
260	4
261	4
262	4
263	4
264	4
265	4
266	4
267	4
268	4
269	4
270	4
271	4
272	4
273	4
274	4
275	4
276	4
277	4
278	4
279	4
280	4
281	4
282	4
283	3
284	3
285	3
286	3
287	4
288	4
289	4
290	4
291	4
292	4
293	4
294	5
295	5
296	5
297	5
298	5
299	5
300	4
301	4
302	4
303	4
304	4
305	4
306	4
307	4
308	4
309	4
310	4
311	4
312	4
313	4
314	4
315	4
316	4
317	4
318	4
319	4
320	4
321	4
322	4
323	4
324	4
325	4
326	4
327	4
328	4
329	4
330	4
331	4
332	4
333	4
334	4
335	4
336	4
337	4
338	4
339	4
340	4
341	4
342	4
343	4
344	4
345	4
346	4
347	4
348	4
349	4
350	4
351	4
352	4
353	4
354	4
355	4
356	4
357	4
358	4
359	4
360	4
361	4
362	4
363	4
364	4
365	4
366	4
367	4
368	4
369	4
370	4
371	4
372	4
373	4
374	3
375	4
376	4
377	3
378	3
379	3
380	3
381	3
382	3
383	3
384	3
385	3
386	3
387	3
388	3
389	3
390	3
391	3
392	3
393	3
394	3
395	3
396	3
397	3
398	3
399	3
400	3
401	3
402	3
403	3
404	3
405	3
406	3
407	3
408	2
409	2
410	2
411	2
412	2
413	2
414	2
415	2
416	2
417	2
418	2
419	3
420	3
421	3
422	3
423	3
424	3
425	3
426	3
427	3
428	3
429	3
430	3
431	3
432	3
433	3
434	3
435	2
436	2
437	2
438	2
439	2
440	2
441	2
442	2
443	2
444	2
445	2
446	2
447	2
448	2
449	2
450	2
451	2
452	2
453	2
454	2
455	2
456	2
457	2
458	2
459	2
460	2
461	2
462	2
463	2
464	2
465	2
466	2
467	2
468	2
469	2
470	2
471	2
472	2
473	2
474	2
475	2
476	2
477	2
478	2
479	2
480	2
481	2
482	2
483	2
484	2
485	2
486	2
487	2
488	2
489	2
490	2
491	2
492	2
493	2
494	2
495	2
496	2
497	2
498	2
499	2
500	2
501	2
502	2
503	2
504	2
505	2
506	2
507	2
508	2
509	2
510	2
511	2
512	2
513	2
514	3
515	3
516	3
517	3
518	3
519	3
520	3
521	3
522	3
523	3
524	3
525	3
526	3
527	3
528	3
529	3
530	3
531	3
532	3
533	3
534	3
535	3
536	3
537	3
538	3
539	3
540	3
541	3
542	3
543	3
544	3
545	3
546	3
547	3
548	3
549	3
550	3
551	3
552	3
553	3
554	3
555	3
556	3
557	3
558	3
559	3
560	3
561	3
562	3
563	3
564	3
***
1	1
2	2
3	2
4	2
5	1
6	1
7	1
