1	1
2	1
3	1
4	1
5	1
6	1
7	1
8	1
9	1
10	1
11	1
12	1
13	1
14	1
15	1
16	1
17	4
18	1
19	4
20	4
21	4
22	4
23	4
24	4
25	4
26	4
27	4
28	4
29	4
30	4
31	4
32	4
33	4
34	4
35	4
36	4
37	4
38	2
39	4
40	4
41	4
42	4
43	4
44	4
45	4
46	4
47	4
48	4
49	4
50	4
51	4
52	4
53	4
54	4
55	5
56	5
57	5
58	5
59	5
60	5
61	5
62	5
63	5
64	5
65	5
66	6
67	6
68	6
69	6
70	6
71	6
72	6
73	5
74	5
75	5
76	1
77	1
78	1
79	1
80	1
81	1
82	1
83	1
84	1
85	1
86	6
87	6
88	6
89	1
90	1
91	1
92	1
93	1
94	1
95	1
96	1
97	1
98	1
99	1
100	1
101	1
102	1
103	1
104	1
105	1
106	1
107	1
108	1
109	6
110	6
111	6
112	3
113	3
114	6
115	2
116	2
117	2
118	2
119	6
120	6
121	6
122	6
123	6
124	6
125	1
126	1
127	1
128	1
129	1
130	1
131	1
132	1
133	1
134	1
135	1
136	2
137	1
138	2
139	2
140	2
141	1
142	1
143	1
144	1
145	1
146	1
147	1
148	1
149	1
150	1
151	1
152	1
153	1
154	1
155	1
156	1
157	1
158	1
159	2
160	2
161	2
162	2
163	2
164	2
165	2
166	2
167	2
168	2
169	2
170	2
171	1
172	1
173	2
174	1
175	2
176	1
177	2
178	2
179	2
180	2
181	2
182	2
183	2
184	2
185	2
186	2
187	2
188	2
189	2
190	2
191	2
192	2
193	2
194	2
195	2
196	2
197	2
198	2
199	2
200	2
201	2
202	1
203	1
204	2
205	2
206	2
207	2
208	2
209	2
210	2
211	2
212	2
213	2
214	2
215	2
216	2
217	2
218	2
219	2
220	2
221	2
222	2
223	2
224	2
225	2
226	2
227	2
228	2
229	2
230	2
231	2
232	2
233	2
234	2
235	2
236	2
237	2
238	2
239	2
240	2
241	2
242	2
243	2
244	2
245	2
246	2
247	2
248	2
249	2
250	2
251	2
252	2
253	2
254	2
255	2
256	2
257	2
258	2
259	2
260	2
261	2
262	2
263	2
264	2
265	2
266	2
267	2
268	2
269	2
270	2
271	2
272	2
273	2
274	2
275	2
276	2
277	2
278	2
279	2
280	2
281	2
282	2
283	2
284	2
285	2
286	2
287	2
288	2
289	2
290	2
291	2
292	2
293	2
294	2
295	2
296	2
297	2
298	2
299	2
300	2
301	2
302	2
303	2
304	2
305	2
306	2
307	2
308	2
309	2
310	2
311	2
312	2
313	2
314	2
315	2
316	2
317	2
318	2
319	4
320	4
321	4
322	3
323	3
324	3
325	3
326	3
327	3
328	3
329	3
330	3
331	3
332	3
333	4
334	2
335	2
336	2
337	2
338	2
339	2
340	2
341	2
342	2
343	2
344	2
345	2
346	3
347	3
348	3
349	3
350	2
351	2
352	2
353	3
354	3
355	2
356	2
357	2
358	2
359	2
360	2
361	2
362	2
363	3
364	3
365	3
366	3
367	3
368	3
369	3
370	3
371	3
372	3
373	3
374	3
375	3
376	3
377	3
378	3
379	3
380	3
381	3
382	3
383	2
384	2
385	3
386	3
387	3
388	3
389	2
390	2
391	2
392	2
393	2
394	2
395	2
396	2
397	2
398	2
399	2
400	6
401	4
402	4
403	4
404	4
405	4
406	4
407	4
408	4
409	4
410	4
411	4
412	4
413	4
414	4
415	4
416	4
417	6
418	6
419	6
420	6
421	3
422	2
423	2
424	2
425	2
426	2
427	2
428	2
429	2
430	2
431	2
432	2
433	3
434	3
435	3
436	3
437	3
438	3
439	3
440	2
441	3
442	2
443	2
444	2
445	2
446	2
447	2
448	2
449	2
450	2
451	3
452	3
453	3
454	3
455	3
456	6
457	6
458	6
459	6
460	6
461	6
462	4
463	4
464	4
465	4
466	4
467	4
468	4
469	4
470	4
471	4
472	4
473	4
474	4
475	4
476	4
477	4
478	4
479	4
480	6
481	6
482	6
483	6
484	6
485	6
486	6
487	4
488	4
489	4
490	4
491	4
492	4
493	4
494	4
495	4
496	4
497	4
498	6
499	6
500	6
501	6
502	6
503	6
504	6
505	6
506	4
507	4
508	4
509	4
510	4
511	4
512	4
513	4
514	4
515	4
516	6
517	6
518	6
519	6
520	6
521	6
522	6
523	6
524	6
525	6
526	5
527	5
528	5
529	5
530	5
531	5
532	5
533	5
534	5
535	5
536	5
537	5
538	5
539	5
540	5
541	5
542	6
543	6
544	6
545	6
546	6
547	6
548	3
549	3
550	3
551	3
552	3
553	3
554	6
555	6
556	6
557	6
558	6
559	6
560	6
561	6
562	5
563	5
564	5
565	5
566	5
567	5
568	5
569	5
570	5
571	5
572	5
573	5
574	5
575	5
576	5
577	3
578	3
579	3
580	3
581	3
582	3
583	3
584	3
585	3
586	3
587	3
588	3
589	3
590	3
591	3
592	3
593	3
594	3
595	3
596	3
597	3
598	3
599	3
600	3
601	3
602	3
603	3
604	3
605	3
606	3
607	3
608	3
609	3
610	3
611	3
612	3
613	3
614	3
615	3
616	3
617	3
618	3
619	3
620	3
621	3
622	3
623	3
624	3
625	3
626	3
627	3
628	3
629	3
630	3
631	3
632	3
633	3
634	3
635	3
636	3
637	3
638	3
639	3
640	3
641	3
642	3
643	3
644	3
645	3
646	3
647	3
648	3
649	3
650	3
651	3
652	3
653	3
654	3
655	3
656	3
657	3
658	3
659	3
660	3
661	3
662	3
663	3
664	3
665	3
666	3
667	3
668	3
669	3
670	3
671	3
672	3
673	3
674	3
675	3
***
1	1
2	2
3	2
4	1
5	1
6	1
