1	1
2	1
3	1
4	1
5	1
6	1
7	1
8	1
9	1
10	1
11	4
12	4
13	4
14	4
15	4
16	4
17	4
18	4
19	4
20	1
21	1
22	1
23	1
24	1
25	1
26	1
27	1
28	4
29	4
30	4
31	4
32	4
33	4
34	4
35	4
36	4
37	4
38	4
39	1
40	1
41	1
42	1
43	1
44	1
45	4
46	4
47	4
48	4
49	4
50	4
51	4
52	4
53	1
54	1
55	3
56	3
57	1
58	1
59	1
60	2
61	2
62	2
63	2
64	2
65	2
66	2
67	2
68	2
69	2
70	6
71	6
72	6
73	6
74	6
75	6
76	6
77	6
78	6
79	6
80	6
81	6
82	5
83	5
84	5
85	5
86	5
87	5
88	5
89	5
90	2
91	2
92	2
93	2
94	2
95	6
96	2
97	2
98	2
99	2
100	2
101	2
102	2
103	2
104	2
105	2
106	5
107	5
108	5
109	5
110	5
111	5
112	5
113	5
114	5
115	5
116	6
117	2
118	2
119	2
120	2
121	2
122	2
123	2
124	3
125	3
126	3
127	3
128	3
129	3
130	2
131	2
132	2
133	2
134	3
135	3
136	3
137	3
138	3
139	3
140	3
141	3
142	3
143	3
144	5
145	5
146	5
147	5
148	5
149	5
150	5
151	5
152	5
153	5
154	5
155	5
156	5
157	5
158	5
159	5
160	5
161	5
162	5
163	5
164	5
***
1	2
2	1
3	1
4	2
5	1
6	1
