1	1
2	1
3	1
4	1
5	1
6	1
7	1
8	1
9	1
10	1
11	1
12	1
13	4
14	4
15	4
16	4
17	4
18	4
19	4
20	4
21	4
22	2
23	2
24	2
25	2
26	2
27	2
28	2
29	2
30	2
31	2
32	2
33	2
34	2
35	2
36	2
37	2
38	3
39	3
40	3
41	3
42	3
43	3
44	3
45	3
46	3
47	3
48	3
49	3
50	3
51	5
52	5
53	5
54	5
55	3
56	3
57	3
58	3
59	3
60	3
61	3
62	3
63	4
64	4
65	4
66	4
67	4
68	4
69	4
70	3
71	3
72	3
73	3
74	3
75	3
76	3
77	3
78	3
79	5
80	5
81	5
82	5
83	5
84	5
85	5
86	5
87	5
88	5
89	5
90	3
91	3
92	3
93	3
94	3
95	3
96	3
97	3
98	2
99	2
100	2
101	2
102	2
103	2
104	2
105	2
106	2
107	2
108	2
109	6
110	4
111	4
112	4
113	4
114	4
115	4
116	4
117	4
118	4
119	3
120	3
121	3
122	3
123	3
124	3
125	3
126	3
127	3
128	4
129	4
130	4
131	4
132	4
133	1
134	1
135	1
136	1
137	1
138	1
139	1
140	1
141	1
142	1
143	1
144	1
145	1
146	1
147	5
148	5
149	5
150	6
151	6
152	4
153	4
154	4
155	4
156	4
157	4
158	4
159	4
160	1
161	1
162	1
163	1
164	1
165	1
166	5
167	5
168	1
169	5
170	5
171	5
172	5
173	5
174	5
175	5
176	5
177	5
178	5
179	5
180	5
181	5
182	5
183	5
184	5
185	5
186	5
187	5
188	5
189	5
190	5
191	5
192	5
193	5
194	5
195	5
196	5
197	5
198	5
199	5
200	5
201	5
202	5
203	5
204	5
205	5
206	5
207	5
208	5
209	5
210	5
211	5
212	5
213	5
214	5
215	5
216	5
217	5
218	5
219	5
220	5
221	5
222	5
223	5
224	5
225	5
226	5
227	5
228	5
229	5
230	5
231	5
232	5
233	5
234	5
235	5
236	5
237	5
238	5
239	5
240	5
241	5
242	5
243	5
244	5
245	5
246	5
247	5
248	5
249	5
250	5
251	5
252	5
253	5
254	5
255	5
256	5
257	5
258	5
259	5
260	5
261	5
262	5
263	5
264	5
265	5
266	5
267	5
268	5
269	5
270	5
271	5
272	5
273	5
274	5
275	5
276	5
277	5
278	5
279	5
280	5
281	5
282	5
283	5
284	5
285	5
286	5
287	5
288	5
289	5
290	5
291	5
292	5
293	5
294	5
295	5
296	5
297	5
298	5
299	6
300	6
301	6
302	6
303	6
304	6
305	6
306	6
307	5
308	5
309	5
310	5
311	5
312	5
313	5
314	5
315	6
316	6
317	6
318	6
319	6
320	2
321	2
322	2
323	2
324	2
325	2
326	2
327	2
328	2
329	2
330	2
331	2
332	2
333	2
334	2
335	2
336	5
337	6
338	6
339	6
340	6
341	6
342	6
343	6
344	6
345	6
346	2
347	6
348	6
349	6
350	6
351	6
352	6
353	6
354	5
355	5
356	5
357	5
358	5
359	5
360	5
361	5
362	5
363	5
364	5
365	5
***
1	2
2	1
3	2
4	2
5	1
6	1
