1	1
2	1
3	1
4	1
5	1
6	1
7	3
8	3
9	3
10	3
11	3
12	3
13	3
14	3
15	3
16	3
17	3
18	3
19	2
20	2
21	2
22	2
23	2
24	4
25	2
26	2
27	2
28	4
29	4
30	4
31	4
32	4
33	4
34	4
35	4
36	4
37	4
38	4
39	4
40	4
41	2
42	2
43	4
44	4
45	4
46	4
47	4
48	4
49	4
50	6
51	6
52	6
53	6
54	6
55	4
56	4
57	4
58	4
59	4
60	4
61	4
62	4
63	4
64	4
65	4
66	4
67	4
68	4
69	4
70	4
71	4
72	6
73	6
74	6
75	6
76	6
77	6
78	6
79	6
80	6
81	6
82	6
83	6
84	6
85	6
86	6
87	6
88	6
89	4
90	1
91	1
92	1
93	1
94	1
95	1
96	4
97	3
98	3
99	3
100	3
101	3
102	3
103	3
104	3
105	3
106	3
107	3
108	3
109	6
110	3
111	6
112	6
113	1
114	1
115	1
116	1
117	1
118	1
119	1
120	1
121	1
122	1
123	1
124	3
125	3
126	3
127	3
128	3
129	3
130	3
131	3
132	3
133	3
134	3
135	3
136	3
137	3
138	3
139	3
140	3
141	3
142	3
143	3
144	3
145	3
146	3
147	3
148	3
149	3
150	3
151	3
152	3
153	3
154	3
155	3
156	3
157	3
158	3
159	3
160	3
161	3
162	3
163	3
164	5
165	5
166	5
167	5
168	5
169	5
170	5
171	5
172	5
173	5
174	5
175	5
176	5
177	5
178	5
179	3
180	3
181	3
182	3
183	3
184	3
185	3
186	3
187	3
188	3
189	3
190	3
191	3
192	3
193	3
194	3
195	3
196	3
197	3
198	3
199	3
200	3
201	3
202	5
203	5
204	5
205	5
206	5
207	5
208	5
209	5
210	5
211	5
212	5
213	5
214	5
215	5
216	5
217	5
218	5
219	5
220	5
221	5
222	5
223	5
224	5
225	5
226	5
227	5
228	5
229	5
230	5
231	5
232	5
233	5
234	5
235	5
236	5
237	2
238	2
239	5
240	2
241	2
242	2
243	5
244	5
245	5
246	5
247	5
248	5
249	5
250	5
251	5
252	5
253	5
254	5
255	5
256	5
257	5
258	5
259	5
260	5
261	5
262	5
263	5
264	5
265	5
266	5
267	5
268	5
269	5
270	5
271	5
272	5
273	5
274	5
275	5
276	5
277	5
278	5
279	5
280	5
281	5
282	5
283	5
284	5
285	5
286	5
287	5
288	5
289	5
290	5
291	5
292	5
293	5
294	5
295	5
296	5
297	5
298	5
299	5
300	5
301	5
302	5
303	5
304	5
305	5
306	5
307	5
308	5
309	5
310	5
311	5
312	5
313	2
314	2
315	5
316	2
317	2
***
1	2
2	1
3	1
4	2
5	1
6	2
