1	1
2	1
3	1
4	1
5	3
6	3
7	3
8	3
9	3
10	3
11	2
12	2
13	2
14	2
15	2
16	2
17	2
18	2
19	2
20	2
21	2
22	5
23	2
24	2
25	2
26	2
27	2
28	2
29	5
30	5
31	5
32	5
33	5
34	5
35	5
36	5
37	5
38	5
39	5
40	5
41	5
42	5
43	2
44	2
45	2
46	2
47	2
48	2
49	2
50	2
51	2
52	2
53	2
54	2
55	2
56	2
57	2
58	2
59	2
60	1
61	1
62	1
63	1
64	1
65	1
66	4
67	1
68	4
69	4
70	4
71	4
72	4
73	4
74	4
75	4
76	4
77	2
78	2
79	4
80	4
81	4
82	4
83	4
84	4
85	4
86	4
87	4
88	4
89	4
90	4
91	4
92	4
93	1
94	1
95	1
96	1
97	1
98	1
99	1
100	1
101	1
102	1
103	1
104	1
105	1
106	1
107	4
108	4
109	6
110	6
111	6
112	4
113	4
114	4
115	4
116	4
117	4
118	4
119	4
120	4
121	4
122	4
123	4
124	4
125	4
126	4
127	4
128	4
129	4
130	4
131	4
132	1
133	4
134	4
135	4
136	4
137	4
138	4
139	4
140	4
141	4
142	4
143	5
144	5
145	5
146	5
147	5
148	5
149	5
150	5
151	5
152	5
153	5
154	5
155	5
156	5
157	5
158	5
159	5
160	5
161	5
162	5
163	5
164	5
165	5
166	5
167	5
168	5
169	5
170	5
171	5
172	5
173	5
174	5
175	5
176	5
177	5
178	5
179	5
180	5
181	5
182	5
183	5
184	5
185	5
186	5
187	5
188	5
189	5
190	5
191	5
192	5
193	5
194	5
195	5
196	5
197	5
198	5
199	5
200	5
201	5
202	5
203	5
204	5
205	5
206	5
207	5
208	5
209	5
210	5
211	5
212	5
213	5
214	5
215	5
216	5
217	5
218	5
219	5
220	5
221	5
222	4
223	4
224	4
225	4
226	4
227	5
228	5
229	5
230	5
231	5
232	5
233	5
234	5
235	6
236	6
237	6
238	6
239	6
240	6
241	6
242	6
243	6
244	6
245	6
246	6
247	6
248	6
249	6
250	6
251	6
252	6
253	6
254	1
255	1
256	1
257	1
258	1
259	3
260	3
261	6
262	6
263	2
264	2
265	2
266	2
267	2
268	2
269	5
270	2
271	5
272	5
273	5
274	5
275	5
276	5
277	5
278	5
279	5
280	5
281	5
282	5
283	5
284	5
285	2
286	5
287	5
288	5
289	5
290	5
291	5
292	5
293	5
294	5
295	5
296	5
297	5
298	5
299	5
300	5
301	5
302	5
303	5
304	5
305	5
306	5
307	5
308	3
309	3
310	3
311	3
312	3
313	3
314	3
315	3
316	2
317	2
318	2
319	2
320	2
321	2
322	2
323	2
324	2
325	2
326	2
327	2
328	2
329	2
330	5
331	2
332	2
333	2
334	2
335	2
336	2
337	2
338	2
339	2
340	2
341	2
342	2
343	2
344	2
345	2
346	2
347	2
348	2
349	2
350	2
351	2
352	2
353	2
354	2
355	2
356	2
357	2
358	2
359	3
360	3
361	3
362	3
363	3
364	3
365	3
366	5
367	5
368	5
369	5
370	5
371	5
372	2
373	2
374	2
375	2
376	2
377	2
378	1
379	1
380	1
381	1
382	1
383	1
384	1
385	1
386	1
387	1
388	1
389	1
390	1
391	1
392	1
393	1
394	1
395	1
396	1
397	1
398	1
399	1
400	1
401	1
402	1
403	1
404	1
405	1
406	1
407	1
408	1
409	1
410	1
411	1
412	1
413	1
414	2
415	1
416	2
417	5
418	5
419	2
420	2
421	2
422	2
423	2
424	2
425	2
426	2
427	2
428	2
429	2
430	2
431	5
432	5
433	5
434	5
435	5
436	5
437	5
438	5
439	5
440	5
441	5
442	5
443	5
444	5
445	5
446	5
447	5
448	2
449	5
450	5
451	5
452	5
453	5
454	2
455	2
456	2
457	2
458	2
459	2
460	2
461	2
462	2
463	5
464	5
465	5
466	5
467	5
468	5
469	5
470	5
471	5
472	5
473	5
474	5
475	5
476	5
477	5
478	5
479	5
480	5
481	2
482	2
483	2
484	2
485	2
486	2
487	5
488	5
489	5
490	5
491	5
492	5
493	5
494	5
495	5
496	5
497	5
498	5
499	5
500	5
501	5
502	5
503	5
504	5
505	5
506	5
507	5
508	5
509	5
510	5
511	4
512	4
513	4
514	4
515	4
516	4
517	4
518	4
519	4
520	4
521	4
522	4
523	4
524	4
525	4
526	4
527	4
528	4
529	4
530	4
531	4
532	4
533	4
534	4
535	5
536	5
537	5
538	5
539	5
540	5
541	5
542	5
543	5
544	5
545	5
546	5
547	5
548	5
***
1	1
2	2
3	1
4	1
5	2
6	1
