1	1
2	1
3	1
4	1
5	1
6	1
7	1
8	1
9	1
10	1
11	1
12	1
13	3
14	3
15	3
16	2
17	3
18	3
19	3
20	3
21	3
22	3
23	3
24	3
25	4
26	4
27	4
28	4
29	4
30	4
31	3
32	4
33	4
34	4
35	4
36	4
37	4
38	4
39	4
40	4
41	4
42	2
43	2
44	2
45	2
46	2
47	2
48	3
49	6
50	6
51	6
52	4
53	4
54	4
55	4
56	4
57	4
58	4
59	2
60	2
61	2
62	2
63	2
64	2
65	2
66	2
67	2
68	6
69	6
70	6
71	6
72	6
73	6
74	4
75	4
76	4
77	4
78	4
79	4
80	4
81	4
82	4
83	4
84	7
85	7
86	7
87	7
88	7
89	7
90	7
91	7
92	7
93	7
94	7
95	7
96	6
97	6
98	6
99	6
100	6
101	5
102	5
103	5
104	5
105	5
106	5
107	5
108	5
109	3
110	3
111	5
112	3
113	3
114	3
115	3
116	5
117	5
118	5
119	5
120	5
121	5
122	5
123	5
124	5
125	5
126	5
127	5
128	5
129	5
130	5
131	5
132	6
133	6
134	6
135	6
136	6
137	5
138	5
139	5
140	5
141	5
142	5
143	5
144	5
145	3
146	5
147	5
148	5
149	5
150	5
151	5
152	5
153	5
154	5
155	5
156	5
157	5
158	5
159	5
160	5
161	5
162	5
163	5
164	5
165	5
166	5
167	5
168	5
169	5
170	3
171	3
172	3
173	3
174	3
175	3
176	3
177	3
178	1
179	1
180	1
181	1
182	1
183	1
184	1
185	1
186	1
187	1
188	1
189	1
190	1
191	1
192	1
193	1
194	3
195	3
196	3
197	3
198	3
199	3
200	3
201	3
202	3
203	3
204	3
205	3
206	3
207	3
208	3
209	1
210	1
211	1
212	1
213	1
214	1
215	1
216	1
217	1
218	1
219	1
220	1
221	1
222	1
223	1
224	1
225	1
226	1
227	1
228	1
229	1
230	1
231	1
232	1
233	3
234	1
235	1
236	1
237	1
238	1
239	1
240	1
241	1
242	1
243	1
244	4
245	4
246	4
247	4
248	4
249	4
250	4
251	4
252	4
253	4
254	4
255	4
256	4
257	4
258	4
259	4
260	4
261	4
262	4
263	4
264	4
265	4
266	4
267	4
268	4
269	5
270	5
271	5
272	5
273	5
274	5
275	5
276	5
277	5
278	5
279	5
280	5
281	5
282	5
283	5
284	5
285	5
286	5
287	4
288	5
289	5
290	5
291	5
292	5
293	5
294	4
295	4
296	4
297	4
298	4
299	4
300	4
301	4
302	4
303	4
304	4
305	4
306	4
307	4
308	4
309	4
310	4
311	4
312	4
313	4
314	4
315	4
316	4
317	4
***
1	2
2	1
3	2
4	1
5	1
6	1
7	1
