1	1
2	1
3	1
4	1
5	1
6	1
7	1
8	1
9	1
10	1
11	1
12	1
13	1
14	1
15	1
16	1
17	1
18	1
19	1
20	1
21	1
22	1
23	1
24	1
25	1
26	1
27	1
28	1
29	1
30	1
31	1
32	1
33	1
34	1
35	1
36	1
37	1
38	1
39	2
40	2
41	2
42	2
43	2
44	2
45	2
46	5
47	5
48	2
49	5
50	5
51	5
52	2
53	2
54	2
55	2
56	2
57	2
58	2
59	2
60	2
61	2
62	2
63	2
64	2
65	2
66	2
67	2
68	2
69	2
70	2
71	2
72	2
73	2
74	2
75	2
76	2
77	2
78	2
79	2
80	2
81	2
82	2
83	2
84	2
85	2
86	2
87	2
88	2
89	2
90	3
91	5
92	5
93	2
94	2
95	5
96	5
97	5
98	5
99	5
100	5
101	5
102	5
103	5
104	5
105	5
106	5
107	5
108	5
109	5
110	5
111	5
112	5
113	5
114	5
115	5
116	5
117	5
118	5
119	5
120	5
121	5
122	5
123	5
124	5
125	5
126	4
127	4
128	4
129	4
130	4
131	4
132	4
133	4
134	4
135	4
136	4
137	4
138	4
139	4
140	4
141	4
142	4
143	4
144	4
145	4
146	4
147	4
148	4
149	4
150	4
151	4
152	4
153	6
154	6
155	6
156	6
157	6
158	6
159	6
160	6
161	6
162	6
163	4
164	4
165	4
166	4
167	4
168	4
169	4
170	4
171	4
172	4
173	4
174	4
175	6
176	6
177	6
178	6
179	6
180	6
181	6
182	6
183	6
184	6
185	6
186	6
187	6
188	6
189	6
190	6
191	6
192	6
193	6
194	6
195	6
196	6
197	6
198	6
199	6
200	6
201	6
202	6
203	6
204	6
205	6
206	6
207	6
208	6
209	6
210	6
211	6
212	6
213	6
214	6
215	6
216	6
217	6
218	6
219	6
220	6
221	6
222	6
223	6
224	6
225	6
226	6
227	6
228	6
229	6
230	6
231	6
232	6
233	6
234	6
235	3
236	3
237	3
238	3
239	3
240	3
241	3
242	3
243	3
244	3
245	3
246	3
247	3
248	3
249	3
250	3
251	3
252	3
253	3
254	3
255	3
256	3
257	3
258	3
259	3
260	3
261	3
262	3
263	3
264	3
265	3
266	3
267	3
268	3
269	3
270	3
271	3
272	3
273	3
274	3
275	3
276	3
277	3
278	3
279	3
280	3
281	3
282	3
283	3
284	3
285	3
286	3
287	3
288	3
289	3
290	3
291	3
292	3
293	3
294	3
295	3
296	3
297	3
298	3
299	3
300	3
301	3
302	3
303	3
304	3
305	3
306	3
307	3
308	3
309	3
310	3
311	3
312	3
313	3
314	3
315	3
316	3
317	3
318	3
319	3
320	3
321	3
322	3
323	3
324	3
325	3
326	3
327	3
328	3
329	3
330	3
331	3
332	3
333	3
334	3
335	3
336	3
337	3
338	3
339	3
340	3
341	3
342	3
343	3
344	3
345	3
346	3
347	3
348	3
349	3
350	3
351	3
352	3
353	3
354	3
355	3
356	3
357	3
358	3
359	3
360	3
361	3
362	3
363	3
364	3
365	2
366	2
367	2
368	2
369	2
370	2
371	2
372	2
373	3
374	2
375	3
376	2
377	2
378	2
379	2
380	2
381	2
382	2
383	2
384	2
385	2
386	2
387	2
388	2
389	2
390	2
391	2
392	2
393	2
394	2
395	2
396	2
397	2
398	2
399	2
400	2
401	2
402	2
403	2
404	2
405	2
406	2
407	2
408	2
409	2
410	2
411	2
412	2
413	2
414	2
415	2
416	2
417	2
418	2
419	2
420	2
421	2
422	2
423	2
424	2
425	2
426	2
427	2
428	2
429	2
430	2
431	2
432	2
433	2
434	2
435	2
436	2
437	2
438	2
439	2
440	2
441	2
442	2
443	2
444	2
445	2
446	2
447	2
448	2
449	2
450	2
451	2
452	2
453	2
454	2
455	2
456	2
457	2
458	2
459	2
460	2
461	2
462	2
463	2
464	2
465	2
***
1	1
2	1
3	1
4	2
5	1
6	2
