1	1
2	1
3	1
4	1
5	1
6	3
7	3
8	3
9	3
10	3
11	3
12	3
13	3
14	3
15	3
16	3
17	3
18	3
19	3
20	3
21	1
22	1
23	1
24	1
25	1
26	4
27	4
28	4
29	4
30	4
31	4
32	4
33	4
34	4
35	4
36	4
37	4
38	4
39	3
40	3
41	3
42	3
43	3
44	3
45	3
46	3
47	3
48	3
49	3
50	3
51	2
52	2
53	2
54	2
55	2
56	2
57	2
58	2
59	5
60	5
61	5
62	5
63	5
64	5
65	5
66	5
67	5
68	5
69	5
70	5
71	5
72	5
73	5
74	5
75	5
76	5
77	5
78	5
79	5
80	5
81	5
82	5
83	5
84	5
85	5
86	5
87	5
88	5
89	5
90	5
91	5
92	5
93	5
94	5
95	5
96	2
97	2
98	2
99	2
100	2
101	2
102	2
103	2
104	2
105	2
106	6
107	6
108	6
109	6
110	6
111	6
112	6
113	6
114	6
115	6
116	6
117	6
118	6
119	6
120	6
121	6
122	6
123	6
124	6
125	6
126	6
127	6
128	1
129	1
130	1
131	1
132	1
133	1
134	1
135	3
136	3
137	3
138	3
139	3
140	3
141	3
142	3
***
1	2
2	1
3	2
4	2
5	1
6	1
