1	1
2	1
3	1
4	1
5	1
6	1
7	1
8	1
9	1
10	1
11	1
12	1
13	1
14	4
15	1
16	1
17	1
18	1
19	1
20	1
21	1
22	1
23	1
24	1
25	1
26	1
27	1
28	1
29	1
30	1
31	1
32	1
33	5
34	5
35	5
36	5
37	5
38	5
39	1
40	1
41	1
42	5
43	5
44	5
45	2
46	2
47	2
48	2
49	2
50	2
51	2
52	2
53	2
54	2
55	2
56	2
57	2
58	2
59	2
60	2
61	2
62	2
63	2
64	2
65	2
66	2
67	2
68	2
69	2
70	2
71	2
72	2
73	2
74	2
75	2
76	2
77	2
78	2
79	2
80	2
81	2
82	2
83	2
84	4
85	4
86	4
87	4
88	4
89	4
90	4
91	4
92	4
93	2
94	4
95	2
96	2
97	2
98	2
99	2
100	2
101	5
102	5
103	5
104	5
105	5
106	5
107	5
108	5
109	5
110	2
111	2
112	2
113	2
114	2
115	2
116	2
117	2
118	2
119	2
120	2
121	3
122	2
123	3
124	3
125	3
126	3
127	3
128	3
129	3
130	3
131	2
132	3
133	3
134	3
135	3
136	3
137	3
138	3
139	3
140	3
141	3
142	3
143	3
144	3
145	3
146	3
147	3
148	3
149	3
150	3
151	3
***
1	2
2	1
3	1
4	1
5	2
