1	1
2	1
3	1
4	1
5	1
6	1
7	1
8	1
9	1
10	1
11	1
12	1
13	1
14	1
15	1
16	1
17	1
18	1
19	1
20	1
21	1
22	1
23	1
24	1
25	1
26	1
27	1
28	1
29	1
30	1
31	1
32	1
33	1
34	1
35	1
36	1
37	1
38	1
39	1
40	1
41	1
42	1
43	1
44	1
45	1
46	1
47	1
48	1
49	1
50	1
51	1
52	1
53	1
54	1
55	1
56	1
57	1
58	1
59	1
60	1
61	1
62	1
63	1
64	1
65	1
66	1
67	1
68	1
69	1
70	1
71	1
72	1
73	3
74	3
75	3
76	3
77	3
78	3
79	1
80	1
81	1
82	1
83	1
84	1
85	1
86	1
87	1
88	1
89	1
90	1
91	1
92	1
93	2
94	2
95	2
96	2
97	2
98	2
99	2
100	2
101	2
102	2
103	2
104	2
105	2
106	2
107	2
108	2
109	2
110	2
111	2
112	2
113	2
114	2
115	2
116	2
117	2
118	2
119	2
120	2
121	2
122	2
123	2
124	2
125	2
126	2
127	2
128	2
129	2
130	2
131	2
132	2
133	2
134	2
135	2
136	2
137	2
138	2
139	2
140	2
141	2
142	2
143	2
144	2
145	2
146	2
147	2
148	2
149	2
150	2
151	2
152	2
153	2
154	2
155	2
156	2
157	2
158	2
159	2
160	2
161	2
162	2
163	2
164	2
165	2
166	2
167	2
168	2
169	2
170	2
171	2
172	2
173	2
174	2
175	2
176	2
177	2
178	2
179	2
180	2
181	2
182	2
183	2
184	2
185	2
186	2
187	2
188	2
189	2
190	2
191	2
192	2
193	2
194	2
195	2
196	2
197	2
198	2
199	2
200	2
201	2
202	2
203	2
204	2
205	2
206	2
207	2
208	2
209	2
210	2
211	2
212	2
213	2
214	2
215	1
216	1
217	1
218	1
219	1
220	1
221	1
222	1
223	1
224	2
225	1
226	1
227	1
228	1
229	1
230	1
231	1
232	1
233	1
234	1
235	1
236	1
237	1
238	1
239	1
240	1
241	1
242	1
243	1
244	1
245	1
246	1
247	1
248	1
249	1
250	1
251	1
252	2
253	2
254	1
255	2
256	2
257	2
258	2
259	2
260	2
261	2
262	2
263	2
264	2
265	2
266	2
267	2
268	2
269	2
270	2
271	1
272	1
273	1
274	1
275	1
276	1
277	1
278	1
279	1
280	1
281	1
282	1
283	1
284	1
285	1
286	2
287	2
288	2
289	2
290	2
291	4
292	4
293	4
294	4
295	4
296	4
297	4
298	4
299	4
300	4
301	4
302	4
303	4
304	4
305	5
306	5
307	5
308	5
309	5
310	1
311	5
312	1
313	1
314	1
315	1
316	1
317	1
318	1
319	1
320	1
321	1
322	1
323	1
324	1
325	1
326	1
327	1
328	1
329	1
330	1
331	1
332	1
333	1
334	2
335	1
336	1
337	1
338	1
339	1
340	1
341	1
342	1
343	1
344	1
345	1
346	1
347	1
348	1
349	1
350	1
351	1
352	1
353	5
354	5
355	5
356	4
357	4
358	4
359	4
360	4
361	4
362	4
363	4
364	4
365	5
366	5
367	5
368	5
369	5
370	5
371	5
372	5
373	5
374	5
375	5
376	5
377	5
378	5
379	5
380	5
381	5
382	5
383	5
384	5
385	5
386	3
387	4
388	4
389	4
390	4
391	4
392	4
393	4
394	3
395	3
396	3
397	3
398	3
399	3
400	3
401	3
402	3
403	3
404	3
405	3
406	3
407	3
408	3
409	3
410	3
411	3
412	3
413	3
414	3
415	3
416	3
417	1
418	1
419	1
420	1
421	1
422	1
423	1
424	1
425	1
426	1
427	3
428	3
429	3
430	3
431	5
432	5
433	5
434	5
435	5
436	5
437	5
438	5
439	5
440	5
441	5
442	5
443	5
444	5
445	5
446	5
447	3
448	4
449	4
450	4
451	4
452	4
453	4
454	4
455	4
456	4
457	4
458	4
459	4
460	4
461	4
462	4
463	4
464	4
465	4
466	4
467	4
468	4
469	4
470	4
471	4
472	4
473	4
474	4
475	4
476	4
477	4
478	4
479	1
***
1	2
2	2
3	1
4	1
5	1
