1	1
2	1
3	1
4	1
5	1
6	1
7	1
8	1
9	8
10	8
11	8
12	8
13	8
14	8
15	8
16	8
17	8
18	8
19	8
20	8
21	8
22	8
23	8
24	8
25	8
26	8
27	7
28	7
29	7
30	7
31	7
32	7
33	7
34	7
35	1
36	7
37	1
38	1
39	1
40	1
41	1
42	1
43	1
44	1
45	1
46	1
47	1
48	1
49	1
50	1
51	1
52	1
53	1
54	1
55	1
56	1
57	1
58	1
59	1
60	1
61	1
62	6
63	6
64	6
65	6
66	6
67	6
68	6
69	6
70	6
71	6
72	6
73	6
74	6
75	1
76	1
77	1
78	1
79	6
80	1
81	1
82	1
83	1
84	1
85	1
86	1
87	1
88	1
89	1
90	1
91	1
92	1
93	1
94	1
95	1
96	6
97	6
98	6
99	6
100	6
101	6
102	6
103	6
104	6
105	6
106	6
107	6
108	6
109	6
110	6
111	6
112	6
113	6
114	6
115	6
116	6
117	6
118	6
119	6
120	6
121	6
122	6
123	6
124	6
125	6
126	6
127	6
128	6
129	6
130	6
131	6
132	6
133	6
134	6
135	6
136	6
137	6
138	6
139	6
140	6
141	6
142	6
143	6
144	6
145	6
146	6
147	6
148	6
149	6
150	6
151	6
152	6
153	6
154	6
155	6
156	6
157	6
158	6
159	6
160	6
161	6
162	6
163	6
164	6
165	6
166	6
167	6
168	6
169	6
170	6
171	6
172	6
173	6
174	6
175	6
176	6
177	6
178	6
179	6
180	6
181	6
182	6
183	6
184	6
185	6
186	6
187	6
188	6
189	6
190	6
191	6
192	6
193	6
194	6
195	6
196	6
197	6
198	6
199	7
200	7
201	7
202	7
203	7
204	7
205	7
206	7
207	7
208	7
209	7
210	7
211	7
212	7
213	7
214	7
215	7
216	7
217	7
218	7
219	7
220	7
221	7
222	7
223	7
224	7
225	7
226	7
227	7
228	7
229	2
230	2
231	2
232	2
233	2
234	2
235	2
236	2
237	2
238	2
239	2
240	2
241	2
242	2
243	2
244	2
245	2
246	2
247	2
248	2
249	2
250	2
251	2
252	2
253	2
254	2
255	2
256	2
257	2
258	2
259	2
260	2
261	2
262	2
263	2
264	2
265	2
266	2
267	2
268	2
269	2
270	2
271	3
272	3
273	2
274	3
275	3
276	3
277	3
278	3
279	3
280	3
281	3
282	3
283	3
284	3
285	3
286	3
287	3
288	3
289	3
290	3
291	3
292	3
293	3
294	3
295	3
296	3
297	3
298	3
299	3
300	3
301	3
302	3
303	3
304	3
305	3
306	3
307	3
308	3
309	3
310	3
311	3
312	3
313	3
314	3
315	3
316	3
317	3
318	3
319	3
320	3
321	3
322	3
323	3
324	3
325	3
326	3
327	3
328	3
329	3
330	3
331	3
332	3
333	3
334	3
335	3
336	3
337	3
338	3
339	3
340	3
341	3
342	3
343	3
344	3
345	3
346	3
347	3
348	3
349	3
350	3
351	3
352	3
353	3
354	3
355	3
356	3
357	3
358	3
359	3
360	3
361	3
362	3
363	3
364	3
365	3
366	3
367	3
368	3
369	3
370	3
371	3
372	3
373	3
374	3
375	3
376	3
377	3
378	3
379	3
380	3
381	3
382	3
383	3
384	3
385	3
386	3
387	3
388	3
389	3
390	3
391	3
392	3
393	3
394	3
395	3
396	3
397	3
398	3
399	3
400	3
401	3
402	3
403	3
404	3
405	3
406	3
407	3
408	3
409	3
410	3
411	3
412	3
413	3
414	3
415	3
416	3
417	3
418	3
419	3
420	3
421	3
422	3
423	3
424	3
425	3
426	3
427	3
428	2
429	2
430	2
431	2
432	2
433	2
434	2
435	2
436	2
437	2
438	2
439	2
440	2
441	2
442	2
443	2
444	2
445	2
446	5
447	5
448	5
449	5
450	5
451	5
452	5
453	5
454	5
455	5
456	5
457	5
458	5
459	5
460	5
461	5
462	5
463	5
464	5
465	5
466	5
467	5
468	5
469	5
470	5
471	5
472	5
473	2
474	5
475	5
476	5
477	5
478	5
479	5
480	5
481	5
482	5
483	2
484	5
485	2
486	5
487	5
488	5
489	5
490	5
491	5
492	5
493	2
494	2
495	2
496	2
497	2
498	2
499	2
500	2
501	2
502	2
503	2
504	2
505	2
506	3
507	3
508	3
509	3
510	3
511	2
512	2
513	2
514	2
515	2
516	2
517	2
518	2
519	2
520	2
521	2
522	2
523	2
524	2
525	2
526	2
527	2
528	2
529	2
530	2
531	2
532	2
533	2
534	2
535	2
536	2
537	2
538	2
539	2
540	2
541	2
542	2
543	2
544	2
545	2
546	2
547	2
548	2
549	2
550	2
551	2
552	2
553	2
554	2
555	2
556	2
557	2
558	2
559	2
560	2
561	2
562	2
563	2
564	2
565	2
566	2
567	2
568	4
569	4
570	4
571	4
572	4
573	5
574	5
575	5
576	5
577	5
578	4
579	4
580	4
581	4
582	4
583	4
584	4
585	4
586	4
587	4
588	4
589	4
590	4
591	4
592	4
593	4
594	4
595	4
596	4
597	4
598	4
599	4
600	4
601	4
602	4
603	4
604	4
605	4
606	4
607	4
608	4
609	4
610	4
611	4
612	4
613	4
614	4
615	4
616	4
617	4
618	4
619	4
620	4
621	4
622	4
623	4
624	4
625	4
626	4
627	4
628	4
629	4
630	4
631	4
632	4
633	4
634	4
635	4
636	4
637	4
638	4
639	4
640	4
641	4
642	4
643	4
644	4
645	4
646	4
647	4
648	4
649	4
650	4
651	4
652	4
653	4
654	4
655	4
656	4
657	4
658	4
659	4
660	4
661	4
662	4
663	4
664	4
665	4
666	4
667	4
668	4
669	4
670	4
671	4
672	4
673	4
674	4
675	4
676	4
677	4
678	4
679	4
680	4
681	4
682	4
683	4
684	4
685	4
686	4
687	4
688	4
689	4
690	4
691	4
692	4
693	4
694	4
695	4
696	4
697	4
698	4
699	4
700	4
701	4
702	4
703	4
704	4
705	4
706	4
707	4
708	4
709	4
710	4
711	4
712	4
713	4
714	4
715	4
716	4
717	4
718	4
719	4
720	4
721	4
722	4
723	4
724	4
725	4
726	4
727	4
728	4
729	4
730	4
731	4
732	4
733	4
734	4
735	4
***
1	2
2	1
3	1
4	1
5	1
6	2
7	2
8	2
