1	1
2	1
3	1
4	1
5	1
6	2
7	2
8	2
9	2
10	2
11	2
12	2
13	5
14	5
15	5
16	5
17	5
18	5
19	5
20	5
21	5
22	3
23	3
24	3
25	5
26	7
27	7
28	7
29	7
30	7
31	7
32	7
33	7
34	7
35	7
36	7
37	7
38	7
39	2
40	2
41	2
42	2
43	2
44	2
45	2
46	2
47	2
48	2
49	2
50	3
51	2
52	2
53	3
54	3
55	3
56	3
57	3
58	3
59	3
60	3
61	3
62	3
63	2
64	2
65	2
66	2
67	2
68	2
69	2
70	2
71	2
72	2
73	2
74	2
75	2
76	2
77	2
78	2
79	2
80	2
81	2
82	6
83	6
84	2
85	2
86	2
87	2
88	2
89	2
90	2
91	2
92	2
93	2
94	2
95	2
96	2
97	2
98	4
99	4
100	4
101	4
102	4
103	4
104	4
105	4
106	4
107	4
108	4
109	4
110	4
111	4
112	4
113	4
114	4
115	4
116	4
117	4
118	4
119	3
120	3
121	3
122	3
123	3
124	3
125	3
126	3
127	3
128	3
129	3
130	3
131	3
132	3
133	3
134	3
135	3
136	3
137	3
138	3
139	3
140	3
141	3
142	3
143	3
144	3
145	2
146	2
147	2
148	2
149	4
150	4
151	4
152	4
153	4
154	4
155	4
156	4
157	4
158	4
159	4
160	4
161	4
162	4
163	4
164	4
165	4
166	4
167	4
168	4
169	4
170	4
171	4
172	4
173	4
174	4
175	4
176	4
177	4
178	4
179	4
180	4
181	4
182	4
183	4
184	4
185	2
186	2
187	4
188	2
189	2
190	2
191	2
192	2
193	2
194	2
195	2
196	2
197	2
198	2
199	1
200	1
201	1
202	1
203	1
204	1
205	1
206	1
207	1
208	1
209	1
210	1
211	1
212	2
213	2
214	2
215	2
216	2
217	2
218	2
219	6
220	6
221	2
222	6
223	2
224	2
225	2
226	6
227	2
228	2
229	2
230	2
231	2
232	2
233	2
234	2
235	2
236	5
237	6
238	6
***
1	1
2	1
3	2
4	1
5	2
6	1
7	2
