1	1
2	1
3	1
4	1
5	1
6	1
7	1
8	5
9	5
10	5
11	5
12	5
13	5
14	5
15	5
16	5
17	5
18	5
19	5
20	5
21	5
22	5
23	1
24	1
25	1
26	1
27	1
28	1
29	1
30	1
31	1
32	1
33	1
34	1
35	1
36	5
37	1
38	1
39	1
40	1
41	1
42	1
43	1
44	1
45	1
46	1
47	1
48	4
49	4
50	4
51	4
52	4
53	4
54	6
55	6
56	6
57	6
58	6
59	6
60	3
61	3
62	3
63	3
64	3
65	3
66	3
67	6
68	6
69	6
70	6
71	6
72	6
73	6
74	6
75	6
76	6
77	3
78	3
79	3
80	3
81	3
82	3
83	3
84	3
85	3
86	3
87	3
88	3
89	3
90	3
91	6
92	6
93	4
94	4
95	4
96	4
97	2
98	2
99	2
100	2
101	2
102	2
103	2
104	2
105	2
106	2
107	2
108	2
109	2
110	2
111	2
112	2
113	2
114	4
115	2
116	5
117	2
118	2
119	2
120	2
121	2
122	2
123	2
124	2
125	2
126	2
127	2
128	3
129	3
130	3
131	3
132	3
133	3
134	3
135	3
136	3
137	3
138	2
139	2
140	2
141	2
142	2
143	2
144	2
145	2
146	2
147	2
148	2
149	2
150	2
151	4
152	4
153	4
154	4
155	4
156	4
157	6
158	6
159	6
160	6
161	3
***
1	2
2	1
3	1
4	1
5	2
6	1
