1	1
2	1
3	1
4	1
5	1
6	1
7	1
8	2
9	2
10	2
11	2
12	2
13	4
14	4
15	4
16	4
17	4
18	4
19	4
20	4
21	4
22	4
23	4
24	4
25	4
26	4
27	2
28	2
29	2
30	2
31	2
32	2
33	2
34	5
35	3
36	3
37	3
38	3
39	3
40	3
41	3
42	3
43	3
44	3
45	3
46	3
47	3
48	3
49	3
50	3
51	3
52	3
53	3
54	3
55	3
56	3
57	3
58	3
59	3
60	3
61	3
62	3
63	3
64	3
65	3
66	3
67	3
68	3
69	3
70	3
71	3
72	3
73	3
74	3
75	3
76	3
77	3
78	3
79	3
80	3
81	3
82	3
83	3
84	3
85	3
86	3
87	3
88	3
89	3
90	6
91	6
92	6
93	6
94	6
95	6
96	6
97	6
98	6
99	6
100	6
101	6
102	6
103	6
104	5
105	5
106	5
107	5
108	5
109	5
110	5
111	5
112	5
113	5
114	5
115	4
116	4
117	4
118	4
119	4
120	4
121	4
122	3
123	3
124	3
125	3
126	3
127	3
128	3
129	3
130	3
131	3
132	3
133	3
134	3
135	4
136	4
137	4
138	4
139	4
140	4
141	4
142	4
143	2
144	2
145	2
146	2
147	5
148	5
149	5
150	6
151	6
152	6
153	6
154	6
155	6
156	6
157	6
158	6
159	6
160	6
161	6
162	6
163	6
164	6
165	6
166	6
167	6
168	6
169	6
170	6
171	6
172	6
173	6
174	6
175	6
176	6
177	6
178	6
179	6
180	6
181	6
182	6
183	6
184	5
185	5
186	5
187	5
188	2
189	2
190	2
191	2
192	2
193	4
194	4
195	4
196	4
197	4
198	4
199	4
200	4
201	4
202	4
***
1	3
2	2
3	1
4	2
5	2
6	1
