1	1
2	1
3	1
4	1
5	1
6	1
7	1
8	1
9	1
10	1
11	1
12	1
13	1
14	1
15	1
16	1
17	1
18	1
19	1
20	1
21	1
22	1
23	1
24	1
25	1
26	1
27	1
28	1
29	1
30	1
31	1
32	1
33	1
34	1
35	1
36	1
37	1
38	1
39	1
40	1
41	1
42	1
43	1
44	1
45	1
46	1
47	1
48	1
49	1
50	1
51	1
52	1
53	1
54	4
55	1
56	1
57	1
58	1
59	1
60	1
61	1
62	1
63	1
64	1
65	1
66	1
67	1
68	1
69	1
70	1
71	1
72	1
73	1
74	2
75	2
76	2
77	2
78	2
79	2
80	2
81	2
82	2
83	2
84	2
85	2
86	2
87	2
88	2
89	2
90	2
91	2
92	2
93	2
94	2
95	2
96	2
97	2
98	2
99	2
100	2
101	2
102	2
103	2
104	2
105	2
106	2
107	2
108	2
109	2
110	2
111	2
112	2
113	2
114	2
115	2
116	2
117	2
118	2
119	2
120	2
121	2
122	2
123	2
124	2
125	2
126	2
127	2
128	2
129	2
130	2
131	2
132	2
133	2
134	2
135	2
136	2
137	2
138	2
139	2
140	2
141	2
142	2
143	2
144	2
145	2
146	2
147	2
148	2
149	2
150	2
151	2
152	2
153	2
154	2
155	2
156	2
157	2
158	2
159	2
160	2
161	2
162	2
163	2
164	2
165	2
166	2
167	2
168	2
169	2
170	2
171	2
172	2
173	2
174	2
175	2
176	2
177	2
178	2
179	2
180	2
181	2
182	2
183	2
184	2
185	2
186	2
187	2
188	2
189	2
190	2
191	2
192	2
193	2
194	2
195	2
196	2
197	2
198	2
199	2
200	2
201	2
202	2
203	2
204	2
205	2
206	2
207	2
208	2
209	2
210	2
211	2
212	2
213	2
214	2
215	2
216	2
217	2
218	4
219	4
220	4
221	4
222	2
223	4
224	2
225	2
226	2
227	2
228	2
229	2
230	2
231	2
232	2
233	2
234	2
235	2
236	2
237	2
238	2
239	2
240	2
241	2
242	2
243	2
244	2
245	2
246	2
247	2
248	2
249	2
250	2
251	2
252	2
253	2
254	2
255	2
256	4
257	4
258	4
259	4
260	4
261	4
262	4
263	4
264	4
265	4
266	4
267	4
268	4
269	4
270	2
271	4
272	4
273	4
274	4
275	4
276	2
277	2
278	2
279	2
280	2
281	2
282	2
283	2
284	2
285	2
286	2
287	2
288	2
289	2
290	2
291	2
292	2
293	2
294	2
295	2
296	2
297	2
298	2
299	2
300	2
301	2
302	2
303	2
304	2
305	2
306	2
307	2
308	2
309	2
310	2
311	2
312	2
313	2
314	2
315	2
316	2
317	2
318	2
319	2
320	2
321	2
322	2
323	2
324	2
325	2
326	2
327	2
328	2
329	2
330	2
331	2
332	2
333	2
334	2
335	2
336	2
337	2
338	2
339	2
340	2
341	2
342	2
343	2
344	2
345	2
346	2
347	2
348	2
349	2
350	2
351	2
352	2
353	2
354	2
355	2
356	2
357	2
358	2
359	2
360	2
361	2
362	2
363	2
364	2
365	2
366	2
367	2
368	2
369	2
370	2
371	2
372	2
373	3
374	3
375	3
376	3
377	3
378	3
379	3
380	3
381	3
382	3
383	3
384	3
385	3
386	3
387	3
388	3
389	3
390	3
391	3
392	3
393	3
394	3
395	3
396	3
397	3
398	3
399	3
400	3
401	3
402	3
403	3
404	3
405	3
406	3
407	3
408	3
409	2
410	2
411	2
412	2
413	2
414	2
415	2
416	2
417	2
418	2
419	2
420	2
421	2
422	2
423	2
424	2
425	2
426	2
427	2
428	3
429	3
430	3
431	3
432	3
433	3
434	3
435	3
436	3
437	3
438	3
439	3
440	3
441	3
442	3
443	5
444	5
445	5
446	5
447	5
448	5
449	5
450	5
451	5
452	5
453	5
454	5
455	5
456	5
457	5
458	5
459	5
460	5
461	5
462	5
463	5
464	5
465	5
466	5
467	5
468	2
469	2
470	6
471	6
472	6
473	6
474	6
475	6
476	6
477	6
478	6
479	6
480	6
481	6
482	6
483	6
484	6
485	6
486	6
487	6
488	6
489	6
490	6
491	6
***
1	1
2	1
3	2
4	1
5	2
6	2
