1	1
2	1
3	1
4	1
5	1
6	1
7	3
8	3
9	3
10	3
11	3
12	3
13	3
14	3
15	3
16	3
17	3
18	1
19	1
20	1
21	1
22	4
23	4
24	4
25	4
26	4
27	5
28	5
29	5
30	4
31	4
32	4
33	4
34	4
35	1
36	1
37	1
38	1
39	1
40	1
41	5
42	5
43	5
44	5
45	5
46	5
47	2
48	2
49	2
50	4
51	4
52	4
53	4
54	4
55	4
56	4
57	4
58	4
59	4
60	2
61	2
62	2
63	3
64	3
65	3
66	3
67	5
68	5
69	5
70	5
71	1
72	1
73	1
74	1
75	5
76	5
77	5
78	3
79	3
80	3
81	3
82	3
83	2
84	2
85	2
86	2
87	2
88	2
89	2
90	2
91	2
92	2
93	2
94	2
95	2
96	2
97	2
98	2
99	2
100	2
101	2
102	2
103	2
104	2
105	2
106	2
107	2
108	2
109	2
110	2
111	2
112	2
113	2
114	2
115	2
116	2
117	2
118	2
119	2
120	2
121	2
122	2
123	2
124	2
125	2
126	2
127	2
128	2
129	2
130	2
131	2
132	2
133	2
***
1	1
2	1
3	1
4	1
5	1
