1	1
2	1
3	1
4	1
5	1
6	1
7	1
8	5
9	5
10	5
11	5
12	3
13	3
14	3
15	3
16	5
17	3
18	5
19	3
20	3
21	3
22	3
23	3
24	3
25	3
26	3
27	1
28	1
29	1
30	1
31	1
32	1
33	5
34	5
35	5
36	5
37	5
38	5
39	5
40	5
41	5
42	5
43	1
44	5
45	5
46	3
47	3
48	3
49	3
50	3
51	3
52	3
53	3
54	3
55	3
56	3
57	3
58	3
59	3
60	3
61	3
62	1
63	1
64	1
65	1
66	4
67	4
68	4
69	4
70	4
71	4
72	6
73	6
74	6
75	6
76	2
77	2
78	2
79	2
80	2
81	2
82	6
83	6
84	6
85	6
86	6
87	6
88	6
89	6
90	6
91	4
92	4
93	4
94	4
95	4
96	4
97	4
98	4
99	4
100	4
101	4
102	4
103	4
104	4
105	4
106	4
107	4
108	4
109	4
110	4
111	5
112	5
113	5
114	5
115	5
116	3
117	3
118	3
119	3
120	3
121	3
122	3
123	5
124	5
125	5
126	5
127	2
128	2
129	2
130	2
131	3
132	5
133	5
134	5
135	2
136	2
137	4
138	4
139	2
140	4
141	4
142	3
143	2
144	2
145	2
146	2
147	2
148	3
149	3
150	3
151	3
152	3
153	3
154	3
155	3
156	3
157	5
158	5
159	5
160	5
161	5
162	4
163	4
164	4
165	2
166	2
167	2
168	2
169	2
170	2
171	2
172	4
173	4
174	4
175	4
176	4
177	1
178	1
179	1
180	1
181	1
182	3
183	3
184	3
185	3
186	3
187	3
188	3
189	3
190	3
191	2
192	2
193	2
194	2
195	2
196	2
197	2
198	2
199	2
200	2
201	2
202	2
203	2
204	2
205	2
206	2
207	2
208	2
209	2
210	2
211	2
212	2
213	2
214	2
215	2
216	2
217	2
218	2
219	2
220	2
221	2
222	2
223	2
224	2
225	2
226	2
227	2
228	2
229	2
230	2
231	2
232	2
233	2
234	2
235	2
236	2
237	2
238	2
239	2
240	2
241	2
242	2
243	2
244	2
245	2
246	2
247	2
248	2
249	2
250	2
251	2
252	2
253	2
254	2
255	2
256	2
257	2
258	2
259	2
260	2
261	2
262	2
263	2
264	2
265	2
266	2
267	2
268	2
***
1	2
2	1
3	2
4	1
5	2
6	1
