1	1
2	1
3	1
4	1
5	1
6	1
7	1
8	1
9	1
10	1
11	1
12	1
13	1
14	1
15	6
16	3
17	3
18	3
19	3
20	3
21	3
22	3
23	3
24	3
25	3
26	3
27	3
28	3
29	3
30	3
31	3
32	3
33	3
34	3
35	3
36	3
37	3
38	3
39	3
40	3
41	3
42	3
43	3
44	3
45	6
46	6
47	6
48	6
49	6
50	3
51	3
52	3
53	3
54	3
55	3
56	3
57	5
58	5
59	5
60	5
61	5
62	5
63	5
64	5
65	5
66	5
67	5
68	5
69	5
70	5
71	5
72	5
73	5
74	6
75	6
76	6
77	6
78	6
79	6
80	6
81	6
82	6
83	6
84	3
85	3
86	3
87	3
88	3
89	3
90	3
91	3
92	3
93	5
94	5
95	5
96	5
97	5
98	5
99	5
100	5
101	5
102	5
103	5
104	5
105	5
106	5
107	5
108	6
109	6
110	6
111	6
112	3
113	3
114	3
115	3
116	3
117	3
118	3
119	3
120	3
121	3
122	3
123	3
124	5
125	5
126	5
127	5
128	5
129	5
130	5
131	5
132	3
133	3
134	3
135	3
136	3
137	3
138	3
139	3
140	4
141	4
142	4
143	4
144	4
145	4
146	4
147	4
148	4
149	4
150	2
151	2
152	2
153	4
154	4
155	4
156	4
157	4
158	3
159	3
160	3
161	3
162	3
163	3
164	3
165	3
166	3
167	2
168	2
169	2
170	2
171	2
172	2
173	2
174	2
175	2
176	2
177	2
178	2
179	2
180	2
181	2
182	2
183	2
184	2
185	2
186	2
187	2
188	2
189	2
190	2
191	2
192	2
193	2
194	2
195	2
196	2
197	2
198	2
199	2
200	2
201	2
202	2
203	2
204	2
205	2
206	2
207	2
208	2
209	2
210	2
211	2
212	2
213	2
214	2
215	2
216	2
217	2
218	2
219	2
220	2
221	2
222	2
223	2
224	2
225	2
226	2
227	2
228	2
229	2
230	2
231	2
232	2
233	2
234	2
235	2
236	2
237	2
238	2
239	2
240	2
241	2
242	2
243	2
244	2
245	2
246	2
247	2
248	2
249	2
250	2
251	2
252	2
253	2
254	2
255	2
256	2
257	2
258	2
259	2
260	4
261	4
262	4
263	4
264	4
265	4
266	4
267	4
268	2
269	4
270	4
271	4
272	2
273	4
274	4
275	4
276	2
277	4
278	4
279	4
280	2
281	4
282	4
283	2
284	2
285	2
286	2
287	2
288	2
289	2
290	2
291	2
292	2
293	2
294	2
295	2
296	2
297	2
298	2
299	2
300	2
***
1	1
2	2
3	1
4	2
5	1
6	1
