1	1
2	2
3	2
4	2
5	2
6	2
7	2
8	2
9	2
10	2
11	2
12	2
13	2
14	2
15	2
16	2
17	2
18	2
19	2
20	2
21	2
22	7
23	7
24	7
25	7
26	7
27	7
28	7
29	7
30	7
31	7
32	7
33	7
34	7
35	7
36	7
37	7
38	7
39	7
40	7
41	7
42	7
43	7
44	7
45	7
46	2
47	2
48	2
49	2
50	2
51	2
52	2
53	2
54	7
55	7
56	7
57	7
58	7
59	7
60	7
61	7
62	7
63	6
64	6
65	6
66	6
67	6
68	6
69	6
70	6
71	6
72	6
73	6
74	6
75	6
76	6
77	6
78	1
79	1
80	1
81	1
82	1
83	1
84	1
85	1
86	1
87	1
88	1
89	1
90	1
91	1
92	1
93	1
94	1
95	1
96	1
97	1
98	1
99	1
100	1
101	1
102	1
103	1
104	1
105	1
106	3
107	7
108	5
109	5
110	7
111	5
112	5
113	5
114	5
115	5
116	5
117	5
118	5
119	5
120	5
121	5
122	5
123	5
124	5
125	5
126	5
127	5
128	5
129	5
130	5
131	5
132	5
133	5
134	5
135	5
136	5
137	5
138	5
139	5
140	5
141	5
142	5
143	5
144	5
145	5
146	5
147	5
148	5
149	5
150	5
151	5
152	5
153	5
154	5
155	5
156	5
157	5
158	5
159	4
160	4
161	4
162	4
163	4
164	4
165	4
166	4
167	4
168	4
169	4
170	4
171	4
172	4
173	4
174	4
175	4
176	4
177	4
178	4
179	4
180	4
181	4
182	4
183	4
184	4
185	4
186	4
187	4
188	4
189	4
190	4
191	4
192	4
193	4
194	4
195	4
196	4
197	4
198	4
199	4
200	4
201	4
202	4
203	4
204	4
205	5
206	5
207	5
208	5
209	5
210	5
211	5
212	5
213	5
214	5
215	5
216	5
217	5
218	3
219	3
220	3
221	3
222	3
223	3
224	3
225	3
226	3
227	3
228	3
229	3
230	3
231	3
232	3
233	3
234	3
235	3
236	3
237	3
238	4
239	4
240	4
241	4
242	4
243	4
244	4
245	4
246	4
247	4
248	4
249	4
250	4
251	4
252	4
253	4
254	4
255	4
256	4
257	3
258	3
259	3
260	3
261	3
262	3
263	3
264	3
265	3
266	3
267	3
268	5
269	3
270	3
271	3
272	3
273	3
274	3
275	3
276	3
277	4
278	4
279	4
280	4
281	4
282	4
***
1	1
2	3
3	1
4	2
5	2
6	1
7	3
