1	1
2	1
3	1
4	1
5	1
6	1
7	1
8	3
9	3
10	5
11	5
12	5
13	5
14	5
15	5
16	5
17	5
18	5
19	5
20	5
21	5
22	5
23	1
24	1
25	1
26	1
27	1
28	4
29	4
30	4
31	4
32	4
33	4
34	4
35	4
36	4
37	4
38	4
39	4
40	4
41	4
42	4
43	5
44	5
45	5
46	5
47	5
48	5
49	3
50	3
51	3
52	3
53	1
54	1
55	1
56	1
57	2
58	2
59	2
60	2
61	2
62	2
63	2
64	2
65	2
66	2
67	2
68	2
69	2
70	2
71	2
72	2
73	2
74	2
75	2
76	2
77	2
78	2
79	2
80	2
81	2
82	2
83	2
84	2
85	2
86	2
87	2
88	2
89	2
90	2
91	2
92	2
93	2
94	2
95	2
96	2
97	2
98	2
99	2
100	2
101	2
102	2
103	2
104	2
105	2
106	2
107	2
108	2
109	2
110	2
111	2
112	2
113	2
114	2
115	2
116	1
117	1
118	2
119	2
120	2
121	2
122	2
123	2
124	2
125	2
126	2
127	2
128	2
129	2
130	2
131	2
132	3
133	1
134	3
135	1
136	3
137	3
138	3
139	3
140	3
141	3
142	3
143	3
144	3
***
1	1
2	1
3	2
4	1
5	2
