1	1
2	1
3	4
4	4
5	4
6	4
7	4
8	4
9	4
10	4
11	4
12	4
13	4
14	4
15	4
16	4
17	4
18	4
19	2
20	2
21	2
22	2
23	2
24	4
25	4
26	4
27	4
28	4
29	4
30	4
31	4
32	4
33	4
34	4
35	4
36	4
37	4
38	4
39	4
40	4
41	4
42	4
43	4
44	4
45	4
46	4
47	6
48	6
49	6
50	6
51	6
52	6
53	6
54	6
55	6
56	6
57	6
58	6
59	6
60	6
61	6
62	6
63	6
64	6
65	6
66	6
67	6
68	6
69	1
70	1
71	1
72	1
73	1
74	1
75	1
76	1
77	1
78	1
79	1
80	1
81	1
82	1
83	1
84	1
85	1
86	5
87	5
88	5
89	5
90	5
91	5
92	5
93	5
94	5
95	2
96	2
97	2
98	2
99	2
100	2
101	2
102	2
103	2
104	2
105	2
106	2
107	2
108	2
109	2
110	2
111	2
112	2
113	2
114	2
115	2
116	2
117	2
118	2
119	2
120	2
121	2
122	2
123	2
124	2
125	2
126	2
127	3
128	3
129	3
130	2
131	2
132	2
133	2
134	2
135	2
136	2
137	2
138	2
139	2
140	2
141	3
142	3
143	3
144	3
145	3
146	3
147	2
148	2
149	7
150	7
151	2
152	7
153	7
154	7
155	2
156	2
157	2
158	2
159	2
160	2
161	2
162	2
163	2
164	2
165	3
166	3
167	3
168	3
169	3
170	3
171	3
172	3
173	3
174	3
175	3
176	3
177	3
178	3
179	3
180	3
181	3
182	3
183	3
184	3
185	3
186	3
187	3
188	3
189	3
190	5
191	5
192	3
193	5
194	6
195	6
196	6
197	6
198	6
199	5
200	5
201	6
202	6
203	5
204	6
205	6
206	6
207	6
208	6
***
1	2
2	1
3	1
4	1
5	2
6	2
7	1
