1	1
2	1
3	1
4	1
5	1
6	1
7	1
8	1
9	1
10	3
11	3
12	1
13	1
14	3
15	1
16	1
17	1
18	1
19	1
20	1
21	3
22	3
23	1
24	1
25	1
26	1
27	1
28	1
29	1
30	1
31	1
32	1
33	1
34	1
35	1
36	1
37	1
38	3
39	3
40	3
41	3
42	3
43	3
44	3
45	3
46	3
47	3
48	3
49	3
50	3
51	2
52	2
53	2
54	2
55	2
56	2
57	2
58	2
59	2
60	2
61	2
62	2
63	2
64	2
65	4
66	4
67	4
68	4
69	4
70	4
71	4
72	5
73	2
74	2
75	2
76	2
77	2
78	2
79	2
80	2
81	2
82	2
83	2
84	2
85	5
86	5
87	5
88	5
89	5
90	1
91	5
92	5
93	5
94	6
95	6
96	6
97	6
98	6
99	6
100	6
101	6
102	6
103	2
104	2
105	2
106	2
107	2
108	2
109	2
110	2
111	2
112	2
113	2
114	2
115	2
116	6
117	6
118	6
119	6
120	6
121	6
122	6
123	6
124	5
125	5
126	5
127	5
128	5
129	5
130	5
131	5
132	5
133	5
134	5
135	5
136	5
137	5
138	6
139	6
140	6
141	6
142	6
143	6
144	6
145	6
146	6
147	6
148	6
149	6
150	4
151	4
152	4
153	4
154	5
155	5
156	4
157	5
158	5
159	4
160	4
161	4
162	4
163	4
164	4
165	4
166	4
167	4
168	4
169	4
170	4
171	4
172	4
173	4
174	2
175	2
176	4
177	2
178	2
179	2
180	2
181	4
182	4
183	4
184	4
185	4
186	4
187	4
188	2
189	2
190	2
191	2
192	2
193	2
194	2
195	2
196	2
197	2
198	2
199	2
200	2
201	2
202	2
203	2
204	2
205	2
206	2
207	2
208	2
209	2
210	2
211	2
212	2
213	2
214	2
215	2
216	2
217	2
218	2
219	2
220	2
221	2
222	2
223	2
224	2
225	2
226	2
227	2
228	2
229	3
230	3
231	3
232	3
233	6
234	6
***
1	2
2	1
3	2
4	1
5	1
6	1
