1	1
2	1
3	1
4	1
5	1
6	1
7	1
8	1
9	1
10	1
11	1
12	1
13	1
14	1
15	2
16	1
17	1
18	2
19	2
20	2
21	2
22	2
23	2
24	2
25	2
26	2
27	2
28	2
29	2
30	2
31	2
32	2
33	2
34	2
35	2
36	2
37	2
38	2
39	2
40	2
41	2
42	2
43	2
44	2
45	2
46	2
47	2
48	2
49	2
50	2
51	2
52	2
53	2
54	2
55	2
56	2
57	2
58	2
59	2
60	2
61	2
62	2
63	2
64	2
65	2
66	2
67	2
68	2
69	2
70	2
71	2
72	2
73	2
74	1
75	1
76	1
77	1
78	1
79	1
80	1
81	1
82	1
83	1
84	1
85	1
86	1
87	1
88	1
89	1
90	3
91	3
92	3
93	2
94	1
95	1
96	1
97	1
98	1
99	2
100	1
101	1
102	2
103	1
104	1
105	1
106	2
107	1
108	1
109	2
110	2
111	2
112	2
113	2
114	2
115	2
116	2
117	2
118	2
119	2
120	2
121	2
122	2
123	2
124	2
125	2
126	2
127	2
128	2
129	2
130	2
131	2
132	2
133	2
134	1
135	1
136	1
137	1
138	1
139	1
140	2
141	2
142	2
143	2
144	2
145	2
146	2
147	2
148	2
149	2
150	2
151	2
152	2
153	2
154	2
155	2
156	2
157	2
158	2
159	2
160	2
161	2
162	2
163	2
164	2
165	2
166	1
167	3
168	3
169	3
170	3
171	3
172	3
173	3
174	3
175	3
176	3
177	3
178	3
179	3
180	3
181	3
182	3
183	3
184	3
185	3
186	3
187	2
188	2
189	2
190	2
191	2
192	2
193	2
194	2
195	2
196	2
197	2
198	2
199	2
200	2
201	2
202	2
203	2
204	2
205	2
206	2
207	2
208	2
209	1
210	1
211	1
212	1
213	1
214	1
215	1
216	1
217	1
218	1
219	1
220	1
221	1
222	1
223	1
224	1
225	1
226	1
227	1
228	1
229	1
230	1
231	1
232	1
233	1
234	1
235	1
236	1
237	1
238	1
239	1
240	1
241	1
242	1
243	1
244	1
245	1
246	1
247	1
248	1
249	1
250	1
251	1
252	1
253	1
254	1
255	1
256	1
257	1
258	1
259	1
260	1
261	1
262	1
263	1
264	1
265	1
266	1
267	1
268	1
269	1
270	1
271	1
272	1
273	1
274	1
275	1
276	1
277	1
278	1
279	1
280	1
281	1
282	1
283	1
284	1
285	1
286	1
287	1
288	1
289	1
290	1
291	1
292	1
293	1
294	1
295	1
296	6
297	6
298	6
299	1
300	1
301	3
302	3
303	3
304	3
305	3
306	3
307	3
308	3
309	3
310	3
311	3
312	3
313	3
314	3
315	3
316	3
317	3
318	3
319	3
320	3
321	3
322	3
323	6
324	6
325	6
326	6
327	6
328	6
329	6
330	6
331	6
332	6
333	1
334	1
335	6
336	6
337	6
338	6
339	6
340	6
341	6
342	6
343	6
344	3
345	3
346	3
347	3
348	3
349	3
350	3
351	3
352	3
353	3
354	3
355	3
356	3
357	3
358	3
359	3
360	3
361	3
362	3
363	3
364	3
365	3
366	3
367	3
368	3
369	3
370	3
371	1
372	1
373	1
374	1
375	1
376	1
377	1
378	6
379	1
380	1
381	1
382	1
383	6
384	6
385	6
386	6
387	6
388	6
389	6
390	6
391	6
392	6
393	3
394	3
395	3
396	3
397	3
398	3
399	3
400	6
401	6
402	6
403	6
404	6
405	6
406	6
407	6
408	6
409	1
410	1
411	1
412	1
413	1
414	1
415	3
416	1
417	1
418	6
419	6
420	6
421	6
422	6
423	6
424	6
425	6
426	6
427	6
428	6
429	6
430	6
431	6
432	6
433	6
434	6
435	6
436	6
437	6
438	6
439	6
440	6
441	6
442	6
443	4
444	4
445	4
446	4
447	4
448	4
449	4
450	4
451	4
452	4
453	4
454	4
455	4
456	4
457	4
458	4
459	4
460	4
461	4
462	5
463	5
464	5
465	5
466	5
467	5
468	5
469	5
470	5
471	5
472	5
473	5
474	5
475	5
476	5
477	5
478	5
479	5
480	5
481	5
482	5
483	5
484	5
485	5
486	5
487	5
488	5
489	5
490	5
491	5
492	5
493	5
494	5
495	5
496	5
497	5
498	5
499	5
500	5
501	5
502	5
503	5
504	1
505	1
506	1
***
1	2
2	2
3	3
4	1
5	1
6	3
