1	1
2	1
3	1
4	1
5	3
6	3
7	3
8	3
9	3
10	3
11	3
12	2
13	2
14	2
15	2
16	2
17	2
18	2
19	2
20	2
21	2
22	2
23	2
24	6
25	5
26	5
27	5
28	5
29	5
30	5
31	5
32	5
33	2
34	2
35	7
36	7
37	7
38	7
39	7
40	7
41	7
42	7
43	7
44	7
45	7
46	7
47	7
48	7
49	7
50	6
51	6
52	6
53	6
54	6
55	6
56	6
57	6
58	6
59	6
60	6
61	6
62	6
63	6
64	6
65	6
66	6
67	6
68	6
69	6
70	6
71	6
72	6
73	6
74	6
75	6
76	6
77	6
78	6
79	6
80	3
81	3
82	3
83	3
84	3
85	3
86	3
87	3
88	3
89	3
90	3
91	3
92	3
93	3
94	6
95	6
96	6
97	6
98	6
99	6
100	6
101	3
102	3
103	3
104	3
105	3
106	3
107	3
108	1
109	1
110	1
111	1
112	1
113	1
114	1
115	1
116	1
117	1
118	1
119	1
120	1
121	1
122	1
123	1
124	1
125	1
126	1
127	1
128	1
129	1
130	7
131	7
132	7
133	7
134	7
135	7
136	7
137	7
138	5
139	5
140	5
141	5
142	5
143	5
144	5
145	5
146	5
147	5
148	5
149	5
150	5
151	5
152	5
153	5
154	5
155	5
156	5
157	5
158	5
159	5
160	5
161	4
162	4
163	4
164	4
165	4
166	4
167	4
168	4
169	4
170	4
171	4
172	4
173	4
174	4
175	4
176	4
177	4
178	4
179	4
180	4
181	4
182	4
183	4
184	4
185	4
186	4
187	4
188	4
189	4
190	4
191	4
192	4
193	4
194	4
195	4
196	4
197	4
198	4
199	4
200	4
201	4
202	4
203	4
204	4
205	4
206	4
207	4
208	4
209	4
210	4
211	4
212	4
213	4
214	4
215	4
216	5
217	5
218	5
219	5
220	5
221	5
222	5
223	5
224	5
225	5
226	5
227	5
228	5
229	5
230	5
231	5
232	5
233	5
234	5
235	5
236	5
237	5
238	5
239	5
240	2
241	2
242	2
243	2
244	1
245	7
246	3
247	3
248	3
249	3
250	3
251	3
252	1
253	1
254	1
255	1
***
1	1
2	2
3	1
4	2
5	2
6	1
7	1
