1	1
2	5
3	1
4	5
5	5
6	5
7	5
8	5
9	5
10	5
11	5
12	5
13	5
14	5
15	3
16	3
17	3
18	3
19	3
20	3
21	3
22	3
23	3
24	3
25	3
26	1
27	3
28	1
29	1
30	1
31	1
32	1
33	1
34	1
35	1
36	1
37	1
38	1
39	1
40	1
41	1
42	1
43	1
44	2
45	2
46	2
47	3
48	2
49	2
50	3
51	3
52	3
53	3
54	3
55	3
56	3
57	3
58	3
59	3
60	3
61	3
62	3
63	3
64	3
65	3
66	3
67	3
68	3
69	3
70	3
71	3
72	3
73	3
74	3
75	3
76	3
77	3
78	3
79	3
80	3
81	3
82	3
83	3
84	3
85	3
86	3
87	3
88	3
89	3
90	3
91	3
92	3
93	3
94	3
95	3
96	3
97	3
98	3
99	3
100	3
101	3
102	3
103	3
104	3
105	3
106	3
107	3
108	3
109	3
110	3
111	3
112	3
113	3
114	3
115	6
116	6
117	6
118	6
119	1
120	1
121	1
122	1
123	1
124	1
125	1
126	1
127	1
128	1
129	1
130	1
131	1
132	1
133	1
134	1
135	1
136	1
137	1
138	1
139	1
140	1
141	3
142	3
143	1
144	3
145	3
146	3
147	3
148	3
149	3
150	3
151	3
152	3
153	3
154	3
155	3
156	3
157	3
158	3
159	3
160	3
161	3
162	3
163	3
164	3
165	3
166	3
167	3
168	3
169	3
170	3
171	3
172	3
173	7
174	7
175	7
176	7
177	7
178	7
179	7
180	7
181	7
182	7
183	7
184	7
185	7
186	7
187	2
188	2
189	2
190	4
191	4
192	4
193	4
194	4
195	4
196	4
197	7
198	7
199	7
200	7
201	7
202	7
203	7
204	7
205	1
206	7
207	7
208	7
209	7
210	7
211	7
212	7
213	7
214	7
215	7
216	7
217	7
218	7
219	7
220	7
221	2
222	2
223	2
224	2
225	2
226	2
227	3
228	2
229	2
230	2
231	2
232	2
233	2
234	2
235	2
236	2
237	2
238	2
239	4
240	4
241	4
242	4
243	4
244	4
245	4
246	4
247	4
248	4
249	4
250	4
251	4
252	4
253	4
254	4
255	4
256	4
257	4
258	4
259	4
260	4
261	4
262	4
263	4
264	4
265	4
266	4
267	4
268	4
269	4
270	4
271	4
272	4
273	4
274	4
275	4
276	4
277	4
278	4
279	4
280	4
281	4
282	4
283	4
284	4
285	2
286	4
287	1
288	1
289	1
290	1
291	1
292	1
293	1
294	1
295	1
296	2
297	1
298	1
299	1
300	1
301	1
302	1
303	1
304	1
305	1
306	1
307	1
308	1
309	1
310	1
311	1
312	1
313	3
314	3
315	6
316	3
317	3
318	3
319	3
320	3
321	3
322	3
323	3
324	3
325	3
326	3
327	3
328	3
329	3
330	3
331	3
332	3
333	2
334	2
335	2
336	2
337	2
338	2
339	2
340	2
341	2
342	2
343	2
344	2
345	2
346	2
347	2
348	2
349	2
350	2
351	2
352	2
353	2
354	2
355	2
356	2
357	2
358	4
359	4
360	4
361	4
362	4
363	4
364	4
365	4
366	4
367	4
368	4
369	4
370	4
371	4
372	4
373	4
374	4
375	4
376	4
377	4
378	4
379	4
380	4
381	5
382	5
383	5
384	5
385	5
386	5
387	5
388	4
389	4
390	4
391	4
392	4
393	2
394	2
395	2
396	2
397	2
398	2
399	2
400	2
401	2
402	2
403	2
404	2
405	2
406	2
407	2
408	2
409	2
410	2
411	2
412	2
413	2
414	2
415	2
416	2
417	2
418	2
419	2
420	5
421	5
422	6
423	6
424	6
425	6
426	6
427	2
428	2
429	5
430	2
431	5
432	5
433	5
434	5
435	5
436	5
437	5
438	5
439	4
440	5
441	5
442	5
443	5
444	5
445	5
446	5
447	5
448	5
449	5
450	5
451	5
452	5
453	5
454	5
455	5
456	5
457	5
458	5
459	5
460	5
461	5
462	5
463	5
464	5
465	5
466	5
467	5
468	5
469	5
470	5
471	5
472	2
473	2
474	2
475	2
476	2
477	2
478	2
479	2
480	2
481	2
482	2
483	2
484	2
485	2
486	2
487	2
488	4
489	4
490	4
491	2
492	2
493	2
494	2
495	2
496	2
497	2
498	2
499	2
500	2
501	2
502	2
503	2
504	2
505	4
506	4
507	4
508	4
509	4
510	4
511	4
512	4
513	4
514	4
515	4
516	4
517	4
518	4
519	4
520	4
521	4
522	4
523	4
524	4
525	4
526	2
527	4
528	4
529	2
530	2
531	2
532	2
533	2
534	2
535	2
536	2
537	4
538	4
539	4
540	4
541	4
542	2
543	2
544	2
545	2
546	2
547	2
548	2
549	2
550	2
551	2
552	2
553	2
554	2
555	2
556	2
557	2
558	2
559	2
560	2
561	2
562	2
563	2
564	2
565	2
566	2
567	2
568	6
569	6
570	6
571	6
572	6
573	6
574	6
575	6
***
1	2
2	1
3	2
4	1
5	1
6	2
7	1
