1	1
2	1
3	1
4	1
5	1
6	1
7	1
8	1
9	1
10	1
11	2
12	2
13	2
14	2
15	2
16	2
17	2
18	2
19	2
20	2
21	2
22	2
23	2
24	2
25	4
26	4
27	4
28	4
29	4
30	4
31	4
32	4
33	2
34	2
35	2
36	2
37	2
38	2
39	2
40	2
41	2
42	2
43	2
44	2
45	2
46	2
47	2
48	2
49	2
50	2
51	2
52	2
53	2
54	1
55	1
56	1
57	1
58	1
59	1
60	1
61	4
62	4
63	4
64	4
65	1
66	1
67	1
68	1
69	1
70	1
71	3
72	2
73	6
74	6
75	6
76	6
77	6
78	6
79	6
80	5
81	5
82	5
83	5
84	3
85	3
86	3
87	3
88	3
89	3
90	3
91	3
92	3
93	3
94	3
95	3
96	3
97	3
98	3
99	3
100	3
101	3
102	5
103	5
104	5
105	5
106	5
107	5
108	5
109	5
110	5
111	5
112	5
113	5
114	5
115	5
116	5
117	5
118	5
***
1	2
2	2
3	1
4	2
5	1
6	1
