1	1
2	1
3	1
4	3
5	3
6	3
7	3
8	3
9	3
10	3
11	3
12	3
13	3
14	6
15	6
16	6
17	6
18	6
19	6
20	6
21	6
22	6
23	6
24	3
25	3
26	3
27	3
28	3
29	3
30	3
31	3
32	3
33	2
34	2
35	2
36	2
37	2
38	2
39	2
40	2
41	2
42	2
43	2
44	2
45	2
46	2
47	2
48	2
49	2
50	2
51	6
52	6
53	6
54	6
55	6
56	6
57	6
58	6
59	3
60	3
61	5
62	5
63	6
64	6
65	6
66	6
67	6
68	6
69	3
70	6
71	6
72	6
73	6
74	6
75	6
76	2
77	6
78	2
79	2
80	2
81	2
82	2
83	2
84	2
85	2
86	2
87	2
88	2
89	2
90	2
91	2
92	2
93	2
94	2
95	2
96	2
97	2
98	2
99	2
100	2
101	2
102	2
103	2
104	2
105	2
106	2
107	2
108	2
109	2
110	2
111	2
112	2
113	2
114	2
115	2
116	2
117	2
118	2
119	2
120	2
121	2
122	2
123	2
124	5
125	5
126	5
127	5
128	5
129	5
130	5
131	5
132	5
133	5
134	5
135	5
136	5
137	5
138	5
139	5
140	5
141	5
142	5
143	5
144	5
145	5
146	1
147	1
148	5
149	1
150	1
151	1
152	6
153	1
154	1
155	1
156	1
157	1
158	1
159	1
160	1
161	1
162	1
163	1
164	1
165	1
166	1
167	1
168	1
169	1
170	1
171	1
172	1
173	1
174	1
175	1
176	1
177	4
178	4
179	4
180	4
181	4
182	4
183	4
184	4
185	4
186	4
187	4
188	4
189	4
190	4
191	4
192	4
193	4
194	4
195	4
196	4
197	4
198	4
199	4
200	4
201	1
202	4
203	1
204	4
205	4
206	4
207	4
208	4
209	4
210	4
211	4
212	4
213	4
214	4
215	4
216	4
217	4
218	4
219	4
220	4
221	4
222	4
223	4
***
1	2
2	1
3	1
4	2
5	1
6	1
