1	1
2	1
3	1
4	1
5	4
6	4
7	4
8	4
9	4
10	4
11	2
12	2
13	2
14	2
15	2
16	4
17	4
18	4
19	4
20	4
21	4
22	4
23	1
24	1
25	1
26	1
27	1
28	1
29	1
30	5
31	1
32	1
33	1
34	1
35	1
36	4
37	4
38	4
39	4
40	3
41	3
42	3
43	3
44	3
45	3
46	3
47	1
48	1
49	1
50	5
51	5
52	5
53	5
54	5
55	5
56	5
57	5
58	5
59	5
60	5
61	5
62	5
63	5
64	5
65	5
66	5
67	5
68	5
69	5
70	5
71	5
72	5
73	5
74	2
75	5
76	5
77	5
78	5
79	2
80	2
81	2
82	2
83	2
84	2
85	2
86	2
87	2
88	2
89	2
90	2
91	2
92	2
93	2
94	3
95	3
96	2
97	2
98	2
99	2
100	2
101	2
102	2
103	2
104	2
105	2
106	2
107	2
108	2
109	2
110	2
111	2
112	3
113	3
114	3
115	3
116	3
117	3
118	3
119	3
120	3
121	5
122	5
123	5
124	5
125	5
126	5
127	5
128	5
129	5
130	5
131	5
132	5
133	5
134	5
135	5
136	5
137	5
138	5
139	5
140	5
141	5
142	5
143	5
144	5
145	5
146	5
147	5
148	5
149	5
150	5
151	5
152	5
153	5
154	5
155	5
156	5
157	5
158	5
159	5
160	5
161	5
162	5
163	5
164	5
165	5
166	5
167	5
168	5
169	5
170	5
171	5
172	5
173	5
***
1	1
2	1
3	1
4	1
5	1
