1	1
2	1
3	1
4	1
5	1
6	1
7	2
8	2
9	2
10	2
11	2
12	2
13	2
14	2
15	1
16	1
17	1
18	1
19	1
20	1
21	1
22	1
23	1
24	1
25	1
26	1
27	1
28	1
29	1
30	1
31	1
32	1
33	1
34	1
35	4
36	4
37	4
38	4
39	4
40	4
41	4
42	4
43	6
44	4
45	6
46	2
47	2
48	2
49	2
50	2
51	6
52	6
53	6
54	1
55	1
56	1
57	1
58	1
59	1
60	1
61	1
62	3
63	3
64	3
65	3
66	3
67	3
68	3
69	3
70	4
71	4
72	4
73	4
74	4
75	4
76	4
77	4
78	4
79	4
80	4
81	4
82	4
83	4
84	4
85	4
86	4
87	4
88	4
89	6
90	6
91	6
92	6
93	6
94	6
95	6
96	6
97	6
98	6
99	6
100	6
101	6
102	6
103	5
104	5
105	1
106	1
107	3
108	3
109	3
110	3
111	3
112	3
113	3
114	3
115	3
116	3
117	3
118	6
119	6
120	6
121	5
122	5
123	5
124	5
125	5
126	5
127	5
128	3
129	3
130	3
131	3
132	3
133	3
134	3
135	4
136	4
137	4
138	4
139	4
140	4
141	4
142	3
143	3
144	4
145	4
146	4
147	4
148	4
149	4
150	4
151	4
152	4
153	4
154	4
155	4
156	4
157	4
158	4
159	4
160	4
161	4
162	4
163	4
164	4
165	4
166	4
167	4
168	4
169	3
170	3
171	4
172	5
173	5
174	5
175	5
176	5
177	5
178	5
179	5
180	5
181	5
182	5
183	5
184	5
185	5
186	5
187	5
188	5
189	5
190	5
191	5
192	5
193	5
194	5
195	5
196	5
197	2
198	2
199	2
200	2
201	2
202	2
203	2
204	2
205	2
206	2
207	2
208	4
209	4
210	4
211	4
212	4
213	4
214	4
215	4
216	4
217	4
218	4
219	4
220	4
221	4
222	4
223	4
224	4
225	4
226	4
227	4
228	4
229	4
230	4
231	4
232	4
233	4
234	4
235	4
236	4
237	4
238	4
239	4
240	4
241	4
242	4
243	4
244	4
245	4
246	4
247	4
248	4
249	4
250	4
251	4
252	4
253	4
254	4
255	4
256	4
257	4
258	4
259	4
260	4
261	4
262	4
263	4
264	4
265	4
266	4
267	4
***
1	1
2	2
3	1
4	1
5	2
6	2
