2, 60, 30 1mael
2, 60, 34 1bpra
3, 30, 360 2q22a
2, 40, 100 1a33a
3, 90, 310 1aola
3, 50, 20 1n2ma
2, 10, 50 1osxa
4, 10, 320 1bala
1, 10, 437 1af3a
1, 10, 3910 2fi0a
2, 10, 150 1a5kb
2, 20, 70 1i5hw
3, 90, 1640 1wpna
4, 10, 280 1a0aa
3, 90, 950 1b78a
3, 10, 290 1dm9a
3, 10, 110 1a3sa
2, 60, 250 1i3pa
3, 30, 565 1a4ha
3, 40, 1310 1f08a
3, 30, 479 1b66a
3, 50, 90 2psba
4, 10, 1000 1m9oa
3, 30, 1050 1c44a
1, 20, 860 1abza
3, 40, 830 1b4ub
3, 30, 1350 1ab1a
3, 40, 1190 1c3qa
2, 70, 130 1c39a
3, 30, 1680 1ssla
3, 30, 30 1ahoa
1, 10, 2080 1k19a
3, 30, 420 1a5va
3, 40, 1600 2hq4a
3, 40, 1350 1gefa
1, 10, 720 1h1js
3, 90, 1030 1gd8a
3, 60, 40 1txoa
3, 30, 280 1a5ka
3, 90, 1180 1j3aa
3, 10, 370 1z60a
4, 10, 51 1occk
1, 10, 1660 1jbga
1, 20, 910 1dvea
3, 10, 470 1t23a
3, 90, 1140 1fsia
3, 40, 600 1az0a
4, 10, 1040 1lpva
3, 30, 1120 2i9xa
3, 90, 56 1ckva
3, 90, 1150 1kafa
2, 10, 260 1mvfd
1, 10, 150 1a6sa
3, 90, 810 1e0ab
3, 40, 1100 1hynp
2, 20, 20 1ahla
3, 40, 1510 1veaa
1, 10, 1240 1q6aa
3, 40, 225 1dzup
3, 40, 1690 2jlha
3, 40, 930 1a3aa
1, 20, 1270 1i49a
1, 10, 1180 1f6va
3, 90, 520 1mhda
1, 10, 3860 1xfha
3, 90, 1450 1o8ra
2, 30, 130 1te7a
1, 20, 91 1c5aa
1, 20, 90 1a2aa
4, 10, 720 1devb
3, 30, 1980 1qw2a
3, 10, 480 1s04a
3, 50, 4 1hkya
3, 30, 740 1cmia
1, 10, 3790 1pc6a
2, 40, 128 1a18a
3, 90, 226 1hnoa
1, 10, 1740 1h3la
2, 40, 250 1cl3a
4, 10, 1050 1wvka
1, 20, 1410 1r0da
2, 40, 260 1ijaa
4, 10, 365 1jsuc
1, 10, 3030 1n81a
1, 10, 472 1ad6a
4, 10, 240 1aw6a
2, 40, 300 1c5ea
1, 10, 1110 1du2a
4, 10, 430 1hnra
3, 10, 250 1by2a
2, 70, 40 1duca
3, 10, 390 1h5pa
4, 10, 840 1edxa
1, 20, 1480 1p68a
1, 10, 3080 1kpka
3, 75, 10 1bwda
1, 20, 1070 1ap9a
1, 10, 10 1acia
1, 20, 59 1ecma
2, 30, 29 1aqca
3, 30, 250 1aa3a
3, 30, 1310 1j8ba
3, 40, 532 1cmxa
1, 20, 1300 1kf6c
3, 30, 310 1j3ma
2, 70, 170 1i9ba
2, 30, 24 1auua
3, 30, 70 1a0ob
1, 20, 120 1a0ba
2, 40, 40 1bw3a
1, 10, 880 1k1va
2, 10, 160 1kmxa
1, 10, 3880 1t07a
3, 90, 1670 2fiya
1, 20, 50 1erca
3, 30, 530 1b6fa
3, 30, 559 1c4ta
2, 10, 10 1aiwa
1, 10, 390 1trla
1, 20, 950 1e7pc
1, 10, 860 1b79a
1, 20, 810 1q90b
3, 10, 530 2jova
3, 30, 1360 1b4ba
1, 10, 195 1vpua
2, 70, 100 1a39a
3, 30, 430 1kpta
3, 40, 91 1bama
2, 20, 90 1lshb
3, 40, 1550 1squa
3, 90, 850 1nkqa
3, 30, 910 1ghha
1, 10, 520 1abva
1, 10, 1520 1i4sa
3, 40, 1380 1t57a
3, 30, 2230 1w6va
1, 10, 1440 1i5ja
1, 10, 810 1hp8a
3, 10, 280 1p32a
1, 10, 1710 1dvoa
1, 10, 3210 1xx7a
3, 90, 1550 1w66a
1, 10, 1300 1f0ja
2, 50, 20 1iwla
4, 10, 95 1occg
2, 60, 9 1jk4a
3, 10, 440 1jj2w
4, 10, 91 1occj
4, 10, 93 1occi
4, 10, 92 1h7da
3, 30, 1460 1jyaa
1, 20, 5 1a02f
3, 60, 100 1hq0a
1, 10, 3690 2igsa
3, 30, 700 1ay2a
1, 10, 100 1b9ga
1, 20, 210 1ar1a
1, 10, 3100 1s4ka
1, 10, 3450 2ijqa
3, 40, 1420 1gpqa
2, 40, 160 1bh3a
1, 20, 20 1a91a
2, 30, 32 1e8ra
2, 30, 31 1l3aa
2, 30, 30 1a0nb
3, 40, 1650 2ob5a
1, 10, 1620 1e79i
1, 10, 530 102la
1, 10, 20 1a7wa
1, 10, 532 1bgfa
1, 10, 533 1a1wa
4, 10, 1150 2nwta
1, 20, 1280 1fs1a
3, 90, 550 1e5ka
3, 40, 580 1ckqa
3, 90, 1520 1u4ha
2, 40, 180 1u5ua
3, 40, 1210 1ilva
3, 30, 170 1buhb
3, 90, 1480 1ro7a
4, 10, 800 1icfi
1, 20, 1600 1wp1b
3, 90, 176 1g24a
3, 90, 175 1aera
1, 20, 1230 1jada
3, 30, 1810 2hh8a
1, 10, 2000 1ijxa
2, 60, 40 1a14h
4, 10, 980 1fqjc
3, 30, 190 1aa1c
3, 50, 30 1j3la
3, 30, 920 1ekga
3, 60, 70 1b65a
2, 40, 330 1wida
1, 20, 1250 1a22a
3, 90, 960 1dbua
1, 10, 210 1ccda
3, 10, 100 1b6ea
3, 10, 260 1bm8a
3, 30, 450 1a0ka
3, 30, 66 1vcca
1, 10, 3070 1nxha
4, 10, 1010 1hn6a
1, 10, 1470 1ryka
3, 30, 1040 1dtdb
2, 60, 290 1nc7a
3, 30, 1320 1emwa
1, 50, 10 1agma
2, 70, 140 1dqca
3, 20, 100 1d8ha
1, 20, 80 1acaa
3, 40, 1260 1jx7a
2, 40, 10 1aoma
1, 10, 490 101ma
2, 40, 15 1a1xa
3, 30, 760 1ap8a
4, 10, 400 1cr8a
3, 30, 428 1av5a
3, 30, 429 1bjpa
3, 30, 350 2sici
1, 20, 190 1a37a
2, 60, 130 1dlma
3, 30, 56 1jida
3, 90, 10 1a2ia
2, 30, 60 1iiya
1, 20, 10 1ehsa
1, 10, 3480 1s9ua
3, 10, 360 1fd3a
3, 60, 140 1rv9a
3, 30, 1130 1b9la
1, 20, 920 1e6ia
3, 10, 400 1t62a
3, 40, 220 1hjza
3, 40, 630 1a2za
3, 90, 1240 1f82a
3, 90, 730 1bk7a
3, 40, 1460 1j57a
2, 10, 250 1hhna
1, 10, 140 1cmaa
4, 10, 650 1aooa
3, 90, 1360 1iu4a
2, 30, 240 1ydua
3, 40, 1500 1tk1a
3, 90, 820 1gh9a
1, 10, 1270 1co0a
1, 10, 1900 1g9la
4, 10, 20 1jfwa
1, 10, 790 1ag2a
3, 60, 10 1akoa
1, 20, 1240 1jb0l
3, 90, 1680 2icua
3, 90, 280 1a44a
3, 30, 1500 1b2va
3, 40, 1580 2icga
3, 90, 1560 1vr0a
3, 20, 80 1bowa
3, 40, 1760 1ryla
3, 30, 1250 1nyna
3, 30, 1550 1wiba
3, 40, 250 1c25a
1, 10, 1290 16vpa
3, 10, 490 1v30a
3, 30, 780 1d1ra
3, 30, 730 1gcca
3, 40, 1000 1eq6a
3, 30, 2120 1r7la
1, 10, 3150 1vqra
2, 40, 155 1b9ca
3, 90, 230 1c21a
1, 10, 1750 1j1va
1, 10, 440 1enia
1, 10, 442 1occd
1, 10, 443 1ae9a
4, 10, 1060 1n0za
3, 30, 870 1byra
1, 25, 40 1a17a
3, 90, 460 1dj7a
1, 10, 565 1a28a
3, 40, 1160 1b7ba
3, 90, 198 1gpca
1, 20, 144 1d2ta
2, 70, 70 1ax3a
1, 20, 140 1pi1a
1, 20, 141 2ikba
3, 80, 10 1a4ya
2, 10, 90 1agqa
3, 90, 190 1a5ya
3, 10, 380 1e44b
3, 90, 20 1eo8b
1, 20, 1490 1u89a
4, 10, 830 1fjgn
4, 10, 1110 1wfea
2, 40, 150 1jj2j
3, 10, 120 1aqaa
3, 90, 510 1qgwa
3, 90, 80 117ea
3, 20, 20 1a0ca
2, 40, 380 2p12a
1, 20, 1160 1e91a
1, 10, 60 1rq6a
1, 10, 1200 1a43a
2, 70, 180 1njha
3, 30, 300 1josa
2, 10, 70 1g4fa
2, 60, 10 1ewwa
3, 30, 40 1bora
1, 20, 1540 2ic8a
4, 10, 180 1i51e
2, 60, 15 1h8eh
2, 40, 200 1jb7b
2, 70, 16 1am2a
2, 40, 50 1a15a
1, 10, 590 1csma
1, 10, 890 1bg8a
3, 10, 130 11baa
1, 10, 950 1qqva
1, 20, 1380 1iu3c
4, 10, 940 1jjuc
2, 60, 175 1cn3a
3, 30, 460 1no5a
2, 60, 270 1gwya
4, 10, 490 1b0ya
1, 10, 1780 1k6ka
3, 40, 910 1dhsa
1, 10, 870 1iiea
3, 40, 850 1bg2a
1, 10, 1890 1h0za
3, 30, 1070 1ev0a
2, 10, 210 1be3i
2, 30, 33 1aono
1, 10, 185 1jvra
1, 10, 620 1afra
3, 40, 80 1arol
3, 40, 1230 1ihna
1, 20, 225 1e68a
3, 40, 1540 1y0ka
3, 30, 900 1duja
3, 90, 1010 1mzga
3, 40, 980 1di6a
3, 40, 1620 2odka
1, 20, 890 1l6ea
3, 60, 60 2iwma
1, 10, 3460 1rwta
3, 90, 245 1ezra
2, 20, 28 1b13a
1, 10, 1090 1bccf
1, 10, 1760 1k8ke
3, 10, 350 1e0ga
2, 50, 10 1p9ha
3, 10, 450 1a2ka
3, 60, 110 1erza
3, 40, 210 1eyua
4, 10, 81 1jo6a
3, 10, 590 1wmma
3, 90, 1170 1fm0e
2, 02, 10 1fqta
3, 30, 1890 3b8oa
1, 10, 3680 2h5na
3, 40, 33 1cfea
2, 30, 330 1o6aa
3, 40, 30 1a23a
3, 40, 35 1blea
1, 10, 3440 2pv4a
3, 40, 1530 1wn9a
3, 40, 1120 1jj2l
1, 20, 58 1aj3a
1, 20, 960 1om2a
1, 10, 1220 1arqa
2, 30, 27 1fgpa
3, 40, 1280 1gz0e
3, 30, 1580 1hywa
4, 10, 230 1amla
1, 10, 30 1aaba
3, 90, 540 1bxib
2, 70, 230 1jmaa
1, 10, 3700 2o8sa
3, 10, 180 1bh5a
2, 40, 400 3bgta
1, 20, 1290 1gu9a
3, 20, 90 1c8za
3, 30, 1200 1jrma
2, 30, 110 1axja
2, 60, 300 1nwba
3, 90, 1300 1m21a
4, 10, 740 1cfha
3, 30, 160 1b69a
3, 30, 1190 1nr3a
3, 30, 1960 1tlja
1, 50, 40 1okca
1, 20, 1200 1niga
1, 10, 760 155ca
3, 40, 1050 1ekja
1, 10, 3200 1yoza
2, 00, 10 1c3ka
2, 70, 30 1c8da
1, 10, 2010 1j0ta
1, 10, 3310 2p06a
1, 20, 1470 1tdpa
1, 10, 418 1aa2a
3, 90, 330 1ahja
1, 25, 10 1b3ua
2, 40, 240 1b75a
1, 10, 555 1am4a
2, 40, 320 1yema
1, 10, 225 1l9la
1, 10, 220 1bo9a
2, 20, 10 1a14n
3, 90, 1580 1y1ex
4, 10, 900 1g3jb
3, 30, 505 1a07a
4, 10, 1020 1jnia
3, 30, 110 1dcja
3, 30, 500 1jfma
3, 90, 420 1xdqa
1, 10, 630 1akda
1, 20, 1500 2iaza
4, 10, 1210 2b1ya
3, 30, 230 1a6fa
3, 40, 1390 2ioja
3, 30, 1330 1ck2a
4, 10, 10 4mt2a
3, 30, 10 1acbi
2, 70, 150 1fwqa
2, 10, 109 1ay9a
1, 10, 375 1afva
2, 70, 240 1lkfa
3, 60, 20 1e94a
3, 60, 21 1auia
2, 60, 120 1a34a
3, 40, 800 1c3pa
4, 10, 40 1agga
1, 20, 930 1eo0a
3, 30, 1390 1bxya
2, 30, 10 1a0rb
4, 10, 45 1frea
3, 30, 1410 1is7k
4, 10, 49 1occl
3, 40, 960 1cw0a
2, 30, 18 1nh2c
3, 90, 75 1a73a
3, 40, 140 1jtka
3, 90, 70 1a6ra
2, 10, 25 1a3pa
3, 50, 7 1assa
3, 30, 1380 1r44a
3, 90, 79 1f3ya
3, 40, 1080 1k6da
4, 10, 640 1fjgr
3, 90, 930 1p4pa
4, 10, 160 1g72b
3, 40, 1570 2hqva
2, 60, 240 1cq3a
3, 40, 810 1poib
1, 10, 700 1b4ua
3, 20, 70 1cm5a
2, 60, 11 1occf
3, 40, 1490 1q7sa
2, 15, 10 1gydb
1, 10, 575 1ah7a
3, 90, 290 1apja
2, 30, 290 2aj7a
3, 40, 718 1a05a
1, 10, 1280 1bt1a
3, 60, 120 1i1qa
3, 30, 1560 1hl6b
3, 40, 710 1alqa
3, 90, 1220 1e8pa
3, 30, 2000 2gjva
1, 10, 3350 2bo3a
1, 10, 8 1dv0a
3, 30, 720 1e8oa
3, 30, 890 1d9na
3, 40, 1400 1nn4a
3, 90, 209 1eo8a
3, 40, 390 1a85a
3, 40, 395 1avpa
2, 40, 280 1j1ha
3, 90, 470 1bxea
1, 20, 1020 1f81a
3, 30, 572 1aiqa
1, 10, 3750 1seda
3, 90, 570 1mwpa
4, 10, 260 1a0rg
1, 10, 510 2exea
1, 10, 260 1adra
1, 10, 1130 1m1pa
2, 40, 360 2in5a
1, 10, 268 1x75a
1, 10, 1330 1daqa
1, 20, 150 1gaka
3, 30, 1470 1jb0d
4, 10, 410 1aala
4, 10, 820 1f02t
2, 70, 270 1ml9a
1, 20, 1150 1g7da
4, 10, 1100 1ul4a
3, 20, 16 1at3a
1, 10, 3330 2o8ia
3, 30, 1830 2joea
3, 90, 1290 1lm5a
2, 10, 69 1bbia
2, 10, 290 2jnea
3, 30, 370 1a19a
2, 10, 60 1abta
1, 20, 1440 2etda
3, 30, 50 1a6ya
2, 30, 280 2pb7a
2, 60, 20 1a7ha
3, 00, 10 1jj2n
3, 10, 129 1bvqa
4, 10, 290 1bcta
2, 70, 10 1e0fi
3, 30, 380 1aq3a
1, 10, 940 1ey1a
2, 20, 60 1mkna
2, 60, 90 1h7za
2, 40, 230 1fw2a
4, 10, 890 1qa4a
3, 40, 10 1adna
3, 90, 1650 2hg6a
2, 60, 169 1al0f
3, 50, 80 1j7ga
3, 10, 510 2hfqa
1, 10, 3510 2o5ha
3, 40, 1370 1dmga
3, 40, 109 1bkja
1, 10, 1490 1iyra
3, 30, 1060 1ff3a
2, 90, 10 1b2pa
3, 30, 1340 1cm2a
3, 30, 1690 1oqva
3, 90, 870 1g57a
2, 40, 170 1a0sp
3, 20, 120 1r2ma
3, 90, 740 1udza
3, 90, 1000 1o22a
2, 40, 33 1o65a
2, 40, 30 1d1na
3, 30, 930 11asa
1, 10, 455 1fjgg
3, 30, 465 2nqwa
1, 10, 1810 1jr5a
3, 10, 50 1a7xa
3, 30, 1660 1moga
1, 10, 287 1a32a
3, 30, 1280 1gtda
2, 30, 42 1b8qa
3, 30, 1520 1gd5a
1, 20, 900 1by1a
3, 40, 1590 2gkpa
3, 30, 1440 1iq4a
3, 10, 460 1lg7a
3, 60, 160 1pg6a
1, 20, 1420 1sj7a
3, 90, 45 1bs4a
3, 60, 150 1q1la
3, 10, 580 1pbja
2, 10, 270 1gvma
1, 10, 120 1b1ua
3, 40, 190 1gv8a
3, 40, 1110 1mo7a
3, 40, 20 1ahqa
3, 40, 198 1cbya
3, 40, 1440 1ln0a
3, 40, 1520 1vgga
3, 60, 90 1jl0a
1, 10, 3470 1l7va
3, 10, 550 2hlya
1, 20, 970 1rrza
1, 10, 3300 3h0na
4, 10, 220 1a92a
3, 10, 640 2g3wa
4, 10, 630 2prgc
3, 90, 940 1eika
1, 10, 340 1lmza
1, 10, 645 1cc1l
3, 30, 1230 1g2ra
1, 10, 245 1rv1a
4, 10, 60 1a1ta
3, 40, 720 1ajaa
3, 30, 1970 2fdoa
3, 30, 750 1auza
1, 10, 3370 1rh5a
3, 40, 50 121pa
3, 90, 320 1avqa
2, 10, 22 1bx7a
1, 20, 1400 1t50a
3, 10, 520 2o34a
1, 10, 239 1bega
1, 10, 238 1a03a
1, 20, 1550 2hi7b
1, 10, 3390 2jpqa
1, 10, 1100 1tbaa
2, 40, 310 1nyca
2, 20, 25 1dl6a
3, 30, 1370 1dt4a
3, 90, 1590 1x6ma
4, 10, 520 1b8za
2, 70, 50 1ajwa
2, 60, 200 1dd1a
3, 40, 430 1ai9a
1, 20, 81 1lrea
2, 30, 320 1pv5a
3, 65, 10 1p88a
2, 70, 220 1g13a
3, 90, 430 1co4a
3, 30, 1300 2gr7a
2, 80, 10 1afca
1, 10, 1450 1g8qa
3, 30, 240 1copd
1, 20, 1260 1aewa
3, 30, 60 1an1i
3, 30, 62 1avva
3, 40, 1360 1t6t1
2, 60, 210 1lb4a
3, 20, 130 2isba
1, 10, 1850 1al01
2, 30, 170 1jj2t
2, 40, 70 1a30a
1, 10, 3890 1qz4a
3, 60, 15 1a7ta
1, 10, 246 1kdxa
2, 60, 110 1auna
1, 10, 1690 1ceua
3, 10, 420 1fx3a
4, 10, 75 1flei
3, 40, 970 1qhka
1, 20, 940 1dvka
4, 10, 70 1fvla
3, 30, 1150 1lr0a
3, 30, 1400 1f46a
1, 10, 1170 1c9qa
1, 10, 3720 2onkc
4, 10, 670 1d6ga
1, 20, 272 2qw6a
3, 40, 1090 1oxwa
3, 10, 28 1af5a
2, 10, 230 1exka
4, 10, 110 1e9ta
1, 10, 606 1qhba
1, 10, 3430 1u77a
4, 10, 170 1olga
3, 30, 2190 2guka
1, 10, 600 1dgpa
1, 10, 601 1siga
3, 90, 920 2atza
1, 20, 1390 1mp1a
2, 30, 90 1mkca
3, 30, 1490 1b33n
2, 40, 20 1b2ia
1, 10, 800 1dmwa
3, 30, 1710 1qysa
3, 10, 20 1a5ra
3, 40, 1180 1f75a
3, 40, 5 1cqua
1, 10, 3180 1wija
3, 90, 1460 1q60a
2, 60, 370 1so9a
1, 10, 710 1bvba
3, 30, 1570 1hufa
1, 10, 3230 1xn8a
4, 10, 710 1cwxa
3, 60, 130 1drta
2, 30, 180 1nyoa
3, 30, 710 1a68a
3, 30, 860 1fjgs
3, 90, 1210 1amea
3, 90, 580 1d0qa
1, 10, 110 1afha
4, 10, 860 1e52a
3, 40, 1410 1fw9a
1, 20, 1170 1qoya
3, 40, 1140 1qhla
2, 70, 200 1qqha
1, 20, 200 1xlya
3, 90, 210 1bcpa
1, 10, 1630 1jjsa
4, 10, 1160 2jz6a
2, 40, 290 1ow1a
1, 20, 1130 1jb0a
2, 70, 14 1lkta
2, 40, 350 2ooja
3, 90, 1570 1wdja
1, 10, 3760 1rfza
4, 10, 210 1tvsa
3, 10, 200 12caa
2, 70, 98 1jova
3, 55, 10 1j5ua
1, 10, 3290 2f6sa
3, 40, 570 1g8ta
4, 10, 810 1gp8a
4, 10, 760 1hyka
3, 40, 470 1akza
3, 10, 300 1bnka
1, 20, 1080 1fqya
3, 90, 1280 1xjha
2, 70, 260 1r4ka
3, 30, 1820 2iaya
2, 40, 450 2gmqa
1, 10, 3340 2o35a
