3, 30, 420 1bg3a
1, 10, 150 1jrpa
1, 10, 10 1lvaa
3, 30, 310 1c47a
3, 30, 70 2efga
2, 10, 220 1m6ba
3, 30, 1480 1hh2p
3, 80, 20 1m6bb
2, 60, 40 1a47a
3, 30, 457 1d6ua
2, 60, 220 1hn0a
3, 40, 120 1c47b
1, 50, 10 1lxma
3, 90, 1240 1epwa
3, 30, 379 1c7sa
3, 30, 830 1q2la
3, 90, 1440 1nkta
3, 30, 870 1xdoa
3, 20, 20 1c7ta
3, 30, 300 1k0ra
2, 10, 70 1g40a
3, 30, 40 1fbva
2, 70, 16 1dq3a
2, 40, 50 1k0rb
3, 10, 450 1d6ub
3, 40, 30 1hyua
1, 20, 58 1hcia
1, 20, 1110 1iwoa
3, 30, 160 1ubdc
3, 30, 1330 1vk3a
2, 70, 150 1iwob
2, 60, 120 1f31a
2, 30, 10 1jv2a
3, 40, 367 1bg3b
1, 10, 8 1oqya
3, 30, 1840 2o8rb
2, 40, 30 1g7ra
3, 30, 930 1nyqa
1, 20, 1120 1g9aa
3, 40, 1110 1su4a
3, 40, 50 1g7sa
2, 80, 10 1dfca
3, 30, 60 1k7ta
3, 10, 20 1qzea
3, 90, 260 1evua
2, 70, 98 1d6ya
