1r8e a
[0, 0, 0, 0, 9, 0, 0, 0, 0, 0, 0, 0]
[0, 0, 0, 0, 0, 0, 22, 5, 0, 30, 20, 24]
[0, 0, 0, 0, 0, 0, 0, 0, 0, 8, 9, 4]
[0, 0, 0, 0, 11, 0, 0, 21, 2, 0, 0, 0]
[9, 0, 0, 11, 0, 0, 0, 0, 0, 0, 0, 0]
[0, 0, 0, 0, 0, 0, 0, 0, 10, 0, 10, 0]
[0, 22, 0, 0, 0, 0, 0, 0, 0, 0, 0, 0]
[0, 5, 0, 21, 0, 0, 0, 0, 2, 0, 0, 0]
[0, 0, 0, 2, 0, 10, 0, 2, 0, 0, 32, 7]
[0, 30, 8, 0, 0, 0, 0, 0, 0, 0, 0, 11]
[0, 20, 9, 0, 0, 10, 0, 0, 32, 0, 0, 27]
[0, 24, 4, 0, 0, 0, 0, 0, 7, 11, 27, 0]
Dendrogram, 12 elements, 11 merges

3 7 8 0 4 9 2 11 1 6 10 5
| | | | | | | |  | | |  |
`-' | `-' | | |  `-' |  |
 |  |  |  | | |   |  |  |
 `--'  |  `-' |   |  |  |
  |    |   |  |   |  |  |
  |    |   `--'   |  `--'
  |    |    |     |   |  
  `----'    `-----'   |  
    |          |      |  
    |          `------'  
    |             |      
    `-------------'
No. of Domains:  3

0 0 - 44 --
1 117 - 120 217 - 223 254 - 257 262 - 268 --
2 175 - 181 --
3 71 - 103 --
4 45 - 70 --
5 141 - 143 --
6 258 - 261 --
7 104 - 116 --
8 144 - 163 191 - 202 --
9 226 - 241 --
10 131 - 140 164 - 171 182 - 190 203 - 207 251 - 253 --
11 121 - 128 172 - 174 209 - 216 242 - 250 269 - 274 --

[(4, 0), (6, 1), (7, 3), (8, 14), (2, 9), (11, 16), (5, 10), (13, 17), (12, 15), (18, 19), (21, 20)]

0 - 120 144 - 163 191 - 208 -- 121 - 130 175 - 181 209 - 274 -- 131 - 143 164 - 174 182 - 190 --
**************************CLAUSET'S END***************************


************************************** STEP # 1 ****************************
BEFORE MERGE
0 0 - 44 --

1 117 - 120 217 - 223 254 - 257 262 - 268 --

2 175 - 181 --

3 71 - 103 --

4 45 - 70 --

5 141 - 143 --

6 258 - 261 --

7 104 - 116 --

8 144 - 163 191 - 202 --

9 226 - 241 --

10 131 - 140 164 - 171 182 - 190 203 - 207 251 - 253 --

11 121 - 128 172 - 174 209 - 216 242 - 250 269 - 274 --


0 0.000 0.000 0.000 0.000 9.000 0.000 0.000 0.000 0.000 0.000 0.000 0.000
1 0.000 0.000 0.000 0.000 0.000 0.000 22.000 5.000 0.000 30.000 20.000 24.000
2 0.000 0.000 0.000 0.000 0.000 0.000 0.000 0.000 0.000 8.000 9.000 4.000
3 0.000 0.000 0.000 0.000 11.000 0.000 0.000 21.000 2.000 0.000 0.000 0.000
4 9.000 0.000 0.000 11.000 0.000 0.000 0.000 0.000 0.000 0.000 0.000 0.000
5 0.000 0.000 0.000 0.000 0.000 0.000 0.000 0.000 10.000 0.000 10.000 0.000
6 0.000 22.000 0.000 0.000 0.000 0.000 0.000 0.000 0.000 0.000 0.000 0.000
7 0.000 5.000 0.000 21.000 0.000 0.000 0.000 0.000 2.000 0.000 0.000 0.000
8 0.000 0.000 0.000 2.000 0.000 10.000 0.000 2.000 0.000 0.000 32.000 7.000
9 0.000 30.000 8.000 0.000 0.000 0.000 0.000 0.000 0.000 0.000 0.000 11.000
10 0.000 20.000 9.000 0.000 0.000 10.000 0.000 0.000 32.000 0.000 0.000 27.000
11 0.000 24.000 4.000 0.000 0.000 0.000 0.000 0.000 7.000 11.000 27.000 0.000

32
Merge Cluster 8 & Cluster 10

AFTER MERGE
0 0 - 44 --

1 117 - 120 217 - 223 254 - 257 262 - 268 --

2 175 - 181 --

3 71 - 103 --

4 45 - 70 --

5 141 - 143 --

6 258 - 261 --

7 104 - 116 --

9 226 - 241 --

11 121 - 128 172 - 174 209 - 216 242 - 250 269 - 274 --

12 129 - 140 144 - 171 182 - 208 251 - 253 --

************************************ END OF STEP ***************************
************************************** STEP # 2 ****************************
BEFORE MERGE
0 0 - 44 --

1 117 - 120 217 - 223 254 - 257 262 - 268 --

2 175 - 181 --

3 71 - 103 --

4 45 - 70 --

5 141 - 143 --

6 258 - 261 --

7 104 - 116 --

9 226 - 241 --

11 121 - 128 172 - 174 209 - 216 242 - 250 269 - 274 --

12 129 - 140 144 - 171 182 - 208 251 - 253 --


0 0.000 0.000 0.000 0.000 9.000 0.000 0.000 0.000 0.000 0.000 0.000
1 0.000 0.000 0.000 0.000 0.000 0.000 22.000 5.000 30.000 24.000 12.000
2 0.000 0.000 0.000 0.000 0.000 0.000 0.000 0.000 8.000 4.000 5.000
3 0.000 0.000 0.000 0.000 11.000 0.000 0.000 21.000 0.000 0.000 1.000
4 9.000 0.000 0.000 11.000 0.000 0.000 0.000 0.000 0.000 0.000 0.000
5 0.000 0.000 0.000 0.000 0.000 0.000 0.000 0.000 0.000 0.000 10.000
6 0.000 22.000 0.000 0.000 0.000 0.000 0.000 0.000 0.000 0.000 0.000
7 0.000 5.000 0.000 21.000 0.000 0.000 0.000 0.000 0.000 0.000 1.000
9 0.000 30.000 8.000 0.000 0.000 0.000 0.000 0.000 0.000 11.000 0.000
11 0.000 24.000 4.000 0.000 0.000 0.000 0.000 0.000 11.000 0.000 23.000
12 0.000 12.000 5.000 1.000 0.000 10.000 0.000 1.000 0.000 23.000 0.000

30
Merge Cluster 1 & Cluster 9

AFTER MERGE
0 0 - 44 --

2 175 - 181 --

3 71 - 103 --

4 45 - 70 --

5 141 - 143 --

6 258 - 261 --

7 104 - 116 --

11 121 - 128 172 - 174 209 - 216 242 - 250 269 - 274 --

12 129 - 140 144 - 171 182 - 208 251 - 253 --

13 117 - 120 217 - 241 254 - 257 262 - 268 --

************************************ END OF STEP ***************************
************************************** STEP # 3 ****************************
BEFORE MERGE
0 0 - 44 --

2 175 - 181 --

3 71 - 103 --

4 45 - 70 --

5 141 - 143 --

6 258 - 261 --

7 104 - 116 --

11 121 - 128 172 - 174 209 - 216 242 - 250 269 - 274 --

12 129 - 140 144 - 171 182 - 208 251 - 253 --

13 117 - 120 217 - 241 254 - 257 262 - 268 --


0 0.000 0.000 0.000 9.000 0.000 0.000 0.000 0.000 0.000 0.000
2 0.000 0.000 0.000 0.000 0.000 0.000 0.000 4.000 5.000 4.000
3 0.000 0.000 0.000 11.000 0.000 0.000 21.000 0.000 1.000 0.000
4 9.000 0.000 11.000 0.000 0.000 0.000 0.000 0.000 0.000 0.000
5 0.000 0.000 0.000 0.000 0.000 0.000 0.000 0.000 10.000 0.000
6 0.000 0.000 0.000 0.000 0.000 0.000 0.000 0.000 0.000 13.000
7 0.000 0.000 21.000 0.000 0.000 0.000 0.000 0.000 1.000 3.000
11 0.000 4.000 0.000 0.000 0.000 0.000 0.000 0.000 23.000 27.000
12 0.000 5.000 1.000 0.000 10.000 0.000 1.000 23.000 0.000 10.000
13 0.000 4.000 0.000 0.000 0.000 13.000 3.000 27.000 10.000 0.000

27
Merge Cluster 11 & Cluster 13

AFTER MERGE
0 0 - 44 --

2 175 - 181 --

3 71 - 103 --

4 45 - 70 --

5 141 - 143 --

6 258 - 261 --

7 104 - 116 --

12 129 - 140 144 - 171 182 - 208 251 - 253 --

14 117 - 128 172 - 174 209 - 250 254 - 257 262 - 274 --

************************************ END OF STEP ***************************
************************************** STEP # 4 ****************************
BEFORE MERGE
0 0 - 44 --

2 175 - 181 --

3 71 - 103 --

4 45 - 70 --

5 141 - 143 --

6 258 - 261 --

7 104 - 116 --

12 129 - 140 144 - 171 182 - 208 251 - 253 --

14 117 - 128 172 - 174 209 - 250 254 - 257 262 - 274 --


0 0.000 0.000 0.000 9.000 0.000 0.000 0.000 0.000 0.000
2 0.000 0.000 0.000 0.000 0.000 0.000 0.000 5.000 4.000
3 0.000 0.000 0.000 11.000 0.000 0.000 21.000 1.000 0.000
4 9.000 0.000 11.000 0.000 0.000 0.000 0.000 0.000 0.000
5 0.000 0.000 0.000 0.000 0.000 0.000 0.000 10.000 0.000
6 0.000 0.000 0.000 0.000 0.000 0.000 0.000 0.000 7.000
7 0.000 0.000 21.000 0.000 0.000 0.000 0.000 1.000 2.000
12 0.000 5.000 1.000 0.000 10.000 0.000 1.000 0.000 25.000
14 0.000 4.000 0.000 0.000 0.000 7.000 2.000 25.000 0.000

25
Merge Cluster 12 & Cluster 14

AFTER MERGE
0 0 - 44 --

2 175 - 181 --

3 71 - 103 --

4 45 - 70 --

5 141 - 143 --

6 258 - 261 --

7 104 - 116 --

15 117 - 140 144 - 174 182 - 257 262 - 274 --

************************************ END OF STEP ***************************
************************************** STEP # 5 ****************************
BEFORE MERGE
0 0 - 44 --

2 175 - 181 --

3 71 - 103 --

4 45 - 70 --

5 141 - 143 --

6 258 - 261 --

7 104 - 116 --

15 117 - 140 144 - 174 182 - 257 262 - 274 --


0 0.000 0.000 0.000 9.000 0.000 0.000 0.000 0.000
2 0.000 0.000 0.000 0.000 0.000 0.000 0.000 5.000
3 0.000 0.000 0.000 11.000 0.000 0.000 21.000 1.000
4 9.000 0.000 11.000 0.000 0.000 0.000 0.000 0.000
5 0.000 0.000 0.000 0.000 0.000 0.000 0.000 5.000
6 0.000 0.000 0.000 0.000 0.000 0.000 0.000 4.000
7 0.000 0.000 21.000 0.000 0.000 0.000 0.000 1.000
15 0.000 5.000 1.000 0.000 5.000 4.000 1.000 0.000

21
Merge Cluster 3 & Cluster 7

AFTER MERGE
0 0 - 44 --

2 175 - 181 --

4 45 - 70 --

5 141 - 143 --

6 258 - 261 --

15 117 - 140 144 - 174 182 - 257 262 - 274 --

16 71 - 116 --

************************************ END OF STEP ***************************
************************************** STEP # 6 ****************************
BEFORE MERGE
0 0 - 44 --

2 175 - 181 --

4 45 - 70 --

5 141 - 143 --

6 258 - 261 --

15 117 - 140 144 - 174 182 - 257 262 - 274 --

16 71 - 116 --


0 0.000 0.000 9.000 0.000 0.000 0.000 0.000
2 0.000 0.000 0.000 0.000 0.000 5.000 0.000
4 9.000 0.000 0.000 0.000 0.000 0.000 9.000
5 0.000 0.000 0.000 0.000 0.000 5.000 0.000
6 0.000 0.000 0.000 0.000 0.000 4.000 0.000
15 0.000 5.000 0.000 5.000 4.000 0.000 2.000
16 0.000 0.000 9.000 0.000 0.000 2.000 0.000

9
Merge Cluster 0 & Cluster 4

AFTER MERGE
2 175 - 181 --

5 141 - 143 --

6 258 - 261 --

15 117 - 140 144 - 174 182 - 257 262 - 274 --

16 71 - 116 --

17 0 - 70 --

************************************ END OF STEP ***************************
************************************** STEP # 7 ****************************
BEFORE MERGE
2 175 - 181 --

5 141 - 143 --

6 258 - 261 --

15 117 - 140 144 - 174 182 - 257 262 - 274 --

16 71 - 116 --

17 0 - 70 --


2 0.000 0.000 0.000 5.000 0.000 0.000
5 0.000 0.000 0.000 5.000 0.000 0.000
6 0.000 0.000 0.000 4.000 0.000 0.000
15 5.000 5.000 4.000 0.000 2.000 0.000
16 0.000 0.000 0.000 2.000 0.000 5.000
17 0.000 0.000 0.000 0.000 5.000 0.000

5
Merge Cluster 2 & Cluster 15

AFTER MERGE
5 141 - 143 --

6 258 - 261 --

16 71 - 116 --

17 0 - 70 --

18 117 - 140 144 - 257 262 - 274 --

************************************ END OF STEP ***************************
************************************** STEP # 8 ****************************
BEFORE MERGE
5 141 - 143 --

6 258 - 261 --

16 71 - 116 --

17 0 - 70 --

18 117 - 140 144 - 257 262 - 274 --


5 0.000 0.000 0.000 0.000 5.000
6 0.000 0.000 0.000 0.000 3.000
16 0.000 0.000 0.000 5.000 2.000
17 0.000 0.000 5.000 0.000 0.000
18 5.000 3.000 2.000 0.000 0.000

5
Merge Cluster 5 & Cluster 18

AFTER MERGE
6 258 - 261 --

16 71 - 116 --

17 0 - 70 --

19 117 - 257 262 - 274 --

************************************ END OF STEP ***************************
************************************** STEP # 9 ****************************
BEFORE MERGE
6 258 - 261 --

16 71 - 116 --

17 0 - 70 --

19 117 - 257 262 - 274 --


6 0.000 0.000 0.000 3.000
16 0.000 0.000 5.000 2.000
17 0.000 5.000 0.000 0.000
19 3.000 2.000 0.000 0.000

5
Merge Cluster 16 & Cluster 17

AFTER MERGE
6 258 - 261 --

19 117 - 257 262 - 274 --

20 0 - 116 --

************************************ END OF STEP ***************************
************************************** STEP # 10 ****************************
BEFORE MERGE
6 258 - 261 --

19 117 - 257 262 - 274 --

20 0 - 116 --


6 0.000 3.000 0.000
19 3.000 0.000 1.000
20 0.000 1.000 0.000

3
Merge Cluster 6 & Cluster 19

AFTER MERGE
20 0 - 116 --

21 117 - 274 --

************************************ END OF STEP ***************************
************************************** STEP # 11 ****************************
BEFORE MERGE
20 0 - 116 --

21 117 - 274 --


20 0.000 1.000
21 1.000 0.000

1
Merge Cluster 20 & Cluster 21

AFTER MERGE
22 0 - 274 --

************************************ END OF STEP ***************************
