2nlk a
[0, 0, 9, 3, 31, 0, 6, 0, 1, 0, 0]
[0, 0, 0, 0, 0, 0, 7, 15, 22, 12, 0]
[9, 0, 0, 18, 25, 20, 29, 0, 0, 0, 0]
[3, 0, 18, 0, 16, 1, 4, 0, 0, 0, 0]
[31, 0, 25, 16, 0, 0, 17, 0, 0, 0, 0]
[0, 0, 20, 1, 0, 0, 27, 0, 0, 0, 0]
[6, 7, 29, 4, 17, 27, 0, 0, 0, 0, 0]
[0, 15, 0, 0, 0, 0, 0, 0, 8, 7, 9]
[1, 22, 0, 0, 0, 0, 0, 8, 0, 8, 0]
[0, 12, 0, 0, 0, 0, 0, 7, 8, 0, 37]
[0, 0, 0, 0, 0, 0, 0, 9, 0, 37, 0]
Dendrogram, 11 elements, 10 merges

6 2 3 5 4 0 9 7 10 1 8
| | | | | | | | |  | |
| | | | | | | `-'  | |
| | | | | | |  |   | |
| | | | | | `--'   | |
| | | | | |  |     | |
| | | | | |  `-----' |
| | | | | |     |    |
| | `-' | |     `----'
| |  |  | |       |   
| `--'  | |       |   
|  |    | |       |   
`--'    | |       |   
 |      | |       |   
 `------' |       |   
    |     |       |   
    `-----'       |   
       |          |   
       `----------'
No. of Domains:  2

0 0 - 33 197 - 212 237 - 238 241 - 242 244 - 255 273 - 291 --
1 154 - 155 324 - 374 486 - 500 528 - 533 --
2 88 - 92 105 - 116 215 - 226 --
3 34 - 76 78 - 79 --
4 80 - 87 230 - 236 239 - 240 256 - 272 --
5 100 - 102 133 - 152 160 - 187 --
6 93 - 99 117 - 132 156 - 159 188 - 196 227 - 229 --
7 375 - 393 477 - 485 --
8 292 - 323 466 - 467 470 - 476 503 - 525 534 - 552 --
9 394 - 399 417 - 440 450 - 465 468 - 469 --
10 400 - 416 441 - 447 --

[(10, 7), (11, 9), (1, 12), (8, 13), (5, 3), (15, 2), (16, 6), (4, 17), (0, 18), (14, 19)]

0 - 291 -- 292 - 552 --
**************************CLAUSET'S END***************************


************************************** STEP # 1 ****************************
BEFORE MERGE
0 0 - 33 197 - 212 237 - 238 241 - 242 244 - 255 273 - 291 --

1 154 - 155 324 - 374 486 - 500 528 - 533 --

2 88 - 92 105 - 116 215 - 226 --

3 34 - 76 78 - 79 --

4 80 - 87 230 - 236 239 - 240 256 - 272 --

5 100 - 102 133 - 152 160 - 187 --

6 93 - 99 117 - 132 156 - 159 188 - 196 227 - 229 --

7 375 - 393 477 - 485 --

8 292 - 323 466 - 467 470 - 476 503 - 525 534 - 552 --

9 394 - 399 417 - 440 450 - 465 468 - 469 --

10 400 - 416 441 - 447 --


0 0.000 0.000 9.000 3.000 31.000 0.000 6.000 0.000 1.000 0.000 0.000
1 0.000 0.000 0.000 0.000 0.000 0.000 7.000 15.000 22.000 12.000 0.000
2 9.000 0.000 0.000 18.000 25.000 20.000 29.000 0.000 0.000 0.000 0.000
3 3.000 0.000 18.000 0.000 16.000 1.000 4.000 0.000 0.000 0.000 0.000
4 31.000 0.000 25.000 16.000 0.000 0.000 17.000 0.000 0.000 0.000 0.000
5 0.000 0.000 20.000 1.000 0.000 0.000 27.000 0.000 0.000 0.000 0.000
6 6.000 7.000 29.000 4.000 17.000 27.000 0.000 0.000 0.000 0.000 0.000
7 0.000 15.000 0.000 0.000 0.000 0.000 0.000 0.000 8.000 7.000 9.000
8 1.000 22.000 0.000 0.000 0.000 0.000 0.000 8.000 0.000 8.000 0.000
9 0.000 12.000 0.000 0.000 0.000 0.000 0.000 7.000 8.000 0.000 37.000
10 0.000 0.000 0.000 0.000 0.000 0.000 0.000 9.000 0.000 37.000 0.000

37
Merge Cluster 9 & Cluster 10

AFTER MERGE
0 0 - 33 197 - 212 237 - 238 241 - 242 244 - 255 273 - 291 --

1 154 - 155 324 - 374 486 - 500 528 - 533 --

2 88 - 92 105 - 116 215 - 226 --

3 34 - 76 78 - 79 --

4 80 - 87 230 - 236 239 - 240 256 - 272 --

5 100 - 102 133 - 152 160 - 187 --

6 93 - 99 117 - 132 156 - 159 188 - 196 227 - 229 --

7 375 - 393 477 - 485 --

8 292 - 323 466 - 467 470 - 476 503 - 525 534 - 552 --

11 394 - 465 468 - 469 --

************************************ END OF STEP ***************************
************************************** STEP # 2 ****************************
BEFORE MERGE
0 0 - 33 197 - 212 237 - 238 241 - 242 244 - 255 273 - 291 --

1 154 - 155 324 - 374 486 - 500 528 - 533 --

2 88 - 92 105 - 116 215 - 226 --

3 34 - 76 78 - 79 --

4 80 - 87 230 - 236 239 - 240 256 - 272 --

5 100 - 102 133 - 152 160 - 187 --

6 93 - 99 117 - 132 156 - 159 188 - 196 227 - 229 --

7 375 - 393 477 - 485 --

8 292 - 323 466 - 467 470 - 476 503 - 525 534 - 552 --

11 394 - 465 468 - 469 --


0 0.000 0.000 9.000 3.000 31.000 0.000 6.000 0.000 1.000 0.000
1 0.000 0.000 0.000 0.000 0.000 0.000 7.000 15.000 22.000 10.000
2 9.000 0.000 0.000 18.000 25.000 20.000 29.000 0.000 0.000 0.000
3 3.000 0.000 18.000 0.000 16.000 1.000 4.000 0.000 0.000 0.000
4 31.000 0.000 25.000 16.000 0.000 0.000 17.000 0.000 0.000 0.000
5 0.000 0.000 20.000 1.000 0.000 0.000 27.000 0.000 0.000 0.000
6 6.000 7.000 29.000 4.000 17.000 27.000 0.000 0.000 0.000 0.000
7 0.000 15.000 0.000 0.000 0.000 0.000 0.000 0.000 8.000 10.000
8 1.000 22.000 0.000 0.000 0.000 0.000 0.000 8.000 0.000 7.000
11 0.000 10.000 0.000 0.000 0.000 0.000 0.000 10.000 7.000 0.000

31
Merge Cluster 0 & Cluster 4

AFTER MERGE
1 154 - 155 324 - 374 486 - 500 528 - 533 --

2 88 - 92 105 - 116 215 - 226 --

3 34 - 76 78 - 79 --

5 100 - 102 133 - 152 160 - 187 --

6 93 - 99 117 - 132 156 - 159 188 - 196 227 - 229 --

7 375 - 393 477 - 485 --

8 292 - 323 466 - 467 470 - 476 503 - 525 534 - 552 --

11 394 - 465 468 - 469 --

12 0 - 33 80 - 87 197 - 212 230 - 291 --

************************************ END OF STEP ***************************
************************************** STEP # 3 ****************************
BEFORE MERGE
1 154 - 155 324 - 374 486 - 500 528 - 533 --

2 88 - 92 105 - 116 215 - 226 --

3 34 - 76 78 - 79 --

5 100 - 102 133 - 152 160 - 187 --

6 93 - 99 117 - 132 156 - 159 188 - 196 227 - 229 --

7 375 - 393 477 - 485 --

8 292 - 323 466 - 467 470 - 476 503 - 525 534 - 552 --

11 394 - 465 468 - 469 --

12 0 - 33 80 - 87 197 - 212 230 - 291 --


1 0.000 0.000 0.000 0.000 7.000 15.000 22.000 10.000 0.000
2 0.000 0.000 18.000 20.000 29.000 0.000 0.000 0.000 18.000
3 0.000 18.000 0.000 1.000 4.000 0.000 0.000 0.000 10.000
5 0.000 20.000 1.000 0.000 27.000 0.000 0.000 0.000 0.000
6 7.000 29.000 4.000 27.000 0.000 0.000 0.000 0.000 13.000
7 15.000 0.000 0.000 0.000 0.000 0.000 8.000 10.000 0.000
8 22.000 0.000 0.000 0.000 0.000 8.000 0.000 7.000 1.000
11 10.000 0.000 0.000 0.000 0.000 10.000 7.000 0.000 0.000
12 0.000 18.000 10.000 0.000 13.000 0.000 1.000 0.000 0.000

29
Merge Cluster 2 & Cluster 6

AFTER MERGE
1 154 - 155 324 - 374 486 - 500 528 - 533 --

3 34 - 76 78 - 79 --

5 100 - 102 133 - 152 160 - 187 --

7 375 - 393 477 - 485 --

8 292 - 323 466 - 467 470 - 476 503 - 525 534 - 552 --

11 394 - 465 468 - 469 --

12 0 - 33 80 - 87 197 - 212 230 - 291 --

13 88 - 99 105 - 132 156 - 159 188 - 196 215 - 229 --

************************************ END OF STEP ***************************
************************************** STEP # 4 ****************************
BEFORE MERGE
1 154 - 155 324 - 374 486 - 500 528 - 533 --

3 34 - 76 78 - 79 --

5 100 - 102 133 - 152 160 - 187 --

7 375 - 393 477 - 485 --

8 292 - 323 466 - 467 470 - 476 503 - 525 534 - 552 --

11 394 - 465 468 - 469 --

12 0 - 33 80 - 87 197 - 212 230 - 291 --

13 88 - 99 105 - 132 156 - 159 188 - 196 215 - 229 --


1 0.000 0.000 0.000 15.000 22.000 10.000 0.000 6.000
3 0.000 0.000 1.000 0.000 0.000 0.000 10.000 15.000
5 0.000 1.000 0.000 0.000 0.000 0.000 0.000 33.000
7 15.000 0.000 0.000 0.000 8.000 10.000 0.000 0.000
8 22.000 0.000 0.000 8.000 0.000 7.000 1.000 0.000
11 10.000 0.000 0.000 10.000 7.000 0.000 0.000 0.000
12 0.000 10.000 0.000 0.000 1.000 0.000 0.000 25.000
13 6.000 15.000 33.000 0.000 0.000 0.000 25.000 0.000

33
Merge Cluster 5 & Cluster 13

AFTER MERGE
1 154 - 155 324 - 374 486 - 500 528 - 533 --

3 34 - 76 78 - 79 --

7 375 - 393 477 - 485 --

8 292 - 323 466 - 467 470 - 476 503 - 525 534 - 552 --

11 394 - 465 468 - 469 --

12 0 - 33 80 - 87 197 - 212 230 - 291 --

14 88 - 153 156 - 196 215 - 229 --

************************************ END OF STEP ***************************
************************************** STEP # 5 ****************************
BEFORE MERGE
1 154 - 155 324 - 374 486 - 500 528 - 533 --

3 34 - 76 78 - 79 --

7 375 - 393 477 - 485 --

8 292 - 323 466 - 467 470 - 476 503 - 525 534 - 552 --

11 394 - 465 468 - 469 --

12 0 - 33 80 - 87 197 - 212 230 - 291 --

14 88 - 153 156 - 196 215 - 229 --


1 0.000 0.000 15.000 22.000 10.000 0.000 5.000
3 0.000 0.000 0.000 0.000 0.000 10.000 11.000
7 15.000 0.000 0.000 8.000 10.000 0.000 0.000
8 22.000 0.000 8.000 0.000 7.000 1.000 0.000
11 10.000 0.000 10.000 7.000 0.000 0.000 0.000
12 0.000 10.000 0.000 1.000 0.000 0.000 20.000
14 5.000 11.000 0.000 0.000 0.000 20.000 0.000

22
Merge Cluster 1 & Cluster 8

AFTER MERGE
3 34 - 76 78 - 79 --

7 375 - 393 477 - 485 --

11 394 - 465 468 - 469 --

12 0 - 33 80 - 87 197 - 212 230 - 291 --

14 88 - 153 156 - 196 215 - 229 --

15 154 - 155 292 - 374 466 - 467 470 - 476 486 - 552 --

************************************ END OF STEP ***************************
************************************** STEP # 6 ****************************
BEFORE MERGE
3 34 - 76 78 - 79 --

7 375 - 393 477 - 485 --

11 394 - 465 468 - 469 --

12 0 - 33 80 - 87 197 - 212 230 - 291 --

14 88 - 153 156 - 196 215 - 229 --

15 154 - 155 292 - 374 466 - 467 470 - 476 486 - 552 --


3 0.000 0.000 0.000 10.000 11.000 0.000
7 0.000 0.000 10.000 0.000 0.000 13.000
11 0.000 10.000 0.000 0.000 0.000 11.000
12 10.000 0.000 0.000 0.000 20.000 1.000
14 11.000 0.000 0.000 20.000 0.000 3.000
15 0.000 13.000 11.000 1.000 3.000 0.000

20
Merge Cluster 12 & Cluster 14

AFTER MERGE
3 34 - 76 78 - 79 --

7 375 - 393 477 - 485 --

11 394 - 465 468 - 469 --

15 154 - 155 292 - 374 466 - 467 470 - 476 486 - 552 --

16 0 - 33 80 - 153 156 - 291 --

************************************ END OF STEP ***************************
************************************** STEP # 7 ****************************
BEFORE MERGE
3 34 - 76 78 - 79 --

7 375 - 393 477 - 485 --

11 394 - 465 468 - 469 --

15 154 - 155 292 - 374 466 - 467 470 - 476 486 - 552 --

16 0 - 33 80 - 153 156 - 291 --


3 0.000 0.000 0.000 0.000 12.000
7 0.000 0.000 10.000 13.000 0.000
11 0.000 10.000 0.000 11.000 0.000
15 0.000 13.000 11.000 0.000 3.000
16 12.000 0.000 0.000 3.000 0.000

13
Merge Cluster 7 & Cluster 15

AFTER MERGE
3 34 - 76 78 - 79 --

11 394 - 465 468 - 469 --

16 0 - 33 80 - 153 156 - 291 --

17 154 - 155 292 - 393 466 - 467 470 - 552 --

************************************ END OF STEP ***************************
************************************** STEP # 8 ****************************
BEFORE MERGE
3 34 - 76 78 - 79 --

11 394 - 465 468 - 469 --

16 0 - 33 80 - 153 156 - 291 --

17 154 - 155 292 - 393 466 - 467 470 - 552 --


3 0.000 0.000 12.000 0.000
11 0.000 0.000 0.000 14.000
16 12.000 0.000 0.000 2.000
17 0.000 14.000 2.000 0.000

14
Merge Cluster 11 & Cluster 17

AFTER MERGE
3 34 - 76 78 - 79 --

16 0 - 33 80 - 153 156 - 291 --

18 154 - 155 292 - 552 --

************************************ END OF STEP ***************************
************************************** STEP # 9 ****************************
BEFORE MERGE
3 34 - 76 78 - 79 --

16 0 - 33 80 - 153 156 - 291 --

18 154 - 155 292 - 552 --


3 0.000 12.000 0.000
16 12.000 0.000 2.000
18 0.000 2.000 0.000

12
Merge Cluster 3 & Cluster 16

AFTER MERGE
18 154 - 155 292 - 552 --

19 0 - 153 156 - 291 --

************************************ END OF STEP ***************************
************************************** STEP # 10 ****************************
BEFORE MERGE
18 154 - 155 292 - 552 --

19 0 - 153 156 - 291 --


18 0.000 2.000
19 2.000 0.000

2
Merge Cluster 18 & Cluster 19

AFTER MERGE
20 0 - 552 --

************************************ END OF STEP ***************************
