0	1
0	120
1	2
1	3
1	13
1	85
1	120
2	3
2	4
2	12
2	13
2	85
3	4
3	5
3	10
3	11
3	12
3	13
3	85
4	5
4	6
4	10
4	11
4	12
4	13
4	16
4	81
4	117
4	118
5	6
5	7
5	8
5	9
5	10
5	11
5	77
5	81
5	116
5	117
5	118
6	7
6	8
6	9
6	10
6	11
6	115
6	116
6	117
7	8
7	9
7	114
7	115
7	116
8	9
8	10
9	10
9	11
10	11
10	12
11	12
11	13
11	15
11	16
12	13
12	14
12	15
12	16
13	14
13	15
13	16
14	15
14	16
15	16
15	17
16	17
16	18
17	18
18	19
18	20
19	20
19	21
19	22
19	100
20	21
20	22
21	22
21	23
21	100
22	23
22	24
22	25
22	98
22	99
22	100
22	101
23	24
23	25
23	26
23	27
23	29
23	98
23	99
23	100
23	101
23	103
24	25
24	26
24	27
24	28
24	29
24	30
24	97
24	98
24	99
25	26
25	27
25	28
26	27
26	28
27	28
27	29
28	29
28	30
28	147
28	148
29	30
29	31
29	97
29	98
29	147
29	148
30	31
30	32
30	95
30	96
30	97
30	98
30	146
30	147
31	32
31	59
31	60
31	95
31	96
31	97
31	145
31	146
31	147
32	33
32	56
32	94
32	95
32	96
32	145
32	146
32	147
33	34
33	35
33	52
33	56
33	93
33	94
33	95
34	35
34	36
34	91
34	92
34	93
34	243
35	36
35	37
35	47
35	52
35	91
35	92
35	93
35	243
36	37
36	38
36	46
36	47
36	90
36	91
36	92
36	243
37	38
37	39
37	44
37	45
37	46
37	47
37	89
37	90
37	91
38	39
38	40
38	43
38	44
38	45
38	46
38	88
38	89
39	40
39	43
39	44
39	45
39	88
39	89
40	41
40	42
40	43
40	44
40	45
40	278
40	279
41	42
41	43
41	278
41	279
41	280
42	43
42	44
43	44
43	45
43	291
44	45
44	46
44	88
44	291
44	292
44	293
45	46
45	47
45	289
45	290
45	291
45	292
46	47
46	48
46	49
46	289
46	290
46	291
46	292
47	48
47	49
47	288
47	289
47	290
48	49
48	50
48	51
48	52
48	288
48	289
49	50
49	51
49	52
49	53
49	290
50	51
50	52
50	53
50	54
51	52
51	53
51	54
51	55
52	53
52	54
52	55
52	56
53	54
53	55
53	56
53	57
53	71
54	55
54	56
54	57
54	58
54	71
55	56
55	57
55	58
55	59
56	57
56	58
56	59
56	60
57	58
57	59
57	60
57	61
58	59
58	60
58	61
58	62
59	60
59	61
59	62
59	63
59	144
59	145
59	146
60	61
60	62
60	63
60	64
60	65
61	62
61	63
61	64
61	65
62	63
62	64
62	144
63	64
63	65
64	65
64	66
65	66
65	67
65	113
66	67
66	68
66	112
66	113
67	68
67	69
67	113
68	69
68	70
69	70
69	71
69	73
69	74
70	71
70	72
70	73
70	74
71	72
71	73
71	74
71	75
72	73
72	74
72	75
72	76
73	74
73	75
73	76
73	77
74	75
74	76
74	77
74	78
75	76
75	77
75	78
75	79
76	77
76	78
76	79
76	80
77	78
77	79
77	80
77	81
78	79
78	80
78	81
78	82
78	117
79	80
79	81
79	82
79	83
79	292
80	81
80	82
80	83
80	84
81	82
81	83
81	84
81	85
81	118
81	119
82	83
82	84
82	85
82	86
82	87
82	119
83	84
83	85
83	86
83	87
84	85
84	86
85	86
85	87
86	87
86	88
87	88
87	89
87	90
87	121
88	89
88	90
89	90
89	121
89	122
90	91
90	92
90	119
90	120
90	121
90	122
91	92
91	93
91	119
91	120
91	121
91	122
92	93
92	94
92	118
92	119
92	120
93	94
93	95
93	117
93	118
93	119
94	95
94	96
94	116
94	117
94	118
95	96
95	97
95	115
95	116
95	117
96	97
96	113
96	114
96	115
96	116
97	98
97	99
97	113
97	114
97	115
98	99
98	100
98	112
98	113
98	114
99	100
99	101
99	113
99	114
100	101
100	102
101	102
101	107
102	103
102	104
102	107
103	104
103	105
104	105
104	106
104	107
105	106
105	107
106	107
106	108
107	108
107	109
107	111
108	109
108	110
108	111
109	110
109	111
110	111
110	112
111	112
112	113
112	114
113	114
113	115
114	115
114	116
115	116
115	117
116	117
116	118
117	118
117	119
118	119
118	120
119	120
120	121
120	122
121	122
123	124
123	125
123	249
123	251
123	262
124	125
124	126
124	248
124	249
124	250
124	251
124	262
125	126
125	127
125	166
125	249
125	250
125	251
125	252
126	127
126	128
126	165
126	166
126	167
126	250
126	251
126	252
126	253
127	128
127	129
127	165
127	166
127	167
127	168
127	169
127	250
127	252
127	253
127	254
128	129
128	130
128	160
128	165
128	167
128	168
128	169
128	253
128	254
129	130
129	131
129	168
129	169
129	170
129	254
130	131
130	132
130	156
130	168
130	169
130	170
131	132
131	133
132	133
132	134
132	155
132	156
132	170
133	134
133	135
133	170
133	171
133	172
133	173
134	135
134	136
134	152
134	170
134	171
134	172
134	173
134	201
135	136
135	137
135	140
135	172
135	201
136	137
136	138
136	139
136	172
136	173
136	201
137	138
137	139
138	139
138	140
138	141
139	140
139	141
140	141
140	142
141	142
141	143
141	144
142	143
142	144
142	145
142	201
142	202
142	203
143	144
143	145
143	203
143	204
144	145
144	146
145	146
145	147
146	147
146	148
146	149
147	148
147	149
147	150
148	149
148	150
148	151
149	150
149	151
149	152
150	151
150	152
150	153
150	154
151	152
151	153
151	154
151	155
152	153
152	154
152	155
152	156
153	154
153	155
153	156
153	157
153	181
153	182
154	155
154	156
154	157
154	158
155	156
155	157
155	158
155	159
156	157
156	158
156	159
156	160
156	168
156	170
156	181
157	158
157	159
157	160
157	161
157	167
157	168
157	181
158	159
158	160
158	161
158	162
159	160
159	161
159	162
159	163
160	161
160	162
160	163
160	164
160	165
160	166
160	167
160	168
161	162
161	163
161	164
161	165
161	166
161	167
162	163
162	164
163	164
163	165
164	165
164	166
165	166
165	167
166	167
167	168
167	169
167	180
168	169
168	170
168	180
168	181
169	170
169	171
169	179
169	180
169	181
170	171
170	172
170	177
170	178
170	179
170	180
170	181
171	172
171	173
171	175
171	176
171	177
171	178
171	179
172	173
172	174
172	175
172	176
172	177
172	178
172	200
172	201
173	174
173	175
174	175
174	176
175	176
175	177
176	177
176	178
176	226
176	227
176	228
176	229
177	178
177	179
177	196
177	227
177	228
177	229
178	179
178	196
178	200
178	201
178	202
179	180
179	181
179	183
179	184
179	185
179	202
180	181
180	182
180	183
180	184
180	185
181	182
181	183
182	183
183	184
183	185
183	240
183	241
183	242
184	185
184	186
184	205
184	208
184	240
184	241
184	242
185	186
185	187
185	195
185	239
185	240
185	241
186	187
186	188
186	193
186	194
186	195
186	238
186	239
186	240
187	188
187	189
187	193
187	194
187	195
187	235
187	237
187	238
187	239
188	189
188	190
188	191
188	192
188	193
188	194
188	235
188	236
188	237
188	238
189	190
189	191
189	192
189	193
189	235
189	236
189	237
190	191
190	192
191	192
191	193
192	193
192	194
192	220
192	221
192	222
193	194
193	195
193	220
193	221
193	222
193	223
194	195
194	196
194	222
194	223
194	224
194	225
195	196
195	197
195	223
195	224
195	225
196	197
196	198
196	200
196	224
196	225
196	226
196	227
197	198
197	199
197	200
197	202
197	224
197	225
197	226
198	199
198	200
198	201
198	202
198	203
198	204
199	200
199	201
199	202
200	201
200	202
200	226
201	202
201	203
202	203
202	204
203	204
203	205
204	205
204	206
205	206
205	207
205	208
205	209
205	242
206	207
206	208
206	209
206	210
207	208
207	209
207	210
207	211
207	241
207	242
207	243
207	246
208	209
208	210
208	211
208	212
208	241
209	210
209	211
209	212
209	213
210	211
210	212
210	213
210	214
211	212
211	213
211	214
211	215
212	213
212	214
212	215
212	216
212	222
213	214
213	215
213	216
213	217
214	215
214	216
214	217
214	218
214	270
214	273
215	216
215	217
215	218
215	219
215	220
215	270
216	217
216	218
216	219
216	220
216	221
217	218
217	219
218	219
218	220
219	220
219	221
220	221
220	222
221	222
221	223
222	223
222	224
223	224
223	225
224	225
225	226
225	227
226	227
226	228
227	228
227	229
227	231
228	229
228	230
228	231
229	230
229	231
229	232
230	231
230	232
230	233
230	234
231	232
231	233
231	234
231	235
232	233
232	234
232	235
232	253
233	234
233	235
233	256
233	258
234	235
234	236
235	236
235	237
235	238
235	258
236	237
236	238
236	258
236	259
237	238
237	239
237	258
237	259
237	264
238	239
238	249
238	250
239	240
239	241
239	247
239	248
239	249
239	250
240	241
240	247
240	248
240	249
241	242
241	245
241	246
241	247
241	248
242	243
242	244
242	245
242	246
243	244
243	245
243	246
244	245
244	246
245	246
245	247
245	248
246	247
246	248
247	248
247	249
247	271
248	249
248	250
249	250
249	251
249	262
250	251
250	252
250	262
251	252
251	257
251	258
251	261
251	262
252	253
252	254
252	255
252	256
252	257
252	258
252	261
253	254
253	255
253	256
253	257
253	258
254	255
254	256
255	256
255	257
256	257
256	258
257	258
257	259
257	260
257	261
258	259
258	260
258	261
258	262
259	260
259	261
259	262
260	261
260	262
260	263
261	262
261	263
262	263
262	264
263	264
263	265
264	265
264	266
264	267
264	268
265	266
265	267
265	268
265	269
266	267
266	268
266	269
266	270
267	268
267	269
267	270
267	271
268	269
268	270
268	271
268	272
269	270
269	271
269	272
269	273
270	271
270	272
270	273
270	274
271	272
271	273
271	274
271	275
272	273
272	274
272	275
272	276
273	274
273	275
273	276
273	277
273	282
274	275
274	276
274	277
275	276
275	277
275	278
275	279
276	277
276	278
276	279
276	280
276	281
276	282
277	278
277	279
277	280
277	281
277	282
277	283
277	284
278	279
278	280
279	280
279	281
280	281
280	282
280	283
281	282
281	283
282	283
282	284
283	284
283	285
284	285
284	286
284	287
284	288
285	286
285	287
286	287
286	288
287	288
287	289
288	289
288	290
289	290
289	291
290	291
290	292
291	292
291	293
291	294
292	293
292	294
293	294
