0	1
0	2
0	3
0	399
0	400
0	401
1	2
1	3
1	25
1	400
2	3
2	4
2	23
2	25
2	400
3	4
3	25
3	130
3	133
3	134
3	135
3	400
4	5
4	6
4	23
4	24
4	25
4	26
4	130
4	133
4	134
4	135
5	6
5	7
5	23
5	24
5	51
5	52
5	53
5	133
5	134
5	135
6	7
6	8
6	22
6	23
6	24
6	51
6	52
6	53
6	135
7	8
7	9
7	21
7	22
7	23
7	50
7	51
7	52
8	9
8	10
8	18
8	20
8	21
8	22
8	49
8	50
8	51
9	10
9	11
9	18
9	19
9	20
9	21
9	46
9	48
9	49
9	50
10	11
10	12
10	15
10	16
10	17
10	18
10	19
10	46
10	47
10	48
10	49
11	12
11	13
11	17
11	18
11	19
11	43
11	44
11	45
11	46
11	47
11	48
12	13
12	14
12	15
12	16
12	17
12	46
12	47
12	48
13	14
13	15
13	47
13	48
13	103
13	104
13	105
14	15
14	16
14	48
15	16
15	17
15	48
15	49
16	17
16	18
17	18
17	19
18	19
18	20
19	20
19	21
19	173
19	174
20	21
20	22
20	171
20	172
20	173
21	22
21	171
21	172
21	173
22	23
22	24
22	170
22	171
22	172
23	24
23	25
24	25
24	26
24	28
24	29
25	26
25	130
26	27
26	28
26	128
26	129
26	130
27	28
27	29
27	115
27	116
27	117
27	127
27	128
27	129
28	29
28	30
28	114
28	115
28	116
28	127
29	30
29	31
29	114
29	115
30	31
30	32
30	112
30	113
30	114
30	115
31	32
31	33
31	111
31	112
31	113
32	33
32	34
32	35
32	111
32	112
33	34
33	35
33	36
33	110
33	111
34	35
34	36
34	37
35	36
35	37
35	166
36	37
36	38
36	39
36	44
37	38
37	39
38	39
38	40
38	179
38	180
39	40
39	41
39	43
39	44
40	41
40	42
40	43
40	44
41	42
41	43
41	44
42	43
42	44
42	45
43	44
43	45
43	46
44	45
44	46
44	110
44	111
45	46
45	47
45	107
45	109
45	110
45	111
46	47
46	48
46	111
46	112
47	48
47	103
47	104
47	105
47	107
48	49
48	102
48	103
48	104
49	50
49	51
49	101
49	102
49	103
50	51
50	52
50	100
50	101
50	102
51	52
51	99
51	100
51	101
52	53
52	98
52	99
52	100
52	135
52	136
53	54
53	97
53	98
53	134
53	135
53	136
54	55
54	56
54	95
54	96
54	97
54	98
54	133
54	134
54	135
54	136
55	56
55	57
55	95
55	96
55	97
55	132
55	133
55	134
56	57
56	58
56	94
56	95
56	96
56	132
56	133
57	58
57	59
57	60
57	90
57	91
57	92
57	93
57	132
58	59
58	60
58	92
58	93
59	60
59	61
59	91
59	92
60	61
60	90
60	91
60	92
61	62
61	63
61	89
61	90
61	91
61	120
61	121
62	63
62	87
62	88
62	89
62	90
62	120
62	121
63	64
63	65
63	87
63	88
63	89
63	118
63	119
63	120
63	121
64	65
64	66
64	86
64	87
64	88
64	118
64	119
64	120
65	66
65	117
65	118
65	119
66	67
66	70
66	116
66	117
66	118
67	68
67	69
67	70
67	114
67	115
67	116
67	117
68	69
68	70
68	114
68	115
68	116
69	70
69	71
69	72
69	73
70	71
70	72
70	73
70	83
70	84
71	72
71	73
71	84
72	73
72	102
72	103
72	104
73	74
73	75
73	83
73	84
73	100
73	101
73	102
73	103
74	75
74	76
74	83
74	84
74	100
74	101
74	102
75	76
75	77
75	81
75	82
75	83
75	84
75	99
75	100
75	101
76	77
76	78
76	79
76	80
76	81
76	82
76	98
76	99
76	100
77	78
77	79
77	80
77	81
77	82
77	96
77	97
77	98
77	99
78	79
78	80
78	96
78	97
78	98
79	80
79	81
80	81
80	82
81	82
81	83
82	83
82	85
82	86
83	84
83	85
85	86
86	87
86	88
87	88
87	89
88	89
88	90
89	90
89	91
90	91
90	92
91	92
91	93
91	94
92	93
92	94
93	94
93	95
94	95
94	96
95	96
95	97
96	97
96	98
97	98
97	99
98	99
98	100
99	100
99	101
100	101
100	102
101	102
101	103
102	103
102	104
103	104
103	105
104	105
104	106
104	107
105	106
105	107
106	107
106	108
107	108
107	109
107	110
108	109
108	110
109	110
109	111
110	111
110	112
111	112
111	113
112	113
112	114
113	114
113	115
114	115
114	116
115	116
115	117
115	127
116	117
116	127
116	128
117	118
117	125
117	126
117	127
117	128
118	119
118	120
118	125
118	126
118	127
118	128
119	120
119	121
119	123
119	124
119	125
119	126
120	121
120	122
120	123
120	124
120	125
121	122
121	123
122	123
122	124
123	124
123	125
124	125
124	126
125	126
126	127
126	128
127	128
127	129
128	129
128	130
128	132
129	130
129	131
129	132
129	133
130	131
130	132
130	133
131	132
131	133
132	133
132	134
133	134
134	135
134	136
134	398
135	136
135	137
135	397
136	137
136	138
137	138
137	139
137	397
138	139
138	140
138	149
138	150
138	151
139	140
139	141
139	149
139	150
140	141
140	142
140	148
140	149
140	195
141	142
141	143
142	143
144	145
144	146
144	153
145	146
145	147
145	153
145	154
146	147
146	148
146	149
146	151
146	152
146	153
146	154
146	192
147	148
147	149
147	154
147	192
147	193
148	149
148	150
148	192
148	193
148	194
148	195
149	150
149	151
149	195
150	151
150	152
150	195
150	203
150	204
150	205
151	152
151	153
151	205
152	153
152	154
152	156
152	157
152	205
153	154
153	155
153	156
153	157
154	155
154	156
154	157
154	158
154	192
155	156
155	157
155	158
155	159
156	157
156	158
156	159
156	160
156	161
156	174
157	158
157	159
157	160
157	161
157	189
157	190
157	191
157	192
158	159
158	160
158	189
158	190
158	191
158	192
159	160
159	161
159	189
160	161
160	174
160	175
160	187
160	188
160	189
161	162
161	172
161	173
161	174
161	175
161	187
161	188
161	189
162	163
162	164
162	172
162	173
162	174
162	175
162	185
162	186
162	187
162	188
163	164
163	165
163	170
163	171
163	172
163	173
163	208
164	165
164	166
164	170
164	171
164	172
165	166
165	167
165	169
165	170
165	171
166	167
166	168
166	169
166	170
167	168
167	169
168	169
169	170
169	171
170	171
170	172
170	209
171	172
171	173
172	173
173	174
173	175
174	175
174	176
175	176
175	177
175	180
175	187
176	177
176	178
176	179
176	180
177	178
177	179
177	180
177	181
178	179
178	180
178	181
178	182
179	180
179	181
179	182
179	183
180	181
180	182
180	183
180	184
180	185
181	182
181	183
181	184
181	185
182	183
182	184
183	184
183	185
184	185
184	186
185	186
185	187
186	187
186	188
187	188
187	189
188	189
188	190
189	190
189	448
190	191
190	192
190	197
190	204
190	223
190	224
190	447
190	448
191	192
191	193
191	194
191	197
191	446
191	447
191	448
192	193
192	194
192	446
193	194
193	195
193	446
194	195
194	196
194	197
195	196
195	197
195	203
195	204
196	197
196	198
196	199
196	200
196	201
196	202
196	203
196	204
196	223
197	198
197	199
197	204
197	223
197	224
197	439
198	199
198	200
198	223
198	224
198	225
198	226
198	417
198	420
198	421
198	438
198	439
199	200
199	201
199	416
199	417
200	201
200	202
200	226
200	227
200	413
200	417
201	202
201	203
201	413
202	203
202	204
202	206
202	207
203	204
203	205
203	206
203	207
204	205
204	206
204	207
204	208
204	223
205	206
205	207
205	208
205	209
206	207
206	208
206	209
206	210
206	211
206	212
207	208
207	209
207	210
207	211
207	212
207	221
207	222
207	223
208	209
208	210
208	221
208	222
209	210
209	211
210	211
210	212
211	212
211	395
212	213
212	214
212	395
212	402
213	214
213	215
213	216
213	393
213	394
213	402
214	215
214	216
215	216
215	217
215	305
215	306
215	339
216	217
216	218
216	220
216	227
216	304
216	305
216	306
217	218
217	219
217	220
217	221
217	304
217	305
217	340
218	219
218	220
218	221
219	220
219	221
219	222
219	225
219	458
219	459
220	221
220	222
220	225
220	226
220	227
220	304
221	222
221	223
222	223
222	224
222	225
223	224
223	225
224	225
224	226
224	438
224	439
225	226
225	227
225	437
225	438
225	439
225	459
226	227
226	228
226	437
226	438
227	228
227	304
227	305
228	229
228	230
228	303
228	304
228	305
229	230
229	231
229	301
229	303
229	304
229	305
229	306
229	307
229	340
230	231
230	301
230	302
230	303
231	232
231	233
231	269
231	299
231	300
231	301
231	302
232	233
232	234
232	254
232	269
232	270
232	271
232	299
232	300
232	385
233	234
233	235
233	271
233	297
233	298
233	299
233	300
233	383
234	235
234	236
234	252
234	297
234	298
234	299
234	300
235	236
235	237
235	250
235	251
235	252
235	273
235	295
235	296
235	297
235	298
236	237
236	249
236	250
236	251
236	296
236	297
237	238
237	248
237	249
237	250
237	295
237	296
238	239
238	240
238	247
238	248
238	249
238	250
238	294
238	295
238	296
239	240
239	241
239	245
239	246
239	247
239	248
239	293
239	294
239	295
240	241
240	245
240	246
240	247
240	291
240	292
240	293
240	294
241	242
241	243
241	245
241	246
241	291
241	292
241	293
242	243
242	244
242	290
242	291
242	292
243	244
243	290
243	291
243	292
245	246
245	247
246	247
246	248
247	248
248	249
248	250
248	275
248	276
249	250
249	275
249	276
250	251
250	252
250	273
250	274
250	275
250	276
251	252
251	253
251	273
251	274
251	275
252	253
252	254
252	271
252	272
252	273
252	274
253	254
253	255
253	271
253	272
253	273
254	255
254	270
254	271
254	272
254	433
255	256
255	257
255	270
255	271
255	433
255	530
255	531
255	532
256	257
256	258
256	530
256	531
257	258
257	259
257	263
257	264
257	529
257	530
257	531
258	259
258	261
258	262
258	263
258	264
258	529
258	530
259	260
259	261
259	262
259	263
259	264
260	261
261	262
261	263
262	263
262	264
262	482
262	483
262	484
262	485
263	264
263	482
263	483
263	484
263	517
263	519
264	265
264	266
264	484
265	266
265	267
265	517
266	267
266	268
267	268
267	269
268	269
268	270
268	386
268	387
269	270
269	384
269	385
269	386
270	271
270	383
270	384
270	385
271	272
271	273
271	382
271	383
271	384
272	273
272	274
272	381
272	382
272	383
273	274
273	275
273	380
273	381
273	382
274	275
274	276
274	379
274	380
274	381
275	276
275	277
275	379
275	380
276	277
276	278
277	278
277	279
277	590
277	637
278	279
278	280
278	590
278	591
278	593
279	280
279	281
279	282
279	590
279	591
280	281
280	282
281	282
282	283
284	285
285	286
285	289
285	369
286	287
286	288
286	289
286	369
287	288
287	289
287	369
288	289
288	290
288	369
289	290
289	291
289	368
289	369
290	291
290	292
290	366
290	367
290	368
290	369
291	292
291	293
291	366
291	367
291	368
292	293
292	294
292	364
292	365
292	366
292	367
293	294
293	295
293	365
293	366
294	295
294	354
294	355
294	365
295	296
295	297
295	353
295	354
296	297
296	351
296	352
296	353
296	354
297	298
297	299
297	351
297	352
297	353
298	299
298	300
298	343
298	344
298	345
298	351
298	352
299	300
299	301
299	343
299	344
300	301
300	302
300	342
300	343
300	344
301	302
301	303
301	338
301	339
301	340
301	341
301	342
301	343
302	303
302	304
302	340
302	341
302	434
303	304
303	305
303	340
303	341
303	435
304	305
304	306
304	340
305	306
305	307
305	339
305	340
306	307
306	308
306	337
306	338
306	339
306	340
307	308
307	309
307	310
307	337
307	338
307	339
307	389
307	390
308	309
308	310
308	337
308	338
308	390
308	391
309	310
309	311
309	331
309	332
309	333
309	334
309	390
309	391
310	311
310	312
310	331
310	332
310	389
310	390
311	312
311	313
311	329
311	389
312	313
312	314
312	385
312	386
312	387
312	388
312	389
313	314
313	327
313	328
313	385
313	386
314	315
314	316
314	326
314	327
314	328
314	383
314	384
314	385
314	386
315	316
315	317
315	323
315	325
315	326
315	327
315	383
315	384
315	385
316	317
316	318
316	323
316	324
316	325
316	326
316	382
316	383
316	384
317	318
317	319
317	321
317	322
317	323
317	324
317	381
317	382
317	383
318	319
318	320
318	321
318	322
318	323
318	324
318	375
318	381
318	382
319	320
319	321
319	322
320	321
320	322
321	322
321	323
322	323
322	324
323	324
323	325
324	325
324	365
324	366
325	326
325	327
325	365
326	327
326	328
327	328
328	329
328	330
329	330
329	331
330	331
330	332
330	333
331	332
331	333
332	333
332	334
333	334
333	335
334	335
334	336
334	337
335	336
336	337
336	338
337	338
337	339
338	339
338	340
338	342
338	343
338	344
339	340
339	341
339	342
339	343
340	341
340	342
341	342
342	343
343	344
343	345
343	346
343	347
344	345
344	346
345	346
345	347
345	349
345	351
346	347
346	348
346	349
347	348
347	349
348	349
348	350
349	350
349	351
350	351
350	352
351	352
351	353
352	353
352	354
353	354
353	355
353	356
354	355
354	356
355	356
355	357
355	359
355	362
356	357
356	358
356	359
357	358
357	359
358	359
358	360
359	360
359	361
359	362
360	361
360	362
361	362
361	363
362	363
362	364
363	364
363	365
364	365
364	366
365	366
366	367
366	368
367	368
367	369
367	371
367	372
368	369
368	370
368	371
368	372
369	370
369	371
369	372
369	373
370	371
370	372
370	373
370	374
371	372
371	373
371	374
371	375
372	373
372	374
372	375
372	376
373	374
373	375
373	376
373	377
374	375
374	376
374	377
374	378
375	376
375	377
375	378
375	379
375	380
376	377
376	378
376	379
377	378
377	379
377	638
378	379
378	380
379	380
380	381
381	382
381	383
382	383
382	384
383	384
383	385
384	385
384	386
385	386
385	387
386	387
386	388
387	388
387	389
388	389
388	390
388	411
389	390
389	410
389	411
390	391
390	392
390	409
390	410
391	392
391	393
391	404
391	405
391	406
391	408
391	409
391	410
392	393
392	394
392	404
392	405
392	408
392	409
392	410
393	394
393	402
393	403
393	404
393	405
394	395
394	396
394	402
394	403
394	404
394	405
395	396
395	397
395	400
395	401
395	402
395	403
396	397
396	398
396	399
396	400
396	401
396	402
397	398
397	399
397	400
398	399
398	400
399	400
399	401
400	401
400	402
401	402
401	403
402	403
403	404
403	405
404	405
404	406
405	406
405	407
405	408
406	407
406	408
407	408
407	409
408	409
408	410
409	410
409	411
409	412
409	413
410	411
410	412
410	413
410	414
411	412
411	413
411	414
412	413
412	414
412	415
413	414
413	415
413	416
413	417
414	415
414	416
414	417
414	418
415	416
415	417
415	418
415	419
416	417
416	418
416	419
416	420
417	418
417	419
417	420
417	421
418	419
418	420
418	421
418	515
419	420
419	421
419	514
419	515
420	421
420	439
420	440
420	514
420	515
421	422
421	423
421	437
421	438
421	439
421	440
421	514
421	515
422	423
422	424
422	437
422	438
422	439
422	440
422	512
422	513
422	514
422	515
422	516
422	517
423	424
423	425
423	435
423	436
423	437
423	438
423	515
423	516
423	517
423	518
424	425
424	426
424	435
424	436
424	437
424	517
424	518
424	519
425	426
425	427
425	433
425	434
425	435
425	436
425	518
425	519
425	520
426	427
426	428
426	433
426	434
426	435
426	519
426	520
426	521
427	428
427	429
427	430
427	431
427	432
427	433
427	434
427	520
427	521
427	522
428	429
428	430
428	431
428	521
428	522
429	430
429	431
430	431
430	432
430	563
431	432
431	433
431	533
431	563
432	433
432	434
433	434
433	435
434	435
434	436
435	436
435	437
436	437
436	438
436	459
437	438
437	439
438	439
438	440
438	455
439	440
440	441
440	442
440	447
440	449
440	450
440	512
440	513
440	514
441	442
441	443
441	447
441	449
441	513
441	514
442	443
442	444
442	513
442	514
443	444
443	513
445	446
445	447
446	447
446	448
447	448
447	449
448	449
448	450
449	450
449	451
450	451
450	452
450	454
450	455
450	511
450	512
451	452
451	453
451	454
451	455
451	508
451	509
451	510
451	511
451	512
452	453
452	454
452	455
452	456
452	507
452	508
452	510
452	511
452	512
453	454
453	455
453	456
453	457
453	507
453	508
454	455
454	456
454	457
454	458
455	456
455	457
455	458
455	459
456	457
456	458
456	459
456	460
456	461
456	462
457	458
457	459
457	460
457	461
457	462
457	463
458	459
458	460
458	461
459	460
459	461
460	461
460	462
461	462
461	463
461	471
462	463
462	469
462	470
462	471
463	464
463	465
463	469
463	470
463	471
464	465
464	466
464	467
464	468
464	469
464	470
465	466
465	467
465	468
466	467
466	468
467	468
467	469
468	469
468	470
469	470
469	475
469	476
470	471
470	472
470	473
470	474
470	475
470	476
471	472
471	473
471	474
471	475
471	476
472	473
472	474
473	474
473	475
474	475
474	476
474	478
475	476
475	477
475	478
476	477
476	478
476	479
477	478
477	479
477	504
478	479
478	480
478	522
478	523
479	480
479	481
479	520
479	521
479	522
479	523
480	481
480	482
480	520
480	521
480	522
480	523
481	482
481	483
481	518
481	519
481	520
481	521
482	483
482	518
482	519
482	520
483	484
483	485
483	487
483	488
483	517
483	518
483	519
484	485
484	486
484	487
484	488
484	517
485	486
485	487
485	488
485	489
486	487
486	488
486	489
486	490
487	488
487	489
487	490
487	491
487	516
487	517
488	489
488	490
488	491
488	492
489	490
489	491
489	492
489	493
490	491
490	492
490	493
490	494
491	492
491	493
491	494
491	495
492	493
492	494
492	495
492	496
493	494
493	495
493	496
493	497
494	495
494	496
494	497
494	498
494	510
495	496
495	497
495	498
495	499
495	500
495	501
496	497
496	498
496	499
496	500
497	498
497	499
498	499
498	500
499	500
499	501
500	501
500	502
501	502
501	503
502	503
502	504
502	505
503	504
503	505
503	506
503	507
504	505
504	506
504	507
505	506
505	507
506	507
506	508
506	509
506	510
507	508
507	509
507	510
508	509
508	510
509	510
509	511
510	511
510	512
511	512
511	513
512	513
512	514
513	514
513	515
513	516
514	515
514	516
515	516
515	517
516	517
516	518
517	518
517	519
518	519
518	520
519	520
519	521
520	521
521	522
521	523
522	523
522	524
522	525
523	524
523	525
524	525
524	536
525	526
525	527
525	533
525	535
525	536
526	527
526	528
526	533
526	534
526	535
526	536
527	528
527	529
527	531
527	532
527	533
527	534
527	535
528	529
528	530
528	531
528	532
528	533
528	534
529	530
529	531
530	531
530	532
531	532
531	533
532	533
532	534
533	534
533	535
533	567
534	535
534	567
534	631
534	632
534	633
535	536
535	567
535	631
535	632
535	633
536	537
536	538
536	540
536	541
537	538
537	539
537	540
537	541
538	539
538	540
538	541
538	542
538	653
539	540
539	541
539	542
539	543
540	541
540	542
540	543
540	544
541	542
541	543
541	544
541	545
542	543
542	544
542	545
542	655
543	544
543	545
543	546
544	545
544	546
544	560
544	561
545	546
545	547
545	548
545	560
545	655
546	547
546	548
547	548
547	549
547	558
547	559
548	549
548	550
548	557
548	558
548	559
549	550
549	557
549	558
550	551
550	552
550	556
550	557
550	558
551	552
551	555
551	556
551	557
551	663
552	553
552	554
552	555
552	556
552	663
552	664
553	554
553	555
553	607
553	615
553	616
554	555
554	606
554	607
554	608
554	615
554	616
555	556
555	557
555	604
555	605
555	606
555	607
556	557
556	558
556	604
556	605
556	606
557	558
557	602
557	603
557	604
557	605
558	559
558	560
558	602
558	603
558	604
559	560
559	561
559	602
559	603
560	561
560	562
560	564
560	565
560	603
561	562
561	563
561	564
561	565
562	563
562	564
562	565
562	566
563	564
563	565
563	566
564	565
564	566
564	567
564	568
565	566
565	567
565	568
566	567
566	568
567	568
567	569
567	631
567	632
568	569
568	570
568	629
568	630
568	631
568	632
569	570
569	630
569	631
569	632
569	635
570	571
570	572
570	592
570	593
570	594
570	595
570	629
570	630
570	631
571	572
571	573
571	592
571	593
571	594
571	627
571	628
571	629
571	630
572	573
572	574
572	586
572	592
572	627
572	628
572	629
573	574
573	584
573	585
573	586
573	626
573	627
573	628
574	575
574	576
574	582
574	583
574	584
574	585
574	625
574	626
574	627
575	576
575	577
575	582
575	583
575	584
575	623
575	624
575	625
575	626
576	577
576	578
576	580
576	581
576	582
576	583
576	623
576	624
576	625
577	578
577	579
577	580
577	581
577	582
577	623
577	624
578	579
578	580
578	622
578	623
579	580
579	581
580	581
580	582
581	582
582	583
582	584
583	584
583	585
584	585
584	586
584	587
585	586
585	587
585	610
585	611
586	587
586	588
586	591
586	592
586	610
587	588
587	646
587	647
588	589
588	590
588	591
588	645
588	646
588	647
589	590
589	591
589	592
589	636
589	637
589	645
589	646
589	647
590	591
590	592
591	592
591	593
592	593
592	594
593	594
593	595
594	595
594	596
594	605
594	606
594	609
595	596
595	597
595	603
595	604
595	605
595	606
596	597
596	598
596	603
596	604
596	605
597	598
597	599
597	601
597	602
597	603
597	604
598	599
598	600
598	601
598	602
598	603
599	600
599	601
600	601
600	602
601	602
601	603
602	603
602	604
603	604
603	605
604	605
604	606
605	606
605	607
606	607
606	608
606	609
607	608
607	609
607	610
607	611
607	615
607	616
608	609
608	610
608	611
608	612
608	613
608	614
608	615
608	616
609	610
609	611
609	612
609	613
610	611
610	612
610	613
611	612
611	613
611	614
611	615
611	616
612	613
612	614
613	614
613	615
614	615
614	616
615	616
615	617
616	617
616	618
617	618
617	619
618	619
618	620
618	621
618	623
618	660
619	620
619	621
620	621
620	622
620	623
621	622
621	623
621	659
621	660
621	661
622	623
622	624
622	659
622	660
622	661
623	624
623	625
623	659
623	660
624	625
624	626
624	657
624	658
624	659
624	660
625	626
625	627
625	657
625	658
625	659
626	627
626	628
626	654
626	656
626	657
626	658
627	628
627	629
627	654
627	655
627	656
627	657
628	629
628	630
628	652
628	653
628	654
628	655
628	656
629	630
629	631
629	652
629	653
629	654
629	655
630	631
630	632
630	634
630	635
630	651
630	652
630	653
631	632
631	633
631	634
631	635
632	633
632	634
632	635
633	634
633	635
634	635
634	636
634	651
635	636
635	637
636	637
636	638
637	638
638	639
638	640
639	640
639	641
639	643
639	644
639	645
640	641
640	642
640	643
640	644
640	645
641	642
641	643
642	643
642	644
643	644
643	645
644	645
644	646
645	646
645	647
646	647
646	648
647	648
647	649
647	650
648	649
648	650
649	650
649	651
650	651
650	652
651	652
652	653
652	654
653	654
653	655
654	655
654	656
655	656
656	657
656	658
657	658
658	659
658	660
658	662
658	663
659	660
659	661
659	662
659	663
660	661
660	662
660	663
660	664
661	662
661	663
661	664
662	663
662	664
663	664
