0	1
0	2
1	2
1	3
2	3
2	4
3	4
3	5
4	5
4	6
5	6
5	7
6	7
6	8
7	8
7	9
8	9
8	10
9	10
9	11
9	53
10	11
10	12
11	12
11	13
11	15
11	16
11	40
11	55
12	13
12	14
12	15
12	16
13	14
13	15
13	16
13	17
14	15
14	16
14	17
14	18
15	16
15	17
15	18
15	19
15	55
15	56
16	17
16	18
16	19
16	20
17	18
17	19
17	20
17	21
18	19
18	20
18	21
18	22
19	20
19	21
19	22
19	23
20	21
20	22
20	23
20	24
20	31
21	22
21	23
21	24
21	25
22	23
22	24
22	25
22	26
23	24
23	25
23	26
23	27
23	28
23	29
23	75
24	25
24	26
24	27
24	28
24	29
24	30
25	26
25	27
25	28
26	27
26	28
27	28
27	29
27	201
27	203
28	29
28	30
28	203
28	225
28	229
29	30
29	31
29	224
29	225
30	31
30	32
30	224
30	225
31	32
31	33
31	35
32	33
32	34
32	35
33	34
33	35
33	36
34	35
34	36
35	36
35	37
35	38
35	39
36	37
36	38
36	39
36	40
37	38
37	39
37	40
37	41
38	39
38	40
38	41
38	42
39	40
39	41
39	42
39	43
39	78
40	41
40	42
40	43
40	44
41	42
41	43
41	44
42	43
42	44
42	45
42	77
43	44
43	45
43	46
43	47
43	77
44	45
44	46
44	47
44	48
45	46
45	47
45	48
45	49
46	47
46	48
46	49
46	50
47	48
47	49
47	50
47	51
47	52
47	53
47	58
48	49
48	50
48	51
48	52
49	50
49	51
50	51
50	52
51	52
51	53
52	53
52	54
52	58
53	54
53	55
54	55
54	56
54	57
54	58
55	56
55	57
55	58
55	59
56	57
56	58
56	59
56	60
57	58
57	59
57	60
57	61
58	59
58	60
58	61
58	62
59	60
59	61
59	62
59	63
60	61
60	62
60	63
60	64
61	62
61	63
61	64
61	65
62	63
62	64
62	65
62	66
62	71
63	64
63	65
63	66
64	65
64	66
65	66
65	67
65	68
66	67
66	68
67	68
67	69
68	69
68	70
68	71
69	70
69	71
69	72
70	71
70	72
70	73
70	74
71	72
71	73
71	74
71	75
72	73
72	74
72	75
72	76
73	74
73	75
73	76
73	77
74	75
74	76
74	77
74	78
75	76
75	77
75	78
75	79
75	145
76	77
76	78
76	79
76	145
76	146
76	147
77	78
77	79
78	79
78	80
79	80
79	81
80	81
80	82
81	82
81	83
81	114
82	83
83	84
83	117
84	85
84	86
84	87
84	117
85	86
85	87
85	117
85	118
85	121
85	162
85	164
86	87
86	88
86	89
86	118
86	121
86	164
87	88
87	89
88	89
88	90
88	91
89	90
89	91
89	92
90	91
90	92
90	93
91	92
91	93
91	94
91	95
92	93
92	94
92	95
92	96
92	125
93	94
93	95
93	96
93	97
94	95
94	96
94	97
94	98
95	96
95	97
95	98
95	99
96	97
96	98
96	99
96	100
96	125
96	126
96	129
97	98
97	99
97	100
97	101
98	99
98	100
98	101
98	102
99	100
99	101
99	102
99	106
100	101
100	102
100	130
101	102
101	103
102	103
102	104
102	106
103	104
103	105
103	106
104	105
104	106
104	136
105	106
105	107
105	135
105	136
105	137
106	107
106	108
106	136
106	137
106	138
106	214
107	108
107	109
107	137
107	138
107	139
107	213
107	214
107	215
108	109
108	110
108	138
108	139
108	140
108	213
108	214
108	215
108	216
109	110
109	111
109	139
109	140
109	141
109	213
109	215
109	216
109	217
110	111
110	112
110	113
110	119
110	140
110	141
110	142
110	216
110	217
110	218
111	112
111	113
111	141
111	142
111	143
111	216
111	217
111	218
112	113
112	114
112	142
112	143
112	218
112	219
112	221
113	114
113	115
113	116
113	118
113	119
113	141
113	142
113	143
114	115
114	116
114	143
114	148
114	149
115	116
115	117
115	148
115	149
115	151
115	152
116	117
116	118
116	119
116	120
116	152
117	118
117	119
117	120
117	121
118	119
118	120
118	121
118	122
119	120
119	121
119	122
119	123
119	141
120	121
120	122
120	123
120	124
121	122
121	123
121	124
121	125
122	123
122	124
122	125
122	126
123	124
123	125
123	126
123	127
123	139
124	125
124	126
124	127
124	128
125	126
125	127
125	128
125	129
126	127
126	128
126	129
126	130
126	131
127	128
127	129
127	130
127	131
127	132
128	129
128	130
128	131
129	130
129	131
130	131
130	132
131	132
131	133
132	133
132	134
133	134
133	135
133	136
134	135
134	136
135	136
135	137
136	137
137	138
138	139
138	140
138	194
138	195
139	140
139	141
139	194
139	195
139	196
140	141
140	142
140	195
140	196
140	197
141	142
141	195
141	196
141	197
141	198
142	143
142	144
142	197
142	198
142	199
142	200
143	144
143	145
143	149
143	198
143	199
143	200
143	201
144	145
144	146
144	199
144	200
144	201
145	146
145	147
145	148
145	149
146	147
146	148
146	149
146	150
146	199
147	148
147	149
147	150
147	151
148	149
148	150
148	151
148	152
149	150
149	151
149	152
149	153
150	151
150	152
150	153
150	154
151	152
151	153
151	154
151	155
152	153
152	154
152	155
153	154
153	155
153	197
154	155
154	156
155	156
155	157
155	186
155	187
156	157
156	184
156	185
156	186
156	187
157	158
157	159
157	161
157	184
157	185
157	186
158	159
158	160
158	161
158	183
158	184
158	185
159	160
159	161
159	162
159	183
159	184
159	185
160	161
160	162
160	163
161	162
161	163
162	163
162	164
162	165
163	164
163	165
164	165
164	166
165	166
165	167
165	169
165	170
166	167
166	168
166	169
166	170
167	168
167	169
167	170
167	171
168	169
168	170
168	171
168	172
169	170
169	171
169	172
169	173
170	171
170	172
170	173
170	174
171	172
171	173
171	174
172	173
172	174
173	174
173	187
173	188
173	191
174	175
174	176
174	185
174	186
174	187
174	188
175	176
175	177
175	185
175	186
175	187
175	188
176	177
176	178
176	184
176	185
176	186
177	178
177	181
177	182
177	183
177	184
177	185
178	179
178	180
178	181
178	182
179	180
179	181
179	182
180	181
180	182
181	182
181	183
181	184
182	183
182	184
183	184
183	185
184	185
184	186
185	186
185	187
186	187
186	188
187	188
187	189
187	191
187	192
188	189
188	190
188	191
188	192
189	190
189	191
189	192
189	193
190	191
190	192
190	193
191	192
191	193
191	194
192	193
192	194
192	195
193	194
193	195
194	195
194	196
195	196
195	197
196	197
196	198
197	198
198	199
198	200
199	200
199	201
200	201
200	202
200	207
201	202
201	203
201	204
202	203
202	204
202	233
203	204
203	205
203	233
204	205
204	206
204	207
205	206
205	207
206	207
206	208
207	208
207	209
208	209
208	210
209	210
209	211
210	211
210	212
211	212
211	213
211	240
212	213
212	214
212	240
212	241
212	242
213	214
213	215
213	216
213	240
213	241
213	242
213	245
214	215
214	241
214	242
214	245
214	246
215	216
215	217
215	241
215	245
215	246
215	247
216	217
216	218
216	246
216	247
216	248
217	218
217	219
217	247
217	248
217	249
218	219
218	220
218	221
218	248
218	249
218	250
219	220
219	221
219	248
219	249
219	250
220	221
220	222
220	223
220	250
221	222
221	223
221	224
222	223
222	224
222	225
222	230
223	224
223	225
224	225
224	226
225	226
225	227
225	229
225	230
226	227
226	228
226	229
226	230
227	228
227	229
227	230
227	231
228	229
228	230
228	231
228	232
229	230
229	231
229	232
229	233
230	231
230	232
230	233
230	234
231	232
231	233
231	234
231	235
231	258
231	259
232	233
232	234
232	235
232	236
233	234
233	235
233	236
233	237
234	235
234	236
234	237
234	238
235	236
235	237
235	238
236	237
236	238
236	239
237	238
237	239
237	240
237	241
238	239
238	240
238	241
239	240
239	241
240	241
240	242
241	242
241	243
241	245
242	243
242	244
242	245
243	244
243	245
244	245
244	246
244	271
245	246
245	247
245	271
246	247
246	248
246	269
246	270
246	271
247	248
247	249
247	269
247	270
247	271
248	249
248	250
248	268
248	269
248	270
249	250
249	251
249	253
249	268
249	269
250	251
250	252
250	253
250	268
251	252
251	253
251	268
252	253
252	254
253	254
253	255
254	255
254	256
254	257
255	256
255	257
255	258
255	259
256	257
256	258
256	259
256	260
256	262
256	263
256	264
257	258
257	259
257	260
258	259
258	260
259	260
259	261
259	262
260	261
260	262
260	263
261	262
261	263
261	272
261	273
262	263
262	264
262	270
262	271
262	272
262	273
263	264
263	265
263	270
263	271
263	272
263	273
264	265
264	266
264	268
264	269
264	270
264	271
265	266
265	269
265	270
265	271
266	267
266	268
266	269
267	268
267	269
268	269
268	270
269	270
270	271
270	272
271	272
271	273
272	273
