0	1
0	2
0	212
0	213
0	214
1	2
1	3
1	213
1	214
2	3
2	4
2	77
3	4
3	5
3	6
3	76
3	77
4	5
4	6
4	52
4	75
4	76
4	77
5	6
5	7
5	52
5	75
5	76
5	77
6	7
6	8
6	49
6	50
6	51
6	52
6	75
6	76
7	8
7	9
7	49
7	50
7	51
7	52
7	71
7	73
7	74
7	75
7	76
8	9
8	10
8	47
8	48
8	49
8	50
8	71
8	72
8	73
8	74
9	10
9	11
9	47
9	48
9	49
9	69
9	70
9	71
9	72
9	73
10	11
10	12
10	45
10	46
10	47
10	48
10	69
10	70
10	71
10	72
11	12
11	13
11	45
11	46
11	47
11	68
11	69
11	70
12	13
12	14
12	43
12	44
12	45
12	46
12	68
12	69
13	14
13	15
13	18
13	19
13	42
13	43
13	44
13	67
13	68
14	15
14	18
14	42
14	43
15	16
15	17
15	18
15	19
15	42
16	17
16	18
16	19
16	20
16	42
17	18
17	19
17	20
17	21
18	19
18	20
18	21
18	22
18	67
19	20
19	21
19	22
19	23
19	39
19	42
20	21
20	22
20	23
20	24
21	22
21	23
21	24
21	25
22	23
22	24
22	25
22	26
22	39
23	24
23	25
23	26
23	27
23	39
24	25
24	26
24	27
24	28
25	26
25	27
25	28
26	27
26	28
26	33
26	35
27	28
27	29
28	29
28	30
28	31
29	30
29	31
29	32
29	252
29	253
30	31
30	32
31	32
31	33
32	33
32	34
33	34
33	35
33	48
33	49
33	50
33	51
34	35
34	36
34	48
34	49
34	50
35	36
35	37
35	38
35	47
35	48
35	49
36	37
36	38
36	47
36	48
36	49
37	38
37	39
37	46
37	47
37	48
38	39
38	40
38	46
38	47
39	40
39	41
39	45
39	46
40	41
40	44
40	338
40	339
41	42
41	43
41	44
42	43
42	44
43	44
43	45
44	45
44	46
45	46
45	47
46	47
46	48
47	48
48	49
48	50
49	50
49	51
50	51
50	52
50	54
50	55
51	52
51	53
51	54
51	55
52	53
52	54
52	55
53	54
53	55
54	55
54	56
54	57
54	58
55	56
55	57
55	58
55	59
56	57
56	58
56	59
56	60
57	58
57	59
57	60
57	61
58	59
58	60
58	61
58	62
59	60
59	61
59	62
59	63
60	61
60	62
60	63
60	64
61	62
61	63
61	64
61	65
62	63
62	64
62	65
62	66
62	67
63	64
63	65
63	66
63	67
64	65
64	66
65	66
65	67
66	67
66	68
67	68
67	69
68	69
69	70
70	71
70	72
71	72
71	73
71	74
72	73
72	74
72	367
73	74
73	75
73	76
73	367
74	75
74	76
75	76
75	77
75	78
76	77
76	78
76	79
76	80
77	78
77	79
77	80
77	81
78	79
78	80
78	81
78	82
79	80
79	81
79	82
79	83
79	371
80	81
80	82
80	83
80	84
80	371
81	82
81	83
81	84
81	85
82	83
82	84
82	85
82	86
83	84
83	85
83	86
83	87
83	373
84	85
84	86
84	87
84	88
85	86
85	87
85	88
85	89
86	87
86	88
86	89
86	90
87	88
87	89
87	90
87	91
87	103
87	104
88	89
88	90
88	91
88	92
89	90
89	91
89	92
89	93
90	91
90	92
90	93
90	94
91	92
91	93
91	94
91	95
92	93
92	94
92	95
93	94
93	95
93	96
93	97
94	95
94	96
94	97
94	98
94	99
95	96
95	97
96	97
96	98
97	98
97	99
98	99
98	100
99	100
99	101
100	101
100	102
100	103
101	102
101	103
101	172
102	103
102	374
102	375
102	377
102	378
103	104
103	105
103	374
104	105
104	168
104	374
105	106
105	107
105	109
105	110
106	107
106	108
106	109
106	110
107	108
107	109
107	110
107	111
107	208
108	109
108	110
108	111
108	112
109	110
109	111
109	112
109	113
110	111
110	112
110	113
110	114
111	112
111	113
111	114
111	115
112	113
112	114
112	115
112	116
113	114
113	115
113	116
113	117
114	115
114	116
114	117
114	118
115	116
115	117
115	118
115	119
116	117
116	118
116	119
116	120
117	118
117	119
117	120
117	121
118	119
118	120
118	121
118	122
118	125
118	126
118	127
119	120
119	121
119	122
120	121
120	122
121	122
121	123
121	124
121	125
122	123
122	124
122	125
122	126
123	124
123	125
124	125
124	126
124	144
124	145
124	146
125	126
125	142
125	143
125	144
125	145
126	127
126	128
126	142
126	143
126	144
127	128
127	129
127	140
127	141
127	142
127	143
128	129
128	130
128	140
128	141
128	142
128	143
129	130
129	131
129	138
129	139
129	140
129	141
130	131
130	139
130	140
130	269
130	273
131	132
131	138
131	139
131	269
132	133
132	134
132	136
132	137
132	138
132	139
132	266
133	134
133	135
133	136
133	137
133	138
133	139
133	205
133	265
133	266
134	135
134	136
134	221
134	222
134	265
135	136
135	137
135	205
136	137
136	138
137	138
137	139
137	204
138	139
138	140
139	140
139	141
140	141
140	142
140	199
141	142
141	143
141	197
141	198
141	199
142	143
142	144
142	197
142	198
142	199
143	144
143	145
143	195
143	196
143	197
143	198
144	145
144	195
144	196
144	197
145	146
145	147
145	191
145	195
145	196
146	147
146	191
146	192
147	148
147	149
148	149
148	150
149	150
149	151
150	151
150	152
150	193
150	194
150	195
151	152
151	194
151	195
151	279
151	280
151	281
152	153
152	154
152	194
152	195
152	196
152	279
152	280
152	281
152	282
153	154
153	155
153	195
153	196
153	197
153	280
153	281
153	282
153	283
154	155
154	156
154	196
154	197
154	198
154	280
154	282
154	283
154	284
155	156
155	197
155	198
155	199
155	283
155	284
155	285
156	157
156	198
156	199
156	200
156	202
156	284
156	285
156	286
157	158
157	159
157	166
157	167
157	170
157	199
157	200
157	201
157	202
157	285
157	286
157	287
158	159
158	160
158	161
158	163
158	166
158	167
158	200
158	201
158	202
158	203
158	286
158	287
159	160
159	161
159	201
159	202
159	203
159	234
160	161
160	162
160	163
160	203
160	218
160	219
161	162
161	163
161	203
161	206
161	207
161	210
161	217
161	218
161	219
162	163
162	164
162	207
162	210
162	215
162	216
162	217
162	218
162	370
163	164
163	165
163	166
163	287
163	288
163	370
164	165
164	166
164	167
164	168
164	370
165	166
165	167
165	168
165	169
165	377
166	167
166	168
166	169
166	170
166	286
166	287
166	288
167	168
167	169
167	170
167	171
167	200
167	201
168	169
168	170
168	171
168	172
169	170
169	171
169	172
169	173
169	377
169	381
170	171
170	172
170	173
170	174
170	200
171	172
171	173
171	174
171	175
171	200
172	173
172	174
172	175
172	176
172	381
173	174
173	175
173	176
173	177
174	175
174	176
174	177
174	178
175	176
175	177
175	178
175	179
176	177
176	178
176	179
176	180
177	178
177	179
177	180
177	181
178	179
178	180
178	181
179	180
179	181
180	181
180	182
180	183
180	184
180	187
181	182
181	183
181	184
181	187
181	188
182	183
182	184
182	188
183	184
183	185
184	185
184	186
184	187
184	188
185	186
185	187
185	188
185	189
186	187
186	188
186	189
186	190
187	188
187	189
187	190
187	191
188	189
188	190
188	191
188	192
189	190
189	191
189	192
189	193
190	191
190	192
190	193
190	194
190	392
190	393
190	396
191	192
191	193
191	194
191	195
192	193
192	194
193	194
193	396
194	195
194	196
195	196
195	197
196	197
196	198
197	198
197	199
198	199
198	200
199	200
199	201
199	202
200	201
200	202
201	202
201	203
201	204
202	203
202	204
202	266
203	204
203	205
203	206
203	207
203	220
203	266
204	205
204	206
204	207
204	208
205	206
205	207
205	208
205	209
205	220
205	221
206	207
206	208
206	209
206	210
206	217
206	218
206	219
206	220
206	221
207	208
207	209
207	210
207	211
208	209
208	210
208	211
208	212
209	210
209	211
209	212
209	213
209	214
210	211
210	212
210	213
210	214
210	215
210	216
210	217
211	212
211	213
211	214
211	215
212	213
212	214
213	214
213	215
214	215
214	216
214	217
215	216
215	217
216	217
216	218
217	218
217	219
218	219
218	220
219	220
219	221
219	231
219	232
219	233
219	234
219	254
220	221
220	222
220	231
220	232
220	233
220	234
221	222
221	223
221	230
221	231
222	223
222	224
222	230
222	231
223	224
223	225
223	230
223	231
224	225
224	226
224	227
224	229
224	230
225	226
225	227
226	227
226	228
227	228
227	229
228	229
228	230
229	230
229	251
229	252
230	231
230	252
231	232
231	233
232	233
232	234
232	256
232	257
232	258
233	234
233	235
233	236
233	237
233	254
233	255
233	256
233	257
234	235
234	236
234	237
234	267
235	236
235	237
235	238
235	343
235	344
235	345
236	237
236	238
236	247
236	257
236	342
236	343
236	344
237	238
237	239
237	242
237	257
237	258
237	261
237	262
237	263
237	343
237	344
238	239
238	240
238	242
238	261
238	262
238	343
238	344
238	345
238	348
239	240
239	241
239	242
239	261
239	262
239	343
239	348
240	241
240	242
240	342
240	343
240	344
240	347
240	348
241	242
241	243
241	244
241	299
241	342
241	343
242	243
242	244
242	261
242	342
242	343
243	244
243	245
243	247
243	257
243	342
243	343
244	245
244	246
244	247
244	342
245	246
245	247
245	340
245	341
245	342
246	247
246	340
246	341
246	342
247	248
247	249
247	255
247	256
247	257
247	341
247	342
248	249
248	250
248	253
248	255
248	256
248	257
249	250
249	251
249	256
249	257
250	251
250	252
250	253
250	256
251	252
251	253
251	256
252	253
252	254
253	254
253	255
253	256
254	255
254	256
255	256
255	257
256	257
256	258
257	258
257	259
258	259
258	260
258	263
259	260
259	263
260	261
260	262
260	263
261	262
261	263
262	263
262	264
262	267
262	268
263	264
263	265
264	265
264	266
264	267
264	268
265	266
265	267
265	268
265	269
266	267
266	268
266	269
266	270
267	268
267	269
267	270
267	271
268	269
268	270
268	271
268	272
269	270
269	271
269	272
269	273
270	271
270	272
270	273
270	274
271	272
271	273
271	274
271	275
272	273
272	274
272	275
272	276
273	274
273	275
273	276
273	277
274	275
274	276
274	277
274	278
274	280
275	276
275	277
275	278
276	277
276	278
277	278
277	279
277	280
278	279
278	280
279	280
279	281
280	281
280	282
280	354
281	282
281	283
281	354
281	355
281	356
282	283
282	284
282	354
282	355
282	356
282	357
283	284
283	285
283	349
283	354
283	356
283	357
283	358
284	285
284	286
284	357
284	358
284	359
285	286
285	287
285	358
285	359
285	360
286	287
286	359
286	360
286	361
287	288
287	289
287	360
287	361
287	362
288	289
288	290
288	361
288	362
288	363
288	370
289	290
289	291
289	361
289	362
289	363
289	364
289	365
289	369
289	370
290	291
290	292
290	361
290	362
290	363
290	364
290	365
291	292
291	293
291	328
291	329
291	330
291	361
291	362
291	363
291	364
291	365
292	293
292	294
292	329
292	330
292	331
292	360
292	361
292	362
293	294
293	314
293	329
293	330
293	331
293	332
293	358
293	359
293	360
293	361
294	295
294	296
294	331
294	332
294	333
294	334
294	358
294	359
294	360
295	296
295	297
295	332
295	333
295	334
295	357
295	358
295	359
296	297
296	298
296	304
296	333
296	334
296	346
296	347
297	298
297	299
297	300
297	301
297	304
297	333
297	334
297	335
297	347
298	299
298	300
298	301
298	334
298	335
298	339
298	340
298	341
298	342
298	347
299	300
299	301
299	340
299	341
299	342
299	343
300	301
300	302
300	340
301	302
301	303
301	335
301	340
302	303
302	304
303	304
303	305
303	307
304	305
304	306
304	307
305	306
305	307
306	307
306	308
306	309
306	310
307	308
307	309
307	310
307	311
308	309
308	310
308	311
308	312
309	310
309	311
309	312
309	313
310	311
310	312
310	313
310	314
311	312
311	313
311	314
311	315
311	332
312	313
312	314
312	315
312	316
313	314
313	315
313	316
313	317
313	391
314	315
314	316
314	317
314	318
314	331
315	316
315	317
315	318
315	319
315	331
316	317
316	318
316	319
316	320
317	318
317	319
317	320
317	321
317	387
317	388
317	390
317	391
318	319
318	320
318	321
318	322
318	329
318	387
319	320
319	321
319	322
319	323
320	321
320	322
320	323
320	386
320	387
321	322
321	323
321	324
321	383
321	384
321	386
321	387
322	323
322	324
322	325
322	326
322	327
322	328
323	324
323	325
323	326
324	325
324	326
324	383
325	326
325	327
326	327
326	328
327	328
327	329
328	329
328	330
329	330
329	331
330	331
330	332
331	332
332	333
332	334
332	336
332	337
333	334
333	335
333	336
333	337
334	335
334	336
334	337
334	338
334	339
335	336
335	337
335	338
335	339
335	340
336	337
336	338
336	339
337	338
337	339
338	339
339	340
339	341
340	341
340	342
341	342
341	343
342	343
342	344
343	344
343	345
344	345
344	346
344	347
344	348
345	346
345	347
345	348
345	349
346	347
346	348
346	349
346	350
346	357
346	358
347	348
347	349
347	350
347	351
348	349
348	350
348	351
348	352
349	350
349	351
349	352
349	353
349	354
349	357
350	351
350	352
350	353
350	354
350	355
350	357
351	352
351	353
352	353
352	354
353	354
353	355
354	355
354	356
354	357
355	356
355	357
356	357
356	358
357	358
358	359
358	360
359	360
359	361
360	361
360	362
361	362
362	363
362	364
363	364
363	365
363	380
364	365
364	366
364	367
364	368
364	369
365	366
365	367
365	369
366	367
366	368
366	369
367	368
367	369
368	369
368	370
368	371
368	372
369	370
369	371
369	372
370	371
370	372
371	372
371	373
372	373
372	374
372	376
373	374
373	375
373	376
374	375
374	376
374	377
375	376
375	377
375	378
376	377
376	378
376	379
376	380
377	378
377	379
377	380
377	381
378	379
378	380
378	381
378	382
379	380
379	381
379	382
379	383
380	381
380	382
380	383
380	384
381	382
381	383
381	384
381	385
382	383
382	384
382	385
382	386
383	384
383	385
383	386
383	387
384	385
384	386
384	387
384	388
385	386
385	387
385	388
385	389
386	387
386	388
386	389
386	390
387	388
387	389
387	390
387	391
388	389
388	390
388	391
388	392
389	390
389	391
389	392
389	393
390	391
390	392
390	393
390	394
391	392
391	393
391	394
391	395
392	393
392	394
392	395
392	396
393	394
393	395
393	396
393	397
394	395
394	396
394	397
394	398
395	396
395	397
395	398
395	399
396	397
396	398
396	399
397	398
397	399
398	399
398	400
399	400
