0	1
0	2
1	2
1	3
1	69
1	70
2	3
2	4
2	69
3	4
3	5
3	63
3	64
3	69
4	5
4	8
4	63
4	64
4	69
5	6
5	7
5	8
5	9
5	63
6	7
6	8
6	9
6	10
7	8
7	9
7	10
7	11
8	9
8	10
8	11
8	12
9	10
9	11
9	12
9	13
10	11
10	12
10	13
10	14
11	12
11	13
11	14
11	15
12	13
12	14
12	15
12	16
12	76
13	14
13	15
13	16
13	17
13	45
14	15
14	16
14	17
14	18
15	16
15	17
15	18
15	19
15	79
16	17
16	18
16	19
16	20
16	41
16	79
17	18
17	19
17	20
17	21
18	19
18	20
18	21
18	22
19	20
19	21
19	22
19	23
19	82
19	83
20	21
20	22
20	23
20	24
20	38
21	22
21	23
21	24
22	23
22	24
22	25
23	24
23	25
24	25
24	26
25	26
25	27
25	28
26	27
26	28
26	29
27	28
27	29
27	94
28	29
28	30
28	93
28	94
29	30
29	31
30	31
30	32
31	32
31	33
32	33
32	34
32	36
33	34
33	35
33	36
34	35
34	36
35	36
35	37
35	108
35	109
35	112
35	250
36	37
36	38
36	39
36	40
36	108
37	38
37	39
37	40
37	41
37	108
38	39
38	40
38	41
38	42
39	40
39	41
39	42
39	43
40	41
40	42
40	43
40	44
40	111
40	112
41	42
41	43
41	44
41	45
42	43
42	44
42	45
42	46
43	44
43	45
43	46
43	47
44	45
44	46
44	47
44	48
44	115
45	46
45	47
45	48
45	49
46	47
46	48
46	49
46	50
47	48
47	49
47	50
47	51
47	125
48	49
48	50
48	51
48	52
49	50
49	51
49	52
49	53
50	51
50	52
50	53
50	54
50	124
50	125
51	52
51	53
51	54
51	55
51	125
51	126
52	53
52	54
52	55
52	56
53	54
53	55
53	56
54	55
54	56
54	125
54	126
55	56
55	57
55	58
55	59
55	62
56	57
56	58
56	59
57	58
57	59
58	59
58	60
58	61
58	62
59	60
59	61
59	62
59	63
60	61
60	62
60	63
60	64
61	62
61	63
61	64
61	65
62	63
62	64
62	65
63	64
63	65
63	69
64	65
64	66
65	66
65	67
65	68
65	69
66	67
66	68
66	69
66	70
67	68
67	69
67	70
67	71
67	151
67	152
68	69
68	70
68	71
68	72
69	70
69	71
69	72
69	73
70	71
70	72
70	73
70	74
71	72
71	73
71	74
71	75
72	73
72	74
72	75
72	76
73	74
73	75
73	76
73	77
74	75
74	76
74	77
74	78
74	186
75	76
75	77
75	78
75	79
76	77
76	78
76	79
76	80
77	78
77	79
77	80
77	81
78	79
78	80
78	81
78	82
79	80
79	81
79	82
79	83
80	81
80	82
80	83
80	84
81	82
81	83
81	84
81	85
82	83
82	84
82	85
82	86
83	84
83	85
83	86
83	87
84	85
84	86
84	87
84	88
85	86
85	87
85	88
85	89
85	100
86	87
86	88
86	89
86	90
86	93
87	88
87	89
87	90
88	89
88	90
89	90
89	91
89	92
89	93
89	100
90	91
90	92
90	93
91	92
91	93
91	94
92	93
92	94
92	95
92	98
92	100
93	94
93	95
93	100
93	101
94	95
94	96
95	96
95	97
95	98
96	97
96	98
96	101
97	98
97	99
97	101
97	102
98	99
98	100
98	101
98	102
99	100
99	101
99	102
99	103
100	101
100	102
100	103
100	104
101	102
101	103
101	104
101	105
102	103
102	104
102	105
102	106
103	104
103	105
103	106
103	107
104	105
104	106
104	107
104	108
105	106
105	107
105	108
105	109
106	107
106	108
106	109
106	110
107	108
107	109
107	110
107	111
108	109
108	110
108	111
108	112
109	110
109	111
109	112
109	113
110	111
110	112
110	113
110	114
110	183
110	184
111	112
111	113
111	114
111	115
112	113
112	114
112	115
112	116
112	250
113	114
113	115
113	116
113	117
113	183
113	184
114	115
114	116
114	117
114	118
114	184
115	116
115	117
115	118
115	119
116	117
116	118
116	119
116	120
117	118
117	119
117	120
117	121
117	192
118	119
118	120
118	121
118	122
119	120
119	121
119	122
119	123
120	121
120	122
120	123
120	192
121	122
121	123
121	127
121	128
121	129
121	132
122	123
122	124
122	125
122	126
122	127
122	128
123	124
123	125
123	126
124	125
124	126
125	126
125	127
126	127
126	128
127	128
127	129
128	129
128	130
128	131
128	132
129	130
129	131
129	132
129	151
130	131
130	132
130	149
130	150
130	151
131	132
131	133
132	133
132	134
133	134
133	135
134	135
134	136
134	140
134	195
135	136
135	137
135	195
135	199
136	137
136	138
136	139
136	140
136	198
136	199
137	138
137	139
137	140
137	141
138	139
138	140
138	141
138	142
138	204
139	140
139	141
139	142
139	143
139	198
139	204
140	141
140	142
140	143
140	144
141	142
141	143
141	144
141	145
142	143
142	144
142	145
142	146
143	144
143	145
143	146
143	147
143	148
144	145
144	146
144	147
144	148
144	149
145	146
145	147
145	148
146	147
146	148
146	161
147	148
147	149
147	150
148	149
148	150
149	150
149	151
150	151
150	152
151	152
151	153
151	190
151	191
152	153
152	188
152	189
152	190
152	191
153	154
153	155
153	157
153	158
153	188
153	189
153	190
154	155
154	156
154	157
154	158
154	187
154	188
154	189
155	156
155	157
155	158
155	159
155	187
155	188
155	189
156	157
156	158
156	159
156	160
157	158
157	159
157	160
157	161
158	159
158	160
158	161
158	162
158	189
159	160
159	161
159	162
159	163
160	161
160	162
160	163
160	164
161	162
161	163
161	164
162	163
162	164
162	165
162	166
163	164
163	165
163	166
163	167
163	168
164	165
164	166
164	167
165	166
165	167
166	167
166	168
166	208
167	168
167	169
168	169
168	170
168	173
168	174
169	170
169	173
170	171
170	172
170	173
170	174
171	172
171	173
171	174
171	175
172	173
172	174
172	175
172	176
173	174
173	175
173	176
173	177
174	175
174	176
174	177
174	178
175	176
175	177
175	178
175	179
176	177
176	178
176	179
176	180
177	178
177	179
177	180
177	181
178	179
178	180
178	181
178	182
179	180
179	181
179	182
180	181
180	182
180	183
181	182
181	183
181	193
181	194
181	197
182	183
182	184
182	185
182	186
182	187
182	188
182	189
182	193
183	184
183	185
183	193
184	185
184	186
185	186
185	187
186	187
186	188
187	188
187	189
188	189
188	190
189	190
189	191
189	193
189	194
190	191
190	192
190	193
190	194
191	192
191	193
191	194
191	195
192	193
192	194
192	195
192	196
193	194
193	195
193	196
193	197
194	195
194	196
194	197
194	198
195	196
195	197
195	198
195	199
196	197
196	198
196	199
196	200
196	253
196	254
197	198
197	199
197	200
197	201
197	254
198	199
198	200
198	201
198	202
198	204
199	200
199	201
199	202
199	254
200	201
200	202
200	254
200	255
201	202
201	203
201	207
201	210
201	211
202	203
202	204
202	207
202	276
203	204
203	205
203	206
203	207
204	205
204	206
204	207
205	206
205	207
206	207
206	208
206	209
206	210
207	208
207	209
207	210
207	211
208	209
208	210
208	211
208	212
209	210
209	211
209	212
209	213
210	211
210	212
210	213
210	214
211	212
211	213
211	214
211	215
211	216
212	213
212	214
212	215
212	216
212	217
213	214
213	215
213	216
213	217
213	218
214	215
214	216
214	217
214	218
214	221
215	216
215	217
215	218
215	221
216	217
216	218
217	218
217	219
218	219
218	220
218	221
219	220
219	221
219	293
219	294
220	221
220	222
220	244
220	245
220	246
220	293
220	294
221	222
221	223
221	245
221	246
221	247
222	223
222	224
222	225
222	245
222	246
222	247
223	224
223	225
223	247
223	248
224	225
224	247
224	248
224	249
224	250
225	226
225	227
225	229
225	230
225	247
225	248
225	249
226	227
226	228
226	229
226	230
226	249
227	228
227	229
227	230
227	231
228	229
228	230
228	231
228	232
229	230
229	231
229	232
229	233
230	231
230	232
230	233
230	234
230	259
231	232
231	233
231	234
231	235
231	267
232	233
232	234
232	235
233	234
233	235
233	236
234	235
234	236
234	237
234	238
235	236
235	237
235	238
236	237
236	238
237	238
237	239
237	240
237	243
237	295
238	239
238	240
238	241
238	261
238	265
239	240
239	241
239	265
240	241
240	242
240	243
241	242
241	243
241	261
241	262
241	263
241	265
242	243
242	244
242	260
242	261
242	262
242	288
242	289
242	290
242	291
242	292
243	244
243	260
243	261
243	290
243	291
243	292
243	293
243	294
243	295
244	245
244	258
244	259
244	260
244	261
244	290
244	292
244	293
244	294
244	295
245	246
245	247
245	258
245	259
245	260
245	293
245	294
246	247
246	256
246	257
246	258
246	259
247	248
247	249
247	256
247	257
247	258
248	249
248	250
248	255
248	256
248	257
249	250
249	251
249	252
249	253
250	251
250	252
250	253
251	252
251	253
252	253
252	254
252	255
253	254
253	255
254	255
254	256
255	256
255	257
256	257
256	258
256	271
256	272
257	258
257	259
257	269
257	270
257	271
257	272
258	259
258	260
258	269
258	270
258	271
259	260
259	267
259	268
259	269
259	270
260	261
260	262
260	267
260	268
260	269
260	290
261	262
261	263
261	265
261	266
261	267
261	268
262	263
262	264
262	265
262	266
262	267
263	264
263	265
264	265
264	266
265	266
265	267
266	267
266	268
267	268
267	269
268	269
268	270
269	270
270	271
270	272
271	272
271	273
272	273
272	274
272	275
272	277
272	280
273	274
273	275
274	275
274	276
275	276
275	277
275	279
275	280
276	277
276	278
276	279
276	280
277	278
277	279
277	280
277	281
278	279
278	280
278	281
278	282
279	280
279	281
279	282
279	283
280	281
280	282
280	283
280	284
281	282
281	283
281	284
281	285
281	290
282	283
282	284
282	285
282	286
282	302
283	284
283	285
283	286
283	287
284	285
284	286
284	287
284	288
284	289
284	290
285	286
285	287
285	288
285	289
285	290
285	291
286	287
286	288
287	288
287	289
288	289
288	290
288	291
289	290
289	291
290	291
290	292
291	292
291	293
291	299
292	293
292	294
292	295
292	296
292	297
292	298
292	299
293	294
293	295
293	296
293	299
294	295
294	296
295	296
295	297
296	297
296	298
297	298
297	299
298	299
298	300
299	300
299	301
300	301
300	302
301	302
301	303
302	303
