0	1
0	2
0	26
0	58
1	2
1	3
1	26
1	27
1	56
1	57
1	58
2	3
2	4
2	26
2	27
2	28
2	29
2	56
2	57
3	4
3	5
3	27
3	28
3	29
3	54
3	55
3	56
3	57
4	5
4	28
4	29
4	30
4	53
4	54
4	55
4	56
5	6
5	7
5	12
5	29
5	30
5	31
5	53
5	54
5	55
6	7
6	8
6	30
6	31
6	32
7	8
7	30
7	31
7	32
7	197
8	9
8	10
8	197
8	199
8	200
8	201
8	202
8	203
9	10
9	11
9	12
9	13
9	197
9	198
9	199
9	200
9	201
9	202
10	11
10	12
10	13
10	201
10	202
11	12
11	13
11	66
12	13
12	14
12	15
12	16
12	54
12	66
13	14
13	15
13	16
13	17
14	15
14	16
14	17
14	18
14	151
14	152
14	155
15	16
15	17
15	18
15	19
15	70
16	17
16	18
16	19
16	20
17	18
17	19
17	20
17	21
17	151
17	187
18	19
18	20
18	21
18	22
18	148
18	151
19	20
19	21
19	22
19	23
19	24
20	21
20	22
20	23
20	24
20	186
20	187
20	190
21	22
21	23
21	186
21	187
22	23
22	24
23	24
23	25
24	25
24	26
25	26
26	27
26	28
27	28
27	29
28	29
28	30
29	30
29	31
30	31
30	32
31	32
31	33
31	35
32	33
32	34
32	35
32	36
33	34
33	35
33	36
34	35
34	36
35	36
35	37
35	38
35	39
36	37
36	38
36	39
37	38
37	39
37	40
37	41
38	39
38	40
38	41
38	42
39	40
39	41
39	42
39	43
40	41
40	42
40	43
41	42
41	43
42	43
42	44
42	45
42	46
43	44
43	45
43	46
43	51
44	45
44	46
44	47
44	48
44	51
45	46
45	47
46	47
46	48
47	48
47	49
47	62
48	49
48	50
48	51
48	62
48	63
49	50
49	51
49	63
50	51
50	52
50	64
51	52
51	64
52	53
52	54
52	55
52	64
52	65
53	54
53	55
53	64
53	66
54	55
54	64
54	65
54	66
55	56
55	63
55	64
55	65
56	57
56	58
56	62
56	63
56	64
56	69
57	58
57	59
57	61
57	62
57	63
58	59
58	60
58	61
58	62
59	60
59	61
59	62
60	61
60	62
61	62
61	63
62	63
63	64
64	65
64	66
64	68
64	69
65	66
65	67
65	68
65	69
66	67
66	68
66	69
67	68
67	69
67	70
67	71
68	69
68	70
68	71
68	72
69	70
69	71
69	72
69	73
70	71
70	72
70	73
70	74
71	72
71	73
71	74
71	75
71	80
72	73
72	74
72	75
72	76
73	74
73	75
73	76
74	75
74	76
74	77
74	78
74	79
74	80
74	148
75	76
75	77
75	78
75	79
75	80
76	77
76	78
77	78
77	79
78	79
78	80
78	81
79	80
79	81
79	147
80	81
80	87
80	90
81	82
81	83
81	86
81	87
82	83
82	84
82	86
82	87
83	84
83	85
83	86
83	87
84	85
84	86
84	87
84	88
85	86
85	87
85	88
86	87
86	88
86	89
86	90
87	88
87	89
87	90
87	91
88	89
88	90
88	91
88	92
89	90
89	91
89	92
89	93
90	91
90	92
90	93
90	94
90	149
91	92
91	93
91	94
91	95
92	93
92	94
92	95
92	96
93	94
93	95
93	96
93	97
93	149
94	95
94	96
94	97
94	98
94	149
95	96
95	97
95	98
95	99
96	97
96	98
96	99
97	98
97	99
97	100
97	101
97	152
97	153
97	156
98	99
98	100
98	101
98	102
99	100
99	101
99	102
99	103
100	101
100	102
100	103
100	104
100	156
101	102
101	103
101	104
101	105
101	156
102	103
102	104
102	105
102	106
103	104
103	105
103	106
103	107
103	120
104	105
104	106
104	107
104	108
105	106
105	107
105	108
106	107
106	108
106	109
107	108
107	109
107	110
107	113
107	116
108	109
108	110
108	113
108	206
108	207
108	208
109	110
109	111
109	206
109	207
109	208
110	111
110	112
110	113
110	207
111	112
111	113
112	113
112	114
112	115
112	116
113	114
113	115
113	116
113	117
113	207
114	115
114	116
114	117
115	116
115	117
115	118
116	117
116	118
116	119
116	120
117	118
117	119
117	120
117	121
118	119
118	120
118	121
118	122
119	120
119	121
119	122
119	123
120	121
120	122
120	123
120	124
121	122
121	123
121	124
121	125
122	123
122	124
122	125
123	124
123	125
123	126
123	127
124	125
124	126
124	127
124	128
125	126
125	127
125	128
125	129
126	127
126	128
126	129
127	128
127	129
127	130
128	129
128	130
128	131
128	132
129	130
129	131
129	132
129	133
130	131
130	132
130	133
130	134
131	132
131	133
131	134
131	135
132	133
132	134
132	135
132	171
132	173
132	174
133	134
133	135
133	136
134	135
134	136
134	141
135	136
135	137
135	138
135	139
135	140
135	141
135	173
136	137
136	138
137	138
137	139
138	139
138	140
138	141
138	143
138	144
139	140
139	141
139	143
139	144
140	141
140	142
140	143
140	144
140	145
140	146
140	150
140	177
141	142
141	143
141	150
142	143
142	144
142	145
143	144
143	145
144	145
144	146
145	146
145	147
146	147
146	148
146	150
147	148
147	149
147	150
148	149
148	150
148	151
148	152
149	150
149	151
149	152
149	153
150	151
150	152
150	153
150	154
151	152
151	153
151	154
151	155
152	153
152	154
152	155
152	156
153	154
153	155
153	156
153	157
154	155
154	156
154	157
154	158
154	178
155	156
155	157
155	158
155	159
156	157
156	158
156	159
156	160
157	158
157	159
157	160
157	161
158	159
158	160
158	161
159	160
159	161
159	162
159	201
160	161
160	162
160	163
160	164
161	162
161	163
161	164
161	165
161	167
162	163
162	164
162	165
163	164
163	165
163	219
164	165
164	166
164	167
165	166
165	167
166	167
166	168
166	169
167	168
167	169
168	169
168	170
168	171
168	175
169	170
169	171
169	172
170	171
170	172
171	172
171	173
171	174
171	175
172	173
172	174
172	175
172	176
173	174
173	175
173	176
173	177
174	175
174	176
174	177
174	178
175	176
175	177
175	178
175	179
176	177
176	178
176	179
176	180
177	178
177	179
177	180
177	181
178	179
178	180
178	181
178	182
179	180
179	181
179	182
179	183
180	181
180	182
180	183
180	184
181	182
181	183
181	184
181	187
182	183
182	184
182	187
182	188
183	184
183	185
183	188
184	185
184	186
184	187
184	188
185	186
185	187
185	188
185	189
186	187
186	188
186	189
186	190
187	188
187	189
187	190
187	191
188	189
188	190
188	191
188	192
189	190
189	191
189	192
189	193
190	191
190	192
190	193
190	195
190	196
191	192
191	193
191	196
192	193
192	194
192	196
193	194
193	195
193	196
194	195
194	196
195	196
195	197
196	197
196	198
197	198
197	199
198	199
198	200
199	200
199	201
199	214
200	201
200	202
200	203
200	204
200	209
200	210
200	211
200	212
201	202
201	203
201	209
201	210
202	203
202	204
202	206
202	209
202	210
203	204
203	205
203	206
203	210
204	205
204	206
204	210
204	211
204	212
205	206
205	207
205	210
205	211
206	207
206	208
206	209
206	210
207	208
207	209
207	210
208	209
208	210
209	210
209	211
210	211
211	212
211	213
212	213
213	214
213	215
214	215
214	216
215	216
215	217
216	217
216	218
216	219
217	218
217	219
218	219
218	220
219	220
220	221
220	222
221	222
221	223
221	224
222	223
222	224
222	225
223	224
223	225
223	226
224	225
224	226
225	226
226	227
226	228
227	228
228	229
228	230
229	230
229	231
229	243
229	244
230	231
230	241
230	242
230	243
230	244
231	232
231	233
231	242
231	243
231	244
232	233
232	234
232	235
232	242
233	234
233	235
234	235
234	236
235	236
235	237
235	243
236	237
236	238
237	238
237	239
237	240
238	239
238	240
239	240
239	241
240	241
240	242
241	242
241	243
242	243
242	244
243	244
244	245
244	246
245	246
245	247
245	248
246	247
246	248
247	248
247	249
247	250
248	249
248	250
249	250
250	251
250	252
251	252
251	253
252	253
252	254
253	254
253	255
254	255
255	256
255	257
256	257
256	258
257	258
258	259
