0	1
0	2
1	2
1	3
2	3
2	4
3	4
3	5
4	5
4	6
5	6
5	7
6	7
6	8
6	30
7	8
7	9
7	28
7	29
7	30
8	9
8	10
8	28
8	29
9	10
9	26
9	27
9	28
9	29
10	11
10	12
10	26
10	27
10	28
11	12
11	13
11	24
11	25
11	26
11	27
12	13
12	25
12	26
12	27
13	14
13	15
13	24
13	25
14	15
14	16
14	22
14	23
14	24
14	25
15	16
15	17
15	22
15	23
15	24
16	17
16	18
16	19
16	21
16	22
16	23
17	18
17	21
17	22
18	19
18	20
18	21
18	22
19	20
19	21
19	202
20	21
20	22
20	199
20	200
20	201
20	202
21	22
21	198
21	199
21	200
22	23
22	24
22	197
22	198
22	199
22	206
23	24
23	25
23	195
23	196
23	197
23	198
24	25
24	26
24	195
24	196
24	197
24	206
25	26
25	27
25	193
25	194
25	195
25	196
26	27
26	28
26	193
26	194
26	195
27	28
27	29
27	183
27	192
27	193
27	194
28	29
28	30
28	191
28	192
28	193
29	30
29	31
29	33
29	34
29	191
29	192
29	193
30	31
30	32
30	33
30	190
30	191
30	192
31	32
31	33
31	190
31	191
31	192
32	33
32	34
32	35
32	36
33	34
33	35
33	36
33	37
34	35
34	36
34	37
34	38
34	180
34	192
34	193
34	194
35	36
35	37
35	38
35	39
35	180
36	37
36	38
36	39
36	40
37	38
37	39
37	40
37	41
38	39
38	40
38	41
38	42
38	178
38	194
39	40
39	41
39	42
39	43
40	41
40	42
40	43
40	44
41	42
41	43
41	44
41	45
41	213
41	214
42	43
42	44
42	45
42	46
42	176
43	44
43	45
43	46
43	47
44	45
44	46
44	47
44	48
44	49
44	213
45	46
45	47
45	48
45	49
45	173
45	213
46	47
46	48
46	173
46	175
46	176
47	48
47	49
47	149
48	49
48	50
48	148
49	50
49	51
49	148
49	171
49	172
50	51
50	52
50	146
50	147
50	148
50	170
50	171
50	172
51	52
51	53
51	146
51	147
51	148
51	170
51	171
51	172
52	53
52	88
52	89
52	144
52	145
52	146
52	147
52	170
53	54
53	55
53	144
53	145
53	146
53	168
53	169
53	170
54	55
54	56
54	83
54	84
54	86
54	142
54	143
54	144
54	145
54	166
54	168
55	56
55	143
55	144
55	145
55	165
55	166
55	167
55	168
56	57
56	58
56	142
56	143
56	164
56	165
56	166
57	58
57	59
57	140
57	141
57	142
57	143
57	163
57	164
57	165
58	59
58	60
58	140
58	141
58	142
58	162
58	163
58	164
59	60
59	61
59	62
59	139
59	140
59	141
60	61
60	62
60	138
60	139
60	140
61	62
61	63
62	63
62	64
62	67
63	64
63	65
63	67
63	163
64	65
64	66
64	67
64	163
64	164
65	66
65	67
65	76
65	77
65	164
66	67
66	68
67	68
67	69
67	75
67	76
68	69
68	70
68	75
68	76
69	70
69	71
69	72
69	75
69	76
70	71
70	72
71	72
71	73
71	131
71	132
71	133
71	136
71	137
72	73
72	74
72	129
72	130
72	131
72	132
73	74
73	75
73	130
73	131
73	132
74	75
74	76
74	78
74	79
74	129
74	130
75	76
75	77
75	78
75	79
76	77
76	78
76	79
76	80
77	78
77	79
77	80
77	81
78	79
78	80
78	81
78	82
79	80
79	81
79	82
79	83
79	128
79	129
80	81
80	82
80	83
80	84
80	166
81	82
81	83
81	84
82	83
82	84
82	85
82	128
83	84
83	85
83	86
83	128
84	85
84	86
84	166
84	167
84	168
85	86
85	87
86	87
86	88
87	88
87	89
87	121
87	122
87	123
87	201
87	203
88	89
88	90
88	119
88	120
88	121
88	122
88	203
89	90
89	91
89	119
89	120
89	121
89	122
89	203
90	91
90	92
90	93
90	118
90	119
90	120
91	92
91	93
91	118
91	119
92	93
93	94
93	95
94	95
94	96
94	145
94	146
95	96
95	97
95	144
95	145
95	146
96	97
96	98
96	143
96	144
96	145
97	98
97	99
97	141
97	142
97	143
97	144
98	99
98	100
98	113
98	114
98	141
98	142
98	143
99	100
99	101
99	113
99	114
99	140
99	141
99	142
100	101
100	102
100	112
100	113
100	114
100	139
100	140
100	141
101	102
101	138
101	139
101	140
102	103
102	104
102	108
102	137
102	138
102	139
103	104
103	136
103	137
103	138
104	105
104	106
104	131
104	134
104	135
104	136
104	137
105	106
105	131
105	132
105	133
105	134
106	107
106	108
106	130
106	131
106	132
107	108
107	109
107	127
107	129
107	130
107	131
108	109
108	110
108	112
108	127
108	128
108	129
108	130
109	110
109	111
109	112
109	124
109	125
109	126
109	127
109	128
109	129
110	111
110	112
110	113
110	123
110	124
110	125
110	126
110	127
110	128
111	112
111	113
111	124
111	125
112	113
112	114
113	114
113	115
114	115
114	116
115	116
115	117
116	117
116	118
116	119
117	118
117	119
118	119
118	120
119	120
119	121
120	121
120	122
121	122
121	123
121	124
122	123
122	124
122	202
122	203
123	124
123	125
123	126
124	125
124	126
125	126
125	127
126	127
126	128
127	128
127	129
128	129
129	130
129	131
130	131
130	132
131	132
131	133
131	136
131	137
132	133
132	134
132	136
133	134
133	135
133	136
134	135
134	136
135	136
135	137
136	137
137	138
137	139
138	139
138	140
139	140
140	141
140	142
141	142
141	143
142	143
142	144
143	144
143	145
144	145
145	146
145	147
146	147
147	148
147	149
147	170
148	149
148	150
148	170
148	171
149	150
149	151
149	169
149	170
149	171
150	151
150	152
150	168
150	169
150	170
150	171
151	152
151	153
151	155
151	167
151	168
151	169
152	153
152	154
152	155
152	167
152	168
153	154
153	155
153	156
153	157
153	165
153	166
153	167
153	168
154	155
154	156
154	157
155	156
155	157
156	157
158	159
158	160
159	160
159	161
160	161
160	162
161	162
161	163
162	163
163	164
164	165
164	166
165	166
165	167
166	167
166	168
167	168
167	169
168	169
168	170
169	170
169	171
170	171
170	172
171	172
171	173
172	173
172	174
172	200
172	201
172	203
172	204
173	174
173	175
173	199
173	200
173	201
174	175
174	199
174	200
174	201
175	176
175	177
175	198
175	199
176	177
176	178
176	197
176	198
176	199
177	178
177	196
177	197
177	198
178	179
178	180
178	194
178	195
178	196
178	197
179	180
179	181
179	194
179	195
179	196
180	181
180	182
180	192
180	193
180	194
180	195
181	182
181	183
181	192
181	193
181	194
182	183
182	184
182	191
182	192
182	193
183	184
183	185
183	191
183	192
183	193
184	185
184	186
184	189
185	186
185	187
185	188
186	187
186	188
187	188
188	189
188	190
189	190
189	191
190	191
191	192
192	193
192	194
193	194
193	195
194	195
194	196
195	196
195	197
196	197
196	198
197	198
197	199
198	199
198	200
198	206
199	200
199	201
200	201
200	202
200	204
201	202
201	203
202	203
202	204
202	205
203	204
203	205
204	205
204	206
204	208
204	209
205	206
205	207
205	208
205	209
206	207
206	208
206	209
206	210
207	208
207	209
207	210
207	211
208	209
208	210
208	211
208	212
209	210
209	211
209	212
209	213
210	211
210	212
210	213
210	214
211	212
211	213
211	214
211	215
212	213
212	214
212	215
212	216
213	214
213	215
213	216
213	217
214	215
214	216
214	217
214	218
215	216
215	217
215	218
215	219
216	217
216	218
216	219
216	220
217	218
217	219
217	220
217	221
218	219
218	220
218	221
218	222
219	220
219	221
219	222
220	221
220	222
221	222
221	223
221	224
221	225
222	223
222	224
222	225
223	224
223	225
224	225
