1	1
2	1
3	1
4	2
5	2
6	2
7	2
8	2
9	2
10	2
11	2
12	2
13	2
14	2
15	2
16	2
17	2
18	2
19	2
20	2
21	2
22	2
23	2
24	2
25	2
26	2
27	2
28	2
29	2
30	2
31	2
32	2
33	2
34	2
35	2
36	2
37	2
38	2
39	2
40	2
41	2
42	2
43	2
44	2
45	3
46	3
47	2
48	3
49	6
50	6
51	6
52	6
53	6
54	6
55	6
56	6
57	1
58	1
59	1
60	1
61	1
62	1
63	1
64	1
65	1
66	1
67	4
68	4
69	4
70	4
71	4
72	4
73	4
74	4
75	4
76	4
77	4
78	4
79	4
80	4
81	4
82	4
83	4
84	4
85	4
86	4
87	4
88	3
89	3
90	3
91	3
92	3
93	3
94	6
95	6
96	6
97	6
98	1
99	1
100	1
101	1
102	1
103	1
104	1
105	4
106	4
107	4
108	5
109	5
110	5
111	5
112	5
113	1
114	1
115	1
116	1
117	1
118	1
119	3
120	3
121	3
122	5
123	3
124	5
125	5
126	5
127	5
128	5
129	5
130	5
131	4
132	4
133	4
134	4
135	4
136	4
137	4
138	4
139	1
140	1
141	1
142	1
143	1
144	6
145	6
146	6
147	6
148	6
149	6
150	6
151	6
152	6
153	6
154	6
155	6
156	6
157	6
158	6
159	1
160	1
161	1
162	1
163	1
164	1
165	1
166	6
167	6
168	6
169	6
170	6
171	6
172	6
173	6
174	3
175	3
176	2
177	2
178	2
179	2
180	2
181	2
182	2
183	2
184	2
185	2
186	2
187	2
188	2
189	2
190	2
191	2
192	2
193	2
194	2
195	2
196	2
197	2
198	2
199	2
200	2
201	2
202	3
203	3
204	3
205	3
206	3
207	2
208	2
209	3
210	3
211	3
212	3
213	3
214	3
215	3
216	3
217	3
218	3
219	3
220	3
221	3
222	3
223	3
224	3
225	3
226	3
***
1	1
2	2
3	2
4	1
5	1
6	1
