0	1
0	2
0	161
0	162
0	163
1	2
1	3
1	162
1	163
1	164
2	3
2	4
2	162
2	163
2	164
2	165
2	187
3	4
3	5
3	164
3	165
3	166
3	185
3	186
3	187
3	188
4	5
4	6
4	165
4	166
4	167
4	186
4	187
4	188
4	189
5	6
5	7
5	166
5	167
5	168
5	186
5	188
5	189
5	190
6	7
6	14
6	167
6	168
6	169
6	189
6	190
6	191
7	8
7	14
7	169
7	190
7	191
7	192
8	9
8	10
8	12
8	171
8	191
8	192
8	193
8	214
9	10
9	11
9	12
9	171
9	172
9	214
10	11
10	12
10	170
10	171
10	172
11	12
11	13
12	13
12	14
12	192
12	193
12	194
12	237
13	14
13	15
13	16
13	17
13	192
13	294
14	15
14	16
14	17
14	18
14	168
14	192
15	16
15	17
15	18
15	19
15	168
16	17
16	18
16	19
16	20
16	143
16	294
16	295
17	18
17	19
17	20
17	21
17	294
18	19
18	20
18	21
19	20
19	21
19	22
19	23
19	143
20	21
20	22
20	23
20	24
20	297
21	22
21	23
21	24
21	25
22	23
22	24
22	25
22	26
22	27
22	28
23	24
23	25
23	26
23	27
23	28
23	29
24	25
24	26
24	28
24	301
25	26
25	27
25	157
25	159
26	27
26	28
27	28
27	29
28	29
28	30
29	30
29	31
29	33
29	34
29	139
30	31
30	32
30	33
30	34
31	32
31	33
31	34
31	35
32	33
32	34
32	35
32	36
33	34
33	35
33	36
33	37
34	35
34	36
34	37
34	38
34	136
34	137
34	138
34	142
35	36
35	37
35	38
35	136
35	137
36	37
36	38
36	39
37	38
37	39
37	40
37	41
37	137
37	142
38	39
38	40
38	41
38	42
38	85
38	136
38	137
39	40
39	41
39	42
39	43
39	82
39	83
39	84
39	85
40	41
40	42
40	43
40	44
40	145
41	42
41	43
41	44
41	45
41	145
42	43
42	44
42	45
42	46
42	82
42	83
42	85
43	44
43	45
43	46
43	47
43	82
43	83
44	45
44	46
44	47
44	48
44	145
44	146
45	46
45	47
45	48
45	49
45	120
45	123
45	124
46	47
46	48
46	49
46	50
46	79
47	48
47	49
47	50
47	51
48	49
48	50
48	51
48	52
48	116
48	117
48	120
49	50
49	51
49	52
49	53
50	51
50	52
50	53
50	54
51	52
51	53
51	54
51	55
51	116
52	53
52	54
52	55
52	56
52	104
52	107
52	108
53	54
53	55
53	56
53	57
54	55
54	56
54	57
54	58
55	56
55	57
55	58
55	59
55	114
56	57
56	58
56	59
56	60
56	61
56	62
56	107
57	58
57	59
57	60
57	61
58	59
58	60
59	60
59	61
60	61
60	62
61	62
61	63
61	103
62	63
62	64
62	103
63	64
63	65
63	66
63	68
63	101
63	102
63	103
63	104
64	65
64	66
64	101
64	102
64	103
65	66
65	67
65	68
65	101
66	67
66	68
66	69
67	68
67	69
67	70
68	69
68	70
68	71
68	72
68	98
69	70
69	71
69	72
69	73
70	71
70	72
70	73
70	74
71	72
71	73
71	74
71	75
71	94
72	73
72	74
72	75
72	76
73	74
73	75
73	76
73	77
74	75
74	76
74	77
74	78
75	76
75	77
75	78
75	79
75	91
75	94
76	77
76	78
76	79
77	78
77	79
78	79
78	80
78	81
78	91
79	80
79	81
79	82
80	81
80	82
80	83
81	82
81	83
81	84
81	85
81	86
81	87
82	83
82	84
82	85
82	86
82	87
83	84
83	85
84	85
84	86
85	86
85	87
86	87
86	88
87	88
87	89
87	91
87	92
87	131
88	89
88	90
88	91
88	92
89	90
89	91
89	92
89	93
90	91
90	92
90	93
90	94
91	92
91	93
91	94
91	95
92	93
92	94
92	95
92	96
92	127
92	131
93	94
93	95
93	96
93	97
94	95
94	96
94	97
94	98
95	96
95	97
95	98
95	99
96	97
96	98
96	99
96	100
97	98
97	99
97	100
97	101
98	99
98	100
98	101
98	104
99	100
99	101
99	104
99	105
100	101
100	102
101	102
101	103
101	104
101	105
102	103
102	104
102	105
102	106
103	104
103	105
103	106
103	107
104	105
104	106
104	107
104	108
105	106
105	107
105	108
105	109
106	107
106	108
106	109
106	110
107	108
107	109
107	110
107	111
108	109
108	110
108	111
109	110
109	111
110	111
110	112
110	113
111	112
111	113
111	114
111	115
111	116
112	113
112	114
112	199
112	200
113	114
114	115
114	116
115	116
115	203
116	117
116	118
117	118
117	119
117	120
118	119
118	120
119	120
119	121
119	122
119	123
119	144
120	121
120	122
120	123
120	124
121	122
121	123
121	124
121	125
122	123
122	124
122	125
122	126
123	124
123	125
123	126
123	127
124	125
124	126
124	127
125	126
125	127
126	127
126	128
126	129
126	130
127	128
127	129
127	130
127	131
128	129
128	130
128	131
128	132
129	130
129	131
129	132
130	131
130	132
130	135
131	132
131	133
131	135
132	133
132	134
132	135
133	134
133	135
134	135
134	136
135	136
135	137
136	137
136	138
137	138
137	139
137	141
137	142
138	139
138	140
138	141
138	142
139	140
139	141
139	142
139	143
140	141
140	142
140	143
140	144
141	142
141	143
141	144
141	145
142	143
142	144
142	145
143	144
143	145
143	295
144	145
144	146
144	295
145	146
145	147
146	147
146	148
147	148
147	149
148	149
148	150
148	170
149	150
149	151
149	169
149	170
150	151
150	152
150	169
150	170
150	175
151	152
151	153
151	169
152	153
152	154
152	167
152	168
152	169
153	154
153	155
153	167
153	168
153	169
154	155
154	156
154	165
154	166
154	167
154	168
155	156
155	157
155	165
155	166
155	167
156	157
156	164
156	165
156	166
157	158
157	159
157	163
157	164
157	165
158	159
158	160
158	161
158	162
158	163
158	164
159	160
159	161
159	162
159	163
160	161
160	162
161	162
161	163
162	163
162	164
163	164
163	165
164	165
164	166
165	166
165	167
166	167
166	168
167	168
167	169
168	169
169	170
169	171
169	179
170	171
170	172
170	175
170	176
171	172
171	173
171	175
171	176
172	173
172	174
172	175
172	176
173	174
173	175
173	176
174	175
174	176
174	177
175	176
175	177
175	178
176	177
176	178
176	179
177	178
177	179
177	180
178	179
178	180
178	181
179	180
179	181
179	182
180	181
180	182
180	183
181	182
181	183
182	183
182	184
183	184
183	185
183	186
184	185
184	186
185	186
185	187
186	187
186	188
186	230
187	188
187	230
187	231
187	315
188	189
188	190
188	230
188	231
188	232
189	190
189	191
189	231
189	232
189	233
190	191
190	192
190	232
190	233
190	234
190	235
191	192
191	193
191	233
191	234
191	235
192	193
192	194
192	234
192	235
192	236
192	237
193	194
193	195
193	214
193	235
193	236
193	237
194	195
194	196
194	197
194	236
194	237
194	238
195	196
195	197
195	198
195	236
195	237
195	238
195	239
195	242
196	197
196	198
196	238
196	241
196	242
197	198
197	199
197	200
197	210
197	211
198	199
198	200
198	210
198	211
198	251
198	254
199	200
199	253
199	254
200	201
200	202
200	209
200	210
201	202
201	203
201	205
201	206
201	207
201	208
201	209
201	210
202	203
202	204
202	205
202	206
202	208
202	209
202	210
203	204
203	205
203	206
204	205
204	206
205	206
205	207
205	208
206	207
206	208
207	208
207	209
208	209
208	210
209	210
209	211
209	212
209	213
210	211
210	212
210	213
210	214
211	212
211	213
211	214
211	215
212	213
212	214
212	215
212	216
213	214
213	215
213	216
213	217
214	215
214	216
214	217
214	218
215	216
215	217
215	218
215	219
215	275
216	217
216	218
216	219
216	220
217	218
217	219
217	220
217	221
218	219
218	220
218	221
218	222
219	220
219	221
219	222
219	223
219	278
219	279
220	221
220	222
220	223
220	224
221	222
221	223
221	224
222	223
222	224
222	232
222	279
223	224
223	225
223	279
223	280
224	225
224	226
224	227
225	226
225	227
225	228
226	227
226	228
227	228
227	229
227	230
228	229
228	230
229	230
229	231
230	231
230	232
231	232
231	233
232	233
232	234
232	287
232	288
233	234
233	235
233	287
233	288
233	289
234	235
234	236
234	287
234	288
234	289
234	290
235	236
235	237
235	289
235	290
235	291
235	292
236	237
236	290
236	291
236	292
237	238
237	239
237	291
237	292
237	293
237	294
238	239
238	240
238	241
238	242
238	292
238	293
238	294
239	240
239	241
239	242
239	243
239	291
239	292
239	293
240	241
240	242
240	243
240	244
240	293
241	242
241	243
241	244
241	245
242	243
242	244
242	245
242	246
243	244
243	245
243	246
243	264
244	245
244	246
244	247
245	246
245	247
245	248
245	249
246	247
246	248
246	249
246	250
246	262
246	263
246	264
247	248
247	249
247	262
247	263
248	249
248	250
249	250
249	251
250	251
250	252
250	253
251	252
251	253
251	254
251	255
251	258
252	253
252	254
252	255
252	256
252	257
252	258
253	254
253	255
253	256
254	255
254	256
255	256
255	257
255	258
256	257
256	258
257	258
257	259
258	259
258	260
259	260
259	261
260	261
260	262
260	266
260	267
261	262
261	263
261	266
262	263
262	264
262	267
263	264
263	265
263	266
263	267
264	265
264	266
264	267
264	268
265	266
265	267
265	268
265	269
266	267
266	268
266	269
266	270
267	268
267	269
267	270
267	271
268	269
268	270
268	271
268	272
269	270
269	271
269	272
269	273
270	271
270	272
270	273
270	274
271	272
271	273
271	274
271	275
272	273
272	274
272	275
272	276
273	274
273	275
273	276
273	277
274	275
274	276
274	277
275	276
275	277
275	278
276	277
276	278
276	279
277	278
277	279
278	279
278	280
279	280
279	281
279	282
280	281
280	282
281	282
281	283
281	284
281	285
282	283
282	284
282	285
282	286
283	284
283	285
284	285
284	286
285	286
285	287
286	287
286	288
287	288
287	289
288	289
288	290
289	290
289	291
290	291
290	292
291	292
292	293
292	294
292	299
292	300
293	294
293	295
293	296
293	299
294	295
294	296
294	300
295	296
295	297
296	297
296	298
296	299
296	300
297	298
297	299
297	300
297	301
298	299
298	300
298	301
298	302
299	300
299	301
299	302
299	303
300	301
300	302
300	303
300	304
301	302
301	303
301	304
301	305
302	303
302	304
302	305
302	306
303	304
303	305
303	306
303	307
304	305
304	306
304	307
304	308
305	306
305	307
305	308
305	309
306	307
306	308
306	309
306	310
307	308
307	309
307	310
307	311
308	309
308	310
308	311
308	312
309	310
309	311
309	312
309	313
310	311
310	312
310	313
310	314
311	312
311	313
311	314
311	315
312	313
312	314
312	315
313	314
313	315
314	315
