0	1
0	2
0	3
0	151
0	152
0	153
0	154
1	2
1	3
1	4
1	5
1	153
2	3
2	4
2	5
2	6
3	4
3	5
3	6
3	7
3	151
3	152
4	5
4	6
4	7
4	8
5	6
5	7
5	8
5	9
6	7
6	8
6	9
6	10
7	8
7	9
7	10
7	11
8	9
8	10
8	11
8	12
9	10
9	11
9	12
9	13
10	11
10	12
10	13
10	14
11	12
11	13
11	14
11	15
11	16
12	13
12	14
12	15
12	16
13	14
13	15
14	15
14	16
15	16
15	17
16	17
16	18
16	90
16	91
17	18
17	19
17	38
17	39
17	90
18	19
18	20
18	38
18	39
18	40
18	89
18	90
18	91
19	20
19	21
19	38
19	39
19	40
19	41
19	89
19	90
19	91
19	92
20	21
20	22
20	40
20	41
20	42
20	89
20	91
20	92
20	93
21	22
21	23
21	24
21	30
21	41
21	42
21	43
21	92
21	93
21	94
22	23
22	24
22	42
22	43
22	44
22	92
22	93
22	94
23	24
23	25
23	42
23	43
23	44
23	94
23	98
24	25
24	26
24	27
24	30
24	42
24	43
24	44
24	50
25	26
25	27
25	44
25	49
25	50
26	27
26	28
26	49
26	50
26	52
26	53
27	28
27	29
27	30
27	31
27	53
28	29
28	30
28	31
28	32
29	30
29	31
29	32
29	33
30	31
30	32
30	33
30	34
30	40
30	42
31	32
31	33
31	34
31	35
32	33
32	34
32	35
32	36
33	34
33	35
33	36
33	37
33	38
33	40
34	35
34	36
34	37
34	38
34	39
34	40
34	65
34	66
34	69
35	36
35	37
35	65
36	37
36	38
37	38
37	39
38	39
38	40
39	40
39	41
39	69
40	41
40	42
40	69
40	70
41	42
41	43
41	69
41	70
41	71
42	43
42	44
42	70
42	71
42	72
43	44
43	45
43	71
43	72
43	73
43	74
44	45
44	46
44	50
44	72
44	73
44	74
44	75
45	46
45	47
45	73
45	74
45	75
46	47
46	48
46	49
46	50
46	73
47	48
47	49
47	50
47	51
48	49
48	50
48	51
49	50
49	51
49	52
50	51
50	52
50	53
50	54
51	52
51	53
51	54
51	55
52	53
52	54
52	55
52	56
53	54
53	55
53	56
53	57
54	55
54	56
54	57
54	58
54	71
55	56
55	57
55	58
55	59
56	57
56	58
56	59
56	60
57	58
57	59
57	60
57	61
57	66
58	59
58	60
58	61
59	60
59	61
59	62
60	61
60	62
60	63
60	66
61	62
61	63
61	66
61	67
62	63
62	64
63	64
63	65
63	66
63	67
64	65
64	66
64	67
65	66
65	67
65	68
66	67
66	68
66	69
67	68
67	69
68	69
68	70
69	70
69	71
70	71
70	72
71	72
72	73
72	74
73	74
74	75
74	76
74	79
74	82
75	76
75	77
75	78
75	79
76	77
76	78
76	79
76	115
76	118
76	119
77	78
77	79
77	114
77	115
78	79
78	80
78	81
78	82
79	80
79	81
79	82
79	83
79	118
80	81
80	82
80	83
80	84
80	118
81	82
81	83
81	84
82	83
82	84
83	84
83	85
84	85
84	86
85	86
85	87
85	88
85	89
85	122
86	87
86	88
87	88
87	89
87	124
88	89
88	122
88	123
88	124
89	90
89	91
89	92
89	122
89	123
89	124
90	91
90	92
90	123
90	124
90	127
90	128
91	92
91	93
91	123
91	127
91	128
91	129
92	93
92	94
92	122
92	123
92	128
92	129
92	130
93	94
93	95
93	129
93	130
93	131
94	95
94	96
94	98
94	130
94	131
94	132
95	96
95	97
95	98
95	130
95	131
95	132
96	97
96	98
96	132
96	152
97	98
97	99
97	100
97	132
97	133
97	134
98	99
98	100
98	101
99	100
99	101
99	102
100	101
100	102
100	133
100	201
100	202
100	204
101	102
101	103
101	200
101	201
101	202
102	103
102	104
102	201
102	202
103	104
103	105
103	201
103	202
104	105
104	106
104	107
104	108
104	109
104	111
105	106
105	107
106	107
106	108
107	108
107	109
108	109
108	110
109	110
109	111
109	112
109	113
110	111
110	112
110	113
110	114
111	112
111	113
111	114
111	115
112	113
112	114
112	115
112	116
113	114
113	115
113	116
113	117
114	115
114	116
114	117
114	118
115	116
115	117
115	118
115	119
116	117
116	118
116	119
116	120
116	213
116	216
117	118
117	119
117	120
117	121
117	216
118	119
118	120
118	121
118	122
119	120
119	121
119	122
120	121
120	122
120	123
120	216
120	217
121	122
121	123
122	123
122	124
123	124
123	125
123	127
123	128
123	249
124	125
124	126
124	127
125	126
125	127
125	249
125	250
125	251
126	127
126	248
126	249
126	250
127	128
127	129
127	248
127	249
128	129
128	130
128	246
128	247
128	248
128	249
129	130
129	131
129	246
129	247
129	248
130	131
130	132
130	244
130	245
130	246
130	247
131	132
131	244
131	245
132	133
132	242
132	243
132	244
132	245
133	134
133	135
133	204
133	242
133	243
133	244
134	135
134	136
134	241
134	242
134	243
135	136
135	137
135	138
135	139
135	205
135	240
135	241
135	242
135	243
136	137
136	138
136	139
136	140
136	203
136	204
136	205
137	138
137	139
137	140
137	141
137	205
137	206
138	139
138	140
138	141
138	142
139	140
139	141
139	142
139	143
139	144
139	145
140	141
140	142
140	143
141	142
141	143
142	143
142	144
143	144
143	165
144	145
144	146
144	163
145	146
145	147
145	163
146	147
147	148
147	149
148	149
148	150
148	158
148	159
149	150
149	151
149	154
150	151
150	152
150	153
150	154
151	152
151	153
151	228
152	153
153	154
153	155
154	155
154	156
155	156
155	157
156	157
156	158
157	158
157	159
157	181
157	182
158	159
158	181
158	182
159	160
159	161
159	179
159	180
159	181
159	182
160	161
160	179
160	180
160	181
161	162
161	163
161	177
161	178
161	179
161	180
162	163
162	164
162	177
162	178
162	179
163	164
163	165
163	175
163	176
163	177
163	178
164	165
164	166
164	175
164	176
164	177
165	166
165	167
165	174
165	175
165	176
166	167
166	168
166	172
166	173
166	174
166	175
167	168
167	169
167	170
167	171
167	172
167	173
168	169
168	170
168	171
168	172
168	173
169	170
169	171
170	171
170	172
171	172
171	173
172	173
172	174
172	203
173	174
173	202
173	203
174	175
174	176
174	200
174	201
174	202
174	203
175	176
175	177
175	200
175	201
175	202
175	203
176	177
176	178
176	198
176	199
176	200
176	201
177	178
177	179
177	198
177	199
177	200
178	179
178	180
178	197
178	198
178	199
179	180
179	181
179	196
179	197
179	198
180	181
180	182
180	194
180	195
180	196
180	197
181	182
181	183
181	194
181	195
181	196
182	183
182	184
182	192
182	193
182	194
182	195
183	184
183	185
183	186
183	192
183	193
183	194
184	185
184	186
184	192
184	193
185	186
185	187
185	190
185	191
185	192
185	193
186	187
186	188
186	191
186	192
186	193
187	188
187	189
187	190
187	191
187	192
187	193
188	189
188	190
188	191
189	190
189	191
190	191
190	192
191	192
191	193
192	193
192	194
193	194
193	195
194	195
194	196
195	196
196	197
197	198
198	199
198	200
199	200
199	201
200	201
201	202
201	203
202	203
202	204
203	204
203	205
204	205
204	206
204	208
204	209
205	206
205	207
205	208
205	209
206	207
206	208
206	209
206	210
207	208
207	209
207	210
207	211
208	209
208	210
208	211
208	212
209	210
209	211
209	212
209	213
210	211
210	212
210	213
210	214
211	212
211	213
211	214
211	215
212	213
212	214
212	215
212	216
213	214
213	215
213	216
214	215
214	216
214	217
214	218
214	219
215	216
215	217
215	218
215	219
216	217
216	218
217	218
217	219
217	220
217	221
217	249
218	219
218	220
219	220
219	221
220	221
220	249
220	250
220	251
221	222
221	223
221	247
221	248
221	249
221	250
221	251
222	223
222	224
222	247
222	248
222	249
223	224
223	225
223	246
223	247
223	248
224	225
224	226
224	245
224	246
224	247
225	226
225	227
225	232
225	243
225	244
225	245
225	246
226	227
226	228
226	229
226	230
226	231
226	232
226	243
226	244
226	245
227	228
227	229
227	230
227	231
227	232
227	240
227	242
227	243
227	244
228	229
228	230
228	240
228	241
228	242
228	243
228	244
229	230
229	231
229	244
230	231
230	232
231	232
231	233
232	233
232	234
233	234
233	235
233	236
234	235
234	236
235	236
236	237
236	238
237	238
237	239
238	239
238	240
239	240
239	241
240	241
240	242
240	243
241	242
241	243
242	243
242	244
243	244
243	245
244	245
244	246
245	246
245	247
246	247
247	248
247	249
248	249
248	250
249	250
249	251
250	251
