0	1
0	2
0	3
0	4
1	2
1	3
1	4
1	5
1	66
2	3
2	4
2	5
2	6
2	97
2	98
3	4
3	5
3	6
3	7
4	5
4	6
4	7
4	8
5	6
5	7
5	8
5	9
5	97
5	98
6	7
6	8
6	9
6	10
6	97
7	8
7	9
7	10
7	11
8	9
8	10
8	11
8	12
9	10
9	11
9	12
9	13
9	89
10	11
10	12
10	13
10	14
11	12
11	13
11	14
11	15
12	13
12	14
12	15
12	16
12	44
12	45
12	46
12	87
13	14
13	15
13	16
13	42
13	43
13	44
13	45
14	15
14	16
14	17
15	16
15	17
15	18
15	21
15	44
15	45
16	17
16	18
16	21
16	44
16	45
17	18
17	19
17	21
18	19
18	20
18	21
19	20
19	21
19	22
20	21
20	22
20	47
21	22
21	23
21	24
21	25
21	45
22	23
22	24
22	25
22	26
23	24
23	25
23	26
23	27
24	25
24	26
24	27
24	28
24	45
24	86
24	105
25	26
25	27
25	28
25	29
26	27
26	28
26	29
26	30
27	28
27	29
27	30
27	31
28	29
28	30
28	31
28	32
28	33
29	30
29	31
29	32
29	33
30	31
30	32
31	32
31	33
32	33
32	34
33	34
33	35
33	37
33	38
33	157
34	35
34	36
34	37
34	38
35	36
35	37
35	38
35	39
36	37
36	38
36	39
36	40
37	38
37	39
37	40
37	41
37	156
37	157
38	39
38	40
38	41
38	42
38	43
39	40
39	41
39	42
39	43
40	41
40	42
41	42
41	43
42	43
42	44
42	89
43	44
43	87
43	88
43	89
44	45
44	46
44	86
44	87
44	88
45	46
45	47
45	85
45	86
45	87
46	47
46	48
46	82
46	83
46	84
46	85
46	86
46	87
47	48
47	49
47	83
47	84
47	85
48	49
48	83
48	84
49	50
49	51
49	52
49	83
50	51
50	52
50	79
50	80
51	52
51	53
51	54
51	55
51	79
51	80
52	53
52	54
52	55
52	56
52	80
53	54
53	55
53	56
53	57
53	58
53	80
54	55
54	56
54	57
54	58
54	79
54	80
55	56
55	57
55	58
55	59
56	57
56	58
57	58
57	59
58	59
58	60
58	61
58	63
58	64
59	60
59	61
59	64
60	61
60	62
60	63
60	64
61	62
61	63
61	64
61	65
62	63
62	64
62	65
62	66
63	64
63	65
63	66
63	67
64	65
64	66
64	67
64	68
65	66
65	67
65	68
65	69
66	67
66	68
66	69
66	70
67	68
67	69
67	70
67	71
67	72
67	73
68	69
68	70
68	71
68	72
68	73
68	74
69	70
69	71
70	71
70	72
70	115
70	116
70	118
71	72
71	73
71	74
71	115
71	116
72	73
72	74
72	80
72	81
72	82
72	115
73	74
73	78
73	79
73	80
73	81
74	75
74	76
74	78
74	79
74	80
74	81
75	76
75	77
75	78
75	79
76	77
76	78
77	78
77	79
78	79
79	80
79	81
80	81
80	82
80	83
81	82
81	83
82	83
82	84
82	85
83	84
83	85
84	85
84	104
84	105
85	86
85	87
85	102
85	103
85	104
85	105
86	87
86	88
86	102
86	103
86	104
87	88
87	89
87	100
87	101
87	102
87	103
88	89
88	90
88	100
88	101
88	102
89	90
89	91
89	97
89	99
89	100
89	101
90	91
90	92
90	97
90	98
90	99
90	100
90	128
91	92
91	93
91	95
91	96
91	97
91	98
91	131
92	93
92	94
92	95
92	96
92	97
92	98
92	131
93	94
93	95
93	131
94	95
94	96
95	96
95	97
95	131
96	97
96	98
97	98
97	99
98	99
98	120
98	121
99	100
99	115
99	121
100	101
100	102
100	114
100	115
101	102
101	112
101	113
101	114
101	115
102	103
102	104
102	112
102	113
102	114
103	104
103	105
103	111
103	112
103	113
104	105
104	106
104	108
104	111
104	112
105	106
106	107
106	108
107	108
107	109
108	109
108	110
108	111
109	110
109	111
110	111
110	112
110	113
111	112
111	113
112	113
112	114
113	114
113	115
114	115
114	116
115	116
115	117
116	117
116	118
117	118
117	121
117	122
117	123
118	119
118	120
118	121
118	122
119	120
119	121
120	121
120	122
121	122
121	123
122	123
122	124
122	125
122	126
123	124
123	125
123	126
123	166
123	167
123	168
124	125
124	126
124	172
124	174
124	175
125	126
125	127
125	174
125	175
126	127
126	128
126	166
126	175
127	128
127	129
127	130
127	164
127	165
127	166
128	129
128	130
128	149
128	164
128	165
128	166
129	130
129	131
129	132
129	133
129	152
129	163
129	164
129	165
130	131
130	132
130	133
130	134
130	164
131	132
131	133
131	134
131	135
132	133
132	134
132	135
132	136
133	134
133	135
133	136
133	137
133	161
133	162
134	135
134	136
134	137
134	138
135	136
135	137
135	138
136	137
136	138
137	138
137	139
137	140
138	139
138	140
138	182
139	140
139	141
139	182
139	183
140	141
140	142
140	143
140	182
140	183
141	142
141	183
141	185
142	143
142	144
142	162
142	183
142	184
142	185
142	186
143	144
143	145
143	162
143	163
143	183
143	185
143	186
143	187
144	145
144	146
144	162
144	163
144	164
144	186
144	187
144	188
144	189
145	146
145	147
145	163
145	164
145	165
145	187
145	188
145	189
146	147
146	148
146	151
146	152
146	163
146	164
146	165
146	188
146	189
146	190
147	148
147	165
147	166
147	190
148	149
148	150
148	151
148	152
148	165
148	166
148	167
149	150
149	151
149	152
149	153
149	165
150	151
150	152
150	153
150	154
151	152
151	153
151	154
151	155
151	228
151	229
152	153
152	154
152	155
152	156
152	163
152	164
152	165
153	154
153	155
153	156
153	157
154	155
154	156
154	157
154	158
154	229
155	156
155	157
155	158
155	159
155	160
155	161
155	229
155	232
156	157
156	158
156	159
156	160
156	161
157	158
157	159
158	159
158	160
158	236
158	237
159	160
159	161
159	237
160	161
160	162
160	163
160	237
161	162
161	163
162	163
162	164
163	164
164	165
165	166
165	167
166	167
166	168
166	170
166	171
167	168
167	169
168	169
168	170
169	170
170	171
170	172
170	199
170	203
171	172
171	173
171	175
171	203
172	173
172	174
172	175
172	176
172	206
173	174
173	175
173	176
173	177
173	206
173	207
174	175
174	176
174	177
174	178
175	176
175	177
175	178
175	179
176	177
176	178
176	179
176	180
176	207
177	178
177	179
177	180
177	181
178	179
178	180
178	181
178	182
179	180
179	181
179	182
179	183
180	181
180	182
180	183
180	184
181	182
181	183
182	183
183	184
183	185
184	185
184	186
184	214
184	215
184	216
185	186
185	187
185	215
185	216
185	217
186	187
186	188
186	216
186	217
186	218
187	188
187	189
187	217
187	218
187	219
187	220
188	189
188	190
188	218
188	219
188	220
189	190
189	191
189	219
189	220
189	221
190	191
190	192
190	196
190	197
190	200
190	220
190	221
190	222
191	192
191	193
191	196
191	221
191	222
191	226
191	227
192	193
192	196
192	221
192	222
192	223
192	224
192	225
192	226
192	227
193	194
193	195
193	196
193	224
193	225
194	195
194	196
194	197
194	198
195	196
195	197
195	198
195	199
196	197
196	198
196	199
196	200
197	198
197	199
197	200
197	201
198	199
198	200
198	201
198	202
199	200
199	201
199	202
199	203
200	201
200	202
200	203
200	204
201	202
201	203
201	204
201	205
202	203
202	204
202	205
202	206
203	204
203	205
203	206
203	207
204	205
204	206
204	207
204	208
205	206
205	207
205	208
206	207
206	208
207	208
207	209
207	210
207	211
208	209
208	210
208	211
208	283
208	284
209	210
209	211
209	283
209	284
209	285
210	211
210	212
210	284
210	285
211	212
211	213
211	215
211	284
211	285
211	286
212	213
212	214
212	215
212	285
212	286
213	214
213	215
213	286
213	288
213	289
214	215
214	216
215	216
215	217
216	217
216	218
217	218
217	219
217	249
217	250
218	219
218	220
218	247
218	248
218	249
218	250
219	220
219	221
219	247
219	248
219	249
220	221
220	222
220	244
220	247
220	248
221	222
221	223
222	223
222	224
222	226
222	227
223	224
223	225
223	226
224	225
224	226
225	226
225	227
226	227
226	228
226	230
226	231
227	228
227	229
227	230
227	231
228	229
228	230
228	231
228	232
229	230
229	231
229	232
229	233
230	231
230	232
230	233
230	234
231	232
231	233
231	234
231	235
232	233
232	234
232	235
232	236
232	237
232	240
233	234
233	235
233	236
234	235
234	236
235	236
235	237
235	239
235	240
236	237
236	238
236	239
236	240
237	238
237	239
237	240
237	241
238	239
238	240
238	241
238	242
239	240
239	241
239	242
239	243
240	241
240	242
240	243
240	244
241	242
241	243
241	244
241	245
242	243
242	244
242	245
242	246
243	244
243	245
243	246
243	247
244	245
244	246
244	247
245	246
245	247
246	247
246	248
247	248
247	249
248	249
248	250
248	252
248	253
249	250
249	251
249	252
249	253
250	251
250	252
250	253
250	254
251	252
251	253
251	254
251	255
251	293
252	253
252	254
252	255
252	256
253	254
253	255
253	256
253	257
254	255
254	256
254	257
254	258
255	256
255	257
255	258
255	259
256	257
256	258
256	259
257	258
257	259
257	260
258	259
258	260
258	261
258	273
259	260
259	261
259	262
260	261
260	262
261	262
262	263
262	264
262	269
262	272
262	273
263	264
263	265
263	266
263	269
264	265
264	266
264	269
264	270
265	266
265	267
265	269
266	267
266	268
266	269
266	270
267	268
267	269
267	270
267	271
268	269
268	270
268	271
268	272
269	270
269	271
269	272
269	273
270	271
270	272
270	273
270	274
270	301
271	272
271	273
271	274
271	275
272	273
272	274
272	275
272	276
273	274
273	275
273	276
273	277
274	275
274	276
274	277
274	278
275	276
275	277
275	278
276	277
276	278
276	279
277	278
277	279
277	280
277	281
278	279
278	280
278	281
278	282
279	280
279	281
279	282
279	283
280	281
280	282
280	283
281	282
281	283
281	284
281	290
281	293
282	283
282	284
283	284
283	285
284	285
284	286
284	290
285	286
285	287
286	287
286	288
286	289
286	290
287	288
287	289
287	290
287	291
288	289
288	290
288	291
288	292
289	290
289	291
289	292
289	293
290	291
290	292
290	293
290	294
291	292
291	293
291	294
291	295
292	293
292	294
292	295
292	296
293	294
293	295
293	296
293	297
294	295
294	296
294	297
294	298
294	306
295	296
295	297
295	298
295	299
295	306
296	297
296	298
296	299
296	300
297	298
297	299
297	300
297	301
298	299
298	300
298	301
298	302
298	303
298	304
298	306
299	300
299	301
299	302
299	303
300	301
300	302
301	302
301	303
302	303
302	304
303	304
303	305
303	306
304	305
304	306
305	306
305	307
305	308
306	307
306	308
306	309
307	308
307	309
308	309
