0	1
0	2
1	2
2	3
2	4
3	4
3	5
3	43
4	5
4	6
5	6
5	9
5	10
5	11
5	215
6	7
6	8
6	9
6	10
6	215
6	216
7	8
7	9
7	10
7	215
8	9
8	10
9	10
9	11
10	11
10	12
10	213
10	214
10	215
11	12
11	13
11	213
11	214
11	215
12	13
12	211
12	212
12	213
12	214
13	14
13	15
13	36
13	37
13	38
13	211
13	212
13	213
13	214
14	15
14	16
14	36
14	37
14	209
14	210
14	211
14	212
15	16
15	17
15	35
15	36
15	37
15	208
15	209
15	210
15	211
15	212
16	17
16	18
16	35
16	36
16	37
16	208
16	209
17	18
17	19
17	34
17	35
17	36
17	208
18	19
18	20
18	32
18	33
18	34
18	35
18	203
19	20
19	21
19	32
19	33
19	34
20	21
20	22
20	30
20	31
20	32
20	33
21	22
21	23
21	31
21	32
21	33
21	274
22	23
22	24
22	25
22	27
22	30
22	31
22	271
22	272
22	274
23	24
23	25
23	26
23	27
23	271
23	272
24	25
24	26
24	27
25	26
25	27
26	27
26	28
26	271
27	28
27	29
27	30
27	271
27	272
28	29
29	30
29	31
30	31
30	32
30	183
30	184
31	32
31	33
31	181
31	182
31	183
31	184
32	33
32	34
32	181
32	182
32	183
32	203
33	34
33	35
33	180
33	181
33	182
34	35
34	36
34	179
34	180
34	181
35	36
35	37
35	176
35	177
35	178
35	179
35	180
36	37
36	38
36	176
36	177
36	178
36	179
37	38
37	39
37	175
37	176
37	177
37	178
38	39
38	40
38	41
38	43
38	175
38	176
39	40
39	41
39	175
40	41
40	42
41	42
41	43
42	43
42	44
43	44
44	45
45	46
45	47
45	49
45	216
46	47
46	48
46	49
46	169
47	48
47	49
47	166
47	168
47	169
47	223
47	243
47	246
47	247
48	49
48	50
48	165
48	166
48	219
48	222
48	223
48	243
49	50
49	51
49	165
49	166
49	216
49	217
49	218
49	219
50	51
50	52
50	163
50	164
50	165
50	166
50	216
50	217
50	218
51	52
51	53
51	163
51	164
51	165
51	166
51	214
51	215
51	216
51	217
52	53
52	54
52	161
52	162
52	163
52	164
52	214
52	215
52	216
52	217
53	54
53	55
53	161
53	162
53	163
53	213
53	214
53	215
54	55
54	160
54	161
54	162
54	213
54	214
55	56
55	57
55	161
55	198
55	201
56	57
56	58
56	91
56	92
56	201
57	58
57	59
57	91
57	92
57	197
58	59
58	60
58	61
58	62
58	91
59	60
59	61
59	62
59	63
59	91
60	61
60	62
60	63
60	64
61	62
61	63
61	64
61	65
62	63
62	64
62	65
62	66
62	87
62	90
62	91
63	64
63	65
63	66
63	67
64	65
64	66
64	67
64	68
65	66
65	67
65	68
65	69
65	136
66	67
66	68
66	69
66	70
66	71
66	72
66	73
67	68
67	69
67	70
67	71
67	72
68	69
68	70
68	140
68	141
68	144
69	70
69	71
69	144
69	145
69	146
69	147
70	71
70	72
70	146
70	147
71	72
71	73
72	73
72	74
72	75
73	74
73	75
73	85
73	86
73	87
74	75
74	76
74	85
74	86
74	87
75	76
75	77
75	85
75	86
75	149
76	77
76	78
76	83
76	84
76	85
76	86
77	78
77	79
77	83
77	84
77	85
77	86
77	149
77	150
78	79
78	80
78	81
78	82
78	83
78	84
79	80
79	81
79	82
79	83
80	81
80	82
81	82
81	83
82	83
82	84
83	84
84	85
84	86
84	88
84	89
85	86
85	87
85	88
85	89
86	87
86	88
86	89
86	90
86	149
87	88
87	89
87	90
87	91
88	89
88	90
88	91
88	92
89	90
89	91
89	92
89	93
89	94
90	91
90	92
90	93
90	94
91	92
91	93
91	94
92	93
92	94
93	94
93	95
93	158
93	159
94	95
94	96
94	156
94	157
94	158
94	159
95	96
95	97
95	98
95	156
95	157
95	158
95	159
96	97
96	98
96	135
97	98
97	99
97	134
97	135
97	196
97	197
98	99
98	100
98	134
99	100
99	103
99	130
99	131
99	134
99	135
100	101
100	102
100	103
100	104
100	127
100	130
101	102
101	103
101	104
101	105
101	126
101	127
101	130
102	103
102	104
102	105
102	106
103	104
103	105
103	106
103	107
103	155
104	105
104	106
104	107
104	108
104	126
104	130
105	106
105	107
105	108
105	109
105	120
106	107
106	108
106	109
106	110
106	155
107	108
107	109
107	110
107	111
108	109
108	110
108	111
108	112
108	113
108	116
108	117
109	110
109	111
109	112
109	113
109	117
110	111
110	112
111	112
111	113
111	145
112	113
112	114
112	117
113	114
113	115
113	116
113	117
113	143
114	115
114	116
114	117
115	116
115	117
115	118
116	117
116	118
116	119
117	118
117	119
117	120
118	119
118	120
119	120
119	121
119	122
119	125
119	126
120	121
120	122
120	126
121	122
121	123
122	123
122	124
122	125
122	126
123	124
123	125
123	126
123	127
124	125
124	126
124	127
124	128
125	126
125	127
125	128
125	129
126	127
126	128
126	129
126	130
127	128
127	129
127	130
127	131
128	129
128	130
128	131
128	132
129	130
129	131
129	132
129	133
130	131
130	132
130	133
130	134
131	132
131	133
132	133
132	134
133	134
133	135
133	137
133	138
134	135
134	136
134	137
134	138
135	136
135	137
135	138
135	139
136	137
136	138
136	139
136	140
136	141
137	138
137	139
137	140
137	141
137	142
138	139
138	140
138	141
138	142
138	143
139	140
139	141
139	142
139	143
139	144
140	141
140	142
140	143
140	144
141	142
141	143
141	144
142	143
142	144
143	144
143	145
144	145
145	146
145	147
146	147
146	148
147	148
147	149
147	151
147	152
148	149
148	150
148	151
148	152
149	150
149	151
149	152
149	153
150	151
150	152
150	153
150	154
151	152
151	153
151	154
151	155
152	153
152	154
152	155
152	156
153	154
153	155
153	156
154	155
154	156
155	156
155	157
156	157
156	158
157	158
157	159
158	159
158	160
159	160
160	161
160	162
161	162
161	163
162	163
162	164
162	198
163	164
163	165
164	165
164	166
164	180
165	166
165	167
165	180
165	242
165	243
166	167
166	168
166	177
166	178
166	179
166	180
166	242
166	243
166	246
167	168
167	179
167	180
167	181
167	242
167	243
167	245
167	246
168	169
168	170
168	173
168	177
168	178
168	179
168	245
168	246
168	249
169	170
169	171
169	172
169	173
169	246
169	249
169	250
170	171
170	172
170	173
170	174
171	172
171	173
171	174
171	250
171	253
172	173
172	174
172	249
172	250
172	253
173	174
173	175
173	176
174	175
174	176
175	176
176	177
176	178
176	179
177	178
177	179
177	180
178	179
178	180
179	180
180	181
180	182
180	242
181	182
181	183
181	239
181	242
182	183
182	184
182	199
183	184
183	185
183	199
183	239
184	185
184	186
184	196
184	199
184	200
184	203
185	186
185	187
185	195
185	196
185	199
185	200
186	187
186	194
186	195
186	196
187	188
187	189
187	193
187	194
187	195
188	189
188	190
188	191
188	192
188	193
188	194
189	190
189	191
189	192
189	193
189	194
190	191
190	192
191	192
191	193
192	193
192	194
193	194
193	195
194	195
195	196
195	197
195	200
196	197
196	198
196	199
196	200
197	198
197	199
197	200
197	201
198	199
198	200
198	201
198	202
199	200
199	201
199	202
199	203
200	201
200	202
200	203
200	204
201	202
201	203
201	204
201	205
201	206
202	203
202	204
202	205
202	206
203	204
203	205
204	205
204	206
205	206
205	207
206	207
206	208
206	210
207	208
207	209
207	210
208	209
208	210
209	210
209	211
210	211
210	212
211	212
211	213
212	213
212	214
213	214
214	215
215	216
215	217
216	217
216	218
217	218
217	219
218	219
218	220
219	220
219	221
219	222
220	221
220	222
220	223
221	222
221	223
221	373
222	223
222	373
222	374
223	224
223	225
224	225
224	226
224	247
225	226
225	227
225	228
225	230
226	227
226	228
227	228
227	229
227	230
228	229
228	230
228	256
228	257
228	258
229	230
229	231
229	256
229	257
229	258
230	231
230	232
230	258
230	323
230	324
231	232
231	233
231	258
231	259
231	260
231	323
231	324
231	325
232	233
232	234
232	259
232	260
232	261
232	324
232	325
232	326
233	234
233	235
233	260
233	261
233	262
233	324
233	325
233	326
233	327
234	235
234	236
234	244
234	261
234	262
234	263
234	326
234	327
234	328
235	236
235	237
235	262
235	263
235	264
235	327
235	328
235	329
236	237
236	238
236	240
236	241
236	263
236	264
236	328
236	329
236	330
237	238
237	239
237	240
237	241
237	264
237	265
237	266
237	330
238	239
238	240
238	241
238	265
238	266
238	330
239	240
239	241
239	242
239	330
240	241
240	242
240	329
240	330
241	242
241	243
241	244
241	245
241	329
242	243
242	244
242	245
242	246
243	244
243	245
243	246
243	247
244	245
244	246
244	247
244	248
245	246
245	247
245	248
245	249
246	247
246	248
246	249
246	250
247	248
247	249
247	250
247	251
248	249
248	250
248	251
248	252
249	250
249	251
249	252
249	253
250	251
250	252
250	253
250	254
251	252
251	253
251	254
251	255
251	256
252	253
252	254
252	255
252	256
252	287
253	254
253	255
254	255
254	256
255	256
255	257
256	257
256	258
257	258
257	259
258	259
258	260
259	260
259	261
259	288
259	289
260	261
260	262
260	287
260	288
260	289
260	290
261	262
261	263
261	288
261	289
261	290
261	291
262	263
262	264
262	290
262	291
262	292
263	264
263	265
263	291
263	292
263	293
263	305
264	265
264	292
264	293
264	294
264	305
265	266
265	293
265	294
265	295
265	304
265	305
266	267
266	268
266	272
266	294
266	295
266	296
267	268
267	272
267	295
267	296
267	297
267	298
268	269
268	270
268	271
268	272
268	295
268	296
268	297
268	298
269	270
269	271
269	272
269	273
269	295
270	271
270	272
270	273
271	272
271	273
272	273
272	274
273	274
273	275
273	276
274	275
274	276
275	276
275	277
275	278
275	279
276	277
276	278
276	279
276	280
277	278
277	279
277	280
277	281
278	279
278	280
278	281
278	282
279	280
279	281
279	282
279	283
280	281
280	282
280	283
280	284
281	282
281	283
281	284
281	285
282	283
282	284
282	285
282	286
282	287
282	288
283	284
283	285
283	286
283	287
283	288
283	289
284	285
284	286
285	286
285	287
286	287
286	288
286	289
287	288
287	289
288	289
288	290
289	290
290	291
290	292
291	292
291	293
292	293
292	294
292	308
293	294
293	295
294	295
294	296
294	303
294	304
294	305
294	308
295	296
295	297
295	298
295	303
295	304
296	297
296	298
296	302
296	303
296	304
297	298
297	299
297	302
298	299
299	300
299	301
300	301
300	302
301	302
301	303
302	303
302	304
303	304
303	307
304	305
304	306
304	307
304	308
305	306
305	307
305	308
305	309
306	307
306	308
306	309
306	310
306	339
306	340
306	343
307	308
307	309
307	310
307	311
308	309
308	310
308	311
308	312
309	310
309	311
309	312
309	313
309	343
310	311
310	312
310	313
310	343
310	347
311	312
311	313
312	313
312	314
312	315
312	316
313	314
313	315
313	316
313	317
313	347
314	315
314	316
314	317
314	318
314	351
315	316
315	317
315	318
315	319
316	317
316	318
316	319
316	320
317	318
317	319
317	320
317	321
317	348
317	351
317	352
318	319
318	320
318	321
318	322
319	320
319	321
319	322
319	323
319	324
320	321
320	322
320	323
320	324
321	322
321	323
322	323
322	324
323	324
323	325
324	325
324	326
324	371
325	326
325	327
325	371
325	372
326	327
326	328
326	371
326	372
326	373
327	328
327	329
327	372
327	373
327	374
328	329
328	330
328	373
328	374
328	375
329	330
329	374
329	375
329	376
330	331
330	332
330	375
330	376
330	377
331	332
331	333
331	334
331	335
331	336
331	337
331	376
331	377
332	333
332	334
332	335
332	336
332	337
332	376
332	377
333	334
333	335
333	336
333	337
334	335
334	336
334	337
334	338
334	339
335	336
335	337
335	338
335	339
336	337
336	338
336	339
336	340
337	338
337	339
337	340
337	341
337	376
338	339
338	340
338	341
338	342
339	340
339	341
339	342
339	343
340	341
340	342
340	343
340	344
341	342
341	343
341	344
341	345
342	343
342	344
342	345
342	346
343	344
343	345
343	346
343	347
344	345
344	346
344	347
344	348
345	346
345	347
345	348
345	349
345	359
345	360
346	347
346	348
346	349
346	350
347	348
347	349
347	350
347	351
348	349
348	350
348	351
348	352
348	354
348	359
349	350
349	351
349	352
349	353
349	354
349	355
349	356
349	359
350	351
350	352
350	354
351	352
351	353
351	354
352	353
352	354
353	354
353	355
354	355
354	356
354	358
354	359
355	356
355	357
355	358
355	359
356	357
356	358
356	359
356	360
357	358
357	359
357	360
357	361
358	359
358	360
358	361
358	362
359	360
359	361
359	362
359	363
360	361
360	362
360	363
360	364
361	362
361	363
361	364
361	365
362	363
362	364
362	365
362	366
363	364
363	365
363	366
363	367
364	365
364	366
364	367
364	368
365	366
365	367
365	368
365	369
366	367
366	368
366	369
366	370
366	371
366	372
367	368
367	369
367	370
367	371
367	372
367	373
368	369
368	370
369	370
369	371
370	371
370	372
370	373
371	372
371	373
372	373
372	374
373	374
374	375
374	376
375	376
375	377
376	377
