0	1
0	2
1	2
1	3
1	34
1	35
1	36
2	3
2	4
2	35
2	36
2	65
3	4
3	5
3	35
3	36
3	37
3	38
3	64
3	65
3	66
4	5
4	6
4	35
4	36
4	37
4	38
4	65
4	66
4	67
5	6
5	7
5	37
5	38
5	39
5	40
5	65
5	66
5	67
5	68
6	7
6	8
6	39
6	40
6	67
6	68
6	69
7	8
7	9
7	40
7	68
7	69
7	70
8	9
8	10
8	11
8	69
8	70
8	71
9	10
9	11
9	70
9	71
9	72
9	73
9	89
10	11
10	71
10	72
10	73
10	74
11	12
11	13
11	70
11	71
11	72
11	109
12	13
12	14
13	14
13	15
13	16
13	17
14	15
14	16
14	17
14	18
14	146
15	16
15	17
15	18
15	19
15	70
15	106
15	107
15	146
15	147
16	17
16	18
16	19
16	20
17	18
17	19
17	20
17	21
18	19
18	20
18	21
18	146
18	147
18	148
18	149
19	20
19	21
19	22
19	149
20	21
20	22
20	27
21	22
21	23
21	149
22	23
22	24
22	25
22	26
22	27
22	149
22	150
23	24
23	25
23	26
24	25
24	26
25	26
25	27
25	29
25	30
26	27
26	28
26	29
26	30
27	28
27	29
27	30
27	31
28	29
28	30
28	31
28	32
29	30
29	31
29	32
29	33
29	34
30	31
30	32
30	33
30	34
30	35
31	32
31	33
31	34
31	35
31	36
31	37
32	33
32	34
32	35
32	36
33	34
33	35
34	35
35	36
35	37
36	37
36	38
37	38
37	39
38	39
38	40
38	58
39	40
39	41
39	44
39	54
39	55
40	41
40	42
40	43
40	44
41	42
41	43
41	44
42	43
42	44
43	44
43	45
44	45
44	46
45	46
45	47
46	47
46	50
46	51
47	48
47	49
47	50
47	51
48	49
48	50
48	51
48	52
49	50
49	51
49	52
49	53
50	51
50	52
50	53
50	54
51	52
51	53
51	54
51	55
52	53
52	54
52	55
52	56
53	54
53	55
53	56
53	57
54	55
54	56
54	57
54	58
55	56
55	57
55	58
55	59
56	57
56	58
56	59
56	60
57	58
57	59
57	60
57	61
58	59
58	60
58	61
59	60
59	61
59	65
60	61
60	62
61	62
61	63
61	64
62	63
62	64
63	64
63	65
64	65
64	100
64	101
65	66
65	67
65	100
65	101
66	67
66	68
66	100
66	101
66	102
66	103
67	68
67	69
67	100
67	102
67	103
67	104
68	69
68	70
68	103
68	104
68	105
68	106
69	70
69	71
69	104
69	105
69	106
69	110
70	71
70	105
70	106
70	107
70	110
71	72
71	73
71	109
71	110
72	73
72	74
72	109
72	110
72	113
72	125
72	126
72	127
72	128
73	74
73	75
73	89
73	90
73	125
73	126
73	127
73	128
74	75
74	76
74	79
74	81
74	82
74	123
74	124
74	125
74	126
75	76
75	77
75	78
75	79
75	90
75	123
75	124
75	125
76	77
76	78
76	79
76	81
76	123
76	124
77	78
77	79
77	80
77	81
78	79
78	80
79	80
79	81
79	82
79	88
79	90
80	81
80	82
80	83
80	88
81	82
81	83
81	123
82	83
82	88
82	89
83	84
83	85
83	86
83	87
83	88
83	89
84	85
84	86
84	87
84	88
84	89
85	86
85	87
86	87
86	88
87	88
87	89
87	91
87	92
88	89
88	90
88	91
88	92
89	90
89	91
89	92
89	93
90	91
90	92
90	93
90	94
91	92
91	93
91	94
91	95
92	93
92	94
92	95
92	96
93	94
93	95
93	96
93	97
94	95
94	96
94	97
95	96
95	97
95	98
96	97
96	98
96	99
96	100
97	98
97	99
97	100
97	103
97	137
98	99
98	100
98	137
99	100
99	101
100	101
100	102
100	103
101	102
102	103
102	104
103	104
103	105
103	139
103	140
104	105
104	106
104	139
104	140
104	141
105	106
105	107
105	110
105	111
105	139
105	140
105	141
105	142
106	107
106	108
106	110
106	111
106	141
106	142
106	143
106	152
107	108
107	109
107	110
107	111
107	142
107	143
107	144
107	145
107	146
107	147
108	109
108	110
108	111
108	112
108	113
108	114
108	143
108	144
108	145
108	247
109	110
109	111
109	112
109	113
109	114
109	115
109	127
110	111
110	112
110	113
110	127
110	128
111	112
111	113
111	127
111	128
111	129
111	141
111	143
112	113
112	114
112	126
112	127
112	249
113	114
113	115
113	116
113	117
113	125
113	126
113	127
114	115
114	116
114	117
114	118
114	250
115	116
115	117
115	118
115	252
116	117
116	118
116	121
116	125
117	118
117	119
117	121
117	124
117	125
117	126
118	119
118	120
118	121
118	252
118	253
119	120
119	121
120	121
120	122
121	122
121	123
121	124
121	125
122	123
122	124
123	124
123	125
124	125
124	126
125	126
126	127
126	128
126	130
126	131
127	128
127	129
127	130
127	131
128	129
128	130
128	131
128	132
129	130
129	131
129	132
129	133
129	137
129	138
129	139
130	131
130	132
130	133
131	132
131	133
132	133
132	134
132	135
132	136
132	137
133	134
133	135
133	136
133	137
133	138
134	135
134	136
135	136
135	137
136	137
136	138
137	138
137	139
138	139
138	140
139	140
139	141
140	141
140	142
140	171
140	172
141	142
141	143
141	171
141	172
142	143
142	147
142	151
142	152
142	172
143	144
143	145
143	147
143	247
144	145
144	146
144	147
144	246
144	247
145	146
145	147
145	246
145	247
146	147
146	148
147	148
147	149
147	151
147	152
148	149
148	150
148	151
148	152
148	230
149	150
149	151
149	152
149	153
150	151
150	152
150	153
150	154
151	152
151	153
151	154
151	155
151	176
152	153
152	154
152	155
152	156
153	154
153	155
153	156
153	157
154	155
154	156
154	157
154	158
155	156
155	157
155	158
155	159
156	157
156	158
156	159
156	160
157	158
157	159
157	160
157	161
158	159
158	160
158	161
158	162
158	163
159	160
159	161
159	162
159	163
160	161
160	162
161	162
161	163
162	163
162	164
163	164
163	165
164	165
164	166
165	166
165	167
165	173
166	167
166	168
166	173
166	174
167	168
167	169
167	171
167	172
167	173
167	174
168	169
168	170
168	171
168	172
168	173
168	174
169	170
169	171
170	171
170	172
171	172
171	173
172	173
172	174
172	177
173	174
173	175
173	176
173	177
174	175
174	176
174	177
174	178
175	176
175	177
175	178
176	177
176	178
176	223
176	224
177	178
177	179
177	222
177	223
177	224
178	179
178	180
178	222
179	180
179	181
179	183
179	222
179	223
180	181
180	182
180	183
180	184
180	218
180	219
180	220
180	221
180	222
180	223
181	182
181	183
181	184
181	185
181	218
181	219
181	221
181	222
181	223
181	224
181	225
181	226
182	183
182	184
182	185
182	188
182	218
182	219
183	184
183	185
184	185
184	186
184	226
184	227
185	186
185	187
185	188
185	226
186	187
186	188
187	188
187	189
187	190
187	191
187	209
187	210
188	189
188	190
188	191
188	192
189	190
189	191
189	192
189	193
190	191
190	192
190	193
190	194
190	195
190	209
190	210
191	192
191	193
191	194
191	195
191	196
191	210
192	193
192	194
193	194
193	195
194	195
194	196
195	196
195	209
195	210
196	197
196	198
196	204
196	209
196	210
196	211
196	212
196	213
197	198
197	199
197	202
197	204
197	205
197	209
197	210
197	211
197	213
198	199
198	202
198	213
198	214
199	200
199	201
199	202
199	214
200	201
200	202
200	205
201	202
201	205
202	203
202	204
202	205
202	206
203	204
203	205
203	206
203	207
204	205
204	206
204	207
204	208
204	209
205	206
205	207
205	208
205	209
206	207
206	208
207	208
207	209
208	209
208	210
209	210
209	211
210	211
210	212
211	212
211	213
211	214
211	215
211	216
211	242
212	213
212	214
212	215
212	216
212	261
213	214
213	215
213	260
213	261
214	215
214	216
214	242
214	259
214	260
215	216
215	217
215	242
215	258
215	259
215	260
215	261
216	217
216	218
216	242
216	243
216	244
217	218
217	219
217	220
217	221
217	243
217	244
217	245
218	219
218	220
218	221
218	243
218	245
219	220
219	221
220	221
220	222
221	222
221	223
221	245
221	247
221	248
222	223
222	247
223	224
223	225
223	247
224	225
224	226
224	227
224	228
225	226
225	227
225	228
225	229
225	230
225	235
226	227
226	228
226	229
226	235
227	228
227	229
228	229
228	230
229	230
229	231
229	232
229	233
229	234
229	235
230	231
230	232
230	233
230	234
230	235
231	232
231	233
231	234
232	233
232	234
233	234
234	235
234	238
235	236
235	237
235	238
235	239
236	237
236	238
236	239
236	240
236	241
236	242
236	243
237	238
237	239
237	240
237	241
237	242
237	243
238	239
238	240
239	240
239	241
240	241
240	242
241	242
241	243
242	243
242	244
243	244
243	245
244	245
244	246
244	255
244	258
245	246
245	247
245	248
245	251
245	255
246	247
246	248
246	251
247	248
247	249
248	249
248	250
248	251
249	250
249	251
250	251
250	252
250	253
250	254
251	252
251	253
251	254
251	255
252	253
252	254
252	255
252	256
253	254
253	255
253	256
254	255
254	256
255	256
255	257
255	258
256	257
256	258
257	258
257	259
257	260
258	259
258	260
259	260
260	261
