0	1
0	2
0	231
0	285
0	288
1	2
1	3
1	4
1	5
1	231
1	285
2	3
2	4
2	5
2	6
2	281
2	284
2	285
3	4
3	5
3	6
3	7
3	130
4	5
4	6
4	7
4	8
5	6
5	7
5	8
5	9
5	289
6	7
6	8
6	9
6	10
6	11
6	12
7	8
7	9
7	10
7	11
8	9
8	10
8	346
9	10
9	11
9	346
10	11
10	12
10	25
10	27
11	12
11	24
11	25
11	26
11	27
11	28
12	13
12	22
12	23
12	24
12	25
12	28
13	14
13	15
13	22
13	23
13	24
14	15
14	21
14	22
14	23
15	16
15	17
15	18
15	19
16	17
16	18
16	19
17	18
17	19
18	19
18	20
18	21
19	20
19	21
20	21
20	22
20	128
20	134
20	135
20	136
21	22
21	23
21	134
21	135
21	136
22	23
22	24
23	24
23	25
24	25
24	26
24	28
24	29
25	26
25	27
25	28
25	29
26	27
26	28
26	29
26	30
27	28
27	29
27	30
27	31
27	297
28	29
28	30
28	31
28	32
28	297
29	30
29	31
29	32
29	33
30	31
30	32
30	33
30	34
30	297
31	32
31	33
31	34
31	35
31	295
31	296
31	297
32	33
32	34
32	35
32	36
32	276
33	34
33	35
33	36
33	37
34	35
34	36
34	37
34	38
34	295
35	36
35	37
35	38
35	39
36	37
36	38
36	39
36	40
37	38
37	39
37	40
37	41
38	39
38	40
38	41
38	42
39	40
39	41
39	42
39	43
40	41
40	42
40	43
40	44
41	42
41	43
41	44
41	45
42	43
42	44
42	45
42	46
43	44
43	45
43	46
43	47
43	48
44	45
44	46
44	47
44	48
45	46
45	47
46	47
46	48
47	48
47	49
48	49
48	50
48	112
48	113
48	114
49	50
49	51
49	112
49	113
49	114
50	51
50	113
50	114
50	115
51	52
51	53
51	113
51	114
51	115
52	53
52	54
52	115
53	54
53	55
53	94
53	95
54	55
54	56
55	56
55	87
55	88
56	57
56	85
56	86
56	87
56	88
57	58
57	59
57	85
57	86
57	87
58	59
58	60
58	61
58	84
58	85
58	86
59	60
59	61
59	62
59	63
59	84
59	85
59	86
60	61
60	62
60	63
60	64
61	62
61	63
61	64
61	65
62	63
62	64
62	65
62	66
62	67
62	68
63	64
63	65
63	66
63	67
63	68
63	69
64	65
64	66
64	250
65	66
65	67
65	247
65	250
65	251
66	67
66	68
66	69
66	70
67	68
67	69
67	70
67	71
67	72
68	69
68	70
68	71
68	72
69	70
69	71
69	72
70	71
70	72
70	184
70	219
71	72
71	73
71	74
71	75
72	73
72	74
72	75
73	74
73	75
73	122
74	75
74	76
74	121
74	122
74	123
75	76
75	77
75	86
75	87
75	89
75	121
75	122
76	77
76	78
76	86
76	87
76	121
76	122
77	78
77	84
77	85
77	86
77	87
78	79
78	84
78	85
78	86
79	80
79	81
79	82
79	83
79	84
79	85
80	81
80	82
80	83
80	84
81	82
81	83
82	83
82	84
83	84
83	85
84	85
84	86
85	86
85	87
86	87
86	88
87	88
87	89
87	120
88	89
88	90
88	91
88	119
88	120
89	90
89	119
89	120
89	121
90	91
90	92
90	119
91	92
91	93
91	94
91	95
91	117
92	93
92	94
92	95
92	96
92	143
93	94
93	95
93	96
93	97
94	95
94	96
94	97
94	98
95	96
95	97
95	98
95	99
96	97
96	98
96	99
96	100
96	253
97	98
97	99
97	100
97	101
98	99
98	100
98	101
99	100
99	101
100	101
100	102
100	253
101	102
101	103
102	103
102	104
103	104
103	105
103	255
104	105
104	106
104	108
104	255
104	256
105	106
105	107
105	108
105	255
105	256
105	257
106	107
106	108
106	109
106	255
106	256
106	257
106	258
107	108
107	109
108	109
108	110
108	111
109	110
109	111
109	145
109	146
110	111
110	112
110	144
110	145
110	146
111	112
111	113
111	144
111	145
111	146
112	113
112	114
112	142
112	143
112	144
112	145
113	114
113	115
113	142
113	143
113	144
114	115
114	141
114	142
114	143
115	116
115	117
115	140
115	141
115	142
116	117
116	118
116	138
116	139
116	140
116	141
117	118
117	119
117	138
117	139
117	140
117	141
118	119
118	120
118	136
118	137
118	138
118	139
119	120
119	121
119	136
119	137
119	138
120	121
120	122
120	135
120	136
120	137
121	122
121	123
121	135
121	136
122	123
122	124
122	135
123	124
123	125
123	127
123	135
124	125
124	126
124	127
124	128
125	126
125	127
125	128
126	127
126	128
127	128
127	129
128	129
128	130
128	133
128	134
129	130
129	131
129	132
129	133
129	134
130	131
130	132
130	133
131	132
131	133
131	134
131	277
131	278
131	281
132	133
132	134
132	277
132	278
132	281
133	134
133	278
134	135
134	136
134	137
135	136
135	137
136	137
137	138
137	139
137	275
137	277
138	139
138	140
138	275
138	276
138	277
139	140
139	141
139	271
139	274
139	275
139	276
140	141
140	271
140	272
140	273
140	274
140	275
141	142
141	270
141	271
142	143
142	144
142	269
142	270
142	271
143	144
143	145
143	267
143	268
143	269
143	270
144	145
144	146
144	267
144	268
144	269
145	146
145	265
145	266
145	267
145	268
146	147
146	148
146	150
146	151
146	265
146	266
146	267
147	148
147	149
147	150
147	151
147	265
147	266
148	149
148	150
148	151
148	266
149	150
149	151
150	151
150	152
150	153
150	154
151	152
151	153
151	154
151	155
152	153
152	154
152	155
152	156
152	202
153	154
153	155
153	156
153	157
154	155
154	156
154	157
154	158
155	156
155	157
155	158
155	159
155	202
156	157
156	158
156	159
156	160
156	202
157	158
157	159
157	160
157	161
158	159
158	160
158	161
158	162
159	160
159	161
159	162
159	163
160	161
160	162
160	163
160	164
161	162
161	163
161	164
161	165
162	163
162	164
162	165
162	166
162	239
162	272
163	164
163	165
163	166
163	167
164	165
164	166
164	167
165	166
165	167
165	168
166	167
166	168
166	169
166	170
166	171
167	168
167	169
167	170
167	171
168	169
168	170
169	170
169	171
170	171
170	172
171	172
171	173
172	173
172	174
173	174
173	175
173	228
174	175
174	176
174	226
174	227
174	228
175	176
175	177
175	226
175	227
175	228
176	177
176	178
176	210
176	211
176	224
176	225
176	226
176	227
177	178
177	179
177	210
177	211
177	212
177	213
177	224
177	225
177	226
178	179
178	180
178	210
178	211
178	212
178	213
178	223
178	224
178	225
179	180
179	212
179	213
179	214
179	215
179	216
179	217
179	222
179	223
179	224
180	181
180	182
180	196
180	213
180	214
180	215
180	216
180	217
180	222
180	223
181	182
181	183
181	192
181	215
181	216
181	217
181	222
182	183
182	184
182	185
182	215
182	216
182	217
182	218
182	219
183	184
183	185
183	215
184	185
184	219
185	186
185	187
185	219
185	220
186	187
186	188
186	219
186	220
187	188
187	189
187	191
187	246
188	189
188	190
188	191
188	192
189	190
189	191
189	192
189	193
190	191
190	192
190	193
190	194
191	192
191	193
191	194
191	195
192	193
192	194
192	195
192	196
192	221
193	194
193	195
193	196
193	197
194	195
194	196
194	197
194	198
195	196
195	197
195	198
195	199
195	222
195	243
196	197
196	198
196	199
196	200
196	222
197	198
197	199
197	200
197	201
198	199
198	200
198	201
198	202
199	200
199	201
199	202
199	203
200	201
200	202
200	203
200	204
201	202
201	203
201	204
201	205
202	203
202	204
202	205
202	206
203	204
203	205
203	206
203	207
203	208
204	205
204	206
204	207
204	208
205	206
205	207
206	207
206	208
207	208
207	209
208	209
208	210
209	210
210	211
210	212
211	212
211	213
212	213
212	214
213	214
213	215
213	216
214	215
214	216
215	216
215	217
216	217
216	218
217	218
217	219
217	221
217	222
217	223
218	219
218	220
218	221
218	222
218	223
219	220
219	221
220	221
220	244
220	246
221	222
221	223
221	242
221	243
221	244
222	223
222	242
222	243
223	224
223	225
223	240
223	241
223	242
223	243
224	225
224	226
224	240
224	241
224	242
225	226
225	227
225	237
225	239
225	240
225	241
226	227
226	228
226	237
226	238
226	239
226	240
227	228
227	229
227	235
227	236
227	237
227	238
228	229
228	235
228	236
228	237
228	238
229	230
229	231
229	233
229	234
229	235
229	236
230	231
230	232
230	233
230	234
230	235
230	282
230	285
231	232
231	233
231	285
232	233
232	234
233	234
233	235
234	235
234	236
235	236
235	237
236	237
236	238
237	238
237	239
238	239
238	240
238	273
238	274
238	279
239	240
239	271
239	272
239	273
239	274
240	241
240	242
240	270
240	271
240	272
240	274
241	242
241	243
241	268
241	269
241	270
241	271
242	243
242	244
242	268
242	269
242	270
243	244
243	245
243	267
243	268
243	269
244	245
244	246
244	247
244	266
244	267
244	268
245	246
245	247
245	248
245	266
245	267
246	247
246	248
246	249
246	250
247	248
247	249
247	250
247	251
248	249
248	250
248	251
248	252
248	253
248	264
248	265
248	266
248	267
249	250
249	251
249	252
249	253
249	264
250	251
250	252
251	252
251	253
252	253
252	254
253	254
253	264
253	265
254	255
254	262
254	263
254	264
254	265
255	256
255	257
255	262
255	263
255	264
256	257
256	258
256	260
256	261
256	262
256	263
257	258
257	259
257	260
257	261
257	262
257	263
258	259
258	260
259	260
259	261
260	261
260	262
261	262
261	263
262	263
262	264
263	264
263	265
264	265
264	266
265	266
265	267
266	267
266	268
267	268
267	269
268	269
268	270
269	270
270	271
270	272
271	272
271	273
271	274
272	273
272	274
273	274
273	275
273	276
273	279
274	275
274	276
274	279
275	276
275	277
275	278
275	279
276	277
276	278
276	279
276	280
277	278
277	279
277	280
277	281
278	279
278	280
278	281
278	282
279	280
279	281
279	282
279	283
280	281
280	282
280	283
280	284
281	282
281	283
281	284
281	285
282	283
282	284
282	285
282	286
283	284
283	285
283	286
283	287
284	285
284	286
284	287
284	288
284	289
285	286
285	287
285	288
285	289
286	287
286	288
287	288
287	289
287	290
287	291
288	289
288	290
289	290
289	291
289	347
290	291
290	292
290	347
291	292
291	293
291	295
291	296
292	293
292	294
292	295
292	296
292	394
292	395
292	396
293	294
293	295
293	296
293	299
293	349
293	390
294	295
294	296
294	390
294	393
295	296
295	297
296	297
296	298
296	299
297	298
297	299
298	299
298	300
298	326
298	327
298	348
299	300
299	325
299	326
299	327
299	348
299	349
299	350
300	301
300	302
300	326
300	327
300	328
300	348
300	349
300	350
300	351
301	302
301	303
301	327
301	328
301	329
301	330
301	350
301	351
301	352
302	303
302	313
302	317
302	328
302	329
302	330
302	351
302	352
302	353
303	304
303	305
303	313
303	329
303	330
303	331
303	352
303	353
303	354
304	305
304	306
304	307
304	309
304	310
304	313
304	330
304	331
304	353
304	354
304	355
305	306
305	307
305	309
305	336
305	354
305	355
306	307
306	308
306	309
306	333
307	308
307	309
307	310
307	331
308	309
308	310
309	310
309	311
309	312
309	313
309	354
309	355
309	356
309	359
310	311
310	312
310	313
310	314
310	331
311	312
311	313
311	314
311	315
312	313
312	314
312	315
312	316
312	359
313	314
313	315
313	316
313	317
313	329
313	354
314	315
314	316
314	317
314	318
314	329
315	316
315	317
315	318
315	319
316	317
316	318
316	319
316	320
317	318
317	319
317	320
317	321
317	327
317	328
317	329
318	319
318	320
318	321
318	322
319	320
319	321
319	322
319	323
320	321
320	322
320	323
320	324
320	325
320	327
320	383
321	322
321	323
321	324
321	325
321	326
321	327
322	323
322	324
323	324
323	325
324	325
324	326
325	326
325	327
326	327
327	328
327	329
328	329
328	330
329	330
329	331
330	331
330	332
331	332
331	333
332	333
332	334
333	334
333	335
334	335
334	336
334	338
334	339
335	336
335	337
335	338
335	339
336	337
336	338
336	339
336	340
337	338
337	339
337	340
337	341
338	339
338	340
338	341
338	342
339	340
339	341
339	342
339	343
340	341
340	342
340	343
340	344
341	342
341	343
341	344
341	345
342	343
342	344
342	345
342	346
343	344
343	345
343	346
343	347
343	348
344	345
344	346
344	347
344	348
344	369
345	346
345	347
346	347
346	348
347	348
347	349
347	369
348	349
348	350
348	369
349	350
349	368
349	369
350	351
350	352
350	366
350	367
350	368
350	369
351	352
351	353
351	366
351	367
351	368
352	353
352	354
352	364
352	365
352	366
352	367
353	354
353	355
353	364
353	365
353	366
354	355
354	356
354	358
354	359
354	364
354	365
355	356
355	357
355	358
355	359
356	357
356	358
356	359
356	360
357	358
357	359
357	360
357	361
358	359
358	360
358	361
358	362
358	363
358	364
359	360
359	361
359	362
359	363
360	361
360	362
361	362
361	363
362	363
363	364
363	376
363	377
363	378
363	379
364	365
364	366
364	376
364	377
364	378
364	379
365	366
365	367
365	375
365	376
365	377
366	367
366	368
366	373
366	374
366	375
366	376
366	377
367	368
367	371
367	372
367	373
367	374
368	369
368	370
368	371
368	372
368	373
369	370
369	371
370	371
370	372
371	372
371	373
372	373
372	374
373	374
373	375
374	375
374	376
375	376
375	377
376	377
377	378
377	379
377	381
377	382
378	379
378	380
378	381
378	382
379	380
379	381
379	382
379	383
380	381
380	382
380	383
380	384
381	382
381	383
381	384
381	385
382	383
382	384
382	385
382	386
383	384
383	385
383	386
383	387
384	385
384	386
384	387
384	388
385	386
385	387
385	388
385	389
386	387
386	388
386	389
386	390
387	388
387	389
387	390
387	391
388	389
388	390
388	391
388	392
389	390
389	391
389	392
389	393
389	394
390	391
390	392
390	393
390	394
391	392
391	393
392	393
392	394
393	394
393	395
394	395
394	396
395	396
396	397
396	398
396	400
397	398
397	399
397	400
398	399
398	400
399	400
