1	1
2	1
3	1
4	1
5	1
6	1
7	1
8	1
9	3
10	3
11	3
12	3
13	3
14	3
15	2
16	3
17	2
18	2
19	2
20	2
21	2
22	2
23	2
24	2
25	2
26	2
27	2
28	2
29	2
30	2
31	2
32	2
33	2
34	2
35	2
36	2
37	2
38	2
39	2
40	2
41	2
42	2
43	2
44	2
45	2
46	2
47	2
48	2
49	2
50	2
51	2
52	2
53	2
54	2
55	2
56	2
57	2
58	2
59	2
60	2
61	2
62	2
63	2
64	2
65	2
66	2
67	2
68	2
69	2
70	2
71	2
72	2
73	1
74	1
75	1
76	1
77	2
78	2
79	2
80	2
81	2
82	2
83	2
84	2
85	2
86	2
87	2
88	2
89	2
90	2
91	2
92	2
93	2
94	2
95	2
96	2
97	2
98	2
99	2
100	2
101	2
102	2
103	2
104	2
105	2
106	2
107	2
108	2
109	2
110	2
111	2
112	2
113	2
114	2
115	2
116	2
117	2
118	2
119	2
120	2
121	2
122	2
123	2
124	2
125	1
126	1
127	1
128	1
129	1
130	1
131	1
132	1
133	3
134	1
135	2
136	2
137	2
138	2
139	2
140	2
141	2
142	2
143	2
144	2
145	2
146	2
147	2
148	2
149	2
150	2
151	2
152	2
153	2
154	2
155	2
156	2
157	2
158	2
159	2
160	2
161	2
162	2
163	2
164	2
165	2
166	2
167	2
168	2
169	2
170	2
171	2
172	2
173	2
174	2
175	2
176	2
177	2
178	2
179	2
180	2
181	2
182	2
183	2
184	2
185	2
186	2
187	2
188	2
189	2
190	2
191	2
192	2
193	2
194	2
195	2
196	2
197	2
198	3
199	3
200	3
201	3
202	3
203	1
204	1
205	1
206	1
207	3
208	3
209	1
210	1
211	1
212	1
213	1
214	1
215	1
216	1
217	1
218	1
219	1
220	1
221	1
222	1
223	1
224	1
225	1
226	3
227	1
228	1
229	1
230	1
231	1
232	1
233	1
234	1
235	1
236	5
237	1
238	1
239	1
240	1
241	1
242	1
243	1
244	5
245	5
246	5
247	5
248	5
249	5
250	5
251	5
252	5
253	5
254	5
255	5
256	3
257	3
258	3
259	3
260	3
261	3
262	3
263	3
264	1
265	1
266	5
267	5
268	5
269	5
270	5
271	5
272	5
273	5
274	5
275	5
276	5
277	5
278	5
279	4
280	4
281	4
282	4
283	4
284	4
285	4
286	4
287	6
288	6
289	6
290	6
291	6
292	6
293	6
294	2
295	2
296	2
297	2
298	2
299	2
300	2
301	2
302	6
303	6
304	2
305	2
306	2
307	2
308	2
309	2
310	2
311	2
312	2
313	2
314	2
315	2
316	2
317	2
318	2
319	2
320	2
321	6
322	6
323	6
324	6
325	6
326	6
327	6
328	4
329	4
330	4
331	4
332	4
333	4
334	5
335	5
336	5
337	5
338	5
339	5
340	5
341	5
342	5
343	5
344	5
345	5
346	5
347	4
348	4
349	4
350	4
351	4
352	6
353	6
354	6
355	6
356	6
357	6
358	6
359	6
360	2
361	6
362	6
363	6
364	6
365	6
366	6
367	6
368	6
369	4
370	4
371	4
372	4
373	4
374	4
375	4
376	4
377	4
378	5
379	3
380	3
381	3
382	3
383	3
384	3
385	3
386	3
387	3
388	3
389	3
390	3
391	3
392	3
393	3
394	4
395	4
396	4
397	4
398	4
399	4
400	4
401	4
402	4
403	4
404	6
405	6
406	6
407	6
408	6
409	6
410	6
411	4
412	4
413	3
414	3
415	3
416	3
417	3
418	3
419	3
420	3
421	3
422	3
423	3
424	3
425	3
426	3
427	3
428	3
429	3
430	3
431	3
432	3
433	3
434	3
435	3
436	3
437	3
438	3
439	3
440	3
441	3
442	3
443	3
444	3
445	3
446	3
447	3
448	3
449	3
450	3
451	3
452	3
453	3
454	3
455	3
456	5
457	5
458	5
459	5
460	5
461	5
462	5
463	5
464	5
465	5
466	5
467	3
468	3
469	3
470	3
471	3
472	3
473	3
474	3
***
1	1
2	1
3	1
4	2
5	2
6	2
