0	1
0	38
0	39
0	40
0	122
0	123
1	2
1	37
1	38
1	39
1	40
1	41
1	122
1	123
1	124
1	125
2	3
2	39
2	40
2	41
2	42
2	122
2	124
2	125
2	126
3	4
3	5
3	42
3	43
3	44
3	111
3	126
3	127
3	128
4	5
4	6
4	43
4	44
4	45
4	127
4	128
4	129
5	6
5	7
5	8
5	9
5	44
5	45
5	46
5	108
5	128
5	129
6	7
6	8
6	9
6	10
6	44
6	45
6	46
7	8
7	9
7	10
7	11
7	46
7	47
8	9
8	10
8	11
8	12
8	129
8	130
9	10
9	11
9	12
9	13
9	129
10	11
10	12
10	13
10	14
10	87
11	12
11	13
11	14
11	15
12	13
12	14
12	15
12	16
13	14
13	15
13	16
13	17
13	22
14	15
14	16
14	17
14	18
14	83
15	16
15	17
15	18
16	17
16	18
17	18
17	19
17	20
18	19
18	20
18	83
19	20
19	21
20	21
20	22
21	22
21	23
21	86
22	23
22	24
22	25
22	26
22	86
22	90
23	24
23	25
23	26
23	27
23	86
23	89
23	90
23	93
24	25
24	26
24	27
24	28
25	26
25	27
25	28
25	29
26	27
26	28
26	29
26	30
26	90
27	28
27	29
27	30
27	31
27	94
28	29
28	30
28	31
28	32
29	30
29	31
29	32
29	33
30	31
30	32
30	33
30	34
31	32
31	33
31	34
31	35
32	33
32	34
32	35
32	36
33	34
33	35
33	36
33	37
34	35
34	36
34	37
34	38
34	39
34	42
35	36
35	37
35	38
35	39
36	37
36	38
37	38
37	39
38	39
38	40
39	40
39	41
39	42
40	41
40	42
41	42
41	43
41	265
42	43
42	44
42	98
43	44
43	45
43	98
43	99
43	100
44	45
44	46
44	98
44	99
44	100
44	101
45	46
45	47
45	100
45	101
45	102
45	108
46	47
46	48
46	101
46	102
46	108
47	48
47	49
47	102
47	107
47	108
48	49
48	50
48	102
48	103
48	104
48	105
48	106
49	50
49	51
49	104
49	105
50	51
50	52
50	105
51	52
51	53
51	54
51	55
51	105
51	106
51	107
52	53
52	54
52	55
52	56
52	105
52	106
52	248
52	249
53	54
53	55
53	56
53	57
53	245
53	248
54	55
54	56
54	57
54	58
54	61
54	235
55	56
55	57
55	58
55	59
55	60
55	61
56	57
56	58
56	59
57	58
57	59
57	231
58	59
58	60
58	61
59	60
59	61
60	61
60	62
60	63
61	62
61	63
61	180
61	181
61	182
62	63
62	64
62	65
62	180
62	181
63	64
63	65
63	66
63	67
63	181
64	65
64	66
64	67
64	68
64	181
65	66
65	67
65	68
65	69
66	67
66	68
66	69
66	70
67	68
67	69
67	70
67	71
68	69
68	70
68	71
68	72
69	70
69	71
69	72
69	77
70	71
70	72
71	72
71	73
72	73
72	74
72	76
72	77
73	74
73	75
73	76
73	77
74	75
74	76
74	77
74	78
75	76
75	77
75	78
75	79
76	77
76	78
76	79
76	80
77	78
77	79
77	80
77	81
78	79
78	80
78	81
78	82
79	80
79	81
79	82
79	83
80	81
80	82
80	83
80	84
81	82
81	83
81	84
81	85
82	83
82	84
82	85
82	86
83	84
83	85
83	86
83	87
84	85
84	86
84	87
84	88
85	86
85	87
85	88
85	89
86	87
86	88
86	89
86	90
87	88
87	89
87	90
87	91
88	89
88	90
88	91
88	92
89	90
89	91
89	92
89	93
90	91
90	92
90	93
90	94
91	92
91	93
91	94
91	95
92	93
92	94
92	95
93	94
93	95
93	96
94	95
94	96
94	97
94	98
94	100
95	96
95	97
95	98
95	99
95	100
96	97
96	98
97	98
97	99
98	99
98	100
99	100
99	101
100	101
101	102
101	103
102	103
102	104
103	104
103	105
103	106
104	105
104	106
105	106
105	107
105	249
106	107
106	108
106	110
106	245
106	246
107	108
107	109
107	110
108	109
108	110
108	111
109	110
109	111
109	112
109	134
110	111
110	112
110	113
110	238
110	242
110	245
110	246
111	112
111	113
111	114
111	115
112	113
112	114
112	115
112	116
112	137
112	238
112	239
112	242
113	114
113	115
113	116
113	117
113	242
113	243
114	115
114	116
114	117
114	118
114	119
114	261
115	116
115	117
115	118
115	119
116	117
116	118
116	119
117	118
117	119
118	119
118	120
118	121
118	265
119	120
119	121
119	122
119	125
120	121
120	122
121	122
122	123
122	124
122	125
123	124
123	141
124	125
124	126
124	141
124	142
125	126
125	127
125	141
125	142
125	143
126	127
126	128
126	142
126	143
126	144
126	145
127	128
127	129
127	143
127	144
127	145
128	129
128	144
128	145
128	146
129	130
129	131
129	144
129	145
129	146
130	131
130	132
130	146
130	147
130	148
131	132
131	133
131	134
132	133
132	134
132	135
133	134
133	135
133	136
134	135
134	136
134	137
135	136
135	137
135	138
136	137
136	138
136	166
136	169
136	170
136	238
137	138
137	139
137	142
137	239
138	139
138	142
138	143
138	154
138	155
138	166
139	140
139	141
139	142
139	143
139	154
139	155
140	141
140	142
140	154
140	155
141	142
141	143
142	143
143	144
143	145
143	152
143	153
143	154
144	145
144	146
144	152
144	153
144	154
145	146
145	147
145	151
145	152
145	153
146	147
146	148
146	149
146	150
146	151
146	152
147	148
147	149
147	150
148	149
148	150
149	150
149	151
150	151
151	152
151	153
152	153
152	154
153	154
153	155
153	157
154	155
154	156
154	157
155	156
155	157
155	165
156	157
157	158
157	159
157	160
158	159
158	160
158	161
158	162
158	163
158	164
159	160
159	161
159	162
160	161
160	162
161	162
161	163
162	163
162	190
162	191
162	194
163	164
163	165
163	168
163	169
163	194
164	165
164	168
165	166
165	167
165	168
165	169
166	167
166	168
166	169
166	170
167	168
167	169
167	170
167	171
168	169
168	170
168	171
168	172
168	197
168	202
169	170
169	171
169	172
169	173
170	171
170	172
170	173
170	174
170	236
170	237
171	172
171	173
171	174
171	175
171	202
171	203
172	173
172	174
172	175
172	190
172	193
172	194
173	174
173	175
173	176
173	177
173	236
174	175
174	176
174	184
174	229
174	232
174	233
174	236
175	176
175	184
175	185
175	193
175	229
176	177
176	178
176	182
176	183
176	184
177	178
177	179
177	180
177	181
177	182
177	183
178	179
178	180
178	181
178	182
179	180
179	181
180	181
180	182
181	182
181	183
182	183
182	184
183	184
183	185
184	185
184	186
185	186
185	187
185	188
185	221
185	222
185	225
186	187
186	188
186	218
186	221
187	188
187	189
187	218
188	189
188	192
188	193
188	218
189	190
189	191
189	192
189	193
190	191
190	192
190	193
190	194
191	192
191	193
191	194
191	195
192	193
192	194
192	195
192	196
193	194
193	195
193	196
193	197
194	195
194	196
194	197
194	198
195	196
195	197
195	198
195	199
196	197
196	198
196	199
196	200
197	198
197	199
197	200
197	201
197	202
198	199
198	200
198	201
199	200
199	201
200	201
200	206
201	202
201	203
201	205
201	206
202	203
202	204
202	205
202	206
203	204
203	205
203	206
203	207
204	205
204	206
204	207
204	208
205	206
205	207
205	208
205	209
206	207
206	208
206	209
206	210
207	208
207	209
207	210
207	226
208	209
208	210
209	210
209	211
209	212
210	211
210	212
210	223
211	212
211	213
211	223
212	213
212	214
212	219
212	223
213	214
213	215
214	215
214	216
214	219
215	216
215	217
215	219
215	220
216	217
216	218
216	219
216	220
217	218
217	219
217	220
217	221
218	219
218	220
218	221
218	222
219	220
219	221
219	222
219	223
220	221
220	222
220	223
220	224
221	222
221	223
221	224
221	225
222	223
222	224
222	225
223	224
223	225
223	226
224	225
224	226
225	226
225	227
225	228
225	229
226	227
226	228
226	229
226	230
227	228
227	229
227	230
227	231
228	229
228	230
228	231
228	232
229	230
229	231
229	232
229	233
230	231
230	232
230	233
230	234
231	232
231	233
231	234
231	235
232	233
232	234
232	235
232	236
233	234
233	235
233	236
233	237
234	235
234	236
234	237
234	241
235	236
235	237
236	237
236	238
237	238
237	239
237	240
237	241
238	239
238	240
238	241
238	242
239	240
239	241
239	242
240	241
240	242
241	242
241	243
241	244
241	245
242	243
242	244
242	245
242	246
243	244
243	245
243	246
243	247
244	245
244	246
244	247
244	248
245	246
245	247
245	248
246	247
246	248
246	249
246	254
247	248
247	249
247	250
247	251
247	254
248	249
248	250
249	250
249	253
250	251
250	252
250	253
250	254
251	252
251	253
251	254
251	255
252	253
252	254
252	255
252	256
253	254
253	255
253	256
253	257
254	255
254	256
254	257
254	258
255	256
255	257
255	258
255	259
256	257
256	258
256	259
256	260
257	258
257	259
257	260
257	261
258	259
258	260
258	261
258	262
259	260
259	261
259	262
259	263
260	261
260	262
260	263
260	264
261	262
261	263
261	264
261	265
262	263
262	264
262	265
262	266
263	264
263	265
263	266
264	265
264	266
265	266
