0	1
0	2
0	26
0	27
1	2
1	3
1	26
1	27
1	28
2	3
2	4
2	27
2	28
2	97
3	4
3	5
3	27
3	28
3	29
3	95
3	96
3	97
4	5
4	6
4	28
4	29
4	30
4	96
4	97
4	98
4	99
5	6
5	7
5	29
5	30
5	31
5	96
5	98
5	99
5	100
6	7
6	8
6	13
6	17
6	30
6	31
6	32
6	99
6	100
6	101
7	8
7	9
7	13
7	31
7	32
7	33
7	76
7	100
7	101
7	102
7	103
8	9
8	10
8	13
8	31
8	32
8	33
8	101
8	102
8	103
9	10
9	11
9	13
9	14
9	31
9	32
9	33
10	11
10	12
10	13
10	14
10	38
11	12
11	13
11	14
11	15
11	304
11	307
11	308
11	398
12	13
12	14
12	15
12	16
12	102
12	291
12	292
12	307
12	308
12	311
13	14
13	15
13	16
13	17
13	102
14	15
14	16
14	17
14	18
14	398
14	399
15	16
15	17
15	18
15	19
15	308
15	311
15	312
15	398
15	399
16	17
16	18
16	19
16	20
16	311
16	312
16	314
16	315
17	18
17	19
17	20
17	21
17	29
18	19
18	20
18	21
18	22
18	64
19	20
19	21
19	22
19	23
19	312
19	315
20	21
20	22
20	23
20	24
20	315
20	319
21	22
21	23
21	24
21	25
21	27
21	29
21	68
22	23
22	24
22	25
23	24
23	25
24	25
24	26
24	27
25	26
25	27
26	27
26	28
27	28
27	29
28	29
28	30
28	69
29	30
29	31
29	69
29	70
30	31
30	32
30	69
30	70
30	71
30	72
31	32
31	33
31	69
31	70
31	71
31	72
32	33
32	34
32	71
32	72
32	73
32	74
32	75
33	34
33	35
33	72
33	73
33	74
33	75
34	35
34	73
34	74
34	75
35	36
35	37
35	73
36	37
36	38
36	60
37	38
37	39
37	58
37	59
37	60
38	39
38	40
38	58
38	59
38	60
39	40
39	41
39	57
39	58
39	59
39	129
39	130
40	41
40	42
40	43
40	44
40	57
40	58
40	129
41	42
41	43
41	44
41	127
41	128
41	129
42	43
42	44
43	44
43	45
43	46
44	45
44	46
44	47
44	48
44	133
45	46
45	47
45	48
45	49
45	167
45	170
46	47
46	48
46	49
46	50
46	51
46	52
46	170
47	48
47	49
47	50
47	51
47	52
47	53
47	54
48	49
48	50
48	133
48	136
48	137
48	170
48	171
49	50
49	51
49	170
49	171
49	173
49	174
50	51
50	52
50	174
51	52
51	53
52	53
52	54
52	56
53	54
53	55
53	56
54	55
54	56
54	57
55	56
55	57
55	58
56	57
56	58
57	58
57	59
58	59
59	60
60	61
60	62
60	63
61	62
61	63
61	64
61	65
61	399
62	63
62	64
62	65
62	66
63	64
63	65
63	66
63	67
63	399
63	400
64	65
64	66
64	67
64	68
64	69
64	399
64	400
65	66
65	67
65	68
65	69
65	70
65	71
66	67
66	68
66	69
67	68
67	69
68	69
68	70
69	70
69	71
70	71
70	72
71	72
71	73
72	73
72	74
73	74
74	75
74	76
74	88
74	89
75	76
75	77
75	88
75	89
76	77
76	78
76	87
76	88
76	89
77	78
77	87
77	88
77	89
77	260
78	79
78	80
78	86
78	87
78	88
78	263
78	264
79	80
79	81
79	85
79	86
79	87
79	264
80	81
80	82
80	85
80	264
81	82
81	83
81	84
81	85
82	83
82	84
83	84
83	85
84	85
84	95
84	96
85	86
85	87
85	93
85	94
85	95
85	96
86	87
86	88
86	93
86	94
86	95
87	88
87	89
87	91
87	92
87	93
87	94
88	89
88	90
88	91
88	92
88	93
89	90
89	91
90	91
90	92
91	92
91	93
92	93
92	94
93	94
93	95
94	95
94	96
95	96
95	97
96	97
96	98
96	99
97	98
97	99
98	99
98	100
98	287
98	288
99	100
99	101
99	287
99	288
99	289
100	101
100	102
100	288
100	289
100	290
101	102
101	103
101	288
101	289
101	290
101	291
102	103
102	104
102	290
102	291
102	294
103	104
103	105
103	257
103	258
103	260
103	294
104	105
104	106
104	257
104	258
104	293
104	294
105	106
105	107
105	255
105	256
105	257
105	258
105	293
105	294
106	107
106	108
106	255
106	256
106	257
106	258
106	259
107	108
107	109
107	253
107	254
107	255
107	256
108	109
108	110
108	111
108	253
108	254
108	255
109	110
109	111
109	112
109	115
109	116
109	117
109	253
110	111
110	112
110	113
110	115
110	116
111	112
111	113
111	228
112	113
112	114
112	115
112	227
112	228
112	229
113	114
113	115
113	228
113	229
114	115
114	116
114	228
114	229
114	230
114	231
115	116
115	119
115	230
116	117
116	118
116	119
116	120
117	118
117	119
117	120
118	119
118	120
118	121
119	120
119	121
119	122
119	123
120	121
120	122
120	123
120	124
120	125
121	122
121	123
121	124
122	123
122	124
123	124
123	249
123	250
123	251
124	125
124	126
124	132
124	136
124	250
124	251
125	126
125	127
125	250
125	251
125	252
126	127
126	128
126	129
126	132
126	133
127	128
127	129
128	129
129	130
129	131
129	132
129	133
130	131
130	132
130	133
130	134
131	132
131	133
131	134
131	135
132	133
132	134
132	135
132	136
133	134
133	135
133	136
133	137
134	135
134	136
134	137
134	138
135	136
135	137
135	138
135	139
136	137
136	138
136	139
136	140
137	138
137	139
137	140
137	141
138	139
138	140
138	141
138	142
139	140
139	141
139	142
139	143
139	248
140	141
140	142
140	143
141	142
141	143
142	143
142	144
143	144
143	145
143	147
143	247
144	145
144	146
144	147
145	146
145	147
145	178
145	179
145	181
145	182
146	147
146	148
146	181
146	182
147	148
147	149
147	182
147	183
147	246
147	247
148	149
148	150
148	182
148	183
148	184
148	185
148	246
148	247
148	248
149	150
149	151
149	183
149	184
149	185
149	246
149	247
149	248
149	249
150	151
150	152
150	184
150	185
150	186
150	187
150	246
150	248
150	249
150	250
151	152
151	153
151	185
151	186
151	187
151	249
151	250
151	251
152	153
152	154
152	186
152	187
152	188
152	226
152	250
152	251
152	252
153	154
153	155
153	164
153	188
153	189
153	252
154	155
154	189
154	252
154	253
154	254
155	156
155	157
155	158
155	189
155	190
156	157
156	158
157	158
158	159
158	160
158	161
158	255
158	302
159	160
159	161
159	302
159	303
160	161
160	162
160	163
160	301
160	302
160	303
161	162
161	163
161	194
162	163
162	164
162	165
162	166
162	194
162	195
163	164
163	165
163	166
163	167
164	165
164	166
164	167
164	168
165	166
165	167
165	168
165	169
166	167
166	168
166	169
166	170
166	338
166	339
166	340
167	168
167	169
167	170
167	171
168	169
168	170
168	171
168	172
168	184
169	170
169	171
169	172
169	173
169	340
170	171
170	172
170	173
170	174
170	340
170	341
171	172
171	173
171	174
171	175
172	173
172	174
172	175
172	176
172	184
172	207
172	215
172	216
173	174
173	175
173	176
173	341
174	175
174	176
174	177
175	176
175	177
175	178
175	179
175	182
176	177
176	178
176	179
176	180
177	178
177	179
178	179
178	180
178	181
178	182
179	180
179	181
179	182
180	181
180	182
181	182
182	183
182	215
183	184
183	185
183	215
183	216
184	185
184	186
184	215
184	216
184	217
185	186
185	187
185	216
185	217
185	218
186	187
186	188
186	217
186	218
186	219
187	188
187	218
187	219
187	220
187	224
187	225
187	226
188	189
188	190
188	219
188	220
188	221
188	224
188	225
189	190
189	220
189	221
189	222
189	224
189	225
190	191
190	192
190	193
190	220
190	221
190	222
191	192
191	193
191	220
191	221
192	193
192	196
193	194
193	195
193	196
194	195
194	196
195	196
195	197
195	198
195	199
195	370
196	197
196	198
196	199
196	200
197	198
197	199
197	200
197	201
197	373
198	199
198	200
198	201
198	202
198	373
199	200
199	201
199	202
199	203
200	201
200	202
200	203
200	204
201	202
201	203
201	204
201	205
202	203
202	204
202	205
202	206
203	204
203	205
203	206
203	207
203	208
203	209
204	205
204	206
204	207
204	208
204	209
204	210
205	206
205	207
205	208
206	207
206	208
207	208
207	209
207	214
207	215
207	216
208	209
208	210
208	211
208	212
208	213
208	214
208	215
209	210
209	211
209	212
209	214
209	215
209	216
210	211
210	212
211	212
211	213
211	214
212	213
212	214
213	214
213	215
214	215
214	216
215	216
215	217
216	217
216	218
217	218
217	219
218	219
218	220
219	220
219	221
219	224
220	221
220	222
220	224
221	222
221	223
221	224
221	225
222	223
222	224
222	225
223	224
223	225
223	238
223	239
223	240
224	225
224	226
224	238
224	239
224	240
225	226
225	227
225	238
225	239
226	227
226	228
226	236
226	237
226	238
226	239
227	228
227	229
227	237
227	238
227	239
228	229
228	230
229	230
229	231
229	236
229	237
230	231
230	235
230	236
230	237
231	232
231	233
231	234
231	235
231	236
232	233
232	234
233	234
233	235
234	235
234	236
234	245
234	246
234	247
235	236
235	237
235	243
235	244
235	245
235	246
236	237
236	238
236	243
236	244
236	245
237	238
237	239
237	241
237	242
237	243
237	244
238	239
238	240
238	241
238	242
239	240
239	241
240	241
240	242
241	242
241	243
242	243
242	244
243	244
243	245
244	245
244	246
245	246
245	247
246	247
246	248
246	249
247	248
247	249
248	249
248	250
249	250
249	251
250	251
250	252
251	252
251	253
252	253
252	254
253	254
253	255
254	255
255	256
256	257
256	258
256	271
256	272
257	258
257	259
257	261
257	271
257	272
257	273
257	293
257	294
258	259
258	260
258	261
258	294
259	260
259	261
259	262
259	263
260	261
260	262
260	263
260	264
261	262
261	263
261	264
261	265
261	266
261	267
262	263
262	264
262	265
262	266
262	267
263	264
263	265
264	265
264	266
265	266
265	267
266	267
266	268
266	273
266	282
266	284
267	268
267	271
267	272
267	273
267	274
268	269
268	270
268	271
268	272
268	273
268	274
269	270
269	271
270	271
270	272
271	272
271	273
272	273
272	274
272	294
272	295
272	296
273	274
273	275
273	294
273	295
273	296
274	275
274	282
274	283
274	295
274	296
275	276
275	277
275	280
275	281
275	282
275	283
275	290
275	295
275	296
276	277
276	278
276	279
276	280
276	281
276	282
276	283
276	359
277	278
277	279
277	280
277	359
277	360
277	361
278	279
278	280
278	329
278	330
279	280
279	281
279	313
279	314
279	317
280	281
280	282
280	289
280	290
280	291
280	314
281	282
281	283
281	286
281	287
281	288
281	289
281	290
282	283
282	284
282	285
282	286
282	288
282	289
282	290
283	284
283	285
284	285
284	286
285	286
285	287
285	288
286	287
286	288
287	288
287	289
288	289
288	290
289	290
289	291
289	314
290	291
290	294
290	295
291	292
291	293
291	294
291	295
291	307
291	310
291	311
292	293
292	294
292	295
292	297
292	302
292	306
292	307
292	310
293	294
293	295
293	302
293	307
294	295
295	296
295	297
296	297
296	298
297	298
297	299
297	300
297	361
298	299
298	300
298	360
298	361
298	362
299	300
299	301
299	361
299	362
300	301
300	302
300	306
300	334
301	302
301	303
301	306
302	303
302	306
303	304
303	305
303	306
303	307
304	305
304	306
304	307
304	308
305	306
305	307
305	308
305	309
305	334
305	335
306	307
306	308
306	309
306	310
306	333
306	334
307	308
307	309
307	310
307	311
308	309
308	310
308	311
308	312
309	310
309	311
309	312
309	313
309	332
309	333
310	311
310	312
310	313
310	314
310	332
311	312
311	313
311	314
311	315
312	313
312	314
312	315
312	316
313	314
313	315
313	316
313	317
313	330
314	315
314	316
314	317
314	318
315	316
315	317
315	318
315	319
316	317
316	318
316	319
316	320
317	318
317	319
317	320
317	321
317	327
318	319
318	320
318	321
318	322
319	320
319	321
319	322
319	323
320	321
320	322
320	323
320	324
320	325
320	327
321	322
321	323
321	324
321	325
321	326
321	327
322	323
322	324
323	324
324	325
325	326
325	327
326	327
326	328
327	328
328	329
328	330
329	330
330	331
330	332
330	353
331	332
331	333
331	352
331	353
332	333
332	351
332	352
332	353
333	334
333	350
333	351
333	352
334	335
334	336
334	349
334	350
334	351
335	336
335	337
335	347
335	348
335	349
335	350
336	337
336	338
336	347
336	348
336	349
337	338
337	339
337	346
337	347
337	348
337	387
338	339
338	340
338	345
338	346
338	347
339	340
339	341
339	342
339	344
339	345
339	346
339	384
340	341
340	342
340	344
340	345
341	342
341	343
341	344
342	343
342	344
342	384
343	344
343	345
343	380
343	381
343	384
344	345
344	380
344	381
344	384
345	346
345	347
345	380
345	381
345	383
345	384
346	347
346	371
346	380
346	383
347	348
347	349
347	370
347	371
348	349
348	369
348	370
348	371
349	350
349	368
349	369
349	370
350	351
350	352
350	363
350	367
350	368
350	369
351	352
351	363
351	364
351	367
351	368
352	353
352	361
352	362
352	363
352	364
353	354
353	355
353	361
353	362
353	363
353	364
354	355
354	356
354	357
354	360
354	361
354	362
355	356
355	357
355	360
355	361
355	362
356	357
356	358
357	358
357	359
358	359
358	360
359	360
359	361
360	361
360	362
361	362
361	363
362	363
362	364
363	364
363	365
364	365
364	366
364	367
365	366
365	367
366	367
367	368
367	369
368	369
369	370
369	371
370	371
370	372
371	372
371	373
371	375
372	373
372	374
372	375
373	374
373	375
374	375
374	376
375	376
375	377
375	379
375	380
376	377
376	378
376	379
376	380
377	378
377	379
377	380
377	381
378	379
378	380
378	381
378	382
379	380
379	381
379	382
379	383
380	381
380	382
380	383
380	384
381	382
381	383
381	384
382	383
382	384
382	385
382	386
383	384
383	385
383	386
383	387
384	385
384	386
384	387
384	388
385	386
385	387
385	388
385	389
386	387
386	388
386	389
386	390
387	388
387	389
387	390
387	391
388	389
388	390
388	391
388	392
389	390
389	391
389	392
389	393
390	391
390	392
390	393
390	394
391	392
391	393
391	394
391	395
392	393
392	394
392	395
392	396
393	394
393	395
393	396
393	397
394	395
394	396
394	397
394	398
395	396
395	397
395	398
395	399
396	397
396	398
396	399
396	400
397	398
397	399
397	400
398	399
398	400
399	400
