1	1
2	1
3	1
4	1
5	1
6	1
7	1
8	4
9	1
10	1
11	1
12	1
13	1
14	1
15	4
16	3
17	3
18	3
19	3
20	3
21	3
22	3
23	3
24	1
25	1
26	1
27	1
28	1
29	1
30	1
31	1
32	1
33	1
34	1
35	1
36	1
37	1
38	1
39	1
40	1
41	1
42	1
43	1
44	1
45	1
46	1
47	1
48	1
49	1
50	1
51	1
52	1
53	1
54	1
55	1
56	1
57	1
58	1
59	1
60	1
61	1
62	1
63	1
64	1
65	1
66	1
67	1
68	1
69	1
70	1
71	1
72	1
73	1
74	1
75	1
76	1
77	1
78	1
79	1
80	1
81	4
82	3
83	3
84	3
85	3
86	3
87	3
88	3
89	3
90	3
91	3
92	3
93	3
94	3
95	3
96	3
97	3
98	3
99	3
100	3
101	3
102	3
103	3
104	3
105	3
106	2
107	2
108	2
109	6
110	6
111	6
112	6
113	6
114	6
115	6
116	6
117	6
118	6
119	6
120	6
121	6
122	6
123	6
124	6
125	6
126	6
127	6
128	6
129	6
130	6
131	6
132	6
133	5
134	5
135	5
136	5
137	5
138	5
139	5
140	5
141	5
142	5
143	5
144	5
145	5
146	5
147	5
148	3
149	3
150	3
151	3
152	3
153	3
154	3
155	3
156	2
157	2
158	2
159	2
160	2
161	2
162	2
163	2
164	2
165	2
166	2
167	2
168	2
169	2
170	2
171	2
172	2
173	2
174	2
175	2
176	2
177	2
178	6
179	6
180	6
181	6
182	5
183	5
184	5
185	5
186	5
187	5
188	5
189	5
190	5
191	5
192	5
193	5
194	5
195	5
196	5
197	5
198	5
199	5
200	5
201	5
202	5
203	5
204	5
205	5
206	5
207	5
208	5
209	3
210	3
211	3
212	3
213	3
214	3
215	5
216	5
217	5
218	5
219	5
220	5
221	5
222	5
223	5
224	5
225	5
226	6
227	6
228	6
229	6
230	6
231	6
232	6
233	6
234	6
235	6
236	6
237	6
238	6
239	6
240	6
241	6
242	6
243	6
244	6
245	6
246	6
247	6
248	6
249	6
250	6
251	2
252	2
253	2
254	2
255	5
256	5
257	5
258	5
259	5
260	5
261	5
262	5
263	5
264	5
265	5
266	5
267	5
268	5
269	5
270	5
271	5
272	5
273	5
274	5
275	5
276	5
277	5
278	5
279	5
280	5
281	5
282	5
283	5
284	5
285	5
286	5
287	5
288	4
289	4
290	4
291	4
292	4
293	4
294	4
295	4
296	4
297	4
298	4
299	4
300	4
301	4
302	4
303	4
304	4
305	4
306	4
307	4
308	4
309	4
310	4
311	4
312	4
313	4
314	4
315	4
316	4
317	4
318	4
319	4
320	4
321	4
322	4
323	4
324	4
325	4
326	4
327	4
328	4
329	4
330	4
331	4
332	4
333	4
334	4
335	4
336	5
337	5
338	5
339	5
340	5
341	5
342	5
343	5
344	5
345	5
346	6
347	6
348	6
349	6
350	5
351	5
352	5
353	5
354	5
355	5
356	5
357	5
358	5
359	5
360	5
361	5
362	6
363	6
364	6
365	6
***
1	2
2	1
3	2
4	2
5	1
6	1
