0	1
0	2
1	2
1	3
1	5
2	3
2	4
2	139
2	140
2	288
3	4
3	5
3	137
3	138
3	139
3	140
4	5
4	6
4	137
4	138
4	139
4	140
5	6
5	7
5	8
6	7
6	8
7	8
7	9
8	9
8	10
8	52
9	10
9	11
9	12
9	50
9	51
9	131
10	11
10	12
10	130
10	131
10	132
11	12
11	13
11	14
11	129
11	130
11	131
11	132
12	13
12	14
12	130
12	131
13	14
13	17
13	18
13	19
13	129
13	130
14	15
14	16
14	17
14	18
14	129
14	130
15	16
15	17
15	18
15	129
16	17
16	18
17	18
17	19
18	19
18	20
18	127
18	128
18	129
19	20
19	21
19	127
19	128
19	129
20	21
20	22
20	125
20	126
20	127
20	128
21	22
21	23
21	43
21	44
21	45
21	125
21	126
21	127
22	23
22	24
22	43
22	44
22	123
22	124
22	125
22	126
23	24
23	25
23	42
23	43
23	44
23	121
23	122
23	123
23	124
23	125
24	25
24	42
24	43
24	44
24	122
24	123
25	26
25	27
25	41
25	42
25	122
26	27
26	28
26	39
26	40
26	41
26	42
26	120
26	121
26	122
27	28
27	29
27	39
27	40
27	41
28	29
28	30
28	37
28	38
28	39
28	40
29	30
29	31
29	38
29	39
29	40
29	192
30	31
30	32
30	34
30	37
30	38
30	189
30	190
30	192
31	32
31	33
31	34
31	189
31	190
32	33
32	34
33	34
33	35
33	189
34	35
34	36
34	37
34	187
34	189
34	190
35	36
35	37
36	37
36	38
36	98
37	38
37	39
37	97
37	98
38	39
38	40
38	95
38	96
38	97
38	98
39	40
39	41
39	95
39	96
39	97
39	118
40	41
40	42
40	93
40	94
40	95
40	96
41	42
41	43
41	93
41	94
41	95
42	43
42	44
42	91
42	92
42	93
42	94
43	44
43	45
43	91
43	92
43	93
44	45
44	46
44	90
44	91
44	92
45	46
45	47
45	48
45	49
45	90
45	91
46	47
46	48
46	90
46	91
47	48
47	49
47	50
47	89
47	90
48	49
48	50
49	50
49	51
49	131
50	51
50	52
51	52
51	53
51	55
51	82
51	131
52	53
52	54
52	55
52	82
53	54
53	55
53	81
53	82
53	137
53	138
53	157
53	160
53	161
54	55
54	56
54	78
54	136
54	137
54	138
54	157
54	160
55	56
55	77
55	78
55	131
55	132
55	133
55	134
55	136
55	137
56	57
56	58
56	75
56	76
56	77
56	78
56	130
56	131
56	132
56	133
57	58
57	59
57	75
57	76
57	77
57	78
57	128
57	129
57	130
57	131
57	132
58	59
58	60
58	73
58	74
58	75
58	76
58	128
58	129
58	130
59	60
59	61
59	73
59	74
59	75
59	127
59	128
59	129
60	61
60	62
60	71
60	72
60	73
60	74
60	127
60	128
61	62
61	63
61	71
61	113
61	116
62	63
63	64
63	65
63	70
63	71
64	65
64	66
64	68
64	69
64	70
64	71
65	66
65	67
65	68
65	69
65	70
65	71
66	67
66	68
67	68
67	69
68	69
68	70
69	70
69	71
70	71
70	72
71	72
71	73
72	73
72	74
73	74
73	75
74	75
74	76
74	113
75	76
75	77
76	77
76	78
76	94
77	78
77	79
77	156
77	157
78	79
78	80
78	92
78	93
78	94
78	156
78	157
78	160
79	80
79	81
79	93
79	94
79	95
79	156
79	157
79	159
79	160
80	81
80	82
80	84
80	85
80	92
80	93
80	159
80	160
81	82
81	83
81	84
81	160
81	161
81	163
81	164
82	83
82	84
82	89
83	84
83	85
83	87
83	88
83	89
84	85
84	86
84	87
84	88
84	89
84	90
84	91
84	92
85	86
85	87
86	87
86	88
87	88
87	89
88	89
88	90
89	90
89	91
90	91
91	92
91	93
92	93
92	94
93	94
94	95
94	96
95	96
95	97
95	153
95	156
96	97
96	98
96	114
96	153
97	98
97	99
97	114
97	153
98	99
98	100
98	114
98	115
98	118
99	100
99	101
99	110
99	111
99	114
99	115
100	101
100	108
100	109
100	110
100	111
101	102
101	103
101	108
101	109
101	110
102	103
102	104
102	106
102	107
102	108
102	109
103	104
103	105
103	106
103	107
103	108
103	109
104	105
104	106
105	106
105	107
106	107
106	108
107	108
107	109
108	109
108	110
109	110
109	111
110	111
110	112
110	115
111	112
111	113
111	114
111	115
112	113
112	114
112	115
112	116
113	114
113	115
113	116
113	117
114	115
114	116
114	117
114	118
115	116
115	117
115	118
115	119
116	117
116	118
116	119
116	120
117	118
117	119
117	120
118	119
118	120
119	120
119	121
120	121
120	122
120	124
121	122
121	123
121	124
122	123
122	124
123	124
123	125
124	125
124	126
125	126
125	127
126	127
126	128
127	128
127	129
128	129
128	130
129	130
129	131
130	131
130	132
131	132
131	133
132	133
133	134
133	135
134	135
134	136
134	137
135	136
135	137
135	291
136	137
136	138
136	291
137	138
137	139
138	139
138	140
139	140
139	141
140	141
140	142
141	142
141	143
141	144
142	143
142	144
142	173
142	174
142	175
142	176
142	177
143	144
143	145
143	175
143	176
143	177
144	145
144	146
144	177
144	178
144	247
144	248
145	146
145	147
145	177
145	178
145	179
145	247
145	248
145	249
146	147
146	148
146	178
146	179
146	180
146	248
146	249
146	250
147	148
147	149
147	179
147	180
147	181
147	249
147	250
147	251
148	149
148	150
148	158
148	180
148	181
148	182
148	250
148	251
148	252
149	150
149	181
149	182
149	183
149	251
149	252
149	253
150	151
150	152
150	154
150	155
150	182
150	183
150	184
150	252
150	253
150	254
151	152
151	153
151	154
151	155
151	183
151	184
151	185
151	253
151	254
151	255
152	153
152	154
152	155
152	184
152	185
152	254
153	154
153	155
153	156
153	254
154	155
154	156
154	157
154	253
154	254
155	156
155	157
155	158
155	159
156	157
156	158
156	159
156	160
157	158
157	159
157	160
157	161
158	159
158	160
158	161
158	162
159	160
159	161
159	162
159	163
160	161
160	162
160	163
160	164
161	162
161	163
161	164
161	165
162	163
162	164
162	165
162	166
163	164
163	165
163	166
163	167
163	168
164	165
164	166
164	167
164	168
165	166
165	167
165	168
165	175
166	167
166	168
166	200
167	168
168	169
168	170
169	170
169	171
170	171
170	172
170	173
170	174
171	172
171	173
172	173
172	174
173	174
173	175
174	175
174	176
175	176
175	177
176	177
176	178
176	207
177	178
177	179
177	207
178	179
178	180
178	207
178	208
179	180
179	181
179	207
179	208
179	209
180	181
180	182
180	208
180	209
180	210
181	182
181	183
181	209
181	210
181	211
182	183
182	184
182	210
182	211
182	212
182	228
183	184
183	185
183	211
183	212
183	213
183	228
184	185
184	212
184	213
184	214
184	227
184	228
185	186
185	187
185	190
185	191
185	213
185	214
185	215
186	187
186	190
186	214
186	215
186	216
187	188
187	189
187	190
187	191
187	214
187	215
187	216
187	217
188	189
188	190
188	191
188	214
189	190
189	191
190	191
190	192
191	192
191	193
191	194
192	193
192	194
193	194
193	195
193	196
193	197
194	195
194	196
194	197
194	198
195	196
195	197
195	198
195	199
196	197
196	198
196	199
196	200
197	198
197	199
197	200
197	201
198	199
198	200
198	201
198	202
199	200
199	201
199	202
199	203
200	201
200	202
200	203
200	204
201	202
201	203
201	204
201	205
201	208
202	203
202	204
202	205
203	204
203	205
204	205
204	206
204	207
204	208
205	206
205	207
205	208
206	207
206	208
207	208
207	209
208	209
208	210
209	210
209	211
210	211
210	212
211	212
211	213
212	213
212	214
213	214
213	215
213	226
213	227
213	228
213	231
214	215
214	216
214	217
214	218
214	226
214	227
215	216
215	217
215	218
215	225
215	226
215	227
216	217
216	218
216	225
217	218
217	219
218	219
218	225
218	226
219	220
219	221
219	223
219	224
219	225
219	226
220	221
220	222
220	223
220	224
220	225
220	226
221	222
221	223
222	223
222	224
223	224
223	225
224	225
224	226
225	226
225	227
226	227
226	228
226	230
226	231
227	228
227	229
227	230
227	231
228	229
228	230
228	231
228	232
229	230
229	231
229	232
229	233
229	261
229	262
229	265
230	231
230	232
230	233
231	232
231	233
231	234
232	233
232	234
232	235
232	236
233	234
233	235
233	236
233	265
234	235
234	236
235	236
235	237
235	238
235	239
236	237
236	238
236	239
236	240
237	238
237	239
237	240
237	241
238	239
238	240
238	241
238	242
239	240
239	241
239	242
239	243
240	241
240	242
240	243
240	244
241	242
241	243
241	244
242	243
242	244
242	245
242	248
243	244
243	245
243	248
244	245
244	246
245	246
245	247
245	248
246	247
246	248
247	248
247	249
248	249
248	250
248	289
249	250
249	251
249	289
249	290
250	251
250	252
250	289
250	290
250	291
251	252
251	253
251	290
251	291
251	292
252	253
252	291
252	292
252	293
253	254
253	292
253	293
253	294
254	255
254	256
254	293
254	294
254	295
255	256
255	257
255	258
255	294
255	295
256	257
256	258
256	259
256	294
256	295
257	258
257	259
257	260
258	259
258	260
258	261
258	262
259	260
259	261
259	262
259	263
260	261
260	262
260	263
260	264
261	262
261	263
261	264
261	265
262	263
262	264
262	265
262	266
263	264
263	265
263	266
263	267
264	265
264	266
264	267
264	268
265	266
265	267
265	268
265	269
266	267
266	268
266	269
266	270
266	277
267	268
267	269
267	270
267	271
267	277
268	269
268	270
268	271
268	272
269	270
269	271
269	272
269	273
270	271
270	272
270	273
270	274
270	275
270	276
270	277
271	272
271	273
271	274
271	275
271	276
272	273
272	274
273	274
273	275
274	275
274	276
275	276
275	277
276	277
276	278
276	279
276	280
277	278
277	279
277	280
277	281
278	279
278	280
278	281
278	282
279	280
279	281
279	282
279	283
280	281
280	282
280	283
280	284
281	282
281	283
281	284
281	285
282	283
282	284
282	285
282	286
283	284
283	285
283	286
283	287
284	285
284	286
284	287
284	288
284	289
284	290
285	286
285	287
285	288
285	289
285	290
285	291
286	287
286	288
287	288
287	289
288	289
288	290
288	291
289	290
289	291
290	291
290	292
291	292
292	293
292	294
293	294
293	295
294	295
