0	1
0	2
0	117
0	118
0	119
0	120
0	134
0	135
0	136
0	137
0	138
0	139
1	2
1	117
1	118
1	119
1	136
1	137
2	3
2	116
2	117
2	118
3	4
3	115
3	116
3	117
4	5
4	6
4	113
4	114
4	115
4	116
5	6
5	7
5	113
5	114
5	115
6	7
6	8
6	113
7	8
7	9
7	113
8	9
8	46
8	111
8	112
8	113
9	10
9	11
9	13
9	14
9	111
9	112
9	113
10	11
10	12
10	13
10	14
10	108
10	109
10	110
10	111
10	112
11	12
11	13
11	14
11	15
11	49
11	89
11	108
11	109
12	13
12	14
12	15
12	16
13	14
13	15
13	16
13	17
14	15
14	16
14	17
14	18
14	114
15	16
15	17
15	18
15	19
15	24
15	25
16	17
16	18
16	19
16	20
17	18
17	19
17	20
17	21
18	19
18	20
18	21
18	22
18	23
18	24
18	25
18	116
19	20
19	21
19	22
19	23
19	24
20	21
20	22
21	22
22	23
22	24
22	116
22	117
22	118
23	24
23	117
23	118
23	119
24	25
24	26
24	63
24	116
24	117
25	26
25	27
25	50
25	51
25	63
25	114
25	115
25	116
25	117
26	27
26	28
26	50
26	51
26	115
26	116
26	117
27	28
27	29
27	50
27	51
27	61
27	63
28	29
28	30
28	33
28	72
29	30
29	72
30	31
30	32
30	33
30	34
30	71
30	72
31	32
31	33
31	34
31	35
31	71
31	72
32	33
32	34
32	35
32	36
33	34
33	35
33	36
33	37
33	136
34	35
34	36
34	37
34	38
34	101
35	36
35	37
35	38
35	39
36	37
36	38
36	39
36	40
37	38
37	39
37	40
37	41
38	39
38	40
38	41
38	94
38	95
38	101
39	40
39	41
40	41
40	42
41	42
41	43
42	43
42	44
43	44
43	45
43	94
43	95
44	45
44	46
44	47
45	46
45	47
46	47
46	48
46	111
46	112
46	113
47	48
47	91
47	92
47	93
47	94
47	112
47	113
48	49
48	50
48	91
48	92
48	112
48	113
48	114
48	115
49	50
49	51
49	90
49	91
49	92
49	112
49	113
49	114
49	115
50	51
50	52
50	90
50	91
50	92
50	115
51	52
51	53
51	61
51	62
51	63
52	53
52	59
52	60
52	61
52	62
52	89
52	90
53	54
53	55
53	59
53	60
53	61
53	62
53	88
53	89
54	55
54	56
54	57
54	58
54	59
54	60
54	88
55	56
55	57
55	58
55	59
55	60
56	57
56	58
57	58
57	59
58	59
58	60
58	67
59	60
59	61
59	67
59	68
60	61
60	62
60	65
60	66
60	67
60	68
61	62
61	63
61	64
61	65
61	66
61	67
61	68
62	63
62	64
62	65
63	64
63	65
64	65
64	66
65	66
65	67
66	67
66	68
67	68
67	69
68	69
68	70
68	72
68	73
69	70
69	71
69	72
69	73
70	71
70	72
70	73
71	72
71	73
72	73
72	74
73	74
73	75
74	75
74	76
74	102
74	103
75	76
75	77
75	79
75	80
75	102
75	103
75	104
76	77
76	78
76	79
76	99
76	102
76	103
76	104
77	78
77	79
78	79
78	80
78	81
79	80
79	81
79	104
79	105
80	81
80	82
80	104
80	105
81	82
81	83
81	105
82	83
82	84
82	87
82	88
82	105
82	106
83	84
84	85
84	86
84	87
85	86
85	87
86	87
86	88
86	107
86	108
87	88
87	89
87	105
87	106
87	107
87	108
88	89
88	90
88	105
88	106
88	107
89	90
89	91
89	105
89	106
89	107
89	108
90	91
90	92
90	103
90	104
90	105
90	106
91	92
91	93
91	103
91	104
91	105
92	93
92	94
92	101
92	102
92	103
92	104
93	94
93	95
93	96
93	100
93	101
93	102
93	103
94	95
94	96
94	100
94	101
95	96
95	97
95	100
95	101
96	97
96	98
96	99
96	100
97	98
97	99
97	100
98	99
98	100
99	100
99	101
99	102
100	101
100	102
101	102
101	103
102	103
103	104
103	105
104	105
104	106
105	106
106	107
106	108
107	108
107	109
107	110
108	109
108	110
109	110
109	111
110	111
110	112
111	112
112	113
112	114
113	114
113	115
114	115
114	116
115	116
116	117
116	118
117	118
117	119
118	119
118	120
119	120
119	121
120	121
120	122
120	134
120	139
121	122
121	125
121	132
121	134
122	123
122	124
122	125
123	124
123	125
123	128
124	125
124	126
124	127
124	128
125	126
125	127
125	128
125	132
126	127
126	128
126	129
126	130
126	131
126	132
126	141
126	151
126	152
127	128
127	129
127	151
127	152
127	153
128	129
128	130
129	130
129	143
129	144
129	147
129	152
130	131
130	132
130	141
130	142
130	143
130	144
130	152
131	132
131	133
131	141
131	142
131	143
132	133
132	134
132	139
132	140
132	141
132	142
133	134
133	135
133	139
133	140
133	141
134	135
134	136
134	138
134	139
134	140
135	136
135	137
135	138
135	139
136	137
136	138
137	138
138	139
139	140
140	141
140	142
141	142
141	143
141	150
141	151
142	143
142	144
143	144
143	145
143	147
143	148
143	152
144	145
144	146
144	147
145	146
145	147
146	147
146	155
146	156
147	148
147	152
147	153
147	154
147	155
147	156
148	149
148	150
148	152
148	153
148	154
148	155
148	156
149	150
149	151
149	152
149	153
149	154
150	151
150	152
151	152
151	153
152	153
152	154
153	154
153	155
154	155
154	156
155	156
