0	1
0	2
1	2
1	3
2	3
2	4
2	6
2	7
3	4
3	5
3	6
3	7
4	5
4	6
4	7
4	8
5	6
5	7
5	8
5	9
5	205
5	206
6	7
6	8
6	9
6	10
7	8
7	9
7	10
7	11
7	32
8	9
8	10
8	11
8	12
9	10
9	11
9	12
9	13
9	205
9	206
10	11
10	12
10	13
10	14
10	140
11	12
11	13
11	14
11	35
11	36
12	13
12	14
13	14
13	15
14	15
14	140
15	16
15	80
15	138
16	17
16	18
16	20
16	79
16	80
17	18
17	19
17	20
18	19
18	20
18	43
18	44
19	20
19	21
19	43
19	44
19	45
20	21
20	22
20	44
20	45
20	79
21	22
21	23
21	44
21	45
21	46
21	78
21	79
21	80
22	23
22	44
22	45
22	46
22	47
22	78
22	79
22	80
22	81
23	24
23	25
23	46
23	47
23	48
23	78
23	80
23	81
23	82
24	25
24	26
24	27
24	30
24	32
24	33
24	47
24	48
24	49
24	81
24	82
24	83
25	26
25	27
25	48
25	49
25	50
25	69
25	83
25	85
26	27
26	28
26	49
26	50
26	69
26	85
27	28
27	29
27	30
27	48
27	49
27	50
28	29
28	30
28	50
28	55
28	56
28	57
29	30
29	31
29	55
29	56
29	57
29	58
30	31
30	32
30	33
30	34
30	48
30	58
31	32
31	33
31	34
31	35
32	33
32	34
32	35
32	36
32	82
32	83
33	34
33	35
33	36
33	37
33	46
34	35
34	36
34	37
34	38
35	36
35	37
35	38
35	39
36	37
36	38
36	39
36	40
37	38
37	39
37	40
37	41
37	42
38	39
38	40
38	41
39	40
39	41
40	41
41	42
41	43
42	43
42	44
43	44
44	45
44	46
45	46
45	47
46	47
46	48
46	62
46	63
47	48
47	49
47	62
47	63
47	64
48	49
48	50
48	63
48	64
48	65
49	50
49	51
49	64
49	65
49	66
49	67
49	69
50	51
50	52
50	56
50	65
50	66
50	67
50	68
51	52
51	53
51	66
51	67
51	68
52	53
52	54
52	55
52	56
53	54
53	55
53	56
53	66
54	55
54	56
55	56
55	57
56	57
56	58
57	58
57	59
58	59
58	60
58	62
58	64
59	60
59	61
59	62
60	61
60	62
61	62
61	63
62	63
62	64
63	64
63	65
64	65
64	66
65	66
65	67
66	67
67	68
67	69
67	72
68	69
68	70
68	71
68	72
69	70
69	71
69	72
70	71
70	72
70	125
70	128
71	72
71	73
72	73
72	74
73	74
73	75
74	75
74	76
75	76
76	77
76	78
77	78
77	132
77	133
77	134
78	79
78	80
78	81
78	132
78	133
78	134
78	137
79	80
79	81
79	133
79	134
79	137
79	138
80	81
80	82
80	137
80	138
80	139
81	82
81	129
81	138
81	139
81	140
82	83
82	139
82	140
82	141
83	84
83	85
83	140
83	141
83	142
84	85
84	86
84	141
84	142
84	143
85	86
85	87
85	122
85	125
86	87
86	88
86	121
86	122
87	88
87	120
87	121
87	122
88	89
88	90
88	97
88	98
88	120
88	121
89	90
89	91
89	96
89	97
89	98
89	118
89	119
89	120
89	121
90	91
90	96
90	97
90	98
90	99
90	120
91	92
91	93
91	96
91	97
91	98
91	99
92	93
92	94
92	95
92	96
92	99
93	94
93	95
93	96
93	97
93	99
94	95
94	96
95	96
96	97
96	98
97	98
97	99
98	99
98	100
99	100
100	101
100	102
100	104
100	105
101	102
101	103
101	104
101	105
102	103
102	104
102	105
102	106
103	104
103	105
103	106
103	107
104	105
104	106
104	107
104	108
105	106
105	107
105	108
105	109
106	107
106	108
106	109
106	110
107	108
107	109
107	110
107	111
108	109
108	110
108	111
108	112
109	110
109	111
109	112
109	115
110	111
110	112
111	112
111	113
112	113
112	114
112	115
112	124
112	127
113	114
113	115
114	115
114	116
114	155
114	156
115	116
115	117
115	119
116	117
116	118
116	119
116	152
116	153
117	118
117	119
117	152
118	119
118	120
119	120
119	123
119	152
120	121
120	122
120	123
120	124
121	122
121	123
121	124
121	125
122	123
122	124
122	125
122	126
122	143
123	124
123	125
123	126
123	127
123	156
124	125
124	126
124	127
124	128
125	126
125	127
125	128
125	129
126	127
126	128
126	129
126	130
127	128
127	129
127	130
127	131
128	129
128	130
128	131
128	132
129	130
129	131
129	132
129	133
130	131
130	132
130	133
131	132
131	133
132	133
132	134
133	134
133	135
133	137
133	189
134	135
134	136
134	137
135	136
135	137
135	189
135	190
136	137
136	138
136	188
136	189
136	190
137	138
137	139
137	188
137	189
138	139
138	140
138	187
138	188
138	189
139	140
139	141
139	186
139	187
139	188
140	141
140	184
140	185
140	186
140	187
141	142
141	143
141	184
141	185
141	186
142	143
142	182
142	183
142	184
142	185
143	144
143	145
143	182
143	183
143	184
144	145
144	146
144	180
144	181
144	182
144	183
145	146
145	147
145	148
145	181
145	182
145	183
145	370
146	147
146	148
146	149
146	150
146	370
146	371
147	148
147	149
147	150
147	153
148	149
148	150
148	221
148	222
149	150
149	151
149	221
149	222
150	151
150	152
150	153
150	154
151	152
151	153
151	154
152	153
152	154
153	154
153	155
153	156
153	157
154	155
154	156
154	157
154	158
154	219
155	156
155	157
155	158
155	159
156	157
156	158
156	159
156	160
157	158
157	159
157	160
157	161
157	219
158	159
158	160
158	161
158	162
158	218
158	219
159	160
159	161
159	162
159	163
160	161
160	162
160	163
160	164
161	162
161	163
161	164
161	165
161	192
161	193
161	217
161	218
161	219
162	163
162	164
162	218
163	164
163	189
164	165
164	166
164	188
164	189
164	190
164	191
164	192
165	166
165	187
165	188
165	189
165	190
165	191
165	192
165	193
165	194
166	167
166	168
166	186
166	187
166	188
166	193
166	194
166	195
167	168
167	169
167	185
167	186
167	187
167	194
167	195
167	196
168	169
168	170
168	183
168	184
168	185
168	186
168	195
168	196
168	197
169	170
169	171
169	183
169	184
169	185
169	196
169	197
169	198
169	199
169	208
170	171
170	172
170	182
170	183
170	184
170	197
170	198
170	199
171	172
171	173
171	174
171	182
171	183
171	199
172	173
172	174
172	181
172	182
172	183
173	174
173	175
173	179
173	180
173	181
173	182
174	175
174	176
174	182
175	176
175	177
175	178
176	177
176	178
177	178
177	179
178	179
178	180
179	180
180	181
180	182
181	182
181	369
181	370
182	183
182	184
183	184
183	185
184	185
184	186
185	186
185	187
186	187
186	188
187	188
187	189
188	189
188	190
189	190
190	191
190	192
191	192
192	193
192	215
193	194
193	195
193	214
193	215
193	216
193	217
194	195
194	196
194	213
194	214
194	215
194	217
195	196
195	197
195	212
195	213
195	214
196	197
196	210
196	211
196	212
196	213
197	198
197	199
197	208
197	209
197	210
197	211
197	212
198	199
198	208
198	209
198	210
198	211
199	200
199	201
199	206
199	207
199	208
199	209
200	201
200	202
200	206
200	207
200	208
201	202
201	205
201	206
201	207
202	203
202	204
202	205
202	206
203	204
203	205
204	205
205	206
205	207
206	207
206	208
207	208
207	209
208	209
208	210
209	210
209	211
210	211
210	212
211	212
212	213
212	214
213	214
213	215
214	215
214	216
214	217
215	216
215	217
216	217
216	218
217	218
217	219
217	220
218	219
218	220
219	220
219	221
220	221
220	222
221	222
221	223
222	223
223	224
223	225
223	366
223	367
224	225
224	226
224	365
224	366
224	367
225	226
225	229
225	230
225	366
226	227
226	228
226	229
226	230
227	228
227	229
227	230
227	231
228	229
228	230
228	231
228	232
229	230
229	231
229	232
229	233
229	362
230	231
230	232
230	233
230	234
231	232
231	233
231	234
231	235
232	233
232	234
232	235
232	383
233	234
233	235
233	236
233	383
234	235
234	236
235	236
235	383
235	385
236	237
236	238
236	383
236	384
236	385
237	238
237	239
237	241
237	383
237	384
237	385
238	239
238	240
238	241
238	380
238	381
238	382
238	383
238	384
239	240
239	241
239	242
239	243
239	380
239	381
239	382
239	383
239	384
240	241
240	242
240	243
240	244
240	380
240	381
241	242
241	243
242	243
242	339
242	340
242	343
242	391
243	244
243	245
243	337
243	338
243	339
243	340
244	245
244	246
244	337
244	338
244	339
244	340
245	246
245	247
245	335
245	336
245	337
245	338
246	247
246	248
246	335
246	336
246	337
247	248
247	249
247	334
247	335
247	336
248	249
248	250
248	331
248	332
248	333
248	334
248	335
248	336
249	250
249	251
249	253
249	301
249	302
249	332
250	251
250	252
250	253
250	254
250	332
251	252
251	253
251	254
251	255
251	332
252	253
252	254
252	255
252	256
253	254
253	255
253	256
253	257
254	255
254	256
254	257
254	260
255	256
255	257
255	260
256	257
256	258
257	258
257	259
257	260
258	259
258	260
259	260
259	261
259	293
260	261
260	291
260	292
260	293
261	262
261	263
261	291
261	292
261	293
262	263
262	290
262	291
262	292
263	264
263	265
263	291
263	292
264	265
264	268
264	292
265	266
265	267
265	268
266	267
266	268
267	268
267	269
267	294
268	269
268	270
268	292
268	293
268	294
268	295
269	270
269	271
269	292
269	293
269	294
269	295
270	271
270	272
270	287
270	291
270	292
270	293
271	272
271	273
271	289
271	291
271	292
271	293
271	330
271	331
271	332
272	273
272	276
272	287
272	288
272	289
272	330
272	331
272	332
273	274
273	275
273	276
273	288
273	289
273	331
273	332
273	333
274	275
274	276
274	277
274	313
274	315
274	333
274	334
275	276
275	277
275	288
276	277
276	278
276	282
276	283
276	284
277	278
277	279
277	281
277	282
277	283
278	279
278	280
278	281
278	282
278	321
279	280
279	281
279	321
279	322
279	323
279	355
280	281
280	322
280	323
280	351
281	282
281	283
281	323
281	324
282	283
282	284
282	323
282	325
283	284
283	285
283	286
284	285
284	286
285	286
285	287
286	287
286	288
287	288
287	289
287	290
288	289
288	290
289	290
289	291
290	291
290	292
291	292
292	293
293	294
293	295
294	295
294	296
294	297
295	296
295	297
295	298
295	329
295	330
296	297
296	298
296	299
297	298
297	299
297	300
298	299
298	300
298	301
298	302
298	305
298	306
298	330
299	300
299	301
299	302
299	303
299	304
299	305
299	306
300	301
300	302
300	303
301	302
301	303
302	303
302	304
302	305
303	304
303	305
303	306
304	305
304	306
304	307
305	306
305	307
305	328
305	329
305	330
306	307
306	308
306	328
307	308
307	309
307	328
308	309
308	325
308	326
308	327
308	328
309	310
309	311
309	324
309	325
309	326
309	337
309	338
310	311
310	312
310	323
310	324
310	325
310	336
310	337
311	312
311	313
311	322
311	323
311	324
311	325
311	334
311	335
311	336
311	337
312	313
312	314
312	321
312	322
312	323
312	334
312	335
312	336
313	314
313	315
313	316
313	320
313	321
313	322
313	334
313	335
314	315
314	316
314	334
314	335
314	373
314	374
314	375
315	316
315	317
315	372
315	373
315	374
316	317
316	318
316	319
316	372
316	373
317	318
317	319
317	372
317	373
317	374
318	319
318	363
318	364
318	368
318	369
318	372
318	373
318	374
319	320
319	321
319	360
319	363
319	364
319	374
320	321
320	322
320	354
320	355
320	359
320	360
320	374
321	322
321	354
321	355
322	323
322	351
322	354
322	355
323	324
323	325
323	351
324	325
324	326
324	347
325	326
325	327
325	328
326	327
326	328
327	328
327	329
328	329
328	330
329	330
329	331
330	331
330	332
331	332
331	333
332	333
333	334
334	335
334	336
335	336
335	337
336	337
336	338
337	338
337	339
338	339
338	340
339	340
339	341
339	343
340	341
340	342
340	343
341	342
341	343
342	343
342	344
342	391
342	392
343	344
343	345
343	390
343	391
343	392
344	345
344	389
344	390
344	391
345	346
345	347
345	388
345	389
345	390
346	347
346	348
346	349
346	350
346	388
346	389
347	348
347	349
347	350
347	351
348	349
348	350
348	351
348	352
349	350
349	351
349	352
349	353
349	388
350	351
350	352
350	353
350	354
350	388
351	352
351	353
351	354
351	355
352	353
352	354
352	355
352	356
353	354
353	355
353	356
354	355
354	356
354	359
355	356
355	357
355	359
356	357
356	358
356	359
356	360
357	358
357	359
357	360
357	361
358	359
358	360
358	361
358	362
359	360
359	361
359	362
359	363
360	361
360	362
360	363
360	364
361	362
361	363
361	364
361	365
362	363
362	364
362	365
362	366
363	364
363	365
363	366
363	367
364	365
364	366
364	367
364	368
365	366
365	367
365	368
366	367
366	368
367	368
367	369
367	370
368	369
368	370
369	370
369	371
369	372
370	371
371	372
371	373
372	373
373	374
373	375
374	375
374	376
374	378
374	379
375	376
375	377
375	378
375	379
376	377
376	378
376	379
376	380
377	378
377	379
377	380
377	381
378	379
378	380
378	381
378	382
379	380
379	381
379	382
380	381
380	382
381	382
381	383
382	383
382	384
383	384
383	385
384	385
384	386
384	388
384	389
385	386
385	387
385	388
385	389
386	387
386	388
386	389
386	390
387	388
387	389
388	389
388	390
389	390
389	391
390	391
390	392
391	392
