0	1
1	2
1	3
1	5
1	6
1	34
2	3
2	4
2	5
2	6
2	61
3	4
3	5
3	6
3	7
3	60
3	61
4	5
4	6
4	7
4	8
5	6
5	7
5	8
5	9
6	7
6	8
6	9
6	35
6	58
6	59
6	60
6	61
7	8
7	9
7	58
7	59
7	60
8	9
8	10
9	10
9	11
9	12
9	58
10	11
10	12
10	13
11	12
11	13
11	14
11	55
11	56
11	57
11	58
12	13
12	14
12	55
12	56
12	57
12	58
13	14
13	15
13	55
13	56
13	57
14	15
14	54
14	55
14	56
15	16
15	17
15	53
15	54
15	55
15	191
16	17
16	18
16	51
16	52
16	53
16	54
16	190
16	191
16	192
16	194
16	195
17	18
17	19
17	20
17	30
17	51
17	52
17	53
17	194
17	195
17	196
18	19
18	20
18	50
18	51
18	52
18	194
18	196
18	197
19	20
19	30
19	50
19	51
20	21
20	28
20	29
20	30
20	50
20	51
20	52
21	22
21	23
21	26
21	27
21	28
21	29
22	23
22	24
22	25
22	26
22	27
22	28
23	24
23	25
23	26
23	131
23	132
24	25
24	26
24	131
24	132
25	26
25	27
26	27
26	28
26	79
27	28
27	29
27	79
28	29
28	38
28	39
29	30
29	36
29	37
29	38
29	39
30	31
30	32
30	36
30	37
30	38
31	32
31	33
31	34
31	35
31	36
31	37
31	62
32	33
32	34
32	35
32	36
32	196
33	34
33	35
34	35
34	61
34	62
35	36
35	37
35	58
35	60
35	61
35	62
36	37
36	58
36	59
36	60
36	61
36	62
36	63
37	38
37	39
37	56
37	57
37	58
37	59
38	39
38	40
38	56
38	57
38	58
38	59
39	40
39	43
39	54
39	55
39	56
39	57
40	41
40	42
40	43
40	54
40	55
40	56
40	57
41	42
41	43
41	54
41	55
42	43
42	44
42	54
43	44
43	45
43	52
43	53
43	54
43	76
43	77
44	45
44	52
44	53
44	54
44	74
44	75
44	76
44	77
44	187
44	188
44	189
44	190
45	46
45	47
45	49
45	51
45	52
45	53
45	74
45	75
45	76
45	77
46	47
46	48
46	49
46	50
46	51
46	52
46	73
46	74
46	75
47	48
47	49
47	74
47	75
48	49
48	50
49	50
49	51
49	114
49	115
50	51
50	52
51	52
52	53
52	54
53	54
53	190
54	55
54	56
55	56
55	57
56	57
56	58
57	58
57	59
58	59
58	60
59	60
60	61
60	62
61	62
61	63
62	63
62	64
63	64
65	66
65	67
66	67
66	68
66	193
67	68
67	69
67	70
67	192
67	193
68	69
68	70
68	71
68	192
68	193
69	70
69	71
69	72
69	191
69	192
70	71
70	72
70	191
70	192
71	72
71	73
71	188
71	189
71	190
71	191
71	192
72	73
72	74
72	188
72	189
72	190
72	191
73	74
73	187
73	188
73	189
73	190
74	75
74	76
74	186
74	187
74	188
74	189
74	190
75	76
75	77
75	183
75	184
75	185
75	186
75	187
76	77
76	78
76	184
76	185
76	186
76	187
77	78
77	79
77	184
78	79
78	80
79	80
79	81
79	82
80	81
80	82
80	150
80	151
80	152
80	155
81	82
81	83
81	150
81	151
81	152
82	83
82	84
82	151
82	152
83	84
83	85
83	86
83	151
83	152
84	85
84	86
84	151
84	152
84	153
85	86
85	87
85	91
85	92
85	151
85	152
85	153
86	87
86	88
86	89
86	92
86	151
87	88
87	89
87	92
87	93
87	94
87	95
87	96
87	149
87	151
88	89
88	92
88	93
88	94
88	95
88	96
89	90
89	91
89	92
89	93
90	91
90	92
90	93
91	92
91	93
92	93
92	94
93	94
93	95
94	95
94	96
94	125
95	96
95	97
96	97
96	98
96	149
97	98
97	99
98	99
98	100
98	146
98	147
98	148
98	149
99	100
99	101
99	146
99	147
99	148
100	101
100	102
100	144
100	145
100	146
100	147
101	102
101	103
101	104
101	105
101	144
101	145
101	146
102	103
102	104
102	105
102	143
102	144
102	145
103	104
103	105
103	106
103	145
104	105
104	106
104	145
105	106
105	107
105	145
106	107
106	108
106	109
107	108
107	109
107	173
107	174
108	109
108	110
108	170
108	171
108	174
109	110
109	117
109	118
109	119
109	120
109	178
110	111
110	112
110	113
110	117
110	118
110	119
110	120
110	167
110	168
110	177
110	178
110	179
110	180
111	112
111	113
111	114
111	115
111	116
111	117
111	118
111	178
111	179
111	180
112	113
112	114
112	115
112	116
112	117
112	118
112	178
112	179
112	180
113	114
113	115
113	116
113	117
113	179
113	180
113	183
114	115
114	116
114	183
115	116
115	117
116	117
116	118
117	118
117	129
117	130
118	119
118	120
118	121
118	126
118	127
118	128
118	129
118	130
119	120
119	121
119	122
119	126
119	127
119	128
119	129
120	121
120	122
120	126
120	127
120	128
120	129
121	122
121	123
121	124
121	125
121	126
121	127
121	128
121	168
122	123
122	124
122	125
122	126
123	124
123	125
124	125
124	126
125	126
125	127
125	128
126	127
126	128
126	129
126	149
126	150
127	128
127	129
127	130
127	147
127	148
127	149
127	150
128	129
128	130
128	147
128	148
128	149
128	150
129	130
129	131
129	147
129	148
129	149
129	150
130	131
130	132
130	146
130	147
130	148
131	132
131	133
131	146
131	147
131	148
132	133
132	145
132	146
133	134
133	135
133	143
133	144
133	145
133	146
134	135
134	136
134	143
134	144
134	145
134	146
135	136
135	137
135	141
135	142
135	143
135	144
136	137
136	141
136	142
136	143
137	138
137	139
137	140
137	141
137	142
138	139
138	140
138	141
139	140
139	141
140	141
140	142
141	142
141	143
142	143
142	144
143	144
143	145
144	145
144	146
145	146
145	147
146	147
146	148
147	148
147	149
148	149
148	150
149	150
149	151
150	151
150	152
151	152
151	153
152	153
152	154
152	155
152	156
153	154
153	155
153	156
153	157
154	155
154	156
154	157
154	158
155	156
155	157
155	158
155	159
156	157
156	158
156	159
156	160
157	158
157	159
157	160
157	161
158	159
158	160
158	161
158	162
158	163
159	160
159	161
159	162
159	163
159	164
160	161
160	162
161	162
161	163
162	163
162	164
162	165
163	164
163	165
163	182
164	165
164	166
164	167
164	168
164	180
164	182
165	166
165	167
165	168
165	169
166	167
166	168
166	180
167	168
167	169
167	170
167	178
167	179
167	180
168	169
168	170
169	170
169	171
170	171
171	172
172	173
172	174
173	174
173	175
174	175
174	176
175	176
175	177
176	177
176	178
177	178
177	179
178	179
178	180
179	180
179	181
180	181
180	182
180	183
181	182
181	183
182	183
182	184
183	184
184	185
184	186
185	186
185	187
186	187
187	188
187	189
188	189
188	190
188	191
189	190
189	191
190	191
190	192
191	192
191	193
192	193
192	194
193	194
193	195
194	195
194	196
194	197
195	196
195	197
196	197
