0	1
0	2
1	2
1	3
2	3
2	4
2	396
2	397
2	420
3	4
3	5
3	42
3	396
3	397
3	398
4	5
4	6
4	41
4	42
4	43
4	397
4	398
4	399
5	6
5	7
5	41
5	42
5	43
5	44
5	45
5	398
5	399
5	400
6	7
6	8
6	43
6	44
6	45
6	399
6	400
6	401
6	402
6	403
7	8
7	9
7	44
7	45
7	46
7	47
7	400
7	401
7	402
7	403
8	9
8	10
8	44
8	45
8	46
8	47
8	402
8	403
9	10
9	11
9	46
9	47
9	48
9	402
10	11
10	12
10	14
10	15
10	47
11	12
11	13
11	14
11	15
12	13
12	14
12	15
12	16
12	63
13	14
13	15
13	16
13	17
14	15
14	16
14	17
14	18
14	25
14	26
15	16
15	17
15	18
15	67
15	68
16	17
16	18
16	63
16	64
16	67
17	18
17	19
18	19
18	20
18	26
19	20
19	21
19	22
19	26
19	29
20	21
20	22
20	26
20	29
20	31
21	22
21	23
22	23
22	24
22	25
22	26
23	24
23	25
23	26
23	27
23	28
24	25
24	26
24	27
25	26
25	27
26	27
26	28
26	29
27	28
27	29
28	29
28	30
28	32
28	404
29	30
29	31
29	32
30	31
30	32
30	33
30	74
30	75
31	32
31	33
31	34
32	33
32	34
33	34
33	35
33	37
33	38
34	35
34	36
34	37
34	38
35	36
35	37
35	38
35	39
35	81
36	37
36	38
36	39
36	40
37	38
37	39
37	40
37	41
38	39
38	40
38	41
38	78
38	81
38	82
39	40
39	41
39	81
39	82
40	41
40	42
40	413
40	414
40	417
41	42
41	43
41	85
42	43
42	84
42	85
42	86
43	44
43	45
43	85
43	86
43	87
43	88
44	45
44	46
44	86
44	87
44	88
45	46
45	47
45	87
45	88
45	89
45	90
46	47
46	48
46	87
46	88
46	89
46	90
47	48
47	49
47	89
47	90
48	49
48	50
48	90
48	91
48	92
48	93
49	50
49	58
49	59
49	60
49	90
49	91
49	92
50	51
50	52
50	57
50	58
50	59
50	60
50	91
50	92
50	96
51	52
51	53
51	55
51	56
51	57
51	58
51	103
51	106
51	107
52	53
52	54
52	55
52	56
52	57
52	58
52	106
53	54
53	55
53	106
54	55
54	56
55	56
55	57
55	106
55	109
55	110
55	120
56	57
56	58
56	119
56	120
56	123
57	58
57	120
57	123
57	124
58	59
58	60
59	60
59	61
59	63
60	61
60	62
60	63
61	62
61	63
62	63
62	64
63	64
63	65
64	65
64	66
64	67
64	68
65	66
65	67
65	68
65	69
66	67
66	68
66	69
66	70
67	68
67	69
67	70
67	71
68	69
68	70
68	71
68	72
69	70
69	71
69	72
69	73
69	131
70	71
70	72
70	73
70	74
71	72
71	73
71	74
71	75
72	73
72	74
72	75
72	76
73	74
73	75
73	76
73	77
74	75
74	76
74	77
74	78
75	76
75	77
75	78
75	87
76	77
76	78
76	79
76	87
77	78
77	79
77	80
78	79
78	80
78	81
79	80
79	81
79	82
79	83
79	85
80	81
80	82
80	83
81	82
81	83
82	83
82	84
82	85
83	84
83	85
84	85
84	86
85	86
85	87
86	87
86	88
86	134
87	88
87	89
87	133
87	134
88	89
88	90
88	133
88	134
88	135
88	136
88	137
89	90
89	91
89	133
89	135
89	136
89	137
90	91
90	92
90	136
90	137
90	138
90	139
91	92
91	93
91	137
91	138
91	139
92	93
92	94
92	96
92	97
92	138
92	139
92	140
93	94
93	95
93	96
93	97
93	139
93	140
93	141
94	95
94	96
94	97
94	98
94	141
95	96
95	97
95	98
95	101
96	97
96	98
96	101
96	102
96	103
96	104
97	98
97	99
97	101
97	103
97	104
97	107
97	140
97	141
98	99
98	100
98	101
98	104
98	141
98	142
99	100
99	101
99	104
100	101
100	102
100	104
101	102
101	103
101	104
102	103
102	104
103	104
103	105
103	106
104	105
104	106
104	107
104	108
105	106
105	107
105	108
105	109
106	107
106	108
106	109
106	110
107	108
107	109
107	110
107	111
108	109
108	110
108	111
108	112
108	147
109	110
109	111
109	112
110	111
110	112
110	116
110	117
110	120
111	112
111	113
111	116
111	117
111	150
111	151
111	154
112	113
112	116
112	117
112	150
113	114
113	115
113	116
113	117
114	115
114	116
114	117
114	118
115	116
115	117
115	118
115	119
116	117
116	118
116	119
116	120
117	118
117	119
117	120
117	121
117	154
118	119
118	120
118	121
118	122
118	157
119	120
119	121
119	122
119	123
120	121
120	122
120	123
120	124
121	122
121	123
121	124
121	125
121	154
121	157
121	158
122	123
122	124
122	125
122	126
123	124
123	125
123	126
123	127
124	125
124	126
124	127
124	128
125	126
125	127
125	128
125	129
125	162
126	127
126	128
126	129
126	130
127	128
127	129
127	130
127	131
128	129
128	130
128	131
128	132
128	133
128	134
128	135
129	130
129	131
129	132
129	133
130	131
130	132
131	132
131	133
132	133
132	134
133	134
133	135
134	135
134	176
134	177
135	136
135	137
135	176
135	177
135	178
136	137
136	138
136	177
136	178
136	179
137	138
137	139
137	178
137	179
137	180
138	139
138	140
138	179
138	180
138	181
139	140
139	141
139	180
139	181
140	141
140	142
140	143
141	142
141	143
142	143
142	144
142	188
143	144
143	145
143	147
143	148
143	191
144	145
144	146
144	147
144	148
144	191
144	192
145	146
145	147
145	148
145	191
145	192
146	147
146	148
147	148
147	149
147	150
147	151
148	149
148	150
148	151
148	152
148	192
149	150
149	151
149	152
149	153
150	151
150	152
150	153
150	154
151	152
151	153
151	154
151	155
152	153
152	154
152	155
152	156
152	198
152	199
153	154
153	155
153	156
153	157
154	155
154	156
154	157
154	158
155	156
155	157
155	158
155	159
155	202
156	157
156	158
156	159
156	160
156	202
157	158
157	159
157	160
157	161
158	159
158	160
158	161
158	162
159	160
159	161
159	162
159	163
159	178
159	202
160	161
160	162
160	163
160	164
161	162
161	163
161	164
161	165
162	163
162	164
162	165
162	166
162	176
163	164
163	165
163	166
163	167
164	165
164	166
164	167
164	168
165	166
165	167
165	168
165	169
166	167
166	168
166	169
166	170
166	171
166	172
166	175
166	176
167	168
167	169
167	170
167	171
167	172
168	169
168	170
169	170
169	171
170	171
170	172
171	172
171	173
171	174
171	175
172	173
172	174
172	175
173	174
173	175
174	175
174	176
175	176
175	177
176	177
177	178
177	179
177	204
178	179
178	203
178	204
179	180
179	181
179	203
179	204
179	205
179	206
180	181
180	182
180	205
180	206
180	207
181	182
181	183
181	206
181	207
181	208
181	209
182	183
182	184
182	206
182	207
182	208
182	209
183	184
183	185
183	188
183	189
183	208
183	209
184	185
184	186
184	189
184	208
184	209
184	210
184	211
184	267
185	186
185	187
185	188
185	189
185	210
185	213
185	262
185	267
186	187
186	188
186	189
186	190
186	238
186	239
186	240
187	188
187	189
187	190
187	239
188	189
188	190
188	191
189	190
189	191
189	192
189	193
190	191
190	192
190	193
190	239
190	240
190	243
191	192
191	193
192	193
192	194
192	195
192	196
193	194
193	195
193	196
193	243
194	195
194	196
194	243
194	244
194	245
195	196
195	197
195	198
195	199
196	197
196	198
196	199
196	200
197	198
197	199
197	200
197	201
197	275
197	276
197	277
198	199
198	200
198	201
199	200
199	201
199	202
200	201
200	202
200	203
200	206
200	277
201	202
201	203
202	203
202	204
203	204
203	205
203	206
204	205
204	281
205	206
205	207
205	281
205	282
205	283
206	207
206	208
206	281
206	282
206	283
207	208
207	209
207	282
207	283
207	284
207	285
207	399
208	209
208	210
208	283
208	284
208	285
209	210
209	211
209	285
210	211
210	225
210	264
210	284
210	285
210	286
211	212
211	213
211	224
211	225
211	285
211	286
211	287
212	213
212	214
212	215
212	224
212	225
213	214
213	215
213	224
213	225
213	262
214	215
214	218
214	221
214	222
214	223
214	224
215	216
215	217
215	218
215	224
215	291
216	217
216	218
216	219
216	293
216	310
216	311
216	312
217	218
217	219
217	312
218	219
218	220
219	220
219	221
219	307
219	308
220	221
220	222
220	305
220	306
220	307
221	222
221	304
221	305
221	306
221	307
222	223
222	224
222	233
222	304
222	305
223	224
223	225
223	226
223	376
224	225
224	226
224	376
225	226
225	227
225	263
225	264
226	227
226	228
226	229
226	263
226	264
226	361
226	362
226	363
227	228
227	229
227	263
227	264
227	265
227	361
227	362
227	386
228	229
228	230
228	263
228	264
228	265
228	360
228	361
228	435
228	436
228	437
229	230
229	231
229	261
229	263
229	360
229	361
229	435
229	436
229	437
230	231
230	232
230	233
230	360
230	361
230	435
230	436
231	232
231	233
232	233
232	234
233	234
233	235
233	305
234	235
234	236
234	305
235	236
235	259
235	260
235	261
235	262
236	237
236	238
236	259
236	260
236	261
236	262
237	238
237	239
237	258
237	259
237	260
238	239
238	240
238	241
238	256
238	257
238	258
238	259
238	260
239	240
239	241
239	242
240	241
240	242
240	243
240	256
241	242
241	243
241	252
241	256
242	243
242	244
243	244
243	245
244	245
244	246
245	246
245	247
246	247
246	248
247	248
247	249
247	251
247	252
248	249
248	250
248	251
248	252
249	250
249	251
249	252
249	253
250	251
250	252
250	253
250	254
251	252
251	253
251	254
251	255
252	253
252	254
252	255
252	256
253	254
253	255
253	256
253	257
254	255
254	256
254	257
254	440
254	441
255	256
255	257
255	440
255	441
255	442
256	257
256	258
256	440
257	258
257	259
257	260
257	440
258	259
258	260
259	260
260	261
260	262
261	262
261	263
262	263
262	266
263	264
263	265
263	266
263	267
264	265
264	266
264	267
264	268
265	266
265	267
265	268
265	269
265	437
265	438
266	267
266	268
266	269
266	270
266	438
267	268
267	269
267	270
267	271
268	269
268	270
268	271
268	272
269	270
269	271
269	272
269	273
269	438
270	271
270	272
270	273
271	272
271	273
271	274
271	277
272	273
272	274
272	277
272	279
272	444
272	445
273	274
273	275
273	441
273	442
273	443
273	444
273	445
274	275
274	276
274	277
274	442
274	443
274	444
275	276
275	277
275	443
275	444
276	277
276	278
277	278
277	279
278	279
278	280
278	281
279	280
279	281
279	282
279	394
279	395
279	396
280	281
280	282
280	394
280	395
280	396
281	282
281	283
281	395
281	396
282	283
282	284
282	395
282	396
283	284
283	285
283	395
283	396
283	397
283	398
283	399
284	285
284	286
284	397
284	398
284	399
285	286
285	287
285	398
285	399
285	400
286	287
286	288
286	399
286	400
286	401
287	288
287	289
287	378
287	400
287	401
288	289
288	339
288	340
288	378
288	400
288	401
288	402
288	405
288	406
289	290
289	291
289	337
289	338
289	339
289	340
289	377
289	405
290	291
290	292
290	337
290	338
290	339
290	340
290	375
290	376
290	377
291	292
291	293
291	336
291	337
291	338
291	375
291	376
291	377
292	293
292	294
292	336
292	337
292	373
292	374
292	375
292	376
293	294
293	308
293	310
293	336
293	373
293	374
293	375
294	295
294	296
294	308
294	309
294	310
294	372
294	373
294	374
295	296
295	297
295	308
295	309
295	372
295	373
296	297
296	298
296	303
296	306
296	307
296	308
296	372
296	373
296	374
297	298
297	299
297	303
297	306
297	372
298	299
298	300
298	301
298	302
298	303
299	300
299	301
299	302
300	301
300	302
300	303
300	304
301	302
301	303
301	304
302	303
302	304
302	367
303	304
303	305
303	306
303	367
303	373
303	374
304	305
304	306
305	306
305	307
306	307
306	308
307	308
308	309
308	310
309	310
309	311
310	311
310	312
311	312
311	313
312	313
312	314
313	314
313	315
313	316
313	317
314	315
314	316
315	316
315	317
316	317
316	318
316	334
317	318
318	319
318	320
319	320
319	321
320	321
320	322
321	322
321	323
321	330
321	334
321	335
322	323
322	324
322	335
323	324
323	325
323	326
323	335
324	325
324	326
324	351
325	326
325	327
325	346
325	351
326	327
326	328
326	329
326	342
326	346
327	328
327	329
327	330
327	331
328	329
328	330
328	331
328	332
328	342
329	330
329	331
329	332
329	333
329	334
329	335
329	338
330	331
330	332
330	333
330	334
331	332
331	333
332	333
332	334
333	334
333	335
334	335
334	336
334	337
335	336
335	337
336	337
336	338
337	338
337	339
338	339
338	340
338	342
338	343
339	340
339	341
339	342
339	343
339	405
340	341
340	342
340	343
340	344
340	405
340	406
340	407
341	342
341	343
341	344
341	345
341	405
341	406
341	407
342	343
342	344
342	345
342	346
343	344
343	345
343	346
343	347
344	345
344	346
344	347
344	348
345	346
345	347
345	348
345	349
346	347
346	348
346	349
346	351
347	348
347	349
347	350
347	353
348	349
348	350
349	350
349	351
350	351
350	352
351	352
351	353
352	353
352	354
352	368
353	354
353	355
353	366
353	367
353	368
354	355
354	356
354	366
354	367
354	368
355	356
355	357
355	364
355	365
355	366
355	367
356	357
356	358
356	364
356	365
356	366
357	358
357	359
357	363
357	364
357	365
358	359
358	360
358	361
358	362
358	363
358	364
359	360
359	361
359	362
359	433
360	361
360	362
360	433
360	434
360	435
361	362
361	363
361	435
362	363
362	382
362	385
363	364
363	365
363	378
363	382
364	365
364	376
364	377
364	378
365	366
365	367
365	375
365	376
365	377
366	367
366	368
366	374
366	375
366	376
367	368
367	369
367	373
367	374
367	375
368	369
368	370
368	371
368	372
368	373
368	374
369	370
369	371
369	372
369	373
370	371
370	372
371	372
371	373
372	373
372	374
373	374
373	375
374	375
374	376
375	376
375	377
376	377
377	378
377	379
378	379
378	382
379	380
379	381
379	382
379	383
379	412
380	381
380	382
380	383
380	384
380	412
380	415
381	382
381	383
381	384
382	383
382	384
382	385
382	386
383	384
383	385
383	386
383	387
383	416
384	385
384	386
384	387
384	388
384	419
385	386
385	387
385	388
385	389
385	432
386	387
386	388
386	389
386	390
387	388
387	389
387	390
387	391
387	416
387	419
387	420
388	389
388	390
388	391
388	392
389	390
389	391
389	392
389	393
390	391
390	392
390	393
390	394
390	395
390	397
391	392
391	393
391	394
391	395
392	393
392	394
393	394
393	395
394	395
394	396
395	396
395	397
396	397
397	398
398	399
398	400
399	400
400	401
400	402
401	402
401	403
402	403
402	404
402	405
403	404
403	405
403	406
404	405
404	406
405	406
405	407
406	407
406	408
406	410
406	411
406	412
407	408
407	409
407	410
407	411
408	409
408	410
409	410
409	411
410	411
410	412
410	413
410	414
411	412
411	413
411	414
411	415
412	413
412	414
412	415
412	416
413	414
413	415
413	416
413	417
414	415
414	416
414	417
414	418
415	416
415	417
415	418
415	419
416	417
416	418
416	419
416	420
417	418
417	419
417	420
417	421
418	419
418	420
418	421
418	422
418	425
419	420
419	421
419	422
419	425
420	421
420	422
421	422
421	423
422	423
422	424
422	425
423	424
423	425
424	425
424	426
425	426
425	427
426	427
426	428
427	428
427	429
427	430
428	429
428	430
429	430
429	431
430	431
430	432
431	432
431	433
432	433
433	434
433	435
434	435
434	436
435	436
435	437
436	437
436	438
437	438
437	439
438	439
438	440
439	440
439	441
440	441
440	442
441	442
441	445
441	446
442	443
442	444
442	445
442	446
443	444
443	445
443	446
444	445
444	446
445	446
445	447
446	447
446	448
446	493
446	494
446	495
447	448
447	449
447	494
447	495
448	449
448	494
448	495
448	496
449	450
449	451
449	472
449	494
449	495
449	496
450	451
450	472
450	496
451	452
451	453
451	465
451	466
451	467
451	472
452	453
452	454
452	466
452	467
453	454
453	455
453	466
453	467
453	468
454	455
454	456
454	466
454	467
454	468
455	456
455	457
455	458
456	457
456	458
456	483
457	458
457	459
458	459
458	460
458	481
459	460
459	461
459	479
459	480
459	481
460	461
460	462
460	464
460	478
460	479
460	480
460	481
461	462
461	463
461	464
461	477
461	478
461	479
461	480
462	463
462	464
462	475
462	476
462	477
462	478
463	464
463	465
463	474
463	475
463	476
464	465
464	466
464	474
464	475
465	466
465	472
465	473
465	474
466	467
466	468
466	472
466	473
466	474
467	468
467	470
467	471
467	472
467	473
468	469
468	470
468	471
468	472
468	484
469	470
469	471
470	471
470	472
470	495
470	496
471	472
471	473
471	492
471	494
471	495
471	496
472	473
472	492
472	493
472	494
472	495
472	496
473	474
473	475
473	484
473	490
473	491
473	492
473	493
473	494
474	475
474	476
474	490
474	491
474	492
474	493
475	476
475	477
475	489
475	490
475	491
476	477
476	489
476	490
476	491
477	478
477	489
478	479
478	480
479	480
479	481
480	481
480	482
480	489
481	482
481	483
482	483
482	486
482	487
483	484
483	485
483	486
483	487
484	485
484	486
484	487
484	490
485	486
485	487
486	487
486	488
487	488
487	489
487	490
488	489
488	490
489	490
489	491
490	491
490	492
491	492
491	493
492	493
492	494
493	494
494	495
494	496
495	496
