1	1
2	1
3	1
4	4
5	4
6	4
7	4
8	4
9	4
10	4
11	4
12	2
13	4
14	2
15	2
16	2
17	2
18	2
19	2
20	2
21	2
22	2
23	2
24	2
25	2
26	2
27	2
28	2
29	2
30	2
31	2
32	2
33	2
34	2
35	2
36	2
37	2
38	2
39	2
40	2
41	2
42	2
43	2
44	2
45	2
46	2
47	2
48	2
49	2
50	2
51	2
52	2
53	2
54	2
55	2
56	2
57	2
58	2
59	2
60	2
61	2
62	2
63	2
64	2
65	4
66	4
67	4
68	4
69	4
70	4
71	2
72	2
73	2
74	2
75	2
76	2
77	2
78	2
79	2
80	2
81	2
82	2
83	2
84	2
85	2
86	2
87	2
88	2
89	2
90	2
91	2
92	2
93	2
94	2
95	2
96	2
97	2
98	2
99	2
100	2
101	2
102	2
103	2
104	2
105	2
106	2
107	2
108	2
109	2
110	2
111	2
112	2
113	2
114	2
115	2
116	2
117	2
118	2
119	2
120	2
121	2
122	2
123	2
124	2
125	2
126	2
127	2
128	2
129	3
130	5
131	3
132	3
133	5
134	5
135	5
136	5
137	5
138	4
139	4
140	4
141	4
142	1
143	1
144	1
145	1
146	1
147	1
148	1
149	1
150	4
151	4
152	4
153	4
154	4
155	4
156	4
157	4
158	5
159	5
160	5
161	5
162	3
163	3
164	3
165	3
166	3
167	3
168	3
169	3
170	3
171	3
172	3
173	3
174	3
175	3
176	3
177	3
178	3
179	3
180	3
181	3
182	3
183	3
184	3
185	3
186	3
187	3
188	3
189	3
190	1
191	1
192	1
193	1
194	1
195	1
196	1
197	1
198	1
199	1
200	2
201	2
202	2
203	2
204	5
205	5
206	5
207	5
208	5
209	5
210	5
211	5
212	5
213	5
214	5
215	2
216	5
217	2
218	2
219	2
220	2
221	3
222	1
223	3
224	1
225	1
226	1
227	1
228	1
229	1
230	1
231	1
232	3
233	3
234	3
235	3
236	3
237	3
238	3
239	2
240	3
241	2
242	2
243	2
244	2
245	2
246	2
247	2
248	2
249	2
250	2
251	2
252	2
253	2
254	2
255	2
256	2
***
1	2
2	1
3	1
4	2
5	1
