0	1
0	2
0	96
0	192
0	193
1	2
1	3
1	96
1	97
1	98
1	192
2	3
2	4
2	96
2	97
2	98
2	191
2	192
2	193
3	4
3	5
3	191
4	5
4	6
5	6
5	7
6	7
6	8
6	98
6	99
6	100
7	8
7	9
7	100
7	138
8	9
8	10
8	100
9	10
9	100
9	103
10	11
10	12
10	76
10	77
10	103
11	12
11	13
11	15
11	75
11	76
11	77
12	13
12	14
12	15
12	75
12	76
12	77
13	14
13	15
14	15
14	16
15	16
15	17
15	75
16	17
16	18
17	18
17	19
17	55
17	72
17	106
18	19
18	20
18	55
18	56
18	57
18	71
18	72
18	106
19	20
19	21
19	55
19	56
19	57
20	21
20	22
20	56
20	57
20	58
21	22
21	23
21	56
21	58
22	23
22	24
22	57
22	58
23	24
23	25
23	58
24	25
24	26
24	112
25	26
25	27
25	29
25	30
25	112
26	27
26	28
26	29
26	30
27	28
27	29
27	30
27	31
27	114
28	29
28	30
28	31
28	32
29	30
29	31
29	32
29	33
29	61
30	31
30	32
30	33
30	34
30	111
30	112
31	32
31	33
31	34
31	35
32	33
32	34
32	35
32	36
32	63
33	34
33	35
33	36
33	37
33	61
33	65
34	35
34	36
34	37
34	38
35	36
35	37
35	38
35	39
36	37
36	38
36	39
36	40
37	38
37	39
37	40
37	41
38	39
38	40
38	41
38	42
39	40
39	41
39	42
39	43
40	41
40	42
40	43
40	44
40	45
40	46
41	42
41	43
41	44
41	45
41	46
41	47
42	43
42	44
43	44
43	45
44	45
44	46
44	47
45	46
45	95
45	125
45	126
45	127
46	47
46	123
46	124
46	125
46	126
47	48
47	49
47	123
47	124
47	125
48	49
48	50
48	122
48	123
48	124
49	50
49	53
49	122
49	123
49	124
50	51
50	52
50	53
51	52
51	53
51	54
52	53
52	54
53	54
53	55
53	105
54	55
54	56
55	56
55	106
55	108
56	57
56	58
56	108
56	109
56	110
57	58
57	59
57	68
57	69
57	107
57	108
57	109
58	59
58	60
58	67
58	68
58	109
59	60
59	65
59	66
59	67
59	68
59	109
60	61
60	62
60	65
60	66
60	67
61	62
61	63
61	64
61	65
61	66
62	63
62	64
62	65
63	64
63	65
64	65
64	66
65	66
65	67
66	67
66	68
67	68
67	69
67	131
68	69
68	70
69	70
69	71
69	72
69	73
69	131
69	132
70	71
70	72
70	73
70	74
71	72
71	73
71	74
71	75
72	73
72	74
72	75
72	76
73	74
73	75
73	76
73	132
73	133
74	75
74	76
75	76
75	77
76	77
76	78
77	78
77	79
78	79
78	80
79	80
79	81
79	134
79	137
80	81
80	82
80	137
81	82
81	137
83	84
83	85
83	169
83	170
83	171
83	172
84	85
84	86
84	169
84	170
84	171
84	172
84	174
85	86
85	87
85	167
85	168
85	169
85	170
86	87
86	88
86	167
86	168
86	169
87	88
87	89
87	165
87	166
87	167
87	168
88	89
88	90
88	165
88	166
88	167
88	195
89	90
89	91
89	164
89	165
89	166
89	195
90	91
90	92
90	93
90	164
90	165
90	166
90	195
91	92
91	93
91	94
91	164
91	165
92	93
92	94
92	95
93	94
93	95
93	96
93	193
93	194
94	95
94	96
94	97
94	128
94	139
95	96
95	97
95	127
95	128
95	129
96	97
96	98
96	127
96	192
96	193
97	98
97	99
97	127
97	128
98	99
98	100
98	126
98	127
98	128
99	100
99	101
99	104
99	126
99	127
99	128
100	101
100	102
100	103
100	104
101	102
101	103
101	104
102	103
102	104
102	105
103	104
103	105
103	106
104	105
104	106
104	107
104	124
104	125
104	126
105	106
105	107
105	108
105	124
106	107
106	108
107	108
107	109
107	124
107	125
108	109
108	122
108	123
108	124
109	110
109	111
109	122
109	123
109	124
110	111
110	112
110	120
110	121
110	122
110	123
111	112
111	113
111	120
111	121
111	122
112	113
112	114
112	120
113	114
113	115
113	116
113	117
113	118
113	119
113	120
114	115
114	116
114	117
114	118
115	116
115	117
116	117
116	118
117	118
117	119
118	119
118	120
119	120
120	121
120	122
121	122
121	123
122	123
123	124
123	125
124	125
124	126
125	126
125	127
125	129
126	127
127	128
127	129
128	129
128	130
128	135
129	130
129	131
129	132
129	135
130	131
130	132
130	135
131	132
131	133
132	133
132	134
132	135
133	134
133	135
134	135
134	136
134	137
134	138
135	136
135	137
135	138
135	139
136	137
136	138
136	139
136	140
136	163
137	138
137	139
137	140
137	141
138	139
138	140
138	141
138	142
139	140
139	141
139	142
139	143
140	141
140	142
140	143
140	144
140	163
141	142
141	143
141	144
141	145
142	143
142	144
142	145
142	146
143	144
143	145
143	146
143	147
144	145
144	146
144	147
144	148
145	146
145	147
145	148
146	147
146	148
147	148
147	149
147	150
147	151
148	149
148	150
148	151
148	152
149	150
149	151
149	152
149	153
150	151
150	152
150	153
150	154
151	152
151	153
151	154
151	155
152	153
152	154
152	155
153	154
153	155
154	155
154	156
154	157
155	156
155	157
156	157
156	158
156	170
157	158
157	159
157	168
157	169
157	170
158	159
158	160
158	168
158	169
158	170
159	160
159	161
159	166
159	167
159	168
159	169
160	161
160	162
160	166
160	167
160	168
161	162
161	163
161	165
161	166
161	167
162	163
162	164
162	165
162	166
163	164
163	165
164	165
164	166
165	166
165	167
166	167
166	168
167	168
167	169
168	169
168	170
169	170
170	171
170	172
170	177
171	172
171	173
172	173
172	174
172	176
172	177
173	174
173	175
173	176
173	177
174	175
174	176
174	177
174	178
175	176
175	177
175	178
175	179
176	177
176	178
176	179
176	180
177	178
177	179
177	180
177	181
178	179
178	180
178	181
178	182
179	180
179	181
179	182
179	183
180	181
180	182
180	183
180	184
181	182
181	183
181	184
181	185
182	183
182	184
182	185
182	186
183	184
183	185
183	186
183	187
184	185
184	186
184	187
184	188
185	186
185	187
185	188
185	189
185	195
186	187
186	188
186	189
186	190
187	188
187	189
187	190
187	191
188	189
188	190
188	191
188	192
188	193
188	194
189	190
189	191
189	192
189	193
189	194
190	191
190	192
191	192
191	193
192	193
192	194
193	194
193	195
194	195
