0	1
0	15
0	16
0	17
1	2
1	3
1	15
2	3
2	4
3	4
3	5
3	7
4	5
4	6
4	7
4	64
4	65
4	66
4	67
5	6
5	7
5	15
5	65
5	66
5	67
5	164
6	7
6	8
6	11
6	12
6	13
6	66
6	67
6	68
7	8
7	9
7	10
7	11
7	67
8	9
8	10
8	11
9	10
9	11
10	11
10	12
10	13
11	12
11	13
12	13
12	14
12	166
12	267
12	270
13	14
13	15
13	270
13	271
13	272
14	15
14	16
14	163
14	164
14	165
14	266
14	271
15	16
15	17
15	163
15	164
15	165
16	17
16	18
16	161
16	162
16	163
16	164
17	18
17	19
17	161
17	162
17	163
18	19
18	20
18	45
18	46
18	160
18	161
18	162
19	20
19	21
19	24
19	48
19	49
20	21
20	24
20	46
20	48
21	22
21	23
21	24
22	23
22	24
23	24
23	25
23	26
24	25
24	26
25	26
25	27
25	28
26	27
26	28
27	28
27	29
27	62
27	63
27	64
28	29
28	30
28	61
28	62
28	63
29	30
29	31
29	60
29	61
29	62
30	31
30	32
30	34
30	35
30	36
30	59
30	60
30	61
31	32
31	33
31	34
31	60
32	33
32	34
32	58
32	59
32	60
32	110
33	34
33	54
33	55
33	58
34	35
34	36
34	52
34	53
34	54
34	55
34	58
34	59
34	60
35	36
35	37
35	52
35	53
35	54
36	37
36	50
36	51
36	52
36	53
37	38
37	39
37	50
37	51
37	52
38	39
38	40
38	48
38	49
38	50
38	51
39	40
39	41
39	42
39	48
39	49
39	50
39	51
40	41
40	42
40	43
40	47
40	48
40	49
41	42
42	43
42	48
42	49
42	253
43	44
43	45
43	46
43	47
43	48
43	49
43	160
44	45
44	46
44	160
44	161
44	256
45	46
45	47
45	161
45	278
46	47
46	48
46	278
47	48
48	49
48	50
49	50
49	51
49	158
49	159
49	160
50	51
50	52
50	158
50	159
50	160
51	52
51	53
51	157
51	158
51	159
52	53
52	54
52	156
52	157
52	158
53	54
53	155
53	156
53	157
54	55
54	56
54	58
54	154
54	155
54	156
55	56
55	57
55	58
55	153
55	154
55	155
56	57
56	58
56	148
56	149
56	150
56	151
56	152
56	153
56	154
57	58
57	59
57	147
57	148
57	149
57	150
58	59
58	147
58	148
59	60
59	61
59	110
59	145
59	146
59	147
59	148
60	61
60	145
60	146
60	147
61	62
61	63
61	143
61	144
61	145
61	146
62	63
62	64
62	143
62	144
62	145
63	64
63	65
63	142
63	143
63	144
64	65
64	66
64	142
64	143
65	66
65	67
65	141
65	142
66	67
66	68
66	141
66	142
67	68
67	69
68	69
68	70
68	84
69	70
69	71
69	73
69	74
69	84
70	71
70	72
70	73
70	74
70	135
71	72
71	73
71	74
71	75
71	82
71	83
72	73
72	74
72	75
72	76
73	74
73	75
73	76
73	77
74	75
74	76
74	77
74	78
74	82
74	83
74	84
74	166
75	76
75	77
75	78
75	79
75	80
75	81
75	82
76	77
76	78
76	79
77	78
77	79
78	79
78	80
79	80
80	81
80	82
81	82
81	168
81	169
82	83
82	166
82	167
82	168
82	169
83	84
83	85
83	133
83	166
83	167
83	168
83	169
84	85
84	133
84	134
84	135
84	165
84	166
84	167
85	86
85	87
85	131
85	132
85	133
85	134
85	164
85	165
85	166
85	167
86	87
86	131
86	132
86	133
86	134
86	163
86	164
86	165
87	88
87	130
87	131
87	132
87	162
87	163
87	164
88	89
88	90
88	129
88	130
88	131
88	160
88	161
88	162
88	163
89	90
89	127
89	128
89	129
89	130
89	159
89	160
89	161
90	91
90	92
90	127
90	128
90	129
90	157
90	158
90	159
90	160
91	92
91	93
91	125
91	126
91	127
91	128
91	157
91	158
91	159
92	93
92	94
92	95
92	124
92	125
92	126
92	127
92	157
92	158
93	94
93	95
93	125
93	126
94	95
94	96
94	125
95	96
95	97
95	122
95	123
95	124
95	125
96	97
96	98
96	122
96	123
96	124
97	98
97	122
97	123
98	99
98	121
98	122
98	123
98	149
98	151
98	152
99	100
99	101
99	119
99	120
99	121
99	122
99	148
99	149
100	101
100	102
100	119
100	120
100	121
100	122
100	146
100	147
100	148
100	149
101	102
101	103
101	118
101	119
101	120
101	146
101	147
101	148
102	103
102	104
102	117
102	118
102	119
102	144
102	145
102	146
102	147
103	104
103	105
103	116
103	117
103	118
103	144
103	145
103	146
104	105
104	115
104	116
104	117
104	141
104	143
104	144
104	145
105	106
105	107
105	108
105	114
105	115
105	141
105	142
105	143
105	144
106	107
106	108
106	141
106	142
106	143
107	108
107	109
107	142
107	143
108	109
108	110
108	112
108	143
109	110
109	111
109	112
110	111
110	112
111	112
111	113
112	113
112	114
113	114
114	115
114	116
115	116
115	140
116	117
116	138
116	139
116	140
117	118
117	138
117	139
118	119
118	120
118	138
118	139
119	120
119	121
119	178
120	121
120	122
120	177
120	178
121	122
121	123
121	177
121	178
122	123
122	124
122	177
123	124
124	125
124	126
125	126
125	127
126	127
126	128
126	251
126	324
126	325
126	326
127	128
127	129
127	324
127	325
127	326
128	129
128	130
128	326
128	331
128	333
129	130
129	131
129	333
129	334
130	131
130	132
130	178
130	333
130	334
131	132
131	172
131	334
132	133
132	134
132	137
132	172
132	180
133	134
133	135
133	136
133	137
134	135
134	136
134	137
134	138
135	136
135	137
136	137
136	138
137	138
137	139
137	180
137	181
138	139
138	140
139	140
141	142
141	143
142	143
142	144
143	144
143	145
144	145
144	146
145	146
145	147
146	147
146	148
147	148
147	149
148	149
148	150
149	150
149	151
149	152
150	151
150	152
151	152
151	153
152	153
152	154
153	154
154	155
155	156
156	157
157	158
157	159
158	159
158	160
159	160
160	161
160	162
161	162
161	163
162	163
163	164
163	165
164	165
165	166
165	167
165	265
165	266
166	167
166	265
167	168
167	169
167	264
167	265
168	169
168	170
168	171
169	170
169	171
170	171
170	172
171	172
171	173
171	334
171	335
172	173
172	174
172	180
172	182
172	334
172	335
173	174
173	175
173	180
173	182
173	183
173	332
173	334
173	335
174	175
174	178
174	179
174	180
174	182
174	183
174	332
175	176
175	177
175	178
175	179
175	330
175	331
175	332
176	177
176	178
176	330
176	331
177	178
178	179
178	180
179	180
179	181
180	181
180	182
181	182
182	183
183	184
183	185
184	185
184	186
184	375
184	376
185	186
185	187
185	375
186	187
186	188
186	372
186	375
187	188
187	189
187	375
187	378
187	381
187	382
188	189
188	190
188	382
189	190
189	191
189	382
189	383
190	191
190	192
190	382
190	383
190	384
191	192
191	193
191	417
191	418
191	421
192	193
192	194
192	195
192	421
193	194
193	195
194	195
194	196
195	196
195	197
195	417
196	197
196	198
196	416
196	417
197	198
197	199
198	199
198	200
198	202
198	203
198	412
198	413
199	200
199	201
199	202
199	203
200	201
200	202
200	203
200	204
201	202
201	203
201	204
201	205
202	203
202	204
202	205
202	206
203	204
203	205
203	206
203	207
204	205
204	206
204	207
204	208
205	206
205	207
205	208
205	209
205	475
206	207
206	208
206	209
206	210
207	208
207	209
207	210
207	211
208	209
208	210
208	211
208	212
209	210
209	211
209	212
209	213
209	471
209	472
210	211
210	212
210	213
210	214
210	351
211	212
211	213
211	214
211	215
212	213
212	214
212	215
212	216
212	471
213	214
213	215
213	216
213	217
213	471
214	215
214	216
214	217
214	218
214	351
214	352
215	216
215	217
215	218
215	219
216	217
216	218
216	219
217	218
217	219
218	219
218	220
218	297
219	220
219	221
220	221
220	222
221	222
221	223
222	223
222	224
223	224
223	225
223	226
224	225
224	226
225	226
225	227
226	227
226	228
227	228
227	229
228	229
228	230
228	294
229	230
229	231
229	294
230	231
230	232
230	294
230	298
231	232
231	233
231	234
231	235
232	233
232	234
232	235
232	236
233	234
233	235
233	236
233	237
234	235
234	236
234	237
234	238
235	236
235	237
235	238
235	239
235	295
236	237
236	238
236	239
236	240
237	238
237	239
237	240
237	241
238	239
238	240
238	241
238	242
239	240
239	241
239	242
240	241
240	242
240	243
241	242
241	243
242	243
242	244
242	254
242	255
243	244
243	245
243	254
243	255
244	245
244	246
244	252
244	253
244	254
244	255
245	246
245	247
245	252
245	253
245	254
246	247
246	248
246	251
246	252
246	253
247	248
247	249
247	250
247	251
247	252
247	253
248	249
248	250
249	250
250	251
250	252
251	252
251	324
252	253
252	254
252	321
252	324
253	254
254	255
254	256
255	256
255	257
255	281
255	282
255	283
256	257
256	258
256	282
256	283
257	258
257	259
257	282
257	283
257	284
257	285
257	325
258	259
258	260
258	262
258	263
258	282
258	283
258	284
258	285
259	260
259	261
259	262
259	263
259	284
259	285
259	286
259	342
260	261
260	262
260	263
260	284
261	262
261	263
261	264
261	337
262	263
262	264
262	265
262	335
262	336
263	264
263	265
263	266
263	268
264	265
264	266
264	267
264	268
265	266
265	267
266	267
266	268
267	268
267	269
267	270
267	271
268	269
268	270
268	271
268	276
269	270
269	271
270	271
270	272
271	272
271	273
271	275
271	276
272	273
272	274
272	275
272	276
273	274
273	275
273	276
273	277
274	275
274	276
274	277
274	278
275	276
275	277
275	278
275	279
276	277
276	278
276	279
276	280
277	278
277	279
277	280
278	279
278	280
278	281
279	280
279	281
279	282
280	281
280	282
281	282
281	283
282	283
282	284
283	284
283	285
284	285
284	286
284	287
284	288
285	286
285	287
285	288
285	289
285	342
286	287
286	288
286	289
286	290
286	341
286	342
286	343
287	288
287	289
287	290
287	291
288	289
288	290
288	291
288	292
289	290
289	291
289	292
289	293
289	343
289	345
289	346
290	291
290	292
290	293
290	294
290	345
291	292
291	293
291	294
291	295
292	293
292	294
292	295
292	296
292	315
292	318
292	346
292	349
293	294
293	295
293	296
293	297
293	345
293	346
293	349
294	295
294	296
294	297
294	298
295	296
295	297
295	298
295	299
295	311
295	315
296	297
296	298
296	299
296	300
296	315
296	349
296	352
296	353
297	298
297	299
297	300
297	301
298	299
298	300
298	301
298	302
299	300
299	301
299	302
299	308
299	311
299	312
300	301
300	302
300	352
301	302
301	303
302	303
302	304
302	307
302	308
303	304
303	305
304	305
304	306
304	307
304	308
305	306
305	307
305	308
305	309
306	307
306	308
306	309
306	310
307	308
307	309
307	310
307	311
308	309
308	310
308	311
308	312
309	310
309	311
309	312
309	313
310	311
310	312
310	313
310	314
311	312
311	313
311	314
311	315
312	313
312	314
312	315
312	316
313	314
313	315
313	316
313	317
314	315
314	316
314	317
314	318
315	316
315	317
315	318
315	319
316	317
316	318
316	319
316	320
317	318
317	319
317	320
317	321
318	319
318	320
318	321
318	322
319	320
319	321
319	322
319	323
320	321
320	322
320	323
320	324
321	322
321	323
321	324
321	325
322	323
322	324
322	325
322	326
322	327
323	324
323	325
323	326
323	327
323	328
324	325
324	326
325	326
325	327
326	327
326	328
326	331
327	328
327	331
327	369
328	329
328	330
328	331
328	369
329	330
329	331
329	368
329	369
329	372
330	331
330	332
330	372
331	332
331	333
332	333
332	334
332	335
332	336
333	334
333	335
333	336
334	335
335	336
335	337
336	337
336	338
336	339
337	338
337	339
338	339
338	340
338	341
339	340
339	341
339	342
339	343
340	341
340	342
340	343
340	344
341	342
341	343
341	344
342	343
342	344
343	344
343	345
343	346
343	347
344	345
344	346
344	347
344	348
344	401
345	346
345	347
345	348
345	349
346	347
346	348
346	349
346	350
347	348
347	349
347	350
347	401
347	404
347	405
348	349
348	350
348	351
348	401
348	404
349	350
349	351
349	352
349	353
350	351
350	352
350	353
350	354
351	352
351	353
351	354
351	404
352	353
352	354
353	354
353	355
353	356
353	357
354	355
354	356
354	357
354	358
355	356
355	357
355	358
355	359
356	357
356	358
356	359
356	360
357	358
357	359
357	360
357	361
357	362
357	363
358	359
358	360
358	361
358	362
358	363
359	360
359	361
360	361
360	362
361	362
361	363
362	363
362	364
362	365
362	366
363	364
363	365
363	366
363	367
364	365
364	366
364	367
364	368
364	410
365	366
365	367
365	368
365	369
366	367
366	368
366	369
366	370
367	368
367	369
367	370
367	371
367	405
367	408
367	409
368	369
368	370
368	371
368	372
369	370
369	371
369	372
369	373
370	371
370	372
370	373
370	374
371	372
371	373
371	374
371	375
372	373
372	374
372	375
373	374
373	375
373	376
374	375
374	376
374	377
374	378
375	376
375	377
375	378
376	377
376	378
377	378
377	379
377	380
377	381
378	379
378	380
378	381
378	382
379	380
379	381
379	382
380	381
380	382
380	383
380	389
381	382
381	383
381	402
382	383
382	384
383	384
383	385
383	421
383	422
383	425
384	385
384	386
384	425
385	386
385	389
385	425
385	428
385	429
386	387
386	388
386	389
387	388
387	389
387	434
387	435
388	389
388	390
388	391
388	438
388	439
389	390
389	391
389	429
390	391
390	392
390	429
390	430
390	439
390	440
391	392
391	393
391	394
391	395
391	439
391	440
392	393
392	394
392	395
392	396
392	439
392	440
392	449
392	457
392	458
392	461
393	394
393	395
393	396
393	397
393	457
393	461
394	395
394	396
394	397
394	398
394	399
395	396
395	397
395	398
395	399
395	461
395	464
395	465
396	397
396	398
396	399
396	460
396	461
396	464
397	398
397	399
398	399
398	400
398	401
398	402
399	400
399	401
399	402
399	403
400	401
400	402
400	403
400	404
401	402
401	403
401	404
401	405
402	403
402	404
402	405
402	406
403	404
403	405
403	406
403	407
404	405
404	406
404	407
404	408
405	406
405	407
405	408
405	409
406	407
406	408
406	409
406	415
406	418
406	419
407	408
407	409
407	415
408	409
408	410
409	410
409	411
409	415
410	411
410	412
411	412
411	413
411	414
411	415
412	413
412	414
412	415
412	416
413	414
413	415
413	416
413	417
414	415
414	416
414	417
414	418
415	416
415	417
415	418
415	419
416	417
416	418
416	419
416	420
417	418
417	419
417	420
417	421
418	419
418	420
418	421
418	422
419	420
419	421
419	422
419	423
419	477
420	421
420	422
420	423
420	424
420	477
421	422
421	423
421	424
421	425
422	423
422	424
422	425
422	426
423	424
423	425
423	426
423	427
423	477
423	478
423	479
424	425
424	426
424	427
424	428
425	426
425	427
425	428
425	429
426	427
426	428
426	429
426	430
426	479
427	428
427	429
427	430
427	431
427	479
427	480
427	483
428	429
428	430
428	431
428	432
429	430
429	431
429	432
430	431
430	432
430	441
430	483
430	486
430	487
431	432
431	433
431	482
431	483
431	486
432	433
432	434
433	434
433	435
433	441
433	442
434	435
434	436
434	438
434	439
434	440
435	436
435	437
435	438
435	916
435	917
435	918
436	437
436	438
436	913
436	914
436	915
436	916
436	917
436	918
436	919
437	438
437	439
437	451
437	452
437	915
437	916
438	439
438	440
438	451
439	440
439	448
439	449
439	451
440	441
440	442
440	447
440	448
440	449
441	442
441	445
441	446
441	447
441	448
441	490
442	443
442	444
442	445
442	446
442	447
443	444
443	445
444	445
444	446
444	574
444	576
444	960
445	446
445	447
445	489
445	490
445	493
446	447
446	448
446	453
446	490
446	574
446	576
447	448
447	453
447	454
447	458
447	490
448	449
448	450
448	451
448	452
448	453
448	454
448	458
449	450
449	451
449	452
449	453
449	454
449	457
450	451
450	452
451	452
452	453
452	454
452	577
452	598
453	454
453	455
453	576
453	577
454	455
454	456
454	457
454	458
454	508
455	456
455	457
455	458
455	459
455	506
455	515
456	457
456	458
456	459
456	515
457	458
457	459
457	460
457	461
458	459
458	460
458	461
458	462
459	460
459	461
459	462
459	463
459	520
460	461
460	462
460	463
460	464
460	520
461	462
461	463
461	464
461	465
462	463
462	464
462	465
462	466
462	520
462	523
463	464
463	465
463	466
463	467
463	520
463	522
463	523
464	465
464	466
464	467
464	468
465	466
465	467
465	468
465	469
466	467
466	468
466	469
466	470
466	523
466	526
466	527
467	468
467	469
467	470
467	471
467	523
467	526
468	469
468	470
468	471
468	472
469	470
469	471
469	472
469	473
469	478
469	479
469	530
470	471
470	472
470	473
470	526
470	527
470	529
470	530
471	472
471	473
472	473
472	474
472	475
472	477
472	478
472	479
473	474
473	475
473	478
473	530
474	475
474	478
475	476
475	477
475	478
476	477
476	478
477	478
477	479
478	479
478	480
479	480
479	481
479	483
480	481
480	482
480	483
480	484
481	482
481	483
481	484
481	485
482	483
482	484
482	485
482	486
483	484
483	485
483	486
483	487
484	485
484	486
484	487
484	488
485	486
485	487
485	488
485	489
486	487
486	488
486	489
486	490
487	488
487	489
487	490
487	491
488	489
488	490
488	491
488	492
489	490
489	491
489	492
489	493
490	491
490	492
490	493
490	494
491	492
491	493
491	494
491	495
492	493
492	494
492	495
492	496
493	494
493	495
493	496
493	497
494	495
494	496
494	497
494	498
495	496
495	497
495	498
496	497
496	498
496	568
497	498
497	499
497	502
497	581
498	499
498	500
498	501
498	502
498	503
498	517
499	500
499	501
499	502
499	588
499	623
499	624
499	625
500	501
500	502
500	516
500	517
500	518
500	624
500	625
501	502
501	503
501	514
501	515
501	516
501	517
502	503
502	504
502	506
502	507
502	514
502	515
502	516
503	504
503	505
503	506
503	507
503	514
503	590
503	620
504	505
504	506
504	507
504	511
504	512
504	514
505	506
505	507
505	592
505	614
505	615
506	507
506	508
507	508
507	509
507	510
507	511
507	514
508	509
508	510
508	511
508	601
508	602
509	510
509	511
509	602
509	603
509	607
509	608
510	511
510	512
510	513
510	514
510	607
510	608
511	512
511	513
511	514
511	608
512	513
512	514
512	633
512	634
513	514
513	515
514	515
514	516
515	516
515	517
516	517
516	518
516	519
517	518
517	519
517	520
517	521
518	519
518	520
518	521
518	546
518	547
519	520
519	521
520	521
520	522
520	523
521	522
521	523
521	524
521	543
521	546
521	547
522	523
522	524
522	525
522	526
523	524
523	525
523	526
523	527
524	525
524	526
524	527
524	528
524	539
524	540
524	542
524	543
525	526
525	527
525	528
525	529
525	540
525	543
526	527
526	528
526	529
526	530
527	528
527	529
527	530
527	531
528	529
528	530
528	531
528	534
528	535
528	536
528	539
528	540
529	530
529	531
529	534
529	535
529	536
530	531
530	532
530	534
531	532
531	533
531	534
531	535
531	536
532	533
532	534
533	534
533	535
533	536
534	535
534	536
535	536
535	537
535	540
535	558
536	537
536	538
536	539
536	540
537	538
537	539
537	540
537	541
538	539
538	540
538	541
538	542
539	540
539	541
539	542
539	543
540	541
540	542
540	543
540	544
541	542
541	543
541	544
541	545
541	562
541	563
541	564
541	565
542	543
542	544
542	545
542	546
542	564
542	565
543	544
543	545
543	546
543	547
544	545
544	546
544	547
544	548
544	549
544	550
544	564
545	546
545	547
545	548
545	549
545	564
545	565
546	547
546	548
547	548
547	549
548	549
548	550
549	550
549	551
549	553
550	551
550	552
550	553
550	554
550	564
551	552
551	553
551	554
551	561
551	562
551	563
551	564
552	553
552	554
552	555
553	554
553	555
553	556
553	557
554	555
554	556
554	557
554	558
554	560
554	561
554	562
555	556
555	557
555	558
555	559
555	560
555	561
556	557
556	558
556	559
557	558
557	559
558	559
558	560
559	560
560	561
560	562
561	562
561	563
562	563
562	564
563	564
563	565
564	565
564	566
565	566
565	567
566	567
566	568
567	568
567	569
567	586
568	569
568	583
569	570
569	571
569	583
569	584
569	585
570	571
570	572
570	582
570	583
570	584
570	679
570	680
570	681
571	572
571	573
571	581
571	582
571	583
571	676
571	679
571	680
571	681
571	682
572	573
572	574
572	580
572	581
572	582
572	676
572	679
573	574
573	575
573	579
573	580
573	581
573	674
573	675
573	676
574	575
574	576
574	577
574	578
574	579
574	580
575	576
575	577
575	578
575	579
575	673
575	674
575	909
575	959
576	577
576	578
577	578
577	579
577	598
578	579
578	592
578	593
578	594
578	598
578	672
578	673
578	674
578	909
579	580
579	581
579	591
579	592
579	593
579	673
579	674
580	581
580	582
580	590
580	591
580	592
580	674
581	582
581	583
581	588
581	589
581	590
581	591
582	583
582	584
582	588
582	589
582	590
582	709
583	584
583	585
583	587
583	588
583	589
584	585
584	586
584	587
584	588
584	711
584	712
585	586
585	587
586	587
586	588
586	623
586	624
587	588
587	589
587	621
587	622
587	623
587	624
588	589
588	590
588	621
588	622
588	623
589	590
589	591
589	619
589	620
589	621
589	622
590	591
590	592
590	619
590	620
590	621
591	592
591	617
591	618
591	619
591	620
591	684
592	593
592	594
592	615
592	617
592	618
592	619
592	673
593	594
593	615
593	616
593	617
593	618
593	672
593	673
593	686
594	595
594	598
594	599
594	600
594	615
594	667
594	672
594	673
595	596
595	597
595	598
595	599
595	666
595	667
595	668
595	669
595	670
595	671
595	672
596	597
596	598
596	666
596	667
596	668
596	669
596	670
597	598
597	599
597	666
597	670
597	914
598	599
598	600
598	666
599	600
599	601
599	664
599	665
599	666
599	667
600	601
600	614
600	615
600	664
600	665
600	666
601	602
601	603
601	611
601	612
601	614
601	615
601	664
601	665
602	603
602	604
602	663
602	664
603	604
603	607
603	608
603	609
603	611
603	662
603	663
603	664
604	605
604	606
604	607
604	608
604	609
604	661
604	662
604	663
605	606
605	607
605	660
605	661
605	662
606	607
606	609
606	797
606	798
607	608
607	609
607	796
607	797
608	609
608	610
608	611
608	796
608	797
609	610
609	611
609	656
609	657
609	796
609	797
610	611
610	612
610	639
610	655
610	656
610	657
610	796
611	612
611	613
611	614
612	613
612	614
612	655
612	657
613	614
613	615
613	616
613	640
613	642
614	615
614	616
615	616
615	617
615	618
616	617
616	618
616	645
616	646
617	618
617	619
617	644
617	645
617	686
617	705
618	619
618	620
618	642
618	643
618	644
618	645
619	620
619	621
619	643
619	644
620	621
620	622
620	643
620	644
621	622
621	623
622	623
622	624
622	627
623	624
623	625
624	625
625	626
625	627
626	627
626	628
626	629
626	630
627	628
627	629
627	630
627	631
627	632
628	629
628	630
628	631
628	632
628	633
629	630
629	631
630	631
630	632
630	772
631	632
631	633
631	737
631	738
631	739
632	633
632	634
632	737
632	738
633	634
633	635
633	637
633	738
634	635
634	636
634	637
634	795
635	636
635	637
635	793
635	795
635	802
635	803
635	804
636	637
636	638
636	791
636	792
636	793
636	794
636	802
636	803
636	804
637	638
637	639
637	793
638	639
638	640
638	641
638	793
639	640
639	641
639	642
640	641
640	642
640	647
640	649
640	650
641	642
641	643
641	733
641	736
642	643
642	644
642	645
642	733
643	644
643	645
643	733
643	734
643	735
643	736
644	645
644	646
644	732
644	733
644	734
645	646
645	647
645	732
645	733
646	647
646	731
646	732
646	733
647	648
647	649
647	730
647	731
647	732
648	649
648	650
648	729
648	730
648	731
649	650
649	729
649	730
649	731
650	651
650	652
650	654
650	655
651	652
651	653
651	654
651	655
652	653
652	654
652	655
652	656
653	654
653	655
653	656
654	655
654	656
654	696
655	656
655	657
656	657
656	658
657	658
657	659
658	659
658	660
658	695
658	696
659	660
659	661
659	662
659	663
660	661
660	662
661	662
661	663
662	663
662	664
663	664
663	665
664	665
664	666
665	666
665	667
666	667
666	668
667	668
667	669
667	689
668	669
668	689
668	690
668	691
669	670
669	671
670	671
670	672
670	910
671	672
671	673
671	890
671	909
671	910
672	673
672	685
672	686
672	687
672	909
672	910
673	674
673	684
673	685
673	686
673	909
674	675
674	683
674	684
674	685
674	909
675	676
675	682
675	683
675	684
675	892
675	907
675	961
676	677
676	678
676	679
676	681
676	682
676	683
676	961
677	678
677	679
677	680
677	681
677	682
677	894
677	905
678	679
678	680
678	681
679	680
679	681
680	681
680	682
680	710
681	682
681	709
681	710
682	683
682	684
682	708
682	709
682	710
683	684
683	685
683	706
683	707
683	708
683	709
683	870
684	685
684	686
684	706
684	707
684	708
685	686
685	687
685	705
685	706
685	707
685	872
686	687
686	688
686	704
686	705
686	706
687	688
687	689
687	703
687	704
687	705
688	689
688	690
688	702
688	703
688	704
689	690
689	691
689	701
689	702
690	691
690	692
690	697
690	698
690	699
690	700
690	701
691	692
691	693
691	694
691	699
692	693
692	694
692	699
693	694
693	695
693	699
694	695
694	696
694	697
695	696
695	697
696	697
696	698
697	698
697	699
698	699
698	700
698	701
698	723
698	724
699	700
699	701
700	701
700	702
700	722
700	723
700	724
701	702
701	722
701	723
701	724
702	703
702	720
702	721
702	722
702	723
703	704
703	705
703	718
703	719
703	720
703	721
703	722
704	705
704	706
704	718
704	719
704	720
704	721
705	706
705	707
705	717
705	718
705	719
706	707
706	708
706	716
706	717
706	718
707	708
707	709
707	714
707	715
707	716
707	717
708	709
708	710
708	714
708	715
708	716
708	870
709	710
709	713
709	714
709	715
710	711
710	712
710	713
710	714
710	866
711	712
711	713
712	713
712	827
712	828
712	829
713	714
713	715
713	826
713	827
713	828
714	715
714	716
714	825
714	826
714	827
715	716
715	717
715	824
715	825
715	826
716	717
716	718
716	823
716	824
716	825
717	718
717	719
717	822
717	823
717	824
718	719
718	821
718	822
718	823
719	720
719	721
719	819
719	820
719	821
719	822
719	854
719	855
720	721
720	722
720	819
720	820
720	821
720	856
721	722
721	819
721	820
721	821
722	723
722	726
722	727
722	818
722	819
722	820
723	724
723	725
723	726
723	727
724	725
724	726
725	726
725	727
725	728
726	727
726	728
726	814
726	817
726	818
727	728
727	729
727	730
727	813
727	814
727	817
728	729
728	730
728	814
729	730
729	731
729	814
730	731
730	812
730	813
730	814
731	732
731	733
731	810
731	811
731	812
731	813
732	733
732	734
732	810
732	811
733	734
733	735
733	809
733	810
733	811
734	735
734	809
734	810
735	736
735	737
735	808
735	809
736	737
736	806
736	807
736	808
736	809
737	738
737	739
737	806
737	807
737	808
738	739
738	740
738	805
738	806
738	807
739	740
739	743
739	744
739	805
739	806
739	807
740	741
740	742
740	743
740	744
741	742
741	743
741	744
742	743
742	744
743	744
743	745
743	771
744	745
744	754
744	771
745	746
745	747
745	752
745	753
745	754
745	771
746	747
746	748
746	752
746	753
746	754
746	768
746	769
746	770
746	771
747	748
747	749
747	750
747	751
747	752
747	753
747	768
747	769
747	770
748	749
748	750
748	751
748	752
748	767
748	768
748	769
749	750
749	751
749	766
749	767
749	768
750	751
750	752
750	832
751	752
751	753
752	753
752	754
753	754
753	755
754	755
754	756
755	756
755	757
755	758
756	757
756	758
756	788
756	789
757	758
757	759
757	788
757	789
758	759
758	787
758	788
758	789
759	760
759	786
759	787
759	788
760	761
760	762
760	785
760	786
760	787
761	762
761	783
761	784
761	785
761	786
762	763
762	766
762	783
762	784
762	785
763	764
763	765
763	766
763	778
763	781
763	782
763	783
763	784
764	765
764	766
764	778
764	779
764	780
764	781
764	782
765	766
765	767
765	777
765	778
765	779
765	839
766	767
766	777
766	778
767	768
767	776
767	777
767	778
768	769
768	770
768	775
768	776
768	777
769	770
769	771
769	773
769	774
769	775
769	776
769	830
770	771
770	772
770	773
770	774
770	775
771	772
771	773
772	773
772	774
773	774
773	775
773	828
773	829
773	830
774	775
774	776
774	826
774	827
774	828
774	829
774	830
775	776
775	777
775	826
775	827
775	828
775	830
775	835
776	777
776	778
776	824
776	825
776	826
776	827
777	778
777	779
777	824
777	825
777	826
778	779
778	780
778	781
778	823
778	824
778	825
779	780
779	781
779	823
779	824
780	781
780	822
780	823
780	824
781	782
781	783
781	784
781	822
781	823
782	783
782	784
783	784
783	785
783	811
783	812
784	785
784	786
784	809
784	810
784	811
784	812
785	786
785	787
785	809
785	810
785	811
785	812
786	787
786	808
786	809
786	810
787	788
787	789
787	807
787	808
787	809
788	789
788	806
788	807
788	808
789	790
789	791
789	805
789	806
789	807
790	791
790	792
790	804
790	805
790	806
791	792
791	793
791	803
791	804
791	805
792	793
792	802
792	803
792	804
793	794
793	795
793	801
793	802
793	803
794	795
794	796
794	799
794	800
794	801
794	802
795	796
795	797
795	798
795	799
795	800
795	801
795	802
796	797
796	798
796	799
797	798
797	799
798	799
798	800
799	800
799	801
800	801
800	802
801	802
802	803
803	804
804	805
804	806
805	806
806	807
806	808
807	808
808	809
808	810
809	810
810	811
810	812
811	812
811	813
812	813
812	814
812	815
813	814
813	815
813	816
813	820
814	815
814	816
814	817
815	816
815	817
816	817
816	818
816	820
817	818
817	819
817	820
818	819
818	820
819	820
819	821
820	821
821	822
822	823
822	824
823	824
824	825
824	826
825	826
825	827
826	827
826	828
827	828
827	829
827	830
828	829
828	830
829	830
829	831
830	831
830	832
830	834
830	835
831	832
831	833
831	834
831	835
832	833
832	834
832	835
832	836
833	834
833	835
833	836
833	837
834	835
834	836
834	837
834	838
835	836
835	837
835	838
835	839
836	837
836	838
836	839
836	840
837	838
837	839
837	840
837	841
838	839
838	840
838	841
838	842
839	840
839	841
839	842
839	843
840	841
840	842
840	843
840	844
841	842
841	843
841	844
841	846
841	847
841	848
842	843
842	844
842	845
842	846
842	847
842	848
843	844
843	845
843	846
844	845
844	846
844	847
845	846
845	847
846	847
846	848
846	849
847	848
847	849
847	864
848	849
848	863
848	864
848	865
849	850
849	851
849	862
849	863
849	864
850	851
850	852
850	861
850	862
850	863
851	852
851	853
851	854
851	860
851	861
851	862
852	853
852	854
852	860
852	861
853	854
853	855
853	858
853	859
853	860
854	855
854	858
854	859
854	860
855	856
855	857
855	858
855	859
856	857
856	858
856	874
857	858
857	873
857	874
857	875
858	859
858	860
858	871
858	872
858	873
858	874
858	875
859	860
859	861
859	871
859	872
859	873
860	861
860	862
860	870
860	871
860	872
861	862
861	863
861	869
861	870
861	871
862	863
862	864
862	868
862	869
862	870
863	864
863	865
863	866
863	867
863	868
863	869
864	865
864	866
864	867
865	866
865	867
866	867
866	868
867	868
867	869
867	896
868	869
868	870
868	895
868	896
869	870
869	871
869	894
869	895
869	896
870	871
870	872
870	893
870	894
870	895
871	872
871	873
871	892
871	893
871	894
872	873
872	874
872	891
872	892
872	893
873	874
873	875
873	876
873	890
873	891
873	892
874	875
874	876
874	890
874	891
875	876
875	877
875	889
875	890
876	877
876	887
876	888
876	889
876	890
877	878
877	879
877	886
877	887
877	888
878	879
878	885
878	886
878	887
879	880
879	881
879	885
879	886
880	881
880	885
881	882
881	883
881	884
881	885
882	883
882	884
882	929
883	884
883	885
883	928
883	929
884	885
884	886
884	927
884	928
884	929
885	886
885	927
885	928
885	929
886	887
886	888
886	926
886	927
887	888
887	889
887	925
887	926
887	927
888	889
888	924
888	925
889	890
889	891
889	924
890	891
890	908
891	892
891	893
891	906
891	907
891	908
892	893
892	894
892	906
892	907
892	908
893	894
893	895
893	905
893	906
893	907
894	895
894	904
894	905
894	906
895	896
895	897
895	902
895	903
895	904
895	905
896	897
896	898
896	902
896	903
896	904
897	898
897	899
897	901
897	902
897	903
898	899
898	900
898	901
898	902
899	900
899	901
900	901
900	967
901	902
901	903
901	965
901	966
901	967
902	903
902	904
902	965
902	966
902	967
903	904
903	905
903	963
903	964
903	965
903	966
904	905
904	906
904	963
904	964
904	965
905	906
905	961
905	962
905	963
905	964
906	907
906	954
906	961
906	962
906	963
907	908
907	909
907	956
907	959
907	960
907	961
907	962
908	909
908	910
908	956
908	959
909	910
909	911
909	959
910	911
910	912
910	959
911	912
911	913
911	919
911	958
911	959
912	913
912	919
912	920
913	914
913	917
913	918
913	919
913	920
914	915
914	916
914	917
915	916
915	917
916	917
916	918
917	918
917	919
918	919
918	920
919	920
919	921
919	958
920	921
920	922
920	957
921	922
921	923
921	955
921	956
921	957
921	958
922	923
922	924
922	955
922	956
922	957
923	924
923	925
923	953
923	954
923	955
923	956
924	925
924	926
924	953
924	954
924	955
925	926
925	927
925	951
925	952
925	953
925	954
926	927
926	928
926	951
926	952
926	953
927	928
927	929
927	949
927	950
927	951
927	952
928	929
928	930
928	949
928	950
928	951
929	930
929	949
929	950
930	931
930	932
930	948
930	949
930	950
931	932
931	945
931	948
931	949
931	950
931	968
931	969
932	933
932	934
932	945
932	950
932	966
932	967
932	968
932	969
933	934
933	935
933	966
933	967
933	968
933	969
934	935
934	936
934	937
934	965
934	966
934	967
935	936
935	965
935	966
935	967
936	937
936	938
937	938
937	939
938	939
938	940
939	940
939	941
939	964
940	941
940	942
941	942
941	943
941	952
941	953
941	954
941	962
941	963
941	964
942	943
942	952
942	953
942	954
943	944
943	945
943	950
943	951
943	952
943	953
944	945
944	946
944	950
944	951
944	952
945	946
945	947
945	949
945	950
945	951
946	947
946	948
946	949
946	950
946	951
947	948
947	949
948	949
949	950
949	951
950	951
950	952
951	952
951	953
952	953
952	954
953	954
953	955
954	955
954	956
954	962
955	956
955	957
956	957
956	958
956	959
956	960
956	961
957	958
957	959
957	960
958	959
958	960
959	960
959	961
960	961
960	962
961	962
961	963
962	963
963	964
963	965
964	965
964	966
965	966
966	967
966	968
967	968
967	969
968	969
968	970
969	970
