0	1
0	2
0	3
1	2
1	3
1	4
2	3
2	4
3	4
3	5
4	5
4	6
5	6
5	7
6	7
6	8
7	8
7	9
8	9
9	10
9	11
10	11
10	12
11	12
11	186
11	187
12	13
12	184
12	185
12	186
12	187
13	14
13	15
13	184
13	185
13	186
14	15
14	16
14	182
14	183
14	184
14	185
15	16
15	17
15	182
15	183
15	184
16	17
16	18
16	180
16	181
16	182
16	183
17	18
17	19
17	180
17	181
17	182
18	19
18	20
18	179
18	180
18	181
19	20
19	21
19	35
19	36
19	179
19	180
20	21
20	22
20	33
21	22
21	23
21	31
21	32
21	33
22	23
22	24
22	31
22	32
22	33
23	24
23	25
23	31
23	32
24	25
24	26
24	31
25	26
25	29
25	31
25	176
25	177
26	27
26	28
26	29
26	174
26	175
27	28
27	29
27	154
27	155
27	156
27	174
28	29
28	30
28	153
28	154
28	155
28	156
29	30
29	31
29	153
29	154
30	31
30	32
30	152
30	153
30	154
31	32
31	151
31	152
31	153
32	33
32	150
32	151
32	152
33	34
33	35
33	149
33	150
33	151
34	35
34	36
34	147
34	148
34	149
34	150
35	36
35	37
35	148
35	149
36	37
36	38
37	38
37	39
37	140
38	39
38	40
39	40
39	41
39	42
39	183
39	184
39	185
40	41
40	139
40	140
40	141
40	183
40	184
40	185
40	186
41	42
41	43
41	137
41	138
41	139
41	140
41	183
41	184
41	185
42	43
42	44
42	137
42	138
42	139
42	181
42	182
42	183
42	184
43	44
43	45
43	130
43	131
43	134
43	137
43	138
43	182
43	183
44	45
44	46
44	131
44	181
44	182
45	46
45	47
45	125
45	126
45	131
45	180
45	181
45	182
46	47
46	48
46	123
46	124
46	125
46	126
46	179
46	180
46	181
47	48
47	49
47	123
47	124
47	125
47	178
47	179
47	180
48	49
48	122
48	123
48	124
48	177
48	178
48	179
49	50
49	51
49	64
49	121
49	122
49	123
49	175
49	176
49	177
49	178
50	51
50	119
50	120
50	121
50	122
50	175
50	176
50	177
51	52
51	53
51	119
51	120
51	121
51	175
51	176
52	53
52	54
52	117
52	118
52	119
52	120
52	161
52	173
53	54
53	55
53	116
53	117
53	118
53	119
53	160
53	161
54	55
54	116
54	117
54	160
54	161
54	162
55	56
55	59
55	115
55	116
55	160
56	57
56	58
56	59
56	114
56	115
56	116
57	58
57	59
57	113
57	114
57	115
58	59
58	60
58	274
58	275
58	276
59	60
59	61
59	160
59	275
59	276
60	61
60	62
60	63
60	109
60	110
60	159
60	160
60	275
60	276
61	62
61	63
61	109
61	275
61	276
62	63
62	64
62	65
62	66
62	105
62	108
62	109
63	64
63	65
63	66
63	67
63	108
63	109
63	158
64	65
64	66
64	67
64	68
64	108
64	109
64	122
64	124
65	66
65	67
65	68
65	85
65	108
65	124
66	67
66	68
66	69
66	85
66	155
67	68
67	69
67	154
67	155
67	158
68	69
68	70
68	85
68	152
68	153
68	154
68	155
69	70
69	84
69	85
69	153
69	154
69	155
70	71
70	72
70	83
70	84
70	85
70	152
70	153
71	72
71	73
71	82
71	83
71	84
71	150
71	151
71	152
71	153
72	73
72	74
72	81
72	82
72	83
72	150
72	151
72	152
73	74
73	75
73	79
73	80
73	81
73	82
73	149
73	150
73	151
74	75
74	76
74	77
74	78
74	79
74	80
74	81
74	148
74	149
74	150
75	76
75	77
75	78
75	79
75	80
75	146
75	147
75	148
75	149
76	77
76	78
76	146
76	147
76	148
76	406
77	78
77	79
78	79
78	80
79	80
79	81
80	81
81	82
81	205
81	206
82	83
82	206
83	84
83	87
83	206
84	85
84	86
84	87
84	88
85	86
85	87
85	88
85	89
86	87
86	88
86	89
86	90
87	88
87	89
87	90
87	91
88	89
88	90
88	91
88	92
89	90
89	91
89	92
89	93
89	248
90	91
90	92
90	93
90	94
90	326
91	92
91	93
91	94
91	95
91	96
92	93
92	94
92	95
92	96
92	101
93	94
93	95
93	96
93	322
93	323
94	95
94	96
94	322
95	96
95	97
95	318
95	336
96	97
96	100
96	101
97	98
97	99
97	100
97	101
97	320
98	99
98	100
98	101
98	102
99	100
99	101
99	102
99	103
100	101
100	102
100	103
100	104
101	102
101	103
101	104
101	105
102	103
102	104
102	105
102	106
103	104
103	105
103	106
103	107
104	105
104	106
104	107
104	108
105	106
105	107
105	108
105	109
106	107
106	108
106	109
106	110
106	111
107	108
107	109
107	122
107	123
107	124
108	109
108	122
108	123
108	124
109	110
109	111
110	111
110	112
110	114
111	112
111	113
112	113
112	114
113	114
113	115
114	115
114	118
115	116
115	117
115	118
116	117
116	118
117	118
117	119
118	119
118	120
119	120
120	121
120	122
121	122
121	123
122	123
122	124
123	124
123	125
124	125
124	126
125	126
125	127
126	127
126	128
126	131
127	128
127	129
127	131
127	132
128	129
128	130
128	131
128	132
129	130
129	131
129	132
129	133
129	136
129	203
129	204
130	131
130	132
130	133
130	134
130	136
130	137
130	138
131	132
131	133
132	133
133	134
133	135
133	136
133	137
134	135
134	136
134	137
135	136
135	137
136	137
136	138
136	201
137	138
137	139
138	139
138	140
139	140
139	141
139	142
139	143
140	141
140	142
140	143
140	144
141	142
141	143
141	144
141	195
142	143
142	144
142	194
142	195
142	402
142	404
143	144
143	145
143	146
143	404
143	405
143	406
144	145
144	146
144	404
144	405
145	146
145	147
145	404
145	405
146	147
146	148
146	404
146	405
147	148
147	149
148	149
149	150
149	151
150	151
150	152
151	152
151	153
152	153
152	154
153	154
153	155
154	155
154	156
155	156
155	157
155	158
156	157
156	158
157	158
157	159
157	162
157	163
158	159
158	160
158	161
158	162
158	163
159	160
159	161
159	162
159	163
159	164
159	165
160	161
160	162
160	163
160	164
161	162
161	163
161	172
162	163
162	168
162	169
162	172
163	164
163	165
163	166
163	167
163	168
163	169
164	165
164	166
164	167
164	168
164	169
165	166
165	167
166	167
166	168
167	168
167	169
168	169
168	170
169	170
169	171
169	172
170	171
170	172
171	172
171	173
172	173
172	174
173	174
173	175
174	175
174	176
175	176
175	177
176	177
177	178
177	179
178	179
178	180
179	180
179	181
180	181
180	182
181	182
181	183
182	183
182	184
183	184
183	185
184	185
184	186
185	186
185	187
186	187
186	188
186	190
186	191
187	188
187	189
187	190
187	191
188	189
188	190
188	191
188	192
189	190
189	191
189	192
189	193
190	191
190	192
190	193
190	194
191	192
191	193
191	194
191	195
192	193
192	194
192	195
192	196
193	194
193	195
193	196
193	197
194	195
194	196
194	197
195	196
195	197
196	197
196	198
197	198
197	199
198	199
198	401
198	402
199	200
199	201
199	400
199	401
199	402
200	201
200	202
200	398
200	399
200	400
200	401
201	202
201	203
201	398
201	399
201	400
202	203
202	396
202	397
202	398
202	399
203	204
203	205
203	396
203	397
203	398
203	399
204	205
204	394
204	395
204	396
204	397
205	206
205	207
205	394
205	395
205	396
206	207
206	208
206	392
206	393
206	394
206	395
207	208
207	392
207	393
207	394
208	209
208	210
208	391
208	392
208	393
209	210
209	211
209	390
209	391
209	392
210	211
210	388
210	389
210	390
210	391
211	212
211	213
211	388
211	389
211	390
212	213
212	214
212	387
212	388
212	389
213	214
213	215
213	387
213	388
213	389
214	215
214	216
214	224
215	216
215	217
215	384
216	217
216	222
216	358
216	360
216	361
216	384
217	218
217	219
217	220
217	221
217	222
217	360
217	361
218	219
218	220
218	360
218	361
218	362
218	381
219	220
219	221
219	360
220	221
220	222
220	360
221	222
221	223
221	357
221	358
221	359
221	360
222	223
222	357
222	358
223	224
223	356
223	357
223	358
224	225
224	226
224	355
224	356
224	357
225	226
225	227
225	353
225	354
225	355
225	356
226	227
226	228
226	353
226	354
226	355
227	228
227	229
227	352
227	353
227	354
228	229
228	230
228	352
228	353
228	354
229	230
230	231
230	346
230	347
231	232
231	345
231	346
231	347
231	412
232	233
232	234
232	345
232	346
232	347
232	395
232	396
233	234
233	235
233	343
233	344
233	345
233	346
233	395
233	396
234	235
234	236
234	343
234	344
234	345
234	346
234	393
234	394
234	395
234	396
235	236
235	330
235	331
235	332
235	335
235	342
235	343
235	344
235	394
235	395
236	237
236	238
236	329
236	330
236	331
236	332
236	335
236	393
236	394
237	238
237	239
237	328
237	329
237	330
237	391
237	392
237	393
237	394
238	239
238	327
238	328
238	329
238	391
238	392
238	393
239	240
239	326
239	327
239	328
239	390
239	391
239	392
240	241
240	242
240	250
240	325
240	326
240	327
240	389
240	390
240	391
241	242
241	250
241	325
241	386
241	387
241	388
241	389
241	390
242	243
242	244
242	248
242	249
242	250
242	251
242	386
242	387
242	388
242	389
243	244
243	245
243	246
243	249
243	385
243	386
243	387
243	388
244	245
244	246
244	247
244	388
245	246
245	247
246	247
246	248
246	249
247	248
247	249
248	249
248	250
248	278
249	250
249	251
249	278
249	279
250	251
250	325
250	326
251	252
251	253
251	285
251	286
251	324
251	325
252	253
252	254
252	285
252	286
252	380
252	382
252	383
252	386
253	254
253	259
253	260
253	270
253	273
253	382
254	255
254	256
254	259
254	260
254	270
254	365
254	366
254	380
255	256
255	257
255	259
255	260
255	263
255	264
255	268
255	269
255	270
255	365
255	366
255	367
255	368
256	257
256	258
256	259
256	263
256	264
256	368
257	258
257	259
257	263
257	264
258	259
258	260
258	263
258	274
258	277
259	260
259	263
259	273
259	274
259	278
260	261
260	262
260	263
260	268
260	269
260	270
260	272
260	273
260	274
261	262
261	263
261	268
261	269
261	272
261	273
261	274
262	263
262	264
262	265
262	267
262	268
262	269
263	264
263	265
263	268
263	269
264	265
264	268
265	266
265	267
265	268
266	267
266	268
267	268
267	269
268	269
269	270
269	271
269	272
270	271
270	272
270	365
270	366
271	272
271	273
272	273
272	274
273	274
273	275
273	278
274	275
274	276
274	277
274	278
275	276
275	277
275	278
276	277
276	278
277	278
277	279
278	279
278	280
279	280
279	323
280	281
280	282
280	323
280	324
281	282
281	283
281	323
281	324
282	283
282	284
282	285
282	324
283	284
283	285
283	286
283	307
283	324
284	285
284	286
284	379
285	286
285	287
285	379
285	380
286	287
286	288
286	324
286	325
286	379
287	288
287	289
287	358
287	359
287	379
287	383
288	289
288	290
288	306
288	356
288	357
288	358
288	359
289	290
289	305
289	306
289	357
289	358
289	359
289	377
290	291
290	303
290	304
290	305
290	306
290	356
290	357
290	358
291	292
291	303
291	304
291	305
291	306
291	355
291	356
291	357
292	293
292	294
292	301
292	302
292	303
292	304
292	354
292	355
293	294
293	295
293	299
293	300
293	301
293	353
293	354
293	355
294	295
294	296
294	297
294	298
294	299
294	300
294	352
294	353
294	354
295	296
295	297
295	298
295	299
295	300
295	349
295	351
295	352
295	353
296	297
296	298
296	350
296	351
296	352
297	298
297	299
298	299
298	300
299	300
299	301
299	302
300	301
301	302
301	303
302	303
302	304
303	304
303	305
304	305
304	306
304	308
305	306
305	307
305	308
306	307
306	308
306	309
306	310
307	308
307	309
307	310
307	311
308	309
308	310
308	311
308	312
308	313
309	310
309	311
309	312
309	313
309	327
309	328
309	329
310	311
310	312
310	313
310	314
310	322
310	324
310	326
310	327
310	328
311	312
311	313
311	314
311	315
311	322
312	313
312	314
312	315
312	316
313	314
313	315
313	316
313	317
313	328
313	329
314	315
314	316
314	317
314	318
314	319
314	320
314	328
315	316
315	317
315	318
315	319
315	320
316	317
316	318
316	319
317	318
317	319
317	333
317	334
317	335
318	319
318	320
318	336
319	320
320	321
320	322
321	322
321	323
322	323
322	324
322	326
323	324
323	325
323	326
324	325
324	326
325	326
325	327
326	327
326	328
327	328
328	329
328	330
329	330
329	331
330	331
330	332
330	335
331	332
331	342
331	343
331	344
332	333
332	334
332	335
332	341
332	342
332	343
333	334
333	335
333	341
333	342
334	335
334	336
334	337
334	341
335	336
335	337
336	337
336	338
337	338
337	339
338	339
338	340
339	340
339	341
340	341
340	342
341	342
341	343
342	343
343	344
343	345
344	345
344	346
345	346
345	347
345	348
346	347
346	348
346	349
347	348
347	349
348	349
348	350
349	350
349	351
349	352
350	351
350	352
351	352
351	353
352	353
353	354
353	355
354	355
354	356
355	356
356	357
356	358
357	358
357	359
358	359
358	360
359	360
359	361
359	377
359	378
359	379
360	361
360	362
360	377
360	378
360	379
361	362
361	363
361	378
361	379
361	380
361	381
361	383
362	363
362	364
362	378
362	379
362	380
362	381
363	364
363	365
363	370
363	371
363	378
363	379
363	380
363	381
364	365
364	366
364	367
364	370
364	380
364	381
365	366
365	367
365	371
365	380
365	381
365	382
366	367
366	368
367	368
367	369
367	370
367	371
368	369
368	370
368	371
368	372
369	370
369	371
369	372
369	373
370	371
370	372
370	373
370	374
371	372
371	373
371	374
371	380
372	373
372	374
373	374
374	375
374	376
375	376
375	377
375	378
376	377
376	378
377	378
378	379
379	380
379	381
380	381
380	382
380	383
381	382
381	383
381	384
382	383
382	384
382	385
383	384
383	385
383	386
384	385
384	386
384	387
385	386
385	387
386	387
386	388
387	388
387	389
388	389
388	390
389	390
389	391
390	391
390	392
391	392
391	393
392	393
392	394
393	394
393	395
394	395
395	396
395	397
396	397
396	398
397	398
397	399
397	409
397	410
398	399
398	400
398	408
398	409
399	400
399	401
399	406
399	407
399	408
399	409
400	401
400	402
400	406
400	407
400	408
400	409
401	402
401	405
401	406
401	407
402	403
402	404
402	405
402	406
403	404
403	405
404	405
405	406
405	407
406	407
407	408
407	409
408	409
408	410
408	411
409	410
409	411
410	411
410	412
411	412
