0	1
0	2
0	3
0	4
1	2
1	3
1	4
1	5
2	3
2	4
2	5
2	6
3	4
3	5
3	6
3	7
4	5
4	6
4	7
4	8
5	6
5	7
5	8
5	9
6	7
6	8
6	9
6	10
7	8
7	9
7	10
7	11
7	40
8	9
8	10
8	11
8	12
9	10
9	11
9	12
9	13
10	11
10	12
10	13
10	14
11	12
11	13
11	14
11	15
12	13
12	14
12	15
12	16
13	14
13	15
13	16
13	17
14	15
14	16
14	17
14	21
14	59
14	60
15	16
15	17
15	60
15	61
15	62
16	17
16	18
16	62
17	18
17	19
18	19
18	20
19	20
19	21
20	21
20	22
20	56
20	57
20	58
20	59
21	22
21	23
21	25
21	57
21	58
21	59
22	23
22	24
22	25
22	26
22	56
22	57
22	58
23	24
23	25
23	26
23	27
23	34
23	37
23	57
23	58
24	25
24	26
24	27
24	28
24	34
25	26
25	27
25	28
25	29
26	27
26	28
26	29
26	30
27	28
27	29
27	30
27	31
27	32
27	33
27	34
27	37
28	29
28	30
28	31
28	32
29	30
29	31
30	31
30	32
31	32
31	33
32	33
32	34
32	36
33	34
33	35
33	36
33	37
34	35
34	36
34	37
34	38
35	36
35	37
35	38
35	39
36	37
36	38
36	39
36	40
37	38
37	39
37	40
37	41
38	39
38	40
38	41
38	42
39	40
39	41
39	42
39	43
40	41
40	42
40	43
40	44
41	42
41	43
41	44
41	45
42	43
42	44
42	45
42	46
43	44
43	45
43	46
43	47
44	45
44	46
44	47
44	48
44	49
45	46
45	47
45	48
45	49
45	50
45	51
46	47
46	48
47	48
47	49
48	49
48	50
48	67
49	50
49	51
49	66
49	67
50	51
50	52
50	60
50	66
50	67
51	52
51	53
51	58
51	59
51	60
52	53
52	54
52	58
52	59
52	60
53	54
53	55
53	57
53	58
53	59
54	55
54	56
54	57
54	58
55	56
55	57
56	57
57	58
57	59
58	59
58	60
59	60
59	61
60	61
60	62
60	66
61	62
61	63
61	65
61	66
62	63
62	64
62	65
62	66
63	64
63	65
64	65
64	66
64	92
64	93
64	145
64	146
64	147
65	66
65	67
65	68
65	145
65	146
65	147
66	67
66	68
66	145
66	146
66	147
66	148
67	68
67	69
67	145
67	146
67	147
67	148
67	149
68	69
68	143
68	144
68	145
68	146
69	70
69	71
69	143
69	144
69	145
70	71
70	72
70	141
70	142
70	143
70	144
71	72
71	73
71	141
71	142
71	143
72	73
72	140
72	141
72	142
72	163
72	164
73	74
73	75
73	139
73	140
73	141
73	162
73	163
73	164
74	75
74	138
74	139
74	140
74	162
74	163
74	164
75	76
75	77
75	79
75	138
75	139
75	162
76	77
76	78
76	79
76	133
76	134
76	138
77	78
77	79
77	80
77	131
77	133
77	134
78	79
78	80
79	80
79	81
79	82
79	83
80	81
80	82
80	83
80	84
81	82
81	83
81	84
81	85
81	123
82	83
82	84
82	85
82	86
83	84
83	85
83	86
83	87
84	85
84	86
84	87
84	88
84	119
85	86
85	87
85	88
85	89
85	116
85	119
86	87
86	88
86	89
86	90
86	157
87	88
87	89
87	90
87	91
87	92
87	93
87	154
88	89
88	90
88	91
88	92
88	93
88	114
88	115
88	116
89	90
89	91
90	91
90	92
90	153
90	154
91	92
91	146
91	151
92	93
92	94
92	114
92	144
92	145
92	146
93	94
93	95
93	113
93	114
93	144
93	145
93	146
94	95
94	96
94	111
94	112
94	113
94	114
94	142
94	143
94	144
94	145
95	96
95	110
95	111
95	112
95	113
95	143
95	144
96	97
96	98
96	108
96	109
96	110
96	111
96	112
96	142
96	143
97	98
97	99
97	108
97	109
97	110
97	111
97	140
97	141
97	142
97	143
98	99
98	100
98	106
98	107
98	108
98	109
98	140
98	141
98	142
99	100
99	101
99	106
99	107
99	108
99	139
99	140
99	141
100	101
100	102
100	105
100	106
100	107
100	135
100	136
101	102
101	103
101	104
101	105
101	106
101	107
101	135
102	103
102	104
102	105
103	104
103	105
104	105
104	106
104	107
105	106
105	107
106	107
106	108
107	108
107	109
108	109
108	110
109	110
109	111
110	111
110	112
111	112
111	113
112	113
112	114
113	114
113	115
113	118
113	119
114	115
114	118
115	116
115	117
115	118
115	119
116	117
116	118
116	119
116	120
117	118
117	119
117	120
117	121
118	119
118	120
118	121
118	122
119	120
119	121
119	122
119	123
120	121
120	122
120	123
120	124
121	122
121	123
121	124
121	125
122	123
122	124
122	125
123	124
123	125
123	126
124	125
124	126
125	126
125	127
126	127
127	128
127	129
128	129
128	130
129	130
129	131
130	131
130	132
131	132
131	133
131	134
132	133
132	134
132	135
133	134
133	135
133	138
134	135
134	136
134	137
134	138
135	136
135	137
135	138
136	137
136	138
136	139
137	138
137	139
138	139
138	140
139	140
140	141
140	142
141	142
141	143
142	143
142	144
143	144
143	145
144	145
144	146
145	146
146	147
146	148
146	151
147	148
147	151
148	149
148	150
148	151
149	150
149	151
149	152
150	151
150	152
150	153
151	152
151	153
151	154
152	153
152	154
152	155
153	154
153	155
153	156
154	155
154	156
154	157
155	156
155	157
155	158
155	159
156	157
156	158
156	159
156	160
157	158
157	159
157	160
157	161
157	162
157	163
158	159
158	160
158	161
158	162
158	163
159	160
159	161
160	161
160	162
161	162
161	163
162	163
162	164
163	164
163	165
164	165
164	166
165	166
