0	1
0	122
0	226
1	2
1	45
1	46
1	121
1	122
1	123
2	3
2	4
2	46
2	47
2	121
2	122
2	123
2	124
2	224
3	4
3	5
3	46
3	47
3	48
3	121
3	123
3	124
3	125
4	5
4	6
4	47
4	48
4	49
4	124
4	125
4	126
5	6
5	7
5	48
5	49
5	50
5	108
5	125
5	126
5	127
6	7
6	8
6	49
6	50
6	51
6	126
6	127
6	128
7	8
7	9
7	50
7	51
7	52
7	104
7	108
7	127
7	128
7	129
8	9
8	10
8	51
8	52
8	53
8	128
8	129
8	130
9	10
9	11
9	14
9	52
9	53
9	54
9	129
9	130
10	11
10	12
10	14
10	25
10	52
10	53
10	54
10	55
10	94
10	95
11	12
11	13
11	14
11	53
11	54
11	55
11	94
11	95
11	96
11	97
11	98
12	13
12	14
12	15
12	54
12	95
12	96
12	97
12	98
13	14
13	15
13	16
13	133
14	15
14	16
14	23
14	24
14	25
14	131
15	16
15	17
15	23
15	24
15	25
15	94
16	17
16	18
16	23
17	18
17	19
17	21
17	22
17	23
18	19
18	20
18	21
18	22
18	23
19	20
19	21
20	21
20	22
21	22
21	23
21	167
22	23
22	24
22	26
22	27
23	24
23	25
23	26
23	27
24	25
24	26
24	27
24	28
24	131
24	160
25	26
25	27
25	28
25	29
26	27
26	28
26	29
26	30
27	28
27	29
27	30
27	31
27	211
28	29
28	30
28	31
28	32
28	129
28	211
29	30
29	31
29	32
29	33
29	88
30	31
30	32
30	33
30	34
31	32
31	33
31	34
31	35
31	211
31	214
31	215
32	33
32	34
32	35
32	36
33	34
33	35
33	36
33	37
33	85
33	88
34	35
34	36
34	37
34	38
35	36
35	37
35	38
35	39
35	220
36	37
36	38
36	39
36	40
36	80
36	85
37	38
37	39
37	40
37	41
37	475
38	39
38	40
38	41
38	42
39	40
39	41
39	42
39	43
39	44
40	41
40	42
40	43
40	80
40	81
41	42
41	43
41	475
42	43
42	44
43	44
43	45
44	45
44	46
45	46
45	47
45	79
46	47
46	48
46	79
47	48
47	77
47	78
47	79
47	80
48	49
48	50
48	77
48	78
48	79
48	80
49	50
49	51
49	75
49	76
49	77
49	78
50	51
50	52
50	73
50	74
50	75
50	76
51	52
51	53
51	72
51	73
51	74
51	75
51	108
52	53
52	54
52	55
52	71
52	72
52	73
52	74
53	54
53	55
53	70
53	71
53	72
53	99
53	104
54	55
54	56
54	70
54	71
54	95
54	96
54	97
54	98
54	99
55	56
55	57
55	70
55	71
55	95
55	96
55	97
56	57
56	58
56	70
56	95
56	96
56	97
57	58
57	59
57	70
58	59
58	60
58	69
58	70
58	71
58	72
59	60
59	71
59	72
59	73
60	61
60	62
60	63
60	71
60	72
60	73
61	62
61	63
62	63
62	64
62	68
63	64
63	65
63	66
63	67
63	68
63	69
64	65
64	66
64	67
65	66
65	67
66	67
66	68
66	69
67	68
67	69
68	69
68	70
68	71
68	103
69	70
69	71
69	99
70	71
70	72
70	99
71	72
71	73
71	99
71	104
72	73
72	74
73	74
73	75
73	76
74	75
74	76
75	76
75	77
76	77
76	78
77	78
77	115
78	79
78	80
79	80
79	81
80	81
80	84
81	82
81	83
81	84
81	85
82	83
82	84
82	85
82	86
83	84
83	85
83	86
83	87
84	85
84	86
84	87
84	88
85	86
85	87
85	88
85	89
86	87
86	88
86	89
86	90
86	91
87	88
87	89
87	90
87	91
87	92
88	89
88	90
88	91
88	92
89	90
89	91
90	91
90	92
91	92
91	93
92	93
92	94
93	94
93	95
94	95
94	96
95	96
95	97
96	97
97	98
97	99
98	99
98	134
99	100
99	101
100	101
100	102
100	103
100	104
100	135
100	136
101	102
101	103
101	104
101	105
101	136
102	103
102	104
102	105
102	106
103	104
103	105
103	106
103	107
104	105
104	106
104	107
104	108
105	106
105	107
105	108
105	109
106	107
106	108
106	109
106	110
107	108
107	109
107	110
107	111
108	109
108	110
108	111
108	112
109	110
109	111
109	112
109	113
110	111
110	112
110	113
110	114
111	112
111	113
111	114
111	115
112	113
112	114
112	115
112	116
113	114
113	115
113	116
114	115
114	116
114	117
115	116
115	117
116	117
116	118
116	119
117	118
117	119
118	119
118	120
119	120
119	121
120	121
120	122
121	122
121	123
121	124
122	123
123	124
123	125
123	224
124	125
124	153
124	154
125	126
125	127
125	153
125	154
125	155
126	127
126	128
126	154
126	155
126	156
127	128
127	129
127	155
127	156
127	157
128	129
128	130
128	156
128	157
128	158
129	130
129	157
129	158
129	159
130	131
130	132
130	158
130	159
131	132
131	133
131	159
131	160
132	133
132	134
132	185
132	188
132	189
133	134
133	184
133	185
134	135
134	136
134	184
135	136
135	184
136	137
136	138
137	138
137	139
138	139
138	140
138	141
139	140
139	141
140	141
140	142
140	143
140	144
141	142
141	143
141	144
141	145
142	143
142	144
142	145
142	146
143	144
143	145
143	146
143	147
144	145
144	146
144	147
144	148
145	146
145	147
145	148
145	149
146	147
146	148
146	149
146	150
147	148
147	149
147	150
147	151
148	149
148	150
148	151
148	152
148	153
148	154
149	150
149	151
149	152
149	153
150	151
150	152
151	152
151	153
152	153
152	154
153	154
153	155
154	155
155	156
155	157
156	157
156	158
156	207
156	208
157	158
157	159
157	207
157	208
157	209
158	159
158	208
158	209
158	210
158	211
159	160
159	161
159	209
159	210
159	211
160	161
160	210
160	211
161	162
161	163
161	175
161	176
161	210
162	163
162	164
162	175
162	176
162	209
162	210
163	164
163	208
163	209
165	166
165	167
166	167
166	168
167	168
167	169
167	174
168	169
168	170
168	171
168	498
169	170
169	171
169	212
169	495
169	498
170	171
170	172
170	212
170	213
170	215
170	216
170	495
170	496
170	498
170	499
171	172
171	173
171	495
171	498
171	499
171	503
172	173
172	174
172	461
172	499
172	502
172	503
173	174
173	175
173	503
174	175
174	176
175	176
175	177
176	177
176	178
176	180
177	178
177	179
177	180
178	179
178	180
178	181
179	180
179	181
180	181
180	182
181	182
181	183
181	185
181	186
182	183
182	184
182	185
182	186
183	184
183	185
183	186
183	187
184	185
184	186
184	187
184	188
185	186
185	187
185	188
185	189
186	187
186	188
186	189
186	190
187	188
187	189
187	190
187	191
188	189
188	190
188	191
188	192
189	190
189	191
189	192
189	193
190	191
190	192
190	193
190	194
191	192
191	193
191	194
191	195
192	193
192	194
192	195
192	196
193	194
193	195
193	196
193	197
193	205
194	195
194	196
194	197
194	198
195	196
195	197
195	198
195	199
196	197
196	198
196	199
196	200
196	201
196	204
196	205
197	198
197	199
197	200
197	201
197	202
197	204
197	205
198	199
198	200
198	201
199	200
199	201
199	204
200	201
200	202
200	203
200	204
201	202
201	203
201	204
202	203
202	204
202	205
203	204
203	205
203	206
204	205
204	206
204	207
205	206
205	207
205	208
206	207
206	208
207	208
207	209
208	209
209	210
209	211
209	213
209	214
210	211
210	212
210	213
210	214
211	212
211	213
211	214
211	215
212	213
212	214
212	215
213	214
213	215
213	216
213	217
214	215
214	216
214	217
214	219
215	216
215	217
216	217
216	466
216	467
216	499
217	218
217	219
217	465
217	466
217	467
218	219
218	220
218	221
218	222
218	467
219	220
219	221
219	222
220	221
220	222
221	222
221	223
221	224
221	225
222	223
222	224
222	225
223	224
223	225
224	225
224	226
225	226
225	227
226	227
226	228
227	228
227	229
228	229
228	230
228	248
229	230
229	231
229	248
230	231
230	232
230	246
230	247
230	248
231	232
231	233
231	246
231	247
231	248
232	233
232	245
232	246
232	247
233	234
233	235
233	244
233	245
233	246
233	323
234	235
234	236
234	242
234	243
234	244
234	245
234	323
234	324
235	236
235	237
235	242
235	243
235	244
235	245
235	324
235	325
236	237
236	238
236	239
236	241
236	242
236	243
236	324
236	325
236	326
237	238
237	239
237	241
237	242
237	325
237	326
238	239
238	240
238	241
239	240
239	241
240	241
240	242
241	242
241	243
242	243
242	244
243	244
243	245
243	357
243	360
244	245
244	350
244	351
244	357
245	246
245	247
245	348
245	349
245	350
245	351
246	247
246	248
246	348
246	349
246	350
246	351
247	248
247	249
247	346
247	347
247	348
247	349
248	249
248	250
248	346
248	347
248	348
249	250
249	251
249	252
249	344
249	345
249	346
249	347
250	251
250	252
250	345
250	346
250	347
251	252
251	253
251	344
251	345
252	253
252	254
252	343
252	344
253	254
253	255
254	255
255	256
255	257
256	257
256	258
257	258
257	259
258	259
258	260
259	260
259	261
260	261
260	262
261	262
261	263
262	263
262	270
263	264
263	265
263	268
263	269
263	270
263	273
264	265
264	266
264	267
264	268
264	269
264	270
264	272
264	273
265	266
265	267
265	268
266	267
266	268
267	268
267	269
268	269
268	270
269	270
269	271
269	272
270	271
270	272
270	273
271	272
271	273
272	273
272	274
273	274
274	275
274	276
275	276
275	277
276	277
276	278
277	278
277	279
278	279
278	280
279	280
279	288
279	289
280	281
280	282
280	286
280	287
280	288
280	289
281	282
281	283
281	286
281	287
281	288
282	283
282	284
282	286
283	284
283	285
283	286
284	285
284	286
285	286
285	287
286	287
286	288
287	288
287	289
288	289
288	290
289	290
289	291
289	293
290	291
290	292
290	293
291	292
291	293
291	294
292	293
292	294
293	294
293	295
294	295
295	296
295	297
295	308
296	297
296	306
296	307
296	308
297	298
297	304
297	305
297	306
297	307
297	308
298	299
298	300
298	304
298	305
298	306
298	307
299	300
299	301
299	302
299	303
299	304
299	305
300	301
300	302
300	303
300	304
301	302
301	303
302	303
302	304
303	304
303	305
304	305
304	306
305	306
305	307
306	307
306	308
307	308
307	309
307	311
307	312
308	309
308	310
308	311
308	312
309	310
309	311
309	312
309	313
310	311
310	312
310	313
310	314
311	312
311	313
311	314
311	315
312	313
312	314
312	315
312	316
313	314
313	315
313	316
314	315
314	316
315	316
315	317
316	317
316	318
317	318
317	319
318	319
319	320
319	321
319	383
320	321
320	383
321	322
321	323
321	380
321	382
321	383
321	384
322	323
322	380
322	381
322	382
322	383
323	324
323	325
323	379
323	380
324	325
324	326
324	377
324	378
324	379
324	380
325	326
325	327
325	377
325	378
325	379
326	327
326	328
326	375
326	376
326	377
326	378
327	328
327	376
327	377
327	378
328	329
328	330
328	375
328	376
329	330
329	373
329	374
329	375
329	376
330	331
330	332
330	373
330	374
330	375
331	332
331	333
331	334
331	372
331	373
331	374
332	333
332	334
332	335
332	372
332	373
332	374
333	334
333	335
333	336
334	335
334	336
335	336
335	337
336	337
336	338
336	339
337	338
337	339
337	340
338	339
338	340
339	340
339	341
339	408
339	409
340	341
340	406
340	407
340	408
341	342
341	343
341	406
341	407
341	408
341	409
342	343
342	344
342	407
343	344
344	345
344	346
345	346
345	347
345	404
345	405
345	406
346	347
346	348
346	404
346	405
346	406
347	348
347	349
347	402
347	403
347	404
347	405
348	349
348	350
348	402
348	403
348	404
349	350
349	351
349	402
349	403
350	351
350	352
350	354
350	357
350	358
350	361
351	352
351	353
351	354
351	357
352	353
352	354
353	354
353	355
354	355
354	356
354	357
354	358
355	356
355	357
355	358
355	359
356	357
356	358
356	359
356	360
357	358
357	359
357	360
357	361
358	359
358	360
358	361
358	362
359	360
359	361
359	362
359	363
360	361
360	362
360	363
360	364
361	362
361	363
361	364
361	365
362	363
362	364
362	365
362	366
363	364
363	365
363	366
363	367
364	365
364	366
364	367
364	368
365	366
365	367
365	368
365	369
365	394
365	402
365	403
366	367
366	368
366	369
366	370
367	368
367	369
367	370
367	371
368	369
368	370
368	371
368	372
368	373
368	374
368	394
369	370
369	371
369	372
369	373
369	394
370	371
370	372
371	372
371	373
372	373
373	374
374	375
374	376
374	391
374	392
374	393
375	376
375	377
375	391
375	392
375	393
376	377
376	390
376	391
376	392
377	378
377	379
377	389
377	390
377	391
377	392
378	379
378	380
378	387
378	388
378	389
378	390
379	380
379	381
379	387
379	388
379	389
379	390
380	381
380	382
380	385
380	386
380	387
380	388
381	382
381	385
382	383
382	384
382	385
383	384
383	385
384	385
384	386
385	386
385	387
386	387
386	388
387	388
388	389
388	390
388	407
389	390
389	407
389	408
390	391
390	392
390	405
390	406
390	407
390	408
391	392
391	393
391	405
391	406
391	407
391	408
392	393
392	394
392	403
392	404
392	405
392	406
393	394
393	395
393	403
393	404
393	405
394	395
394	396
394	402
394	403
394	404
395	396
395	397
395	401
395	402
395	403
395	404
396	397
396	398
396	400
396	401
396	402
397	398
397	399
397	400
397	401
398	399
398	400
399	400
400	401
400	402
401	402
402	403
402	404
403	404
403	405
404	405
404	406
405	406
405	407
406	407
406	408
407	408
407	409
408	409
408	410
409	410
409	411
409	413
410	411
410	412
410	413
411	412
411	413
411	414
412	413
412	414
413	414
413	415
414	415
414	416
415	416
415	417
416	417
416	418
417	418
417	419
418	419
418	420
419	420
419	421
420	421
420	422
421	422
421	423
421	424
421	425
422	423
422	424
422	425
423	424
423	425
424	425
424	426
425	426
425	427
425	428
425	429
426	427
426	428
426	429
427	428
427	429
428	429
428	430
429	430
429	431
430	431
430	432
430	434
430	435
431	432
431	433
431	434
431	435
432	433
432	434
432	435
432	436
433	434
433	435
433	436
433	437
434	435
434	436
434	437
434	438
434	520
435	436
435	437
435	438
435	439
436	437
436	438
436	439
436	440
437	438
437	439
437	440
437	441
437	513
437	516
437	517
438	439
438	440
438	441
438	442
439	440
439	441
439	442
439	443
440	441
440	442
440	443
440	444
440	513
441	442
441	443
441	444
441	445
441	510
441	513
441	514
442	443
442	444
442	445
442	446
443	444
443	445
443	446
444	445
444	446
444	506
444	509
444	510
445	446
445	447
445	506
445	509
445	510
446	447
446	448
446	506
447	448
447	459
447	460
447	461
448	449
448	457
448	458
448	459
448	460
449	450
449	451
449	457
449	458
449	459
450	451
450	453
450	455
450	456
450	457
450	458
451	452
451	453
451	456
451	457
451	458
452	453
452	454
453	454
453	455
453	456
454	455
454	456
455	456
455	457
456	457
456	458
457	458
457	459
458	459
458	460
459	460
459	461
459	462
460	461
460	462
461	462
461	463
461	502
462	463
462	464
462	465
463	464
463	465
463	466
464	465
464	466
465	466
465	467
466	467
466	468
467	468
467	469
468	469
468	470
468	471
469	470
469	471
469	472
469	473
469	496
470	471
470	472
470	473
470	474
471	472
471	473
471	474
471	475
472	473
472	474
472	475
472	476
473	474
473	475
473	476
473	477
473	492
474	475
474	476
474	477
474	478
475	476
475	477
475	478
475	479
476	477
476	478
476	479
476	480
477	478
477	479
477	480
477	481
477	489
477	490
478	479
478	480
478	481
478	482
479	480
479	481
479	482
479	483
480	481
480	482
480	483
480	484
480	489
481	482
481	483
481	484
481	485
482	483
482	484
482	485
483	484
483	485
484	485
484	486
484	487
485	486
485	487
486	487
486	488
487	488
487	489
488	489
488	490
489	490
489	491
490	491
490	492
491	492
491	493
492	493
492	494
493	494
493	495
493	496
493	497
494	495
494	496
494	497
494	498
495	496
495	497
495	498
495	499
496	497
496	498
496	499
496	500
497	498
497	499
497	500
497	501
498	499
498	500
498	501
499	500
499	501
500	501
500	502
501	502
501	503
502	503
502	504
502	506
502	507
503	504
503	505
503	506
503	507
504	505
504	506
504	507
504	508
505	506
505	507
505	508
505	509
506	507
506	508
506	509
506	510
507	508
507	509
507	510
507	511
508	509
508	510
508	511
509	510
509	511
510	511
510	512
510	513
510	514
511	512
511	513
511	514
511	515
512	513
512	514
512	515
512	516
513	514
513	515
513	516
513	517
514	515
514	516
514	517
514	518
515	516
515	517
515	518
515	519
516	517
516	518
516	519
516	520
517	518
517	519
517	520
517	521
518	519
518	520
518	521
518	522
519	520
519	521
519	522
520	521
520	522
521	522
521	523
522	523
522	524
523	524
524	525
524	526
525	526
525	527
526	527
526	528
527	528
528	529
