0	1
0	2
0	4
1	2
1	3
1	4
1	5
2	3
2	4
2	5
2	6
3	4
3	5
3	6
4	5
4	6
5	6
5	7
6	7
6	8
6	9
6	12
7	8
7	9
8	9
8	10
9	10
9	11
9	12
10	11
10	12
11	12
11	13
11	14
11	15
11	17
12	13
12	14
13	14
13	15
14	15
14	16
14	19
14	20
15	16
15	17
15	19
16	17
16	18
16	19
17	18
17	19
17	20
18	19
18	20
19	20
19	21
19	25
20	21
20	22
20	25
21	22
21	25
22	23
22	24
22	25
23	24
23	25
23	26
23	27
23	28
23	29
24	25
24	26
24	27
24	28
25	26
25	27
26	27
26	28
26	29
27	28
27	32
28	29
28	30
28	32
29	30
29	31
29	32
30	31
30	32
31	32
31	33
31	34
32	33
32	34
33	34
33	35
33	36
33	37
33	38
33	39
34	35
34	36
34	38
34	39
34	42
35	36
35	37
35	38
35	39
36	37
36	38
36	39
37	38
37	39
38	39
38	40
39	40
39	41
39	42
40	41
40	42
41	42
41	43
42	43
42	44
43	44
43	45
44	45
44	46
45	46
46	47
46	48
47	48
47	49
48	49
48	50
49	50
50	51
50	52
51	52
51	53
52	53
52	54
52	56
53	54
53	55
53	56
53	57
54	55
54	56
54	57
55	56
55	57
56	57
56	58
57	58
57	59
58	59
58	60
58	98
59	60
59	61
59	97
59	98
60	61
60	62
60	97
60	98
60	99
60	100
60	101
61	62
61	93
61	94
61	97
61	99
61	100
61	101
62	63
62	64
62	100
62	101
62	102
62	103
63	64
63	65
63	67
63	91
63	101
63	102
63	103
64	65
64	66
64	67
64	102
64	103
64	104
64	105
65	66
65	67
65	68
65	69
65	102
65	103
65	104
65	105
65	106
65	108
65	123
66	67
66	68
66	69
66	70
66	105
66	106
66	107
66	108
67	68
67	69
67	70
67	71
68	69
68	70
68	71
68	72
69	70
69	71
69	72
69	108
70	71
70	72
71	72
71	73
71	74
71	75
72	73
72	74
72	75
73	74
73	75
73	76
74	75
74	76
75	76
75	77
75	78
76	77
76	78
77	78
78	79
78	80
78	85
79	80
79	81
79	83
79	84
79	85
80	81
80	83
80	84
81	82
81	83
81	84
83	84
83	85
83	111
83	112
83	113
84	85
84	86
84	112
84	113
84	114
85	86
85	87
85	113
85	114
85	115
86	87
86	88
86	89
86	114
86	115
86	116
87	88
87	89
87	90
87	91
87	114
87	115
87	116
88	89
88	90
88	91
88	94
88	100
88	116
89	90
89	91
90	91
90	92
91	92
91	93
91	94
92	93
92	94
93	94
93	95
93	96
93	97
94	95
94	96
94	97
94	100
95	96
95	97
96	97
96	98
97	98
97	99
98	99
99	100
99	101
99	117
100	101
100	102
100	116
100	117
100	118
101	102
101	103
101	116
101	117
101	118
101	119
102	103
102	104
102	116
102	118
102	119
102	120
102	123
103	104
103	105
103	119
103	120
103	123
104	105
104	106
104	120
104	122
104	123
105	106
105	107
106	107
107	108
107	109
108	109
108	110
108	126
108	127
108	130
109	110
109	130
110	111
110	112
110	130
111	112
111	113
111	130
111	131
111	132
112	113
112	114
112	127
112	132
112	133
113	114
113	115
113	132
113	133
113	134
114	115
114	116
114	133
114	134
114	135
115	116
115	134
115	135
115	136
115	137
116	117
116	118
116	135
116	136
116	137
117	118
117	136
117	137
117	139
117	140
118	119
118	136
118	140
119	120
119	121
119	123
119	124
120	121
120	122
120	123
120	124
121	122
121	123
121	124
121	125
122	123
122	124
122	125
122	126
123	124
123	125
123	126
123	127
124	125
124	126
124	127
124	128
124	134
125	126
125	127
125	128
125	129
126	127
126	128
126	129
126	130
127	128
127	129
127	130
127	131
127	132
127	133
128	129
128	130
128	131
128	132
128	133
129	130
129	131
129	132
130	131
130	132
131	132
132	133
133	134
133	135
134	135
134	136
135	136
135	137
136	137
136	138
136	140
137	138
137	139
137	140
137	141
138	139
138	140
138	141
139	140
139	141
139	142
140	141
140	142
141	142
141	143
142	143
142	144
143	144
