0	1
0	199
0	200
0	201
0	244
1	2
1	3
1	199
1	200
1	201
1	203
1	244
1	245
1	246
2	3
2	4
2	195
2	198
2	199
2	200
2	205
2	206
2	244
2	245
2	246
3	4
3	5
3	204
3	205
3	206
3	207
3	245
3	246
3	247
4	5
4	6
4	206
4	207
4	208
4	245
4	246
4	247
4	248
5	6
5	7
5	207
5	208
5	209
5	247
5	248
5	249
5	250
6	7
6	44
6	45
6	208
6	209
6	210
7	8
7	44
7	45
7	46
7	209
7	210
7	211
8	9
8	10
8	45
8	46
8	47
8	210
8	211
8	212
8	213
9	10
9	11
9	46
9	47
9	48
9	211
9	212
9	213
10	11
10	47
10	48
10	49
10	212
10	213
10	214
11	12
11	13
11	48
11	49
11	52
12	13
12	14
12	16
12	21
12	51
12	52
13	14
13	15
13	16
13	51
13	350
13	352
14	15
14	16
14	51
14	350
14	367
14	370
15	16
15	17
15	366
15	367
15	370
16	17
16	18
16	20
16	367
17	18
17	19
17	20
17	21
18	19
18	20
18	21
18	22
19	20
19	21
19	22
19	23
20	21
20	22
20	23
20	24
21	22
21	23
21	24
21	25
22	23
22	24
22	25
22	26
23	24
23	25
23	26
23	27
24	25
24	26
24	27
24	28
24	29
24	218
25	26
25	27
25	28
25	29
25	30
26	27
26	28
26	29
26	30
26	31
27	28
27	29
27	30
27	31
27	217
27	218
27	223
28	29
28	30
28	31
28	32
28	214
28	216
28	217
28	218
29	30
29	31
29	32
29	33
30	31
30	32
30	33
30	34
31	32
31	33
31	34
31	35
32	33
32	34
32	35
32	36
33	34
33	35
33	36
33	37
34	35
34	36
34	37
35	36
35	37
35	38
35	233
36	37
36	38
36	39
36	42
37	38
37	39
37	40
37	70
38	39
38	40
39	40
39	41
39	42
39	236
40	41
40	42
40	75
41	42
41	43
41	240
42	43
42	44
42	75
42	236
42	240
43	44
43	45
43	75
43	76
43	247
43	248
43	249
44	45
44	46
44	75
44	76
44	77
44	249
45	46
45	47
45	76
45	77
45	78
45	79
45	249
46	47
46	48
46	77
46	78
46	79
47	48
47	49
47	78
47	79
47	80
48	49
48	50
48	52
48	53
49	50
49	51
49	52
49	53
49	83
49	84
49	85
50	51
50	52
50	53
50	54
50	83
50	84
50	85
50	103
51	52
51	53
51	54
51	55
51	84
52	53
52	54
52	55
52	56
53	54
53	55
53	56
53	57
54	55
54	56
54	57
54	58
55	56
55	57
55	58
55	59
56	57
56	58
56	59
56	60
56	61
57	58
57	59
57	60
57	61
57	64
58	59
58	60
58	61
59	60
59	61
60	61
60	62
60	63
61	62
61	63
61	64
62	63
62	64
62	65
62	66
63	64
63	65
63	66
63	67
64	65
64	66
64	67
64	68
65	66
65	67
65	68
65	69
66	67
66	68
66	69
66	70
67	68
67	69
67	70
67	71
68	69
68	70
68	71
68	72
68	110
68	111
69	70
69	71
69	72
69	73
70	71
70	72
70	73
70	74
70	75
70	76
71	72
71	73
71	74
71	75
71	76
71	77
71	111
71	112
72	73
72	74
73	74
73	75
74	75
74	76
75	76
75	77
76	77
76	78
77	78
77	79
77	112
77	249
78	79
78	80
78	107
78	112
78	114
79	80
79	114
79	116
79	117
79	118
80	81
80	103
80	104
80	114
80	116
80	117
80	118
81	82
81	83
81	100
81	103
81	117
81	118
81	119
82	83
82	84
82	85
82	86
82	88
82	96
82	99
82	100
82	103
83	84
83	85
83	99
83	100
83	102
83	103
84	85
84	86
84	99
84	346
84	347
84	349
84	350
85	86
85	87
85	120
85	350
85	351
86	87
86	88
86	120
86	349
86	350
86	351
87	88
87	89
87	90
87	120
87	121
87	123
87	351
88	89
88	90
88	91
88	96
89	90
89	91
89	125
89	128
90	91
90	92
91	92
91	93
91	95
91	96
92	93
92	94
92	95
92	96
93	94
93	95
93	96
93	97
93	131
94	95
94	96
94	97
94	98
95	96
95	97
95	98
95	99
96	97
96	98
96	99
96	100
96	131
97	98
97	99
97	100
97	101
97	131
97	135
98	99
98	100
98	101
98	102
99	100
99	101
99	102
99	346
100	101
100	102
100	103
100	104
100	135
101	102
101	103
101	104
101	105
101	135
102	103
102	104
102	105
102	106
103	104
103	105
103	106
103	107
104	105
104	106
104	107
104	108
104	114
105	106
105	107
105	108
105	109
106	107
106	108
106	109
106	110
107	108
107	109
107	110
107	111
107	112
107	113
107	114
108	109
108	110
108	111
108	112
108	113
109	110
109	111
110	111
110	112
111	112
111	113
112	113
112	114
113	114
113	115
114	115
114	116
115	116
115	136
115	137
115	138
115	139
116	117
116	137
116	138
116	139
116	140
117	118
117	119
117	137
117	139
117	140
117	141
118	119
118	120
118	140
118	141
119	120
119	121
119	122
119	123
119	141
119	142
120	121
120	122
120	123
121	122
121	123
121	269
122	123
122	124
122	142
122	269
122	270
123	124
123	125
123	268
123	269
123	311
124	125
124	126
124	267
124	268
124	269
125	126
125	127
125	128
125	267
126	127
126	128
126	129
126	165
127	128
127	129
127	130
127	165
128	129
128	130
128	131
128	132
129	130
129	131
129	132
129	133
129	164
129	165
129	168
129	169
129	170
130	131
130	132
130	133
130	134
130	166
130	168
131	132
131	133
131	134
131	135
132	133
132	134
132	135
132	136
132	137
133	134
133	135
133	136
133	137
133	138
134	135
134	136
135	136
135	137
136	137
136	138
137	138
137	139
138	139
138	170
138	171
139	140
139	141
139	170
139	171
139	172
140	141
140	142
140	171
140	172
140	173
141	142
141	172
141	173
141	174
141	175
142	143
142	144
142	172
142	173
142	174
142	175
143	144
143	145
143	146
143	174
143	175
143	176
143	177
144	145
144	146
144	147
144	148
144	157
144	174
144	175
144	176
144	177
145	146
145	147
145	148
145	149
145	270
146	147
146	148
146	149
146	150
146	265
146	266
146	268
147	148
147	149
147	150
147	151
147	152
147	265
148	149
148	150
148	151
148	152
148	153
148	304
149	150
149	151
149	266
149	304
150	151
150	152
150	265
150	266
151	152
151	153
152	153
152	154
152	156
153	154
153	155
153	156
153	157
154	155
154	156
154	157
155	156
155	157
155	158
156	157
156	158
157	158
157	159
157	174
158	159
158	160
158	205
158	206
158	207
159	160
159	161
159	205
159	206
159	259
159	260
160	161
160	171
160	172
160	173
160	174
160	259
160	260
161	162
161	163
161	171
161	172
161	173
161	259
161	260
161	261
161	262
161	263
162	163
162	164
162	169
162	170
162	171
162	172
162	259
162	261
162	262
162	263
163	164
163	169
163	170
163	171
163	262
163	263
163	264
164	165
164	167
164	168
164	169
164	170
165	166
165	167
165	168
165	169
166	167
166	168
167	168
167	169
168	169
168	170
169	170
170	171
170	172
171	172
171	173
171	259
172	173
172	174
173	174
173	175
174	175
174	176
175	176
175	177
175	208
175	209
175	210
176	177
176	178
176	179
176	207
176	208
176	209
177	178
177	179
177	180
178	179
178	180
178	181
178	182
179	180
179	181
179	182
179	183
179	209
180	181
180	182
180	183
180	209
180	211
181	182
181	183
181	185
182	183
182	184
182	185
182	186
182	190
182	191
183	184
183	185
183	186
184	185
184	186
185	186
186	187
186	188
186	190
187	188
187	189
187	190
188	189
188	190
188	191
188	192
188	231
188	234
188	235
189	190
189	191
189	192
189	193
190	191
190	192
190	193
190	194
191	192
191	193
191	194
191	195
192	193
192	194
192	195
192	196
193	194
193	195
193	196
193	197
194	195
194	196
194	197
194	198
195	196
195	197
195	198
195	199
196	197
196	198
196	199
196	244
197	198
197	199
198	199
198	200
199	200
200	201
200	202
201	202
201	203
202	203
202	204
202	205
203	204
203	205
204	205
204	206
204	257
205	206
206	207
206	208
207	208
207	209
208	209
208	210
209	210
209	211
210	211
211	212
211	213
212	213
212	214
212	215
213	214
213	215
213	216
214	215
214	216
214	217
214	218
214	219
215	216
215	217
215	218
215	219
215	222
216	217
216	218
216	222
216	223
216	226
217	218
217	219
217	222
217	223
217	226
218	219
218	220
218	222
218	223
219	220
219	221
219	222
220	221
220	222
221	222
221	223
221	224
221	225
222	223
222	224
222	225
222	226
223	224
223	225
223	226
223	227
223	228
224	225
224	226
224	227
224	228
224	229
225	226
225	227
225	228
225	229
225	230
225	231
226	227
226	228
226	229
226	230
226	231
226	232
227	228
227	229
227	230
227	231
227	232
228	229
228	230
229	230
229	231
230	231
230	232
230	233
230	234
231	232
231	233
231	234
231	235
232	233
232	234
232	235
232	236
233	234
233	235
233	236
233	237
234	235
234	236
234	237
234	238
235	236
235	237
235	238
235	239
236	237
236	238
236	239
236	240
237	238
237	239
237	240
237	241
238	239
238	240
238	241
238	242
239	240
239	241
239	242
240	241
240	242
241	242
241	243
242	243
242	244
242	245
243	244
243	245
244	245
244	246
245	246
245	247
246	247
246	248
247	248
248	249
248	250
248	252
248	253
249	250
249	251
249	252
249	253
250	251
250	252
250	253
250	254
251	252
251	253
251	254
251	255
252	253
252	254
252	255
252	256
253	254
253	255
253	256
253	257
254	255
254	256
254	257
254	258
255	256
255	257
256	257
257	258
257	259
258	259
258	260
259	260
259	261
260	261
261	262
261	263
262	263
263	264
263	265
264	265
264	266
265	266
265	267
266	267
266	268
267	268
268	269
268	270
268	310
269	270
269	273
270	271
270	272
270	273
270	274
271	272
271	273
271	274
271	275
271	307
272	273
272	274
272	275
272	276
273	274
273	275
273	276
273	277
273	311
273	357
274	275
274	276
274	277
274	278
274	307
274	308
274	309
274	310
275	276
275	277
275	278
275	283
275	286
275	308
275	309
276	277
276	278
276	283
276	356
276	357
277	278
277	279
277	309
277	310
277	311
277	313
277	314
278	279
278	280
278	282
278	283
278	308
278	309
278	317
279	280
279	281
279	282
279	283
279	317
280	281
280	282
280	283
280	284
280	438
280	439
280	440
281	282
281	283
281	284
281	285
281	440
282	283
282	284
282	285
282	286
283	284
283	285
283	286
283	287
283	440
284	285
284	286
284	287
284	288
284	440
285	286
285	287
285	288
285	289
286	287
286	288
286	289
286	290
286	308
287	288
287	289
287	290
287	291
288	289
288	290
288	291
288	292
289	290
289	291
289	292
289	293
290	291
290	292
290	293
290	294
290	299
291	292
291	293
291	294
291	295
292	293
292	294
292	295
292	296
293	294
293	295
293	296
293	297
293	298
293	299
294	295
294	296
294	297
294	298
294	299
295	296
295	297
296	297
296	298
297	298
297	299
297	300
298	299
298	300
298	301
298	302
299	300
299	301
299	302
299	303
300	301
300	302
300	303
301	302
301	303
302	303
302	304
302	305
302	306
303	304
303	305
303	306
304	305
304	306
305	306
305	307
306	307
307	308
307	309
308	309
309	310
309	311
309	313
310	311
310	312
310	313
311	312
311	313
311	314
312	313
312	314
312	315
313	314
313	315
313	316
313	317
314	315
314	316
314	317
314	318
314	355
315	316
315	317
315	318
315	319
315	321
315	322
316	317
316	318
316	319
317	318
317	319
318	319
318	320
318	321
318	322
319	320
319	321
319	322
319	323
320	321
320	322
320	323
320	324
321	322
321	323
321	324
321	325
321	354
322	323
322	324
322	325
322	326
322	392
323	324
323	325
323	326
323	327
323	392
324	325
324	326
324	327
324	328
325	326
325	327
325	328
325	329
326	327
326	328
326	329
326	330
326	391
326	392
327	328
327	329
327	330
327	331
327	391
328	329
328	330
328	331
328	332
328	345
328	375
329	330
329	331
329	332
329	333
330	331
330	332
330	333
330	334
331	332
331	333
331	334
331	335
331	375
331	379
332	333
332	334
332	335
332	336
332	342
332	345
333	334
333	335
333	336
334	335
334	336
335	336
335	337
335	338
335	341
335	342
336	337
336	338
336	342
337	338
337	339
338	339
338	340
338	341
338	342
339	340
339	341
339	342
339	343
340	341
340	342
340	343
341	342
341	343
341	344
341	378
341	381
342	343
342	344
342	345
342	346
342	378
343	344
343	345
343	346
343	347
344	345
344	346
344	347
344	348
344	374
344	375
344	377
344	378
345	346
345	347
345	348
345	349
345	374
345	375
345	378
346	347
346	348
346	349
347	348
347	349
347	350
347	374
348	349
348	350
348	370
348	371
348	372
348	374
348	375
349	350
349	351
350	351
350	352
350	353
351	352
351	353
351	354
352	353
352	354
352	355
352	361
353	354
353	355
353	361
353	362
353	367
353	368
354	355
354	361
354	362
355	356
355	357
355	361
355	362
356	357
356	358
356	359
356	360
356	361
356	362
357	358
357	359
358	359
358	602
359	360
359	361
359	601
359	602
359	603
360	361
360	362
360	363
360	364
361	362
361	363
361	364
362	363
362	364
362	367
362	368
363	364
363	365
364	365
364	366
364	367
364	368
365	366
365	367
365	368
365	369
365	557
365	612
366	367
366	368
366	369
366	370
367	368
367	369
367	370
367	371
368	369
368	370
368	371
368	372
369	370
369	371
369	372
369	373
369	428
370	371
370	372
370	373
370	374
371	372
371	373
371	374
371	375
372	373
372	374
372	375
372	376
372	428
372	429
373	374
373	375
373	376
373	377
373	427
373	428
374	375
374	376
374	377
374	378
375	376
375	377
375	378
375	379
376	377
376	378
376	379
376	380
376	422
376	424
376	427
377	378
377	379
377	380
377	427
378	379
378	380
378	381
379	380
379	381
379	382
380	381
380	382
380	424
381	382
381	383
382	383
382	384
383	384
383	385
384	385
384	386
384	402
384	403
384	404
385	386
385	387
385	401
385	402
386	387
386	400
386	401
386	402
387	388
387	389
387	399
387	400
387	401
388	389
388	397
388	398
388	399
388	400
389	390
389	391
389	397
389	398
389	399
390	391
390	392
390	393
390	394
390	395
390	396
390	397
390	398
391	392
391	393
391	397
391	398
392	393
392	394
393	394
393	395
394	395
394	396
395	396
395	397
396	397
396	398
396	413
397	398
397	399
398	399
398	400
398	409
398	410
398	411
398	412
399	400
399	401
399	409
399	410
399	411
400	401
400	402
400	407
400	408
400	409
400	410
401	402
401	407
401	408
401	409
401	501
401	502
402	403
402	404
402	406
402	407
402	408
403	404
403	405
403	406
403	407
404	405
404	406
405	406
405	423
405	424
405	425
405	529
405	530
406	407
406	408
406	421
406	422
406	423
406	424
406	531
407	408
407	409
407	421
407	422
407	423
408	409
408	410
408	418
408	420
408	421
408	422
409	410
409	411
409	418
409	419
409	420
409	421
410	411
410	412
410	416
410	417
410	418
410	419
411	412
411	413
411	414
411	416
411	417
411	418
411	419
412	413
412	414
412	415
412	416
412	417
412	493
412	494
412	495
412	496
413	414
413	415
413	416
413	492
413	493
413	494
414	415
414	416
414	417
414	490
414	491
414	492
414	493
415	416
415	417
415	465
415	466
415	489
415	490
415	491
415	492
415	493
415	494
416	417
416	493
416	494
416	505
417	418
417	419
417	462
417	463
417	464
417	465
418	419
418	420
418	421
418	462
418	463
418	464
419	420
419	421
419	431
419	462
419	463
420	421
420	422
420	429
420	431
421	422
421	423
421	429
421	430
421	431
422	423
422	424
422	427
422	428
422	429
422	430
423	424
423	425
423	426
423	427
423	428
423	429
424	425
424	426
424	427
425	426
425	427
426	427
426	428
427	428
428	429
428	430
428	579
429	430
429	431
429	432
430	431
430	432
430	554
430	555
430	579
431	432
431	433
431	462
431	463
431	553
431	554
431	555
432	433
432	555
433	434
433	435
433	554
433	555
433	612
433	613
434	435
434	436
434	461
434	612
435	436
435	437
435	457
435	460
435	461
436	437
436	438
436	455
436	456
436	457
436	598
436	599
437	438
437	439
437	456
437	457
438	439
438	440
438	442
438	456
439	440
439	441
439	442
440	441
440	442
440	443
441	442
441	443
441	444
442	443
442	444
443	444
444	445
445	446
445	447
446	447
446	448
446	607
447	448
447	449
447	450
447	451
448	449
448	450
448	451
448	452
449	450
449	451
449	452
450	451
450	452
450	453
450	454
451	452
451	453
451	454
452	453
452	454
453	454
453	455
454	455
455	456
455	457
455	480
455	481
456	457
456	458
456	481
457	458
457	459
457	481
458	459
458	460
459	460
459	461
459	491
460	461
460	462
461	462
461	553
462	463
462	464
462	465
462	552
462	553
463	464
463	465
463	551
463	552
463	553
464	465
464	466
464	550
464	551
464	552
465	466
465	467
465	490
465	550
465	551
465	552
466	467
466	489
466	490
466	549
466	550
466	551
467	468
467	469
467	485
467	487
467	489
467	490
467	548
467	549
467	550
468	469
468	485
468	486
468	487
468	546
468	547
468	548
468	549
469	470
469	471
469	473
469	484
469	485
469	486
469	546
469	547
469	548
470	471
470	472
470	473
470	546
470	547
471	472
471	473
471	546
471	547
472	473
472	474
473	474
473	483
474	475
474	476
474	477
474	478
475	476
475	477
475	478
475	479
475	565
475	593
476	477
476	478
476	479
476	480
477	478
477	479
477	480
477	481
477	482
477	483
478	479
478	480
478	481
478	482
478	483
479	480
479	481
479	595
480	481
480	482
481	482
481	483
482	483
482	484
483	484
483	485
484	485
484	486
485	486
485	487
486	487
486	488
486	511
486	512
486	513
487	488
487	489
487	510
487	511
487	512
488	489
488	490
488	491
488	492
488	509
488	510
489	490
489	491
489	492
489	509
490	491
490	492
491	492
491	493
492	493
492	494
493	494
493	495
494	495
494	496
494	505
494	506
494	507
495	496
495	505
495	506
495	507
496	497
496	498
496	503
496	504
496	505
496	506
497	498
497	499
497	503
497	504
497	505
498	499
498	500
498	502
498	503
498	504
499	500
499	501
499	502
499	503
500	501
500	502
501	502
501	526
501	527
502	503
502	525
502	526
502	527
503	504
503	505
503	524
503	525
503	526
504	505
504	506
504	523
504	524
504	525
505	506
505	522
505	523
505	524
506	507
506	508
506	521
506	522
506	523
507	508
507	509
507	520
507	521
507	522
508	509
508	510
508	519
508	520
508	521
509	510
509	518
509	519
509	520
510	511
510	512
510	516
510	517
510	518
510	519
510	520
511	512
511	513
511	516
511	517
511	518
511	519
512	513
512	514
512	515
512	516
512	517
513	514
513	515
513	516
514	515
514	516
515	516
515	517
516	517
516	518
517	518
517	519
517	540
517	541
517	542
518	519
518	540
518	541
519	520
519	521
519	539
519	540
519	541
520	521
520	522
520	538
520	539
520	540
521	522
521	523
521	537
521	538
521	539
522	523
522	524
522	536
522	537
522	538
523	524
523	525
523	534
523	535
523	536
523	537
524	525
524	526
524	534
524	535
524	536
525	526
525	527
525	533
525	534
525	535
526	527
526	528
526	532
526	533
526	534
527	528
527	529
527	531
527	532
527	533
528	529
528	530
528	531
528	532
528	533
529	530
529	531
530	531
530	532
530	633
530	634
531	532
531	632
531	633
531	634
532	533
532	534
532	631
532	632
533	534
533	535
533	630
533	631
533	632
534	535
534	536
534	629
534	630
534	631
535	536
535	537
535	628
535	629
535	630
536	537
536	538
536	627
536	628
536	629
537	538
537	539
537	626
537	627
538	539
538	625
538	626
538	627
539	540
539	541
539	624
539	625
539	626
540	541
540	542
540	543
540	624
541	542
541	543
542	543
542	544
542	624
543	544
543	623
543	624
544	545
544	546
544	623
544	624
545	546
545	622
545	623
546	547
546	548
546	621
546	622
546	623
547	548
547	549
547	619
547	620
547	621
547	622
548	549
548	550
548	619
548	620
548	621
548	622
549	550
549	551
549	617
549	618
549	619
549	620
550	551
550	552
550	617
550	618
550	619
551	552
551	553
551	615
551	616
551	617
551	618
552	553
552	554
552	615
552	616
552	617
553	554
553	555
553	613
553	614
553	615
553	616
554	555
554	556
554	613
554	614
554	615
555	556
555	557
555	579
555	612
555	613
555	614
556	557
556	558
556	559
556	575
556	578
556	579
556	613
556	614
557	558
557	559
557	575
557	578
557	611
557	612
557	613
558	559
558	560
558	575
558	576
558	577
558	578
559	560
559	561
559	575
560	561
560	562
560	611
561	562
561	596
562	563
562	564
562	595
562	596
563	564
563	594
563	595
563	596
564	565
564	566
564	593
564	594
564	595
565	566
565	592
565	593
565	594
566	567
566	568
566	591
566	592
566	593
567	568
567	589
567	590
567	591
567	592
568	569
568	570
568	571
568	589
568	590
568	591
568	592
569	570
569	571
569	585
569	586
569	587
569	588
569	589
569	590
570	571
570	584
570	585
570	586
571	572
571	573
571	583
571	584
571	585
572	573
572	574
572	582
572	583
572	584
573	574
573	575
573	581
573	582
573	583
574	575
574	576
574	580
574	581
574	582
575	576
575	577
575	578
575	579
575	580
575	581
576	577
576	578
576	580
577	578
577	579
577	580
578	579
578	580
579	580
579	581
580	581
580	582
581	582
581	634
581	635
582	583
582	584
582	633
582	634
582	635
583	584
583	585
583	632
583	633
583	634
584	585
584	586
584	630
584	631
584	632
584	633
585	586
585	587
585	630
585	631
585	632
586	587
586	588
586	589
586	629
586	630
586	631
587	588
587	628
587	629
588	589
588	590
588	628
589	590
590	591
590	592
590	618
590	619
590	620
591	592
591	593
591	618
591	619
591	620
592	593
592	594
592	616
592	617
592	618
592	619
593	594
593	595
593	616
593	617
593	618
594	595
594	615
594	616
594	617
595	596
595	597
595	614
595	615
595	616
596	597
596	598
596	611
596	613
596	614
596	615
597	598
597	599
597	611
597	612
597	613
597	614
597	615
598	599
598	600
598	609
598	610
598	611
598	612
599	600
599	601
599	609
599	610
599	611
600	601
600	602
600	607
600	608
600	609
600	610
601	602
601	603
601	607
601	608
601	609
601	610
602	603
602	606
602	607
602	608
603	604
603	605
603	606
603	607
604	605
604	606
605	606
605	607
606	607
606	608
607	608
608	609
608	610
609	610
609	611
610	611
610	612
611	612
611	613
612	613
613	614
613	615
614	615
614	616
615	616
615	617
616	617
616	618
617	618
617	619
618	619
618	620
619	620
619	621
620	621
620	622
621	622
622	623
622	624
622	625
622	626
623	624
623	625
624	625
624	626
625	626
626	627
626	628
627	628
628	629
628	630
629	630
629	631
630	631
630	632
631	632
631	633
632	633
632	634
633	634
633	635
634	635
