0	1
0	2
1	2
1	3
1	71
1	74
2	3
2	4
3	4
3	5
3	6
3	67
4	5
4	6
4	7
4	8
4	17
5	6
5	7
5	8
5	17
5	63
5	66
5	67
6	7
6	8
6	63
6	64
6	67
7	8
7	9
8	9
8	10
8	13
8	14
8	63
9	10
9	13
10	11
10	12
10	13
10	14
11	12
11	13
11	14
11	15
12	13
12	14
12	15
12	16
13	14
13	15
13	16
13	17
14	15
14	16
14	17
14	18
15	16
15	17
15	18
15	19
16	17
16	18
16	19
16	20
17	18
17	19
17	20
17	21
18	19
18	20
18	21
18	22
18	32
19	20
19	21
19	22
19	23
20	21
20	22
20	23
20	24
21	22
21	23
21	24
21	25
21	26
21	27
22	23
22	24
22	25
22	26
22	27
22	28
22	29
22	32
23	24
23	25
24	25
24	26
25	26
25	27
25	28
26	27
26	28
26	74
27	28
27	29
27	31
27	32
27	70
27	73
28	29
28	30
28	31
28	32
29	30
29	31
29	32
29	33
30	31
30	32
30	33
30	34
31	32
31	33
31	34
31	35
32	33
32	34
32	35
32	36
33	34
33	35
33	36
33	37
34	35
34	36
34	37
34	38
35	36
35	37
35	38
35	39
36	37
36	38
36	39
36	40
37	38
37	39
37	40
37	41
38	39
38	40
38	41
38	42
39	40
39	41
39	42
39	43
39	62
40	41
40	42
40	43
40	44
41	42
41	43
41	44
41	45
41	291
41	292
42	43
42	44
42	45
42	46
42	292
43	44
43	45
43	46
43	47
43	58
44	45
44	46
44	47
44	48
45	46
45	47
45	48
45	49
45	103
45	292
45	293
45	294
46	47
46	48
46	49
46	51
46	54
46	102
46	103
46	294
47	48
47	49
47	50
47	51
47	54
48	49
48	50
49	50
49	51
49	294
50	51
50	52
51	52
51	53
51	54
52	53
52	54
53	54
53	55
53	56
53	57
54	55
54	56
54	57
54	58
55	56
55	57
55	58
55	59
56	57
56	58
56	59
56	60
57	58
57	59
57	60
57	61
58	59
58	60
58	61
58	62
59	60
59	61
59	62
59	63
60	61
60	62
60	63
60	64
61	62
61	63
61	64
61	65
61	99
62	63
62	64
62	65
62	66
63	64
63	65
63	66
63	67
64	65
64	66
64	67
64	68
65	66
65	67
65	68
65	69
66	67
66	68
66	69
66	70
67	68
67	69
67	70
67	71
68	69
68	70
68	71
68	72
68	176
69	70
69	71
69	72
69	73
69	172
69	173
69	175
69	176
70	71
70	72
70	73
70	74
71	72
71	73
71	74
71	75
72	73
72	74
72	75
72	76
72	77
73	74
73	75
73	76
73	172
74	75
74	76
75	76
75	77
76	77
76	78
77	78
77	79
78	79
78	80
79	80
79	81
79	83
80	81
80	82
80	83
80	185
81	82
81	83
81	184
81	185
81	186
81	208
81	209
82	83
82	84
82	183
82	184
82	185
82	209
82	212
83	84
83	85
83	182
83	183
83	184
84	85
84	86
84	181
84	182
84	183
85	86
85	87
85	93
85	179
85	180
85	181
85	182
86	87
86	88
86	91
86	92
86	93
86	179
86	180
87	88
87	89
87	90
87	91
87	92
87	93
87	180
88	89
88	90
88	91
89	90
89	91
90	91
90	92
91	92
91	93
91	94
91	95
92	93
92	94
92	95
92	96
92	176
92	177
92	179
92	180
93	94
93	95
93	96
93	97
93	180
93	181
94	95
94	96
94	97
94	98
95	96
95	97
95	98
95	99
96	97
96	98
96	99
96	100
96	143
96	177
96	180
97	98
97	99
97	100
97	101
97	143
97	147
98	99
98	100
98	101
99	100
99	101
100	101
100	102
100	103
100	143
101	102
101	103
101	104
102	103
102	104
103	104
103	105
103	278
103	293
103	294
103	295
104	105
104	106
104	294
104	295
104	296
104	297
105	106
105	107
105	108
105	109
105	294
105	295
105	296
106	107
106	108
106	109
106	296
107	108
107	109
108	109
108	110
108	296
108	343
109	110
109	296
109	297
109	298
109	343
109	360
110	111
110	112
110	297
110	298
110	299
110	358
110	359
110	360
111	112
111	113
111	114
111	298
111	299
111	300
111	358
111	359
111	360
112	113
112	114
112	299
112	300
112	301
112	356
112	357
112	358
112	359
113	114
113	115
113	116
113	300
113	301
113	302
113	356
113	357
113	358
114	115
114	116
114	117
115	116
115	117
115	118
115	119
116	117
116	118
116	119
116	120
117	118
117	119
117	120
117	121
118	119
118	120
118	121
118	122
119	120
119	121
119	122
119	123
120	121
120	122
120	123
120	124
121	122
121	123
121	124
121	125
122	123
122	124
122	125
122	126
123	124
123	125
123	126
123	127
123	128
124	125
124	126
124	127
124	128
124	129
124	221
124	222
125	126
125	127
125	221
126	127
126	128
127	128
127	129
127	220
127	221
128	129
128	130
128	220
128	221
128	264
128	265
128	266
129	130
129	131
129	217
129	220
129	221
129	222
129	223
129	265
129	266
129	267
130	131
130	132
130	222
130	223
130	224
130	266
130	267
130	268
131	132
131	133
131	223
131	224
131	225
131	267
131	268
131	269
132	133
132	134
132	224
132	225
132	226
132	268
132	269
132	270
132	271
133	134
133	225
133	226
133	227
133	268
133	269
133	270
133	271
134	135
134	136
134	226
134	227
134	270
134	271
134	272
134	332
135	136
135	137
135	227
135	244
135	272
135	273
136	137
136	138
136	141
136	227
136	231
136	232
136	233
136	273
137	138
137	141
137	232
137	233
137	275
137	276
138	139
138	140
138	141
138	232
138	275
138	276
138	279
138	280
138	281
139	140
139	141
140	141
140	142
140	143
140	144
141	142
141	143
141	144
141	145
142	143
142	144
142	145
142	146
143	144
143	145
143	146
143	147
144	145
144	146
144	147
144	148
145	146
145	147
145	148
145	149
145	157
145	299
146	147
146	148
146	149
146	150
146	157
146	158
147	148
147	149
147	150
148	149
148	150
149	150
149	151
149	152
149	153
149	154
149	157
150	151
150	152
150	153
150	154
150	157
151	152
151	153
151	154
151	361
151	362
152	153
152	154
152	361
153	154
153	155
153	156
153	157
154	155
154	156
154	157
154	158
155	156
155	157
155	158
155	159
156	157
156	158
156	159
156	160
157	158
157	159
157	160
158	159
158	160
159	160
159	161
159	182
160	161
160	162
160	182
160	223
160	224
160	225
161	162
161	163
161	182
161	183
161	184
161	223
161	224
161	225
162	163
162	164
162	182
162	183
162	184
162	224
162	225
162	226
163	164
163	165
163	183
163	184
163	185
163	225
163	226
164	165
164	166
164	183
164	184
164	185
164	186
165	166
165	167
165	168
165	169
165	185
165	186
165	187
165	188
166	167
166	168
166	169
166	170
166	185
166	186
166	187
166	188
167	168
167	169
167	170
167	171
168	169
168	170
168	171
168	174
169	170
169	171
169	175
169	178
170	171
170	172
171	172
171	173
171	174
171	175
172	173
172	174
172	175
173	174
173	175
174	175
174	176
174	177
174	178
175	176
175	177
175	178
175	179
176	177
176	178
176	179
176	180
177	178
177	179
177	180
178	179
178	180
178	181
179	180
179	181
180	181
181	182
181	183
182	183
183	184
183	185
184	185
184	186
184	209
185	186
185	209
186	187
186	188
186	206
186	209
187	188
187	189
187	192
187	202
187	206
188	189
188	190
188	191
188	192
189	190
189	191
189	192
190	191
190	192
191	192
191	193
191	194
192	193
192	194
192	199
193	194
193	195
193	196
193	199
194	195
194	196
195	196
195	197
195	198
195	199
196	197
196	198
196	199
197	198
197	199
198	199
198	200
198	201
198	202
199	200
199	201
199	202
199	203
200	201
200	202
200	203
200	204
201	202
201	203
201	204
201	205
202	203
202	204
202	205
202	206
203	204
203	205
203	206
203	207
204	205
204	206
204	207
204	208
205	206
205	207
205	208
205	209
206	207
206	208
206	209
206	210
207	208
207	209
207	210
207	211
208	209
208	210
208	211
208	212
209	210
209	211
209	212
209	213
210	211
210	212
210	213
210	214
211	212
211	213
211	214
211	215
212	213
212	214
212	215
212	216
213	214
213	215
213	216
213	217
214	215
214	216
214	217
214	218
214	258
214	262
215	216
215	217
215	218
215	219
216	217
216	218
216	219
216	220
217	218
217	219
217	220
217	222
217	262
218	219
218	220
218	262
218	263
218	264
219	220
219	221
220	221
220	222
220	264
221	222
221	223
222	223
222	224
223	224
223	225
224	225
224	226
225	226
225	227
226	227
226	228
227	228
227	229
227	230
228	229
228	230
228	247
228	248
228	251
228	252
229	230
229	231
229	245
229	246
229	247
229	248
230	231
231	232
231	233
232	233
232	234
232	281
233	234
233	235
233	242
233	243
233	244
233	245
234	235
234	236
234	242
235	236
235	237
235	240
235	241
235	242
236	237
236	238
236	239
236	240
236	241
236	242
237	238
237	239
237	240
237	285
238	239
238	240
238	285
239	240
239	241
240	241
240	242
240	285
240	286
241	242
241	243
242	243
243	244
243	245
244	245
244	246
244	333
245	246
245	247
246	247
246	248
247	248
247	249
247	329
248	249
248	250
248	251
249	250
249	251
249	252
249	253
249	321
249	322
249	325
250	251
250	252
250	253
250	254
251	252
251	253
251	254
251	255
252	253
252	254
252	255
252	256
252	325
253	254
253	255
253	256
253	257
253	321
254	255
254	256
254	257
254	258
255	256
255	257
255	258
255	259
256	257
256	258
256	259
256	260
257	258
257	259
257	260
257	261
258	259
258	260
258	261
258	262
259	260
259	261
259	262
259	266
260	261
260	262
260	263
261	262
261	263
262	263
262	264
263	264
263	265
264	265
264	266
265	266
266	267
266	268
267	268
267	269
267	304
268	269
268	270
268	304
269	270
269	271
269	301
269	302
269	303
269	304
270	271
270	272
270	301
270	302
270	304
270	328
270	331
270	332
271	272
271	273
271	300
271	301
271	302
271	332
272	273
272	274
272	299
272	300
272	301
272	332
272	335
272	336
273	274
273	275
273	298
273	299
273	300
273	336
274	275
274	276
274	297
274	298
274	299
274	336
274	339
275	276
275	277
275	278
275	297
275	298
276	277
276	278
276	279
276	280
277	278
277	279
277	280
277	293
277	295
278	279
278	280
278	292
278	293
278	294
278	295
279	280
279	281
279	291
279	292
279	293
280	281
280	282
280	291
281	282
281	283
282	283
283	284
283	285
283	286
283	287
284	285
284	286
284	287
284	288
285	286
285	287
285	288
285	289
286	287
286	288
286	289
287	288
287	289
288	289
290	291
290	292
290	293
291	292
291	293
292	293
293	294
293	295
294	295
295	296
295	297
296	297
296	298
296	343
297	298
298	299
298	300
298	339
299	300
300	301
300	302
300	335
301	302
302	303
302	304
303	304
303	305
304	305
304	306
305	306
305	307
305	327
305	328
306	307
306	308
306	309
306	310
307	308
307	309
307	310
307	311
307	324
308	309
308	310
308	311
308	312
309	310
309	311
309	312
309	313
310	311
310	312
310	313
310	314
310	320
310	323
310	324
311	312
311	313
311	314
311	320
312	313
312	314
313	314
313	315
314	315
314	316
314	319
314	320
315	316
315	319
316	317
316	318
316	319
316	320
317	318
317	319
317	320
317	321
318	319
318	320
318	321
318	322
319	320
319	321
319	322
319	323
320	321
320	322
320	323
320	324
321	322
321	323
321	324
321	325
322	323
322	324
322	325
322	326
323	324
323	325
323	326
323	327
324	325
324	326
324	327
324	328
325	326
325	327
325	328
325	329
326	327
326	328
326	329
326	330
327	328
327	329
327	330
327	331
328	329
328	330
328	331
328	332
329	330
329	331
329	332
329	333
330	331
330	332
330	333
330	334
331	332
331	333
331	334
331	335
332	333
332	334
332	335
332	336
333	334
333	335
333	336
333	337
334	335
334	336
334	337
334	338
335	336
335	337
335	338
335	339
335	356
336	337
336	338
336	339
336	340
337	338
337	339
337	340
337	341
338	339
338	340
338	341
338	342
338	351
338	352
339	340
339	341
339	342
339	343
340	341
340	342
340	343
340	344
340	345
341	342
341	343
341	344
341	345
341	346
341	347
341	351
342	343
342	344
342	345
342	346
342	347
342	348
342	349
342	351
343	344
343	345
343	346
343	347
343	348
344	345
344	346
345	346
345	347
346	347
346	348
347	348
347	349
347	350
347	351
348	349
348	350
348	351
349	350
349	351
349	352
349	358
349	359
350	351
350	352
351	352
351	353
352	353
352	356
352	357
352	358
353	354
353	355
353	356
353	357
354	355
354	356
354	357
355	356
355	357
356	357
356	358
357	358
357	359
358	359
359	360
359	361
360	361
360	362
361	362
