0	1
0	2
0	104
0	105
0	106
1	2
1	103
1	104
1	105
1	106
2	3
2	28
2	102
2	103
2	104
3	4
3	5
3	27
3	28
3	101
3	102
3	103
4	5
4	26
4	27
4	28
4	100
4	101
4	102
4	175
5	6
5	7
5	25
5	26
5	27
5	98
5	99
5	100
5	101
6	7
6	8
6	24
6	25
6	26
6	98
6	99
6	100
7	8
7	9
7	23
7	24
7	25
7	97
7	98
7	99
8	9
8	10
8	22
8	23
8	24
8	96
8	97
8	98
9	10
9	11
9	21
9	22
9	23
9	94
9	95
9	96
9	97
10	11
10	12
10	19
10	20
10	21
10	22
10	74
10	94
10	95
10	96
11	12
11	13
11	19
11	20
11	21
11	92
11	93
11	94
11	95
12	13
12	14
12	18
12	19
12	20
12	92
12	93
12	94
13	14
13	15
13	16
13	17
13	18
13	19
13	92
14	15
14	16
14	17
14	90
14	91
14	92
15	16
15	17
16	17
16	18
17	18
17	19
18	19
18	20
19	20
19	21
19	75
20	21
20	22
20	37
20	38
21	22
21	23
21	36
21	37
21	71
22	23
22	24
22	35
22	36
22	37
23	24
23	25
23	34
23	35
23	36
24	25
24	26
24	33
24	34
24	35
25	26
25	31
25	32
25	33
25	34
26	27
26	28
26	29
26	30
26	31
26	32
27	28
27	29
27	30
27	31
28	29
28	30
29	30
29	31
29	217
29	218
30	31
30	32
31	32
31	33
31	48
31	49
32	33
32	47
32	48
32	49
32	52
33	34
33	44
33	45
33	46
33	47
33	48
34	35
34	36
34	44
34	45
34	46
34	47
35	36
35	37
35	42
35	43
35	44
35	45
35	46
36	37
36	38
36	39
36	42
37	38
37	39
37	42
38	39
38	40
38	42
39	40
39	41
39	42
40	41
40	42
41	42
41	43
42	43
42	45
43	44
43	45
43	46
43	64
44	45
44	46
44	47
44	60
44	63
44	64
45	46
45	47
45	60
45	63
45	64
46	47
46	48
47	48
47	49
47	52
47	53
48	49
48	50
49	50
49	51
49	52
50	51
50	52
50	53
51	52
51	53
51	54
51	181
51	182
52	53
52	54
52	55
53	54
53	55
54	55
54	56
55	56
55	57
55	59
56	57
56	58
56	59
56	60
57	58
57	59
57	60
57	61
58	59
58	60
58	61
58	62
59	60
59	61
59	62
59	63
60	61
60	62
60	63
60	64
61	62
61	63
61	64
61	65
62	63
62	64
62	65
62	66
63	64
63	65
63	66
63	67
64	65
64	66
64	67
64	68
65	66
65	67
65	68
65	69
66	67
66	68
66	69
66	70
67	68
67	69
67	70
67	71
68	69
68	70
68	71
68	72
69	70
69	71
69	72
69	73
70	71
70	72
70	73
70	74
71	72
71	73
71	74
71	75
72	73
72	74
72	75
72	76
73	74
73	75
73	76
73	77
74	75
74	76
74	77
74	78
75	76
75	77
75	78
75	79
76	77
76	78
76	79
76	80
77	78
77	79
77	80
77	81
78	79
78	80
78	81
78	82
78	95
79	80
79	81
79	82
79	83
80	81
80	82
80	83
80	84
81	82
81	83
81	84
81	85
82	83
82	84
82	85
82	86
82	87
82	88
83	84
83	85
83	86
83	87
84	85
84	86
84	146
85	86
85	87
85	146
86	87
86	88
87	88
87	89
88	89
88	90
88	91
89	90
89	91
90	91
91	92
91	93
92	93
93	94
93	95
93	126
94	95
94	96
94	125
94	126
94	127
95	96
95	97
95	124
95	125
95	126
96	97
96	98
96	123
96	124
96	125
97	98
97	99
97	122
97	123
97	124
98	99
98	121
98	122
98	123
99	100
99	120
99	121
99	122
100	101
100	119
100	120
100	121
100	167
100	171
101	102
101	103
101	113
101	117
101	118
101	119
101	120
101	167
101	171
101	172
102	103
102	113
102	114
102	115
102	116
102	117
102	118
102	119
103	104
103	105
103	106
103	109
103	110
103	111
103	112
103	113
103	114
103	115
103	116
104	105
104	106
104	107
104	108
104	109
104	110
104	111
104	112
104	114
104	115
104	116
105	106
105	107
105	108
105	109
105	110
105	112
106	107
106	108
106	109
106	110
106	112
107	108
107	109
107	110
107	111
107	112
108	109
108	110
108	111
108	112
109	110
109	111
109	112
109	113
109	114
109	172
109	176
110	111
110	112
110	114
110	176
111	112
111	113
111	114
111	115
111	116
111	172
112	113
112	114
112	115
112	116
113	114
113	115
113	116
113	117
113	118
113	168
113	172
114	115
114	116
114	117
114	118
114	168
114	172
115	116
115	117
115	118
116	117
116	118
117	118
117	119
117	120
117	135
118	119
118	120
118	135
119	120
119	135
119	167
120	121
120	122
120	133
121	122
121	132
121	133
122	123
122	131
122	132
122	133
123	124
123	125
123	129
123	130
123	131
123	132
124	125
124	126
124	127
124	128
124	129
124	130
124	131
125	126
125	127
125	128
125	129
125	130
126	127
126	128
127	128
127	129
128	129
128	130
129	130
129	131
129	143
130	131
130	132
130	142
130	143
130	147
131	132
131	133
131	140
131	141
131	142
131	143
131	147
132	133
132	134
132	140
132	141
132	142
133	134
133	135
133	137
133	139
133	140
133	141
134	135
134	136
134	137
134	138
134	139
134	140
134	141
135	136
135	137
136	137
136	138
136	139
137	138
137	139
137	160
137	164
138	139
138	160
138	161
139	140
139	160
140	141
140	142
140	151
141	142
141	143
142	143
142	144
142	147
142	148
142	151
143	144
143	147
144	145
144	146
144	147
144	148
145	146
145	147
145	148
145	149
146	147
146	148
146	149
147	148
147	149
147	150
147	151
148	149
148	150
148	151
148	152
149	150
149	151
149	152
149	153
150	151
150	152
150	153
150	154
151	152
151	153
151	154
151	155
152	153
152	154
152	155
152	156
153	154
153	155
153	156
153	157
154	155
154	156
154	157
154	158
154	159
155	156
155	157
155	158
155	159
156	157
156	158
157	158
157	159
158	159
158	160
158	161
158	162
159	160
159	161
159	162
159	163
160	161
160	162
160	163
160	164
161	162
161	163
161	164
161	165
162	163
162	164
162	165
162	166
163	164
163	165
163	166
163	167
164	165
164	166
164	167
164	168
165	166
165	167
165	168
165	169
166	167
166	168
166	169
166	170
166	171
167	168
167	169
167	170
167	171
167	172
168	169
168	170
168	171
168	172
169	170
169	171
169	172
169	173
170	171
170	172
170	173
170	174
171	172
171	173
171	174
171	175
172	173
172	174
172	175
172	176
173	174
173	175
173	176
173	177
174	175
174	176
174	177
174	178
175	176
175	177
175	178
175	179
176	177
176	178
176	179
176	180
177	178
177	179
177	180
177	181
178	179
178	180
178	181
178	182
179	180
179	181
179	182
179	183
179	186
180	181
180	182
180	183
181	182
181	183
182	183
182	184
182	185
182	186
183	184
183	185
183	186
183	187
184	185
184	186
184	187
184	188
185	186
185	187
185	188
186	187
186	188
187	188
187	189
188	189
188	190
189	190
189	191
189	216
189	217
189	271
189	272
190	191
190	192
190	215
190	216
190	272
191	192
191	193
191	215
191	216
191	270
191	272
191	273
192	193
192	194
192	212
192	213
192	214
192	215
193	194
193	212
193	213
193	214
194	195
194	211
194	212
194	213
195	196
195	197
195	210
195	211
196	197
196	198
196	208
196	209
196	210
196	211
196	280
196	281
196	282
197	198
197	199
197	208
197	209
197	210
197	281
197	282
198	199
198	200
198	206
198	207
198	208
198	209
199	200
199	201
199	206
199	207
199	208
200	201
200	202
200	205
200	206
200	207
201	202
201	205
201	206
201	207
202	203
202	204
202	205
202	206
203	204
203	205
204	205
204	257
204	258
205	206
205	255
205	256
205	257
205	258
206	207
206	208
206	255
206	256
206	257
206	258
207	208
207	209
207	253
207	254
207	255
207	256
208	209
208	210
208	253
208	254
208	255
208	256
209	210
209	211
209	251
209	252
209	253
209	254
210	211
210	212
210	251
210	252
210	253
210	266
211	212
211	213
211	250
211	251
211	252
212	213
212	249
212	250
212	251
213	214
213	215
213	248
213	249
213	250
214	215
214	216
214	247
214	248
214	249
215	216
215	217
215	218
215	247
215	248
215	249
216	217
216	218
216	247
216	248
217	218
217	219
218	219
218	220
218	240
218	248
219	220
219	270
220	221
220	222
220	269
220	270
221	222
221	223
221	268
221	269
221	270
222	223
222	252
222	267
222	268
222	269
223	224
223	225
223	252
223	266
223	267
223	268
224	225
224	226
224	230
224	231
224	264
224	265
224	266
224	267
225	226
225	227
225	228
225	229
225	230
225	231
225	264
225	265
225	266
226	227
226	228
226	229
226	230
226	231
226	263
226	264
226	265
227	228
227	229
227	263
227	264
228	229
228	230
229	230
229	231
230	231
230	232
231	232
231	233
231	234
231	235
232	233
232	234
232	235
233	234
233	235
234	235
234	236
234	254
235	236
235	237
235	252
235	253
235	254
236	237
236	238
236	252
236	253
236	254
237	238
237	239
237	251
237	252
237	253
238	239
238	240
238	250
238	251
238	252
239	240
239	241
239	250
240	241
240	248
240	249
240	250
241	242
241	243
241	248
241	249
241	250
242	243
242	244
242	247
242	248
242	249
243	244
243	245
243	246
243	247
243	248
243	249
244	245
244	246
244	247
245	246
245	247
246	247
246	248
247	248
248	249
249	250
250	251
251	252
251	253
252	253
253	254
253	255
254	255
254	256
255	256
255	257
256	257
256	258
256	260
256	261
257	258
257	259
257	260
258	259
258	260
259	260
259	261
260	261
260	262
260	263
261	262
261	263
261	264
261	281
261	282
262	263
262	264
262	280
262	281
263	264
263	265
264	265
264	266
264	280
265	266
265	267
265	278
265	279
265	280
266	267
266	268
266	278
266	279
266	280
267	268
267	269
267	276
267	277
267	278
267	279
268	269
268	270
268	276
268	277
268	278
269	270
269	273
269	276
269	277
270	271
270	272
270	273
271	272
271	273
272	273
272	274
273	274
273	275
273	276
274	275
274	276
275	276
275	277
276	277
276	278
277	278
277	279
278	279
279	280
279	281
279	282
280	281
280	282
280	283
281	282
281	283
281	284
282	283
282	284
283	284
