0	1
0	2
0	3
0	4
1	2
1	3
1	4
1	5
2	3
2	4
2	5
2	6
2	94
2	101
3	4
3	5
3	6
3	7
3	101
3	147
3	148
4	5
4	6
4	7
4	8
4	147
5	6
5	7
5	8
5	9
6	7
6	8
6	9
6	10
6	80
6	146
6	147
7	8
7	9
7	10
7	11
7	130
7	146
7	147
8	9
8	10
8	11
8	12
9	10
9	11
9	12
9	77
9	78
10	11
10	12
10	13
10	77
10	127
10	128
10	129
10	130
10	131
10	146
11	12
11	13
11	128
11	129
11	130
12	13
12	14
12	17
12	129
13	14
13	17
13	18
13	127
13	128
13	129
14	15
14	16
14	17
14	18
14	128
14	129
15	16
15	17
15	18
15	19
15	175
16	17
16	18
16	19
16	20
17	18
17	19
17	20
17	21
18	19
18	20
18	21
18	23
18	31
18	36
19	20
19	21
19	22
19	23
20	21
20	22
20	23
20	24
20	25
21	22
21	23
21	24
21	25
21	26
21	27
21	28
21	29
22	23
22	24
22	25
22	26
22	27
23	24
23	25
23	26
23	27
23	36
24	25
24	26
24	27
25	26
25	27
25	44
26	27
26	28
26	44
26	45
27	28
27	29
27	30
27	43
27	44
27	45
28	29
28	30
28	529
28	530
29	30
29	31
29	76
29	77
29	78
29	529
29	530
30	31
30	32
30	35
30	75
30	76
30	77
30	527
30	528
30	529
31	32
31	33
31	35
31	75
31	76
31	77
32	33
32	34
32	35
32	36
32	75
32	126
33	34
33	35
33	73
33	74
33	75
33	124
34	35
34	36
34	39
34	40
34	41
35	36
35	39
35	40
35	41
35	42
36	37
36	38
36	39
36	40
37	38
37	39
37	251
37	252
37	253
38	39
38	40
38	251
38	252
38	253
38	318
38	319
39	40
39	41
39	251
39	318
39	319
40	41
40	42
40	318
40	319
40	402
40	403
41	42
41	43
41	402
41	403
41	487
41	488
42	43
42	44
42	402
42	403
42	404
42	487
42	488
42	489
43	44
43	45
43	488
43	489
43	490
43	528
44	45
44	46
44	489
44	490
45	46
45	47
45	489
45	490
45	491
46	47
46	48
46	49
46	489
46	490
46	491
47	48
47	49
47	491
47	535
48	49
48	52
48	53
48	491
48	535
49	50
49	51
49	52
49	53
49	491
49	492
49	493
50	51
50	52
50	53
50	491
50	492
50	493
50	507
51	52
51	53
52	53
52	54
52	55
53	54
53	55
53	56
53	514
54	55
54	56
54	514
55	56
55	57
55	567
55	568
56	57
56	58
56	565
56	566
56	567
56	568
56	569
57	58
57	59
57	565
57	566
57	567
57	568
57	569
57	570
58	59
58	60
58	564
58	565
58	566
58	569
58	570
58	571
59	60
59	564
59	565
59	566
59	569
59	570
59	571
60	61
60	62
60	98
60	563
60	564
60	571
61	62
61	63
61	98
61	561
61	562
61	563
61	564
62	63
62	64
62	98
62	561
62	562
62	563
63	64
63	65
63	559
63	560
63	561
63	562
64	65
64	66
64	85
64	559
64	560
64	561
65	66
65	67
65	559
65	560
66	67
66	68
66	85
66	86
66	559
66	560
67	68
67	69
67	542
67	558
67	559
67	560
67	616
68	69
68	70
68	86
68	120
68	542
68	543
68	544
68	616
69	70
69	71
69	86
69	119
69	120
69	121
69	542
69	543
69	544
69	545
70	71
70	72
70	85
70	86
70	121
70	122
70	524
70	540
70	541
70	542
70	543
70	544
70	560
71	72
71	73
71	121
71	122
71	123
71	523
71	524
72	73
72	74
72	83
72	84
72	122
72	123
72	124
72	524
72	540
73	74
73	75
73	83
73	124
73	524
73	525
73	526
73	527
73	539
73	540
74	75
74	76
74	81
74	82
74	83
74	527
75	76
75	77
75	81
75	82
75	83
76	77
76	78
76	79
76	80
76	81
76	82
77	78
77	79
77	80
77	81
78	79
78	80
78	531
79	80
79	81
79	94
79	95
79	96
79	531
80	81
80	82
80	93
80	94
80	95
81	82
81	83
81	92
81	93
81	94
81	95
82	83
82	91
82	92
82	93
83	84
83	85
83	90
83	91
83	92
83	124
83	125
84	85
84	86
84	88
84	89
84	90
84	91
84	122
84	124
84	125
85	86
85	87
85	88
85	89
85	90
85	122
86	87
86	88
86	89
86	120
86	121
86	122
87	88
87	89
87	108
87	120
87	121
87	137
88	89
88	90
88	106
88	121
88	122
88	136
88	137
89	90
89	91
89	104
89	105
89	106
90	91
90	92
90	103
90	104
90	105
91	92
91	93
91	102
91	103
91	104
92	93
92	94
92	100
92	101
92	102
92	103
93	94
93	95
93	98
93	99
93	100
93	101
94	95
94	96
94	97
94	98
94	99
94	100
94	101
95	96
95	97
95	98
96	97
96	98
97	98
97	99
98	99
98	100
99	100
99	101
100	101
100	102
101	102
102	103
102	104
102	148
102	149
103	104
103	105
103	149
104	105
104	106
104	149
105	106
105	107
106	107
106	108
107	108
107	109
108	109
108	110
108	137
108	138
109	110
109	111
109	112
110	111
110	112
110	113
110	641
110	642
110	643
110	644
111	112
111	113
111	641
111	642
111	644
111	646
112	113
112	114
112	115
112	644
113	114
113	115
113	116
113	120
113	644
114	115
114	116
114	441
114	646
115	116
115	117
115	164
115	166
116	117
116	118
116	119
116	166
116	184
117	118
117	119
117	186
118	119
118	120
118	545
118	546
119	120
119	121
119	544
119	545
119	546
119	549
120	121
121	122
121	123
121	168
121	545
122	123
122	124
122	168
122	169
122	170
123	124
123	168
123	169
123	170
124	125
124	126
124	169
124	170
125	126
125	127
125	132
125	133
125	134
125	170
125	171
126	127
126	128
126	132
126	133
126	134
126	170
126	171
126	172
126	173
127	128
127	129
127	131
127	132
127	133
128	129
128	130
128	131
128	132
128	173
129	130
129	131
130	131
130	145
130	146
131	132
131	133
131	143
131	144
131	145
131	146
132	133
132	134
132	143
132	144
132	145
132	146
133	134
133	135
133	142
133	143
133	144
133	171
134	135
134	136
134	141
134	142
134	143
134	170
134	171
135	136
135	137
135	139
135	140
135	141
135	142
135	167
135	168
135	169
135	170
135	171
135	180
136	137
136	138
136	139
136	140
136	141
136	167
137	138
137	139
137	166
137	167
137	168
138	139
138	140
138	166
138	167
139	140
139	141
139	156
139	157
139	158
139	166
139	167
140	141
140	142
140	154
140	155
140	156
140	157
141	142
141	143
141	154
141	155
141	156
141	157
142	143
142	144
142	151
142	153
142	154
142	155
143	144
143	145
143	151
143	152
143	153
143	154
144	145
144	146
144	149
144	150
144	151
144	152
145	146
145	147
145	148
145	149
145	150
145	151
145	152
146	147
146	148
146	149
147	148
147	149
148	149
148	150
149	150
149	151
150	151
150	152
151	152
151	153
152	153
153	154
153	201
153	202
154	155
154	156
154	202
155	156
155	157
155	202
156	157
156	158
156	159
157	158
157	159
158	159
158	160
158	161
159	160
159	161
160	161
160	162
161	162
161	163
162	163
162	189
163	164
163	165
163	188
163	189
164	165
164	166
164	184
164	187
164	189
165	166
165	182
165	183
165	184
166	167
166	168
166	182
166	183
166	184
167	168
167	169
167	181
167	182
167	183
168	169
168	170
168	182
168	183
168	247
169	170
169	171
169	247
169	248
170	171
170	172
170	248
171	172
171	173
171	178
171	179
171	180
172	173
172	174
172	178
172	179
172	180
173	174
173	175
173	176
173	177
173	178
173	179
174	175
174	176
174	177
174	178
174	292
175	176
175	177
176	177
176	178
176	197
176	198
177	178
177	179
177	195
177	196
177	197
177	198
178	179
178	180
178	195
178	196
178	197
178	198
179	180
179	193
179	194
179	195
179	196
180	181
180	182
180	193
180	194
180	195
181	182
181	192
181	193
181	194
181	245
181	246
181	247
182	183
182	184
182	245
182	246
182	247
183	184
183	185
183	245
183	246
183	247
184	185
184	186
184	187
184	188
184	189
184	245
185	186
185	187
185	188
185	189
185	243
185	244
185	245
185	265
185	266
185	267
186	187
186	188
186	267
186	268
186	443
186	444
186	445
187	188
187	189
187	442
187	443
187	444
188	189
188	240
188	241
188	242
188	243
188	267
188	268
188	444
189	190
189	191
189	240
189	241
189	242
189	243
190	191
190	192
190	211
190	241
190	242
190	243
190	244
190	245
191	192
191	209
191	210
191	211
191	243
191	244
191	245
191	246
192	193
192	194
192	207
192	208
192	209
192	210
192	245
192	246
193	194
193	195
193	207
193	208
193	209
193	246
194	195
194	196
194	206
194	207
194	208
195	196
195	197
195	204
195	205
195	206
195	207
196	197
196	198
196	202
196	203
196	204
196	205
197	198
197	199
197	200
197	201
197	202
197	203
197	204
197	205
198	199
198	200
198	201
198	202
199	200
199	201
199	202
200	201
200	202
201	202
201	203
202	203
202	204
203	204
203	205
204	205
204	206
205	206
206	207
206	208
206	294
206	295
207	208
207	209
207	295
208	209
208	210
208	295
209	210
209	211
210	211
210	212
210	244
210	263
210	283
210	284
211	212
211	213
211	224
211	227
211	242
211	244
211	282
211	283
211	284
212	213
212	214
212	224
212	227
212	228
213	214
213	215
213	238
214	215
214	216
214	217
214	238
215	216
215	217
215	228
216	217
216	218
217	218
217	219
218	219
218	220
219	220
219	221
219	224
219	225
220	221
220	224
221	222
221	223
221	224
221	225
222	223
222	224
222	225
222	226
223	224
223	225
223	226
223	227
223	297
224	225
224	226
224	227
224	228
225	226
225	227
225	228
226	227
226	228
226	229
227	228
227	229
227	230
227	282
227	283
228	229
228	230
228	231
229	230
229	231
230	231
230	232
230	279
230	280
230	281
230	282
231	232
231	233
231	275
231	279
231	280
231	281
232	233
232	234
232	235
232	275
232	276
232	277
232	278
232	279
233	234
233	235
233	236
233	237
234	235
234	236
234	276
235	236
235	237
235	273
235	274
235	275
235	276
236	237
236	238
236	239
237	238
237	239
237	240
237	241
237	242
237	274
237	275
238	239
238	240
238	241
238	242
239	240
239	241
240	241
240	242
240	267
240	429
241	242
241	243
241	267
242	243
242	244
242	266
242	267
242	268
243	244
243	245
243	264
243	265
243	266
243	267
244	245
244	246
244	263
244	264
244	265
244	266
244	284
244	285
245	246
245	247
245	263
245	264
246	247
246	248
246	262
246	263
246	264
246	314
247	248
247	249
247	314
248	249
248	250
248	314
248	315
249	250
249	251
249	261
249	262
249	314
249	315
249	316
249	317
250	251
250	260
250	261
250	262
251	252
251	259
251	260
251	261
252	253
252	254
252	258
252	259
252	260
253	254
253	255
253	256
253	257
253	258
253	259
254	255
254	256
254	257
254	258
255	256
255	257
256	257
256	258
257	258
257	259
257	291
257	292
258	259
258	260
258	289
258	290
258	291
258	292
259	260
259	261
259	289
259	290
259	291
259	292
260	261
260	262
260	287
260	288
260	289
260	290
261	262
261	263
261	287
261	288
261	289
262	263
262	264
262	286
262	287
262	288
262	313
262	314
262	315
263	264
263	284
263	285
263	286
263	287
263	312
263	313
263	314
264	265
264	266
264	284
264	285
264	312
264	313
264	314
265	266
265	267
265	269
265	284
265	285
265	307
265	310
265	311
265	312
266	267
266	268
266	269
266	284
266	307
266	310
267	268
267	269
267	274
267	445
268	269
268	270
268	274
268	444
268	445
268	446
269	270
269	271
269	308
269	309
269	310
269	445
269	446
270	271
270	272
270	273
270	274
270	308
270	423
270	445
270	446
270	447
271	272
271	273
271	274
271	275
271	306
271	307
271	308
272	273
272	274
272	275
272	276
272	278
273	274
273	275
273	276
273	425
274	275
274	276
275	276
275	277
275	278
275	279
276	277
276	278
277	278
278	279
279	280
279	281
279	306
280	281
280	282
280	305
280	306
281	282
281	283
281	284
281	305
281	306
282	283
282	284
283	284
283	285
283	286
283	302
284	285
284	286
285	286
285	302
285	303
285	304
285	307
285	311
285	312
285	313
286	287
286	288
286	300
286	301
286	302
286	303
286	313
287	288
287	289
287	300
287	301
287	302
287	313
288	289
288	290
288	299
288	300
288	301
289	290
289	297
289	298
289	299
289	300
290	291
290	292
290	295
290	296
290	297
290	298
291	292
291	293
291	294
291	295
291	296
291	297
291	298
292	293
292	294
292	295
293	294
293	295
294	295
294	296
295	296
295	297
296	297
296	298
297	298
297	299
298	299
299	300
299	350
300	301
300	302
300	350
301	302
301	303
301	350
302	303
302	304
302	305
303	304
303	305
304	305
304	306
304	307
304	311
305	306
305	307
306	307
306	308
307	308
307	309
307	310
307	311
308	309
308	310
309	310
309	311
309	391
309	392
310	311
310	312
310	392
311	312
311	313
311	338
311	339
311	392
312	313
312	314
312	337
312	338
313	314
313	315
313	337
313	338
314	315
314	316
315	316
315	317
315	336
315	337
315	397
315	398
316	317
316	318
316	335
316	398
316	400
317	318
317	319
317	333
317	334
317	335
318	319
318	320
318	333
318	334
318	335
319	320
319	332
319	333
319	334
320	321
320	322
320	330
320	331
320	332
320	333
321	322
321	328
321	329
321	330
321	331
321	332
322	323
322	324
322	328
322	329
322	330
322	331
323	324
323	325
323	326
323	327
323	328
323	329
324	325
324	326
324	327
324	328
324	329
324	468
325	326
325	327
326	327
326	328
327	328
327	329
328	329
328	330
328	331
329	330
329	331
329	332
330	331
330	332
330	346
330	347
330	348
331	332
331	346
331	347
331	348
332	333
332	334
332	344
332	345
332	346
332	347
333	334
333	335
333	344
333	345
333	346
333	347
334	335
334	343
334	344
334	345
335	336
335	337
335	342
335	343
335	344
336	337
336	338
336	340
336	341
336	342
336	343
336	396
337	338
337	339
337	340
337	341
337	396
337	397
338	339
338	340
338	390
338	394
338	395
338	396
338	397
339	340
339	341
339	390
339	394
339	395
340	341
340	342
340	357
340	358
340	359
340	361
340	390
340	395
341	342
341	343
341	355
341	356
341	357
341	358
342	343
342	344
342	355
342	356
342	357
342	358
343	344
343	345
343	354
343	355
343	356
344	345
344	352
344	353
344	354
344	355
344	467
345	346
345	347
345	350
345	351
345	352
345	353
345	354
346	347
346	348
346	349
346	350
346	351
346	352
346	353
347	348
347	349
347	350
348	349
348	350
349	350
349	351
350	351
350	352
351	352
351	353
352	353
352	354
352	371
353	354
354	355
354	356
355	356
355	357
355	367
356	357
356	358
356	470
357	358
357	359
357	360
358	359
358	360
359	360
359	361
359	395
360	361
361	362
361	363
361	364
361	389
361	390
362	363
362	364
362	376
362	388
362	389
363	364
363	375
363	376
363	379
364	365
364	366
364	373
364	374
364	375
364	376
365	366
365	374
365	375
365	376
366	367
366	368
366	373
366	374
367	368
367	369
367	371
367	372
367	373
367	374
368	369
368	370
368	371
368	372
368	373
368	374
369	370
369	371
370	371
370	372
371	372
371	373
372	373
372	374
373	374
373	375
374	375
374	376
375	376
375	377
376	377
376	378
376	379
377	378
377	379
377	380
377	381
378	379
378	380
378	381
379	380
379	381
379	386
380	381
380	382
381	382
381	383
381	384
382	383
382	384
382	422
382	423
383	384
383	422
383	423
384	385
384	386
384	422
385	386
385	387
385	420
385	421
385	422
385	451
385	452
386	387
386	388
386	420
386	421
386	422
387	388
387	389
387	419
387	420
387	421
387	454
388	389
388	390
388	391
388	419
388	420
388	421
389	390
389	391
390	391
390	392
390	394
390	395
390	416
391	392
391	393
391	394
391	419
392	393
392	394
393	394
393	397
393	417
394	395
394	396
394	397
394	416
395	396
395	397
395	414
395	415
395	416
396	397
396	398
396	413
396	414
396	415
397	398
397	399
398	399
398	400
399	400
399	401
399	413
399	484
399	485
399	523
399	524
399	525
400	401
400	402
400	485
400	486
400	525
401	402
401	410
401	411
401	412
401	413
401	485
401	486
402	403
402	404
402	410
402	411
402	486
402	487
402	488
403	404
403	405
403	408
403	409
403	410
403	411
403	488
404	405
404	406
404	407
404	408
404	409
404	410
404	488
404	489
405	406
405	407
405	408
405	409
406	407
406	408
407	408
407	409
407	509
408	409
408	466
409	410
409	411
409	464
409	465
409	466
410	411
410	412
410	464
410	465
410	466
411	412
411	413
411	462
411	463
411	464
411	465
411	486
412	413
412	414
412	462
412	463
412	464
412	465
413	414
413	415
413	461
413	462
413	463
413	483
413	484
413	485
414	415
414	460
414	461
414	462
414	463
415	416
415	417
415	459
415	460
415	461
415	481
415	482
416	417
416	418
416	458
416	459
416	460
416	481
417	418
417	419
417	458
417	481
418	419
418	420
418	454
418	456
418	457
418	458
419	420
419	421
419	450
419	454
420	421
420	449
420	450
420	452
420	453
420	454
421	422
421	423
421	447
421	448
421	449
421	450
422	423
422	424
422	447
422	448
422	449
423	424
423	425
423	446
423	447
423	448
424	425
424	426
424	427
424	446
424	447
424	448
425	426
425	427
426	427
426	428
427	428
427	429
427	446
428	429
428	430
428	431
429	430
429	431
429	444
430	431
430	432
430	442
430	444
431	432
431	433
432	433
432	436
432	439
432	440
433	434
433	435
433	436
433	439
433	600
434	435
434	436
434	595
434	596
434	597
434	600
435	436
435	437
435	595
435	596
435	597
435	599
435	600
436	437
436	438
436	439
436	448
436	599
436	600
437	438
437	439
437	443
437	448
437	599
437	600
438	439
438	440
438	441
438	442
438	443
438	599
438	600
438	601
438	602
438	603
438	604
439	440
439	441
439	442
439	443
439	444
439	600
439	601
440	441
440	442
440	600
440	601
440	651
441	442
441	443
441	601
442	443
442	444
443	444
443	445
444	445
444	446
445	446
445	447
446	447
447	448
447	449
448	449
448	450
448	451
449	450
449	451
450	451
450	452
450	453
450	454
451	452
451	453
452	453
452	454
453	454
453	455
454	455
454	456
455	456
455	457
456	457
456	458
457	458
457	459
458	459
458	481
459	460
459	461
459	480
459	481
460	461
460	477
460	478
460	479
460	480
460	481
460	482
460	483
461	462
461	463
461	475
461	476
461	477
461	478
462	463
462	464
462	475
462	476
462	477
463	464
463	465
463	472
463	474
463	475
463	476
464	465
464	466
464	472
464	473
464	474
464	475
465	466
465	467
465	471
465	472
465	473
466	467
466	468
466	469
466	470
466	471
466	472
466	473
467	468
467	469
467	470
468	469
468	470
469	470
469	471
470	471
471	472
471	473
472	473
472	474
472	475
473	474
474	475
474	476
474	510
474	511
475	476
475	477
475	511
476	477
476	478
476	511
477	478
477	479
478	479
478	480
479	480
480	481
480	482
480	499
480	553
481	482
481	483
482	483
482	484
482	499
483	484
483	497
483	498
483	499
483	522
483	523
484	485
484	486
484	496
484	497
484	498
484	522
484	523
484	524
484	525
485	486
485	496
485	523
485	524
485	525
486	487
486	488
486	494
486	495
486	496
486	525
486	526
487	488
487	489
487	494
487	495
487	496
487	525
487	526
487	527
488	489
488	493
488	494
488	495
489	490
489	491
489	492
489	493
489	494
490	491
490	492
491	492
491	493
492	493
492	507
492	508
493	494
493	495
493	505
493	506
493	507
493	508
494	495
494	496
494	505
494	506
494	507
494	508
495	496
495	497
495	504
495	505
495	506
496	497
496	498
496	503
496	504
496	505
496	525
497	498
497	502
497	503
497	504
497	522
497	523
498	499
498	500
498	501
498	502
498	503
498	521
498	522
499	500
499	501
499	521
499	522
499	552
499	553
500	501
500	502
500	521
500	553
500	554
501	502
501	517
501	518
501	519
501	520
501	521
501	522
501	554
502	503
502	504
502	515
502	516
502	517
502	518
503	504
503	515
503	516
503	517
503	518
504	505
504	506
504	515
504	516
505	506
505	507
505	513
505	514
505	515
506	507
506	508
506	511
506	512
506	513
506	514
507	508
507	509
507	510
507	511
507	512
507	513
507	514
508	509
508	510
508	511
509	510
509	511
510	511
510	512
511	512
511	513
512	513
512	514
513	514
515	516
515	517
516	517
516	518
517	518
517	519
518	519
518	520
519	520
519	521
519	556
520	521
520	522
520	542
520	543
520	554
520	556
520	557
520	558
521	522
521	523
521	542
521	543
521	553
521	554
522	523
522	524
522	541
522	542
522	543
523	524
523	525
523	541
523	543
524	525
524	526
524	539
524	540
524	541
525	526
525	527
525	539
526	527
526	528
526	537
526	538
526	539
527	528
527	537
527	538
527	539
528	529
528	535
528	536
528	537
528	538
529	530
529	531
529	535
529	536
529	537
530	531
530	532
530	533
530	534
530	535
530	536
531	532
531	533
531	534
531	535
532	533
532	534
533	534
533	535
534	535
534	536
535	536
535	537
535	566
536	537
536	538
536	564
536	565
536	566
537	538
537	539
537	564
537	565
537	566
538	539
538	540
538	562
538	563
538	564
538	565
539	540
539	541
539	562
539	563
539	564
540	541
540	542
540	561
540	562
540	563
541	542
541	543
541	560
541	561
541	562
542	543
542	544
542	559
542	560
542	561
543	544
543	548
543	616
544	545
544	546
544	547
544	548
544	549
544	616
545	546
545	547
545	548
545	549
546	547
546	548
546	549
547	548
547	549
547	550
547	551
548	549
548	550
548	551
548	552
548	615
548	616
549	550
549	551
549	605
549	614
549	615
549	616
549	617
550	551
550	605
550	606
550	607
550	612
550	613
550	614
550	615
550	616
550	617
550	619
551	552
551	612
551	613
551	614
551	615
552	553
552	554
552	614
552	615
553	554
553	555
554	555
554	556
555	556
555	557
555	576
556	557
556	558
557	558
558	559
558	560
559	560
559	561
560	561
561	562
561	563
562	563
562	564
563	564
563	565
564	565
565	566
565	567
565	569
566	567
566	568
566	569
567	568
567	569
568	569
568	570
569	570
569	571
570	571
570	572
571	572
571	573
572	573
572	574
573	574
573	575
574	575
576	577
576	578
577	578
577	579
577	622
578	579
578	580
578	622
579	580
579	581
579	610
579	621
579	622
579	669
580	581
580	621
580	622
580	623
580	624
580	625
580	666
580	669
581	582
581	583
581	625
581	666
582	583
582	584
583	584
583	585
583	625
583	629
583	666
584	585
585	586
585	587
585	662
585	663
586	587
586	588
586	589
586	663
587	588
587	589
587	590
587	663
587	667
588	589
588	590
589	590
589	591
589	592
589	593
589	660
589	663
590	591
590	592
590	593
590	594
590	660
590	663
590	664
590	667
591	592
591	593
591	594
591	595
591	596
592	593
592	594
592	595
592	596
592	597
592	660
593	594
593	595
593	596
593	597
593	598
593	660
593	661
593	663
593	664
594	595
594	596
594	597
594	598
594	599
594	664
595	596
595	597
595	598
595	599
595	600
596	597
596	598
596	599
596	600
597	598
597	599
597	600
597	601
597	661
598	599
598	600
598	601
598	602
598	603
598	661
599	600
599	601
599	602
599	603
600	601
600	602
601	602
601	603
602	603
602	604
602	605
602	606
603	604
603	605
603	606
603	607
603	608
604	605
604	606
604	607
605	606
605	607
605	617
606	607
606	608
606	617
606	618
606	619
606	620
607	608
607	609
607	612
607	619
608	609
608	610
608	611
608	612
609	610
609	611
609	612
609	619
609	620
609	621
609	665
609	668
609	669
610	611
610	612
610	613
610	621
610	622
610	668
610	669
611	612
611	613
612	613
612	614
612	619
613	614
613	615
613	619
614	615
614	616
614	617
614	618
614	619
615	616
615	617
615	618
616	617
616	618
617	618
617	619
618	619
618	620
619	620
619	621
619	622
619	623
620	621
620	622
620	623
620	665
621	622
621	623
621	665
621	669
622	623
622	624
623	624
623	625
623	627
624	625
624	626
624	627
625	626
625	627
625	628
625	629
626	627
626	628
626	629
626	630
627	628
627	629
627	630
627	631
628	629
628	630
628	631
628	662
629	630
629	631
630	631
630	632
630	633
631	632
631	633
631	634
631	635
631	658
632	633
632	634
632	635
632	636
632	658
633	634
633	635
633	636
633	638
634	635
634	636
634	638
634	639
635	636
635	637
635	638
635	647
635	648
636	637
636	638
636	647
636	648
636	649
637	638
637	639
637	641
637	647
638	639
638	640
638	641
638	647
639	640
639	641
640	641
640	642
640	643
640	644
640	645
641	642
641	643
641	644
641	645
641	646
641	647
642	643
642	644
643	644
643	645
644	645
644	646
645	646
645	647
646	647
646	648
647	648
647	649
648	649
648	650
648	651
648	652
649	650
649	651
649	652
650	651
650	652
651	652
651	653
652	653
652	657
652	658
653	654
653	655
653	656
653	657
654	655
654	656
654	657
655	656
655	657
655	658
655	659
655	660
656	657
656	658
656	659
656	660
657	658
657	659
657	660
657	661
658	659
658	660
658	661
658	662
659	660
659	661
659	662
659	663
660	661
660	662
660	663
660	664
661	662
661	663
661	664
661	665
662	663
662	664
662	665
662	666
663	664
663	665
663	666
663	667
664	665
664	666
664	667
664	668
665	666
665	667
665	668
665	669
666	667
666	668
666	669
666	670
667	668
667	669
667	670
667	671
668	669
668	670
668	671
668	672
669	670
669	671
669	672
669	673
670	671
670	672
670	673
671	672
671	673
672	673
672	674
673	674
