0	1
0	2
1	2
1	3
1	185
1	186
1	187
2	3
2	4
2	169
2	186
2	187
2	188
3	4
3	5
3	167
3	168
3	169
3	187
3	188
4	5
4	6
4	167
4	188
4	189
5	6
5	7
5	81
5	165
5	166
5	167
6	7
6	8
6	165
6	166
6	167
7	8
7	9
7	163
7	164
7	165
7	166
8	9
8	10
8	163
8	164
8	165
8	166
9	10
9	162
9	163
9	164
10	11
10	12
10	162
10	163
11	12
11	13
11	161
11	162
12	13
12	14
12	158
12	159
12	160
12	161
12	162
13	14
13	15
13	16
13	35
13	158
13	159
14	15
14	16
14	159
15	16
15	17
16	17
16	18
16	23
16	155
16	158
17	18
17	19
17	23
17	155
18	19
18	20
18	22
18	23
18	151
19	20
19	21
19	22
19	23
19	515
19	516
20	21
20	22
20	371
20	515
20	516
21	22
21	516
22	23
22	24
22	135
22	136
22	137
23	24
23	25
23	135
23	136
23	137
24	25
24	26
24	122
24	133
24	134
24	135
24	136
25	26
25	27
25	29
25	30
25	133
25	134
25	135
26	27
26	28
26	29
26	30
26	132
26	133
26	134
27	28
27	29
27	30
27	31
27	129
27	132
27	133
27	134
28	29
28	30
28	31
29	30
29	31
29	32
30	31
30	32
30	35
30	36
30	134
31	32
31	33
31	35
31	36
32	33
32	34
32	35
33	34
33	35
34	35
34	36
34	37
34	38
35	36
35	37
35	38
35	39
36	37
36	38
36	39
36	40
37	38
37	39
37	40
37	41
38	39
38	40
38	41
38	42
38	158
38	164
39	40
39	41
39	42
39	43
39	158
40	41
40	42
40	43
40	44
40	75
41	42
41	43
41	44
41	45
41	164
42	43
42	44
42	45
42	46
42	154
42	157
42	158
43	44
43	45
43	46
43	47
43	154
44	45
44	46
44	47
45	46
45	47
46	47
46	48
46	150
46	153
46	154
47	48
47	49
47	51
48	49
48	50
48	51
49	50
49	51
49	52
50	51
50	52
50	53
51	52
51	53
51	54
52	53
52	54
52	56
52	83
52	84
53	54
53	55
53	83
54	55
54	56
55	56
55	85
55	113
56	57
56	58
56	84
56	85
56	86
56	113
56	114
56	115
57	58
57	59
57	84
57	85
57	86
57	87
57	113
57	114
57	115
58	59
58	60
58	86
58	87
58	88
58	114
58	115
58	116
58	117
59	60
59	61
59	87
59	88
59	89
59	104
59	116
59	117
59	118
60	61
60	62
60	88
60	89
60	117
60	118
60	119
61	62
61	89
61	90
61	93
61	94
61	95
61	96
61	97
61	100
61	118
61	119
61	120
62	63
62	64
62	93
62	94
62	95
62	96
62	119
62	120
62	121
63	64
63	65
63	94
63	95
63	96
63	120
63	121
63	237
63	238
63	306
63	307
64	65
64	66
64	68
64	93
64	94
64	237
64	238
64	263
64	264
64	265
65	66
65	67
65	68
65	127
65	128
65	264
65	265
65	266
66	67
66	68
66	127
66	128
66	129
66	265
66	266
67	68
67	69
67	70
67	71
68	69
68	70
68	71
68	72
68	120
69	70
69	71
69	72
69	73
69	93
70	71
70	72
70	73
70	74
71	72
71	73
71	74
71	75
72	73
72	74
72	75
72	76
73	74
73	75
73	76
73	77
74	75
74	76
74	77
74	78
75	76
75	77
75	78
75	79
76	77
76	78
76	79
76	80
76	87
77	78
77	79
77	80
77	81
77	166
77	167
78	79
78	80
78	81
78	82
78	165
78	166
79	80
79	81
79	82
79	83
79	84
80	81
80	82
80	83
80	84
81	82
81	83
81	165
81	166
81	167
82	83
82	84
82	165
83	84
83	85
84	85
84	86
85	86
85	195
85	196
86	87
86	88
86	195
86	196
86	197
87	88
87	89
87	196
87	197
87	198
88	89
88	90
88	197
88	198
88	199
88	200
89	90
89	91
89	93
89	198
89	199
89	200
90	91
90	92
90	93
90	94
90	95
90	199
90	200
90	201
90	202
91	92
91	93
91	94
91	177
91	178
91	179
91	180
91	199
91	200
91	201
91	202
92	93
92	94
92	177
92	178
93	94
93	95
93	177
94	95
94	96
94	202
94	238
95	96
95	97
95	99
95	100
95	202
96	97
96	98
96	99
96	100
96	238
96	307
96	308
97	98
97	99
97	100
97	101
97	119
97	307
97	308
97	309
97	401
98	99
98	100
98	101
98	102
98	309
98	401
98	402
98	403
99	100
99	101
99	102
99	103
99	206
100	101
100	102
100	103
100	104
101	102
101	103
101	104
101	105
101	143
101	144
101	399
101	400
101	401
102	103
102	104
102	105
102	106
102	143
102	206
102	399
103	104
103	105
103	106
103	107
103	205
104	105
104	106
104	107
104	108
104	114
104	116
104	117
104	141
104	143
105	106
105	107
105	108
105	109
105	142
105	143
106	107
106	108
106	109
106	110
107	108
107	109
107	110
107	111
107	112
107	114
108	109
108	110
108	111
108	112
108	113
108	114
109	110
109	111
109	112
110	111
110	112
111	112
111	113
112	113
112	114
113	114
113	115
114	115
114	116
114	141
115	116
115	117
115	140
115	141
116	117
116	139
116	140
116	141
116	143
117	118
117	119
117	138
117	139
117	140
118	119
118	120
118	136
118	137
118	138
118	139
119	120
119	121
119	136
119	137
119	138
120	121
120	135
120	136
120	137
121	122
121	123
121	134
121	135
121	136
121	307
122	123
122	124
122	125
122	133
122	134
122	135
122	136
123	124
123	125
123	306
123	307
124	125
124	126
124	271
124	272
124	273
124	305
124	306
124	307
125	126
125	127
125	133
125	271
125	272
125	273
126	127
126	132
126	133
126	266
126	267
126	270
126	271
126	272
127	128
127	132
127	133
127	134
127	265
127	266
127	267
128	129
128	130
128	131
128	132
128	133
128	265
128	266
129	130
129	131
129	132
130	131
130	132
131	132
131	133
132	133
132	134
133	134
133	135
134	135
135	136
135	137
136	137
137	138
137	139
138	139
138	140
138	145
138	146
139	140
139	141
139	143
139	144
139	145
139	146
140	141
140	142
140	143
140	144
140	145
140	146
141	142
141	143
142	143
142	144
143	144
143	145
143	399
143	400
144	145
144	146
144	373
144	376
144	400
144	401
145	146
145	147
145	373
146	147
146	148
146	150
146	151
146	373
147	148
147	149
147	150
147	151
147	373
148	149
148	150
148	151
148	152
149	150
149	151
149	152
149	153
150	151
150	152
150	153
150	154
151	152
151	153
151	154
151	155
152	153
152	154
152	155
152	156
153	154
153	155
153	156
153	157
154	155
154	156
154	157
154	158
155	156
155	157
155	158
155	159
156	157
156	158
156	159
156	160
157	158
157	159
157	160
157	161
158	159
158	160
158	161
159	160
159	161
160	161
160	162
161	162
161	163
162	163
163	164
164	165
164	166
165	166
166	167
167	168
167	169
168	169
169	170
169	171
170	171
170	172
170	173
171	172
171	173
171	174
171	175
172	173
172	174
172	175
173	174
173	175
174	175
174	176
175	176
175	177
175	183
176	177
176	178
176	179
177	178
177	179
177	180
177	199
178	179
178	180
179	180
179	181
180	181
180	199
180	200
180	201
181	182
181	183
181	198
181	199
181	200
182	183
182	184
182	197
182	198
182	199
183	184
183	185
183	196
183	197
183	198
184	185
184	195
184	196
184	197
185	186
185	187
185	194
185	195
185	196
186	187
186	193
186	194
186	195
187	188
187	189
187	193
187	194
187	195
188	189
188	193
189	190
189	191
189	192
189	193
190	191
190	192
191	192
191	193
192	193
192	194
193	194
193	195
194	195
194	196
195	196
196	197
196	198
197	198
197	199
198	199
198	200
199	200
199	201
200	201
200	202
201	202
201	203
201	204
202	203
202	204
203	204
203	205
203	206
203	207
203	241
203	242
204	205
204	206
204	207
204	208
205	206
205	207
205	208
205	209
206	207
206	208
206	209
206	210
207	208
207	209
207	210
207	211
207	246
208	209
208	210
208	211
208	212
209	210
209	211
209	212
209	213
210	211
210	212
210	213
210	214
211	212
211	213
211	214
211	215
211	216
212	213
212	214
213	214
214	215
214	216
215	216
215	217
215	218
215	219
216	217
216	218
216	219
216	220
217	218
217	219
217	220
217	221
218	219
218	220
218	221
218	222
218	416
219	220
219	221
219	222
219	223
219	251
219	412
219	413
219	416
220	221
220	222
220	223
220	224
220	251
220	252
221	222
221	223
221	224
221	225
222	223
222	224
222	225
222	228
222	416
223	224
223	225
223	228
223	251
223	252
223	253
224	225
224	226
225	226
225	227
225	228
226	227
226	228
227	228
227	229
227	425
228	229
228	230
228	299
229	230
229	298
229	299
229	300
230	231
230	232
230	257
230	298
230	299
230	300
230	301
231	232
231	233
231	257
231	258
231	300
231	301
231	302
232	233
232	234
232	257
232	258
232	259
232	301
232	302
232	303
233	234
233	235
233	258
233	259
233	260
233	261
233	282
233	302
233	303
233	304
234	235
234	236
234	237
234	239
234	240
234	259
234	260
234	261
234	303
234	304
235	236
235	237
235	260
235	261
235	267
235	272
235	303
235	304
235	305
236	237
236	240
236	260
236	261
236	262
236	263
236	264
236	267
236	268
236	272
237	238
237	239
237	240
237	262
237	263
237	264
237	267
237	272
237	305
237	306
237	307
238	239
238	240
238	241
238	263
238	306
238	307
238	308
239	240
239	241
239	242
239	243
239	261
239	304
239	307
239	308
240	241
240	242
240	243
240	244
240	261
240	262
240	263
241	242
241	243
241	244
241	245
241	261
242	243
242	244
242	245
242	246
243	244
243	245
243	246
243	247
243	248
244	245
244	246
244	247
244	248
244	249
245	246
245	247
245	248
245	249
245	250
246	247
246	248
246	249
246	250
246	251
247	248
247	249
247	250
247	251
247	252
247	253
248	249
248	250
248	251
248	252
248	253
248	254
248	255
249	250
249	251
249	252
250	251
250	252
251	252
251	253
252	253
252	254
253	254
253	255
253	257
254	255
254	256
254	257
255	256
255	257
255	258
256	257
256	258
257	258
257	259
258	259
258	260
258	261
259	260
259	261
260	261
260	262
261	262
261	263
262	263
262	264
263	264
263	265
263	267
264	265
264	266
264	267
264	268
265	266
265	267
266	267
266	268
266	269
267	268
267	269
267	270
267	272
268	269
268	270
269	270
270	271
270	272
271	272
271	273
271	278
272	273
272	274
272	305
272	306
273	274
273	275
273	278
273	305
273	306
274	275
274	278
274	279
274	303
274	304
274	305
274	311
274	312
275	276
275	277
275	278
275	279
275	312
276	277
276	278
276	279
276	280
276	283
277	278
277	279
277	280
278	279
278	280
279	280
279	281
279	282
279	283
280	281
280	282
280	283
280	284
281	282
281	283
281	284
281	285
282	283
282	284
282	285
282	286
283	284
283	285
283	286
283	287
283	288
284	285
284	286
284	287
284	288
285	286
285	287
285	297
286	287
286	288
286	297
286	298
286	301
286	314
286	315
286	316
286	317
287	288
287	289
287	290
287	291
287	292
287	297
287	316
287	317
288	289
288	290
288	317
288	318
288	319
289	290
289	291
289	317
290	291
290	292
290	317
291	292
292	293
292	294
293	294
293	295
293	296
294	295
294	296
294	297
295	296
295	297
296	297
296	298
297	298
297	299
297	316
298	299
298	300
298	316
299	300
299	315
299	316
299	427
300	301
300	314
300	315
300	316
301	302
301	313
301	314
301	315
302	303
302	304
302	311
302	312
302	313
302	314
302	408
303	304
303	305
303	311
303	312
304	305
304	306
304	308
304	309
304	310
304	311
304	312
304	404
305	306
305	307
305	308
305	309
305	310
305	311
306	307
306	308
307	308
307	309
308	309
308	310
308	403
308	404
309	310
309	311
309	393
309	402
309	403
309	404
310	311
310	392
310	393
310	402
310	403
310	404
311	312
311	313
311	392
311	393
311	404
311	407
312	313
312	314
312	322
312	392
313	314
313	315
313	319
313	320
314	315
314	316
314	318
314	319
314	320
315	316
315	317
315	318
315	319
315	427
315	428
315	429
316	317
316	318
317	318
318	319
318	320
318	429
319	320
319	321
320	321
320	322
320	324
320	325
321	322
321	323
321	324
321	325
322	323
322	324
322	325
322	326
322	389
322	390
322	391
322	392
322	393
323	324
323	325
323	326
323	327
323	350
323	351
323	353
323	389
323	390
324	325
324	326
324	327
324	328
324	353
325	326
325	327
325	328
325	329
326	327
326	328
326	329
326	330
326	354
326	388
326	394
327	328
327	329
327	330
327	331
327	353
327	354
327	357
328	329
328	330
328	331
328	332
328	432
328	435
329	330
329	331
329	332
329	333
330	331
330	332
330	333
330	354
330	357
331	332
331	333
331	357
332	333
332	334
332	335
332	336
333	334
333	335
333	336
333	337
333	340
333	341
334	335
334	336
334	337
334	340
335	336
335	337
335	414
336	337
336	338
336	410
336	413
336	414
337	338
337	339
337	340
337	341
338	339
338	340
339	340
339	341
340	341
340	342
341	342
341	343
341	385
342	343
342	344
342	383
342	384
342	385
343	344
343	363
343	364
343	365
343	383
343	384
343	385
343	386
344	345
344	364
344	365
344	366
344	384
344	385
344	386
344	387
345	346
345	347
345	365
345	366
345	367
345	384
345	386
345	387
345	388
346	347
346	348
346	350
346	366
346	367
346	368
346	387
346	388
346	389
347	348
347	349
347	350
347	367
347	368
347	369
347	370
347	389
348	349
348	350
348	367
348	368
348	369
348	370
349	350
349	351
349	510
349	526
350	351
350	352
350	389
350	390
351	352
351	353
351	442
351	444
351	528
352	353
352	354
352	355
352	356
352	442
353	354
353	355
353	356
353	357
353	442
354	355
354	356
354	357
354	358
355	356
355	357
355	358
355	359
355	365
356	357
356	358
356	359
356	360
356	439
357	358
357	359
357	360
357	361
357	439
358	359
358	360
358	361
358	362
358	363
358	364
358	365
359	360
359	361
359	362
359	363
360	361
360	362
361	362
361	363
362	363
362	364
363	364
363	365
364	365
364	366
365	366
365	367
366	367
366	368
367	368
368	369
368	370
368	374
369	370
369	371
369	374
369	497
370	371
370	372
371	372
371	373
371	374
372	373
372	374
372	375
372	376
372	401
373	374
373	375
373	376
374	375
374	376
374	377
375	376
375	377
375	378
375	379
376	377
376	378
376	379
376	380
376	400
377	378
377	379
377	380
377	381
377	489
378	379
378	380
378	381
378	382
378	383
378	384
378	489
379	380
379	381
379	382
379	383
379	384
379	385
379	397
380	381
380	382
381	382
381	383
381	489
382	383
382	384
383	384
384	385
384	386
385	386
385	396
385	397
386	387
386	395
386	396
386	397
387	388
387	394
387	395
387	396
388	389
388	390
388	393
388	394
388	395
389	390
389	391
389	392
389	393
389	394
390	391
390	392
390	393
391	392
391	393
392	393
392	394
393	394
393	395
393	402
394	395
394	402
394	403
394	407
395	396
395	401
395	402
395	403
395	407
396	397
396	398
396	399
397	398
397	399
397	400
398	399
399	400
399	401
400	401
401	402
401	403
402	403
402	404
403	404
403	405
403	406
403	407
404	405
404	406
404	407
404	408
405	406
405	407
405	408
405	409
406	407
406	408
406	409
406	410
407	408
407	409
407	410
407	411
408	409
408	410
408	411
408	412
409	410
409	411
409	412
409	413
410	411
410	412
410	413
410	414
411	412
411	413
411	414
411	415
412	413
412	414
412	415
412	416
413	414
413	415
413	416
413	417
414	415
414	416
414	417
414	418
415	416
415	417
415	418
415	419
416	417
416	418
416	419
416	420
417	418
417	419
417	420
418	419
418	420
418	426
419	420
419	421
419	422
419	425
419	426
420	421
420	422
421	422
422	423
422	424
422	425
423	424
424	425
424	426
425	426
425	427
426	427
426	428
426	430
427	428
427	429
427	430
427	431
428	429
428	430
428	431
428	432
429	430
429	431
429	432
429	433
430	431
430	432
430	433
430	434
431	432
431	433
431	434
431	435
432	433
432	434
432	435
432	436
433	434
433	435
433	436
433	437
434	435
434	436
434	437
434	438
435	436
435	437
435	438
435	439
436	437
436	438
436	439
436	440
436	441
436	535
437	438
437	439
437	440
438	439
438	440
439	440
439	441
440	441
440	442
440	531
440	532
440	533
440	535
441	442
441	443
441	530
441	531
441	532
441	535
442	443
442	444
442	528
442	529
442	530
442	531
443	444
443	528
443	529
443	530
443	539
444	445
444	527
444	528
444	529
444	539
445	446
445	447
445	526
445	527
445	528
445	569
446	447
446	448
446	524
446	525
446	526
446	527
446	568
446	569
447	448
447	449
447	524
447	525
447	526
447	565
447	567
447	568
447	569
448	449
448	450
448	523
448	524
448	525
448	565
448	566
448	567
448	568
449	450
449	451
449	452
449	522
449	523
449	524
449	565
449	566
449	567
450	451
450	452
450	521
450	522
450	523
450	566
451	452
451	453
451	520
451	521
451	522
452	453
452	454
452	457
452	520
452	521
452	522
452	560
453	454
453	455
453	456
453	457
453	520
453	521
453	560
454	455
454	456
454	457
454	458
454	520
454	521
455	456
455	457
455	458
455	459
456	457
456	458
456	459
456	460
456	559
456	560
457	458
457	459
457	460
457	461
457	521
457	523
457	559
457	560
458	459
458	460
458	461
458	462
459	460
459	461
459	462
459	463
460	461
460	462
460	463
460	464
460	554
460	556
460	559
461	462
461	463
461	464
461	465
462	463
462	464
462	465
463	464
463	465
463	466
463	467
464	465
464	466
464	467
464	468
464	553
464	554
465	466
465	467
465	468
466	467
466	468
467	468
467	469
467	470
467	471
467	553
468	469
468	470
468	471
468	472
468	480
468	481
469	470
469	471
469	472
469	473
470	471
470	472
470	473
470	474
471	472
471	473
471	474
471	478
471	480
472	473
472	474
472	475
472	476
472	477
472	478
472	479
472	480
473	474
473	475
473	476
474	475
474	476
475	476
475	477
475	478
476	477
476	478
477	478
477	479
477	503
477	504
478	479
478	480
478	502
478	503
478	504
479	480
479	481
479	501
479	502
479	503
480	481
480	500
480	501
480	502
481	482
481	483
481	499
481	500
481	501
482	483
482	484
482	496
482	498
482	499
482	500
483	484
483	485
483	495
483	496
483	497
483	498
483	499
483	500
484	485
484	486
484	494
484	495
484	496
484	497
485	486
485	487
485	493
485	494
485	495
486	487
486	488
486	491
486	492
486	493
486	494
487	488
487	489
487	490
487	491
487	492
487	493
488	489
488	490
488	491
489	490
489	491
490	491
490	492
491	492
491	493
492	493
492	494
493	494
493	495
494	495
494	496
495	496
495	497
496	497
496	498
497	498
498	499
498	500
498	511
498	512
499	500
499	501
499	510
499	511
499	512
500	501
500	502
500	509
500	510
500	511
501	502
501	503
501	508
501	509
501	510
502	503
502	504
502	506
502	507
502	508
502	509
503	504
503	505
503	506
503	507
503	508
504	505
504	506
505	506
505	507
506	507
506	508
507	508
507	528
507	529
507	530
508	509
508	510
508	527
508	528
508	529
509	510
509	511
509	526
509	527
509	528
509	550
510	511
510	512
510	525
510	526
510	527
511	512
511	524
511	525
511	526
512	513
512	514
512	523
512	524
512	525
513	514
513	515
513	521
513	522
513	523
513	524
514	515
514	516
514	517
514	521
514	522
514	523
514	524
515	516
515	517
516	517
517	518
517	520
517	521
517	522
518	519
518	520
519	520
520	521
520	522
521	522
521	523
522	523
522	524
523	524
523	525
524	525
524	526
525	526
525	527
526	527
526	528
527	528
527	543
527	547
528	529
528	530
528	543
529	530
529	531
529	543
530	531
530	532
531	532
531	533
531	534
531	535
532	533
532	534
532	535
533	534
533	535
534	535
534	536
534	537
535	536
535	537
536	537
536	538
537	538
537	539
537	541
537	542
538	539
538	540
538	541
538	542
539	540
539	541
539	542
539	543
540	541
540	542
540	543
540	544
541	542
541	543
541	544
542	543
542	544
543	544
543	545
543	546
543	547
544	545
544	546
544	547
544	548
545	546
545	547
545	548
545	549
546	547
546	548
546	549
546	550
547	548
547	549
547	550
547	551
548	549
548	550
548	551
548	552
549	550
549	551
549	552
549	553
550	551
550	552
550	553
550	554
551	552
551	553
551	554
551	555
551	556
552	553
552	554
552	555
553	554
553	555
554	555
554	556
555	556
555	557
555	558
556	557
556	558
556	559
556	560
557	558
557	559
557	560
557	561
557	562
557	563
558	559
558	560
558	561
559	560
559	561
560	561
560	562
561	562
561	563
562	563
562	564
562	565
563	564
564	565
564	566
565	566
565	567
565	568
566	567
567	568
567	569
568	569
