0	1
0	2
0	3
0	180
1	2
1	3
1	117
1	180
2	3
2	4
2	117
2	118
2	119
2	179
2	180
3	4
3	5
3	93
3	98
3	99
3	116
3	117
3	118
3	180
4	5
4	6
4	98
4	99
4	100
4	116
4	117
4	118
4	119
5	6
5	7
5	98
5	99
5	100
5	101
5	118
5	119
5	120
6	7
6	8
6	100
6	101
6	102
6	118
6	119
6	120
6	121
7	8
7	9
7	15
7	101
7	102
7	103
7	120
7	121
7	122
7	123
8	9
8	102
8	103
8	104
8	105
8	121
8	122
8	123
9	10
9	11
9	13
9	122
9	123
9	124
9	145
10	11
10	12
10	13
10	141
10	144
10	145
11	12
11	13
11	141
12	13
12	14
12	141
13	14
13	15
13	125
13	141
14	15
14	16
14	17
14	18
15	16
15	17
15	18
15	19
15	102
16	17
16	18
16	19
16	20
17	18
17	19
17	20
17	21
18	19
18	20
18	21
18	22
18	169
19	20
19	21
19	22
19	23
19	100
20	21
20	22
20	23
20	24
21	22
21	23
21	24
21	25
21	26
22	23
22	24
22	25
22	26
22	27
23	24
23	25
23	26
23	27
23	28
23	32
23	33
24	25
24	26
24	27
24	28
25	26
25	27
25	28
26	27
26	28
27	28
27	29
27	30
27	31
27	32
28	29
28	30
28	31
28	32
28	33
29	30
29	31
29	32
30	32
30	97
30	98
31	32
31	97
31	98
32	33
32	97
32	98
32	99
32	100
33	34
33	35
33	92
33	97
33	98
33	99
33	100
34	35
34	36
34	99
34	100
34	101
35	36
35	37
35	87
35	88
35	99
36	37
36	38
36	49
36	50
36	83
37	38
37	39
37	50
37	51
37	81
37	82
37	83
37	84
38	39
38	50
38	51
38	52
38	53
38	54
38	55
38	81
38	82
38	83
38	84
39	40
39	41
39	50
39	51
39	52
39	53
39	54
39	55
39	79
39	80
39	81
39	82
40	41
40	42
40	52
40	53
40	54
40	55
40	56
40	57
40	78
40	79
40	80
40	81
41	42
41	43
41	78
41	79
41	80
42	43
43	44
43	52
44	45
44	46
45	46
45	47
45	48
46	47
46	48
46	50
46	51
46	52
47	48
47	49
47	50
47	51
48	49
48	50
49	50
50	51
50	52
51	52
51	53
51	54
51	55
52	53
52	54
52	55
53	56
53	57
53	59
53	60
54	56
54	57
54	59
54	60
55	56
55	57
55	59
55	60
56	57
56	58
56	59
56	60
57	58
57	59
57	60
57	61
58	59
58	60
58	61
58	62
59	60
59	61
59	62
59	63
60	61
60	62
60	63
60	64
61	62
61	63
61	64
61	65
62	63
62	64
62	65
62	66
63	64
63	65
63	66
63	67
63	68
63	69
64	65
64	66
64	67
64	68
64	69
65	66
65	67
66	67
66	68
67	68
67	69
68	69
68	70
68	84
68	85
69	70
69	71
69	82
69	83
69	84
69	85
70	71
70	83
70	84
70	85
70	107
70	110
71	72
71	82
71	83
71	107
72	73
72	81
72	82
72	83
73	74
73	75
73	79
73	80
73	81
73	82
74	75
74	76
74	77
74	78
74	79
74	80
74	81
75	76
75	77
75	78
75	79
75	80
76	77
76	78
77	78
77	79
77	80
78	79
78	80
78	81
79	81
79	82
80	81
80	82
81	82
82	83
82	84
83	84
83	85
84	85
84	86
84	87
85	86
85	87
85	88
85	89
86	87
86	88
86	89
86	90
86	91
87	88
87	89
87	90
87	91
87	92
88	89
88	90
88	91
88	92
88	93
88	99
89	90
89	91
89	92
89	93
89	94
90	92
90	93
90	94
90	95
91	92
91	93
91	94
91	95
92	93
92	94
92	95
92	96
92	97
92	98
92	99
93	94
93	95
93	96
93	97
93	98
94	95
94	96
95	96
95	97
96	97
96	98
97	98
97	99
98	99
98	100
99	100
99	101
100	101
100	102
101	102
101	103
102	103
103	104
103	105
103	107
104	105
104	106
104	107
105	106
105	107
105	108
106	107
106	108
106	109
107	108
107	109
107	110
107	111
108	109
108	110
108	111
108	112
109	110
109	111
109	112
110	111
110	112
111	112
111	113
111	116
111	118
112	113
112	116
112	117
112	118
113	114
113	115
113	116
113	117
114	115
114	116
114	117
115	116
115	117
116	117
116	118
117	118
117	119
118	119
118	120
119	120
119	121
119	157
120	121
120	122
120	156
120	157
120	158
121	122
121	123
121	156
121	157
121	158
121	159
122	123
122	124
122	156
122	158
122	159
122	160
123	124
123	125
123	159
123	160
123	161
123	162
124	125
124	126
124	145
124	159
124	160
124	161
124	162
125	126
125	127
125	141
125	142
125	145
125	161
125	162
126	127
126	128
126	129
126	161
126	162
126	163
127	128
127	129
127	163
128	129
128	130
128	163
129	130
129	131
129	132
130	131
130	132
131	132
131	133
132	133
132	134
133	134
133	135
134	135
134	136
134	138
134	139
135	136
135	137
135	138
135	139
136	137
136	138
136	139
136	140
137	138
137	139
137	140
137	141
138	139
138	140
138	141
138	142
139	140
139	141
139	142
139	143
140	141
140	142
140	143
140	144
141	142
141	143
141	144
141	145
142	143
142	144
142	145
142	146
143	144
143	145
143	146
143	147
144	145
144	146
144	147
144	148
145	146
145	147
145	148
145	149
146	147
146	148
146	149
146	150
147	148
147	149
147	150
147	151
148	149
148	150
148	151
148	152
149	150
149	151
149	152
149	153
150	151
150	152
150	153
151	152
151	153
152	153
152	154
152	155
153	154
153	155
153	156
154	155
154	156
155	156
155	157
156	157
156	158
156	159
157	158
158	159
158	160
159	160
159	161
160	161
160	162
160	168
161	162
161	163
162	163
162	164
162	165
162	168
163	164
163	165
164	165
164	166
164	167
164	168
165	166
165	167
165	168
165	169
166	167
166	168
166	169
166	170
167	168
167	169
167	170
167	171
168	169
168	170
168	171
168	172
169	170
169	171
169	172
169	173
170	171
170	172
170	173
170	174
171	172
171	173
171	174
171	175
172	173
172	174
172	175
172	176
173	174
173	175
173	176
173	177
174	175
174	176
174	177
174	178
175	176
175	177
175	178
175	179
176	177
176	178
176	179
176	180
177	178
177	179
177	180
178	179
178	180
179	180
