0	1
0	2
0	3
1	2
1	3
1	188
1	189
1	190
2	3
2	4
2	189
2	190
2	191
3	4
3	190
3	191
3	192
4	5
4	6
4	7
4	27
4	28
4	29
4	191
4	192
5	6
5	7
5	26
5	27
5	28
5	192
5	193
5	194
6	7
6	8
6	27
6	28
6	29
6	192
6	193
6	194
6	195
7	8
7	9
7	28
7	29
7	30
7	192
7	194
7	195
7	196
8	9
8	10
8	15
8	29
8	30
8	31
8	195
8	196
8	197
8	198
9	10
9	30
9	31
9	32
9	196
9	197
9	198
9	199
10	11
10	12
10	15
10	30
10	31
10	32
10	197
10	198
10	199
11	12
11	13
11	14
11	15
11	16
11	30
11	31
11	32
11	36
12	13
12	14
12	15
12	16
12	39
12	41
12	136
13	14
13	15
13	16
13	17
13	41
13	136
13	390
13	391
14	15
14	16
14	17
14	18
14	198
14	368
14	369
14	390
14	391
14	394
15	16
15	17
15	18
15	19
15	198
16	17
16	18
16	19
16	20
16	139
16	140
16	143
17	18
17	19
17	20
17	21
17	139
17	391
17	394
18	19
18	20
18	21
18	22
18	394
18	395
18	398
19	20
19	21
19	22
19	23
19	28
20	21
20	22
20	23
20	143
21	22
21	23
21	398
22	23
22	24
22	25
22	26
22	398
23	24
23	25
23	26
23	27
23	28
23	148
23	149
24	25
24	26
25	26
26	27
26	28
26	148
27	28
27	29
27	148
27	149
28	29
28	30
28	148
28	149
28	150
29	30
29	31
29	149
29	150
29	151
30	31
30	32
30	150
30	151
30	152
31	32
31	33
31	151
31	152
31	153
31	155
32	33
32	34
32	35
32	36
32	152
32	153
32	154
32	155
32	156
33	34
33	35
33	153
33	154
33	155
33	156
34	35
34	36
34	38
34	153
34	154
34	155
35	36
35	37
35	38
35	153
35	154
36	37
36	38
36	153
37	38
37	39
37	42
37	136
38	39
38	40
38	42
39	40
39	41
39	42
39	212
39	214
40	41
40	42
40	43
40	44
40	211
40	212
41	42
41	43
41	44
41	132
41	136
42	43
42	44
42	132
42	133
42	136
43	44
43	45
43	132
43	133
44	45
44	46
44	130
44	131
44	132
44	133
45	46
45	47
45	129
45	130
45	131
45	132
45	254
46	47
46	126
46	129
46	130
46	131
46	254
46	255
46	256
47	48
47	49
47	124
47	125
47	126
47	127
47	131
47	384
48	49
48	50
48	124
48	125
48	126
48	384
48	385
48	387
48	388
49	50
49	51
49	123
49	124
49	125
49	384
49	385
49	388
50	51
50	52
50	85
50	86
50	123
50	124
51	52
51	53
51	56
51	57
51	58
51	123
52	53
52	54
52	123
53	54
53	55
53	56
54	55
54	56
55	56
55	57
56	57
56	60
56	121
56	122
57	58
57	59
57	60
57	61
58	59
58	60
58	61
58	62
58	82
58	83
59	60
59	61
59	62
59	63
60	61
60	62
60	63
60	64
61	62
61	63
61	64
61	65
61	82
62	63
62	64
62	65
62	66
62	78
62	79
62	82
63	64
63	65
63	66
63	67
64	65
64	66
64	67
64	68
64	118
64	119
65	66
65	67
65	68
65	69
65	382
66	67
66	68
66	69
66	70
66	71
66	73
67	68
67	69
67	70
67	71
68	69
68	70
68	118
68	284
68	380
68	381
68	382
69	70
69	71
69	72
69	73
69	377
69	378
69	379
69	380
69	381
69	507
70	71
70	72
70	378
70	379
70	380
70	506
70	507
71	72
71	73
72	73
72	74
72	378
72	379
72	521
72	522
73	74
73	75
73	375
73	376
73	377
73	378
73	379
74	75
74	76
74	77
74	78
74	375
74	376
74	378
75	76
75	77
75	78
75	79
76	77
76	78
76	79
76	80
77	78
77	79
77	80
77	81
77	374
77	375
77	376
78	79
78	80
78	81
78	82
78	376
79	80
79	81
79	82
79	83
80	81
80	82
80	83
80	84
81	82
81	83
81	84
81	392
82	83
82	84
83	84
83	85
84	85
84	86
84	87
84	88
84	392
85	86
85	87
85	88
85	89
85	388
85	392
86	87
86	88
86	89
86	90
87	88
87	89
87	90
87	91
88	89
88	90
88	91
88	92
88	391
88	392
89	90
89	91
89	92
89	93
90	91
90	92
90	93
90	94
91	92
91	93
91	94
91	95
92	93
92	94
92	95
92	96
92	97
93	94
93	95
93	96
93	97
93	98
94	95
94	96
95	96
95	97
96	97
96	98
96	138
97	98
97	99
97	134
97	135
97	138
98	99
98	100
98	127
99	100
99	101
99	111
99	125
99	126
99	127
100	101
100	102
100	111
100	112
100	126
100	127
100	128
101	102
101	103
101	110
101	111
101	112
102	103
102	104
102	109
102	110
102	111
102	112
103	104
103	105
103	108
103	109
103	110
104	105
104	106
104	107
104	108
104	109
105	106
105	107
105	108
105	109
105	110
106	107
106	108
107	108
108	109
108	110
109	110
110	111
110	112
111	112
111	113
111	125
112	113
112	125
113	114
113	115
113	122
113	123
113	124
113	125
113	126
114	115
114	116
114	122
114	123
114	124
114	125
114	256
114	259
115	116
115	119
115	122
115	123
115	124
115	256
115	259
116	117
116	118
116	119
116	255
116	256
116	258
116	259
116	282
116	383
117	118
117	119
117	282
117	283
117	284
117	383
118	119
118	120
118	282
118	283
118	284
118	382
119	120
119	121
120	121
120	122
121	122
121	123
122	123
122	124
123	124
123	125
124	125
124	126
125	126
126	127
126	128
126	131
127	128
127	129
127	130
127	131
127	134
128	129
128	130
128	131
128	319
128	320
128	321
129	130
129	131
129	319
129	320
129	321
129	322
130	131
130	132
130	133
130	322
131	132
131	133
131	134
131	135
132	133
132	134
132	135
132	136
133	134
133	135
133	136
133	137
134	135
134	136
134	137
134	138
135	136
135	137
135	138
135	139
136	137
136	138
136	139
136	140
137	138
137	139
137	140
137	141
138	139
138	140
138	141
138	142
139	140
139	141
139	142
139	143
140	141
140	142
140	143
140	144
141	142
141	143
141	144
141	145
142	143
142	144
142	145
142	146
143	144
143	145
143	146
143	149
144	145
144	146
144	151
145	146
145	147
146	147
146	148
146	149
147	148
147	149
148	149
148	150
149	150
149	151
150	151
150	152
151	152
151	153
152	153
152	154
152	155
153	154
153	155
154	155
154	156
154	181
154	182
155	156
155	157
155	179
155	180
155	181
155	182
156	157
156	158
156	179
156	180
156	181
156	182
157	158
157	159
157	177
157	178
157	179
157	180
158	159
158	178
158	179
158	180
159	160
159	161
159	177
159	178
159	222
160	161
160	162
160	174
160	176
160	177
160	178
160	222
160	226
161	162
161	163
161	174
161	175
161	176
161	177
162	163
162	164
162	165
162	166
162	172
162	173
162	174
162	175
162	226
163	164
163	165
163	166
163	167
163	168
163	169
163	172
163	173
163	174
163	175
164	165
164	166
164	167
164	168
164	169
164	171
164	172
165	166
165	167
166	167
166	168
167	168
167	169
168	169
168	170
169	170
170	171
170	172
171	172
171	173
172	173
172	362
172	363
173	174
173	175
173	362
173	363
173	364
174	175
174	176
174	363
174	364
174	365
175	176
175	191
175	192
175	193
175	194
176	177
176	190
176	191
176	192
176	195
177	178
177	179
177	189
177	190
177	191
178	179
178	180
178	187
178	188
178	189
178	190
178	417
179	180
179	181
179	187
179	188
179	189
180	181
180	182
180	185
180	186
180	187
180	188
181	182
181	183
181	184
181	185
181	186
181	187
181	188
182	183
182	184
182	185
183	184
183	185
184	185
184	186
185	186
185	187
186	187
186	188
187	188
187	189
187	417
187	419
188	189
188	190
189	190
189	191
189	416
190	191
190	192
191	192
191	411
192	193
192	194
192	195
192	411
193	194
193	195
193	364
193	408
193	411
194	195
194	196
194	364
194	365
195	196
195	197
195	364
195	365
195	366
196	197
196	198
196	365
196	366
196	367
197	198
197	199
197	219
197	366
197	367
197	368
198	199
198	200
198	367
198	368
198	369
198	371
199	200
199	201
199	218
199	219
199	371
200	201
200	215
200	217
200	369
200	370
200	371
201	202
201	203
201	215
201	216
201	217
201	347
201	348
201	370
201	371
202	203
202	204
202	205
202	215
202	216
202	217
202	348
203	204
203	205
203	206
203	209
203	211
203	215
203	216
203	345
203	346
203	347
203	348
204	205
204	206
204	207
204	209
204	211
204	213
204	215
204	216
205	206
205	207
205	216
205	439
205	488
205	492
206	207
206	208
206	209
206	345
206	439
206	440
206	442
206	443
207	208
207	209
207	439
207	440
207	443
208	209
208	344
208	345
209	210
209	211
209	250
209	344
209	345
209	346
210	211
210	212
210	242
210	250
210	251
210	252
210	344
210	345
210	346
211	212
211	213
211	215
211	346
212	213
212	214
212	215
213	214
213	215
214	215
214	216
215	216
215	217
216	217
216	218
216	484
216	487
216	488
217	218
217	219
217	220
217	221
217	487
217	488
217	491
218	219
218	220
218	221
218	222
218	487
219	220
219	221
219	222
219	223
219	371
220	221
220	222
220	223
220	224
220	351
220	352
220	371
221	222
221	223
221	224
221	225
221	487
221	490
221	491
222	223
222	224
222	225
222	226
223	224
223	225
223	226
223	227
223	228
223	352
224	225
224	226
224	227
224	228
224	229
224	528
225	226
225	227
226	227
226	228
227	228
227	229
227	362
227	528
228	229
228	230
228	352
228	360
228	361
228	362
228	527
228	528
229	230
229	352
229	353
229	361
229	525
229	526
229	527
229	528
230	231
230	351
230	352
230	353
230	525
230	526
230	527
231	232
231	233
231	350
231	351
231	352
231	353
231	373
231	523
231	524
231	525
231	526
232	233
232	234
232	235
232	349
232	350
232	351
232	498
232	523
232	524
232	525
233	234
233	235
233	236
233	349
233	350
233	351
233	494
233	495
233	498
234	235
234	236
234	495
234	496
234	498
234	499
234	509
235	236
235	237
235	348
235	349
235	350
235	379
235	380
235	508
235	509
236	237
236	238
236	347
236	348
236	349
236	508
237	238
237	239
237	286
237	345
237	346
237	347
237	348
237	380
237	508
238	239
238	240
238	289
238	343
238	344
238	345
238	346
239	240
239	241
239	242
239	285
239	289
239	343
239	344
239	345
239	346
240	241
240	242
240	285
240	288
240	289
240	342
240	343
240	344
241	242
241	243
241	252
241	253
241	341
241	342
241	343
242	243
242	244
242	251
242	252
242	253
242	341
242	342
242	343
242	344
243	244
243	245
243	248
243	251
243	252
243	253
243	340
243	341
243	342
244	245
244	246
244	340
244	341
244	342
245	246
245	247
245	248
246	247
246	248
247	248
247	249
248	249
248	250
248	251
249	250
249	251
250	251
251	252
251	253
252	253
252	254
253	254
253	255
254	255
254	256
254	257
255	256
255	257
255	258
255	259
256	257
256	258
256	259
256	260
257	258
257	259
257	260
257	261
257	262
258	259
258	260
258	261
258	262
258	263
258	281
258	282
259	260
259	261
259	282
260	261
260	262
261	262
261	263
261	308
262	263
262	264
262	306
262	307
262	308
263	264
263	265
263	281
263	306
263	307
263	308
264	265
264	271
264	281
264	305
264	306
264	307
265	266
265	267
265	269
265	270
265	271
265	272
265	304
265	305
265	306
266	267
266	268
266	269
266	270
266	271
266	272
266	304
266	305
267	268
267	269
267	304
267	305
268	269
268	270
269	270
269	271
270	271
270	272
271	272
271	273
272	273
272	274
272	275
273	274
273	275
273	276
273	277
273	280
273	281
274	275
274	276
274	277
274	278
274	280
275	276
275	277
276	277
276	278
276	291
277	278
277	279
277	280
278	279
278	280
279	280
279	281
279	282
279	283
280	281
280	282
280	283
281	282
281	283
282	283
282	284
283	284
283	285
283	287
283	288
284	285
284	286
284	287
284	288
285	286
285	287
285	288
285	289
286	287
286	288
286	289
286	290
286	380
286	507
286	508
287	288
287	289
287	290
287	291
288	289
288	290
288	291
288	292
289	290
289	291
289	292
289	293
289	343
290	291
290	292
290	293
290	294
290	448
291	292
291	293
291	294
291	295
292	293
292	294
292	295
292	296
292	304
293	294
293	295
293	296
293	297
294	295
294	296
294	297
294	298
295	296
295	297
295	298
295	299
296	297
296	298
296	299
296	300
296	301
296	302
296	303
297	298
297	299
297	300
297	301
298	299
298	300
299	300
299	301
300	301
300	302
301	302
301	303
302	303
303	304
303	305
303	340
303	341
303	342
304	305
304	340
304	341
304	342
305	306
305	307
305	338
305	339
305	340
305	341
306	307
306	308
306	338
306	339
306	340
306	341
307	308
307	309
307	337
307	338
307	339
308	309
308	310
308	311
309	310
309	311
309	334
309	335
309	336
309	337
310	311
310	312
311	312
311	313
312	313
312	314
312	315
312	316
313	314
313	315
313	316
313	317
313	335
314	315
314	316
314	317
314	318
315	316
315	317
315	318
315	319
316	317
316	318
316	319
316	320
316	335
317	318
317	319
317	320
317	321
317	324
318	319
318	320
318	321
319	320
319	321
320	321
320	322
320	323
320	324
321	322
321	323
321	324
321	325
322	323
322	324
322	325
322	326
323	324
323	325
323	326
323	327
324	325
324	326
324	327
324	328
324	333
324	334
325	326
325	327
325	328
325	329
326	327
326	328
326	329
326	330
327	328
327	329
327	330
327	331
327	332
327	333
327	334
328	329
328	330
328	331
328	332
328	333
329	330
329	331
330	331
330	332
331	332
331	333
332	333
332	334
333	334
333	335
333	336
333	337
334	335
334	336
334	337
335	336
335	337
336	337
337	338
337	339
338	339
338	340
339	340
339	341
340	341
341	342
341	343
342	343
342	344
343	344
344	345
344	346
345	346
345	347
346	347
347	348
347	349
348	349
348	350
348	370
349	350
349	351
349	373
349	377
349	380
349	381
350	351
350	372
350	373
351	352
351	353
351	371
351	372
351	373
352	353
352	354
352	367
352	371
352	372
352	373
353	354
353	355
353	360
353	372
353	373
353	374
354	355
354	356
354	358
354	359
354	360
354	367
354	372
354	373
354	374
355	356
355	357
355	358
355	359
355	360
355	374
356	357
356	358
356	396
357	358
357	359
357	393
357	396
357	397
357	400
358	359
358	360
358	366
358	367
358	368
358	393
358	397
359	360
359	361
359	365
359	366
359	367
360	361
360	362
360	365
360	366
360	367
361	362
361	363
362	363
362	364
362	365
363	364
363	365
364	365
364	366
365	366
365	367
366	367
366	368
367	368
367	369
367	371
367	372
368	369
368	370
368	371
368	372
368	390
368	393
368	394
369	370
369	371
369	372
369	389
369	390
370	371
370	372
371	372
372	373
372	374
373	374
373	375
374	375
374	376
375	376
375	377
375	378
376	377
376	378
377	378
377	379
377	380
377	381
378	379
378	380
379	380
379	381
379	506
379	507
379	508
380	381
380	382
380	507
380	508
381	382
381	383
381	385
382	383
382	384
382	385
383	384
383	385
384	385
384	386
384	387
384	388
385	386
385	387
385	388
385	389
386	387
386	388
386	389
386	390
387	388
387	389
387	390
387	391
388	389
388	390
388	391
388	392
389	390
389	391
389	392
389	393
390	391
390	392
390	393
390	394
391	392
391	393
391	394
391	395
392	393
392	394
392	395
392	396
393	394
393	395
393	396
393	397
394	395
394	396
394	397
394	398
395	396
395	397
395	398
395	399
396	397
396	398
396	399
396	400
397	398
397	399
397	400
397	401
398	399
398	400
398	401
398	402
399	400
399	401
399	402
399	403
400	401
400	402
400	403
400	404
401	402
401	403
401	404
401	405
402	403
402	404
402	405
403	404
403	405
403	406
404	405
404	406
404	407
404	408
405	406
405	407
405	408
406	407
406	408
407	408
407	409
408	409
408	410
409	410
409	411
410	411
410	412
411	412
411	413
412	413
412	414
413	414
414	415
414	416
415	416
415	417
416	417
416	418
417	418
417	419
418	419
418	420
419	420
419	421
419	477
420	421
420	422
420	475
420	476
420	477
421	422
421	423
421	475
421	476
421	477
422	423
422	475
422	476
422	477
423	424
423	425
423	476
423	477
424	425
424	426
424	427
424	428
425	426
425	427
425	428
425	429
426	427
426	428
426	429
426	430
427	428
427	429
427	430
427	431
428	429
428	430
428	431
428	432
429	430
429	431
429	432
429	433
430	431
430	432
430	433
430	434
431	432
431	433
431	434
431	435
431	482
432	433
432	434
432	435
432	436
433	434
433	435
433	436
433	437
434	435
434	436
434	437
434	438
435	436
435	437
435	438
435	439
435	485
436	437
436	438
436	439
436	440
437	438
437	439
437	440
437	441
438	439
438	440
438	441
438	442
439	440
439	441
439	442
439	443
440	441
440	442
440	443
440	444
441	442
441	443
441	444
441	445
441	458
442	443
442	444
442	445
442	446
442	447
442	458
443	444
443	445
443	446
443	447
444	445
444	446
444	447
445	446
445	447
445	450
445	454
445	455
445	457
445	458
446	447
446	450
446	455
447	448
447	449
447	450
448	449
448	450
449	450
449	510
449	511
450	451
450	454
450	510
450	511
450	512
451	452
451	453
451	454
451	455
451	511
451	512
451	513
452	453
452	454
452	455
452	456
452	500
452	513
453	454
453	455
453	456
453	457
454	455
454	456
454	457
454	458
455	456
455	457
455	458
455	459
455	496
455	500
456	457
456	458
456	459
456	460
457	458
457	459
457	460
457	461
458	459
458	460
458	461
458	462
459	460
459	461
459	462
459	463
459	493
459	496
460	461
460	462
460	463
460	464
461	462
461	463
461	464
461	465
462	463
462	464
462	465
462	466
462	489
462	493
463	464
463	465
463	466
463	467
464	465
464	466
464	467
464	468
465	466
465	467
465	468
465	469
466	467
466	468
466	469
466	470
466	489
467	468
467	469
467	470
467	471
468	469
468	470
468	471
468	472
469	470
469	471
469	472
469	473
469	474
470	471
470	472
470	473
470	474
471	472
471	473
471	474
472	473
472	474
473	474
473	475
473	476
474	475
474	476
475	476
475	477
476	477
476	478
477	478
477	479
478	479
478	482
478	483
479	480
479	481
479	482
479	483
480	481
480	482
480	483
480	484
481	482
481	483
481	484
481	485
482	483
482	484
482	485
482	486
483	484
483	485
483	486
483	487
484	485
484	486
484	487
484	488
485	486
485	487
485	488
485	489
486	487
486	488
486	489
486	490
487	488
487	489
487	490
487	491
488	489
488	490
488	491
488	492
489	490
489	491
489	492
489	493
490	491
490	492
490	493
490	494
491	492
491	493
491	494
491	495
492	493
492	494
492	495
492	496
493	494
493	495
493	496
493	497
494	495
494	496
494	497
494	498
495	496
495	497
495	498
495	499
496	497
496	498
496	499
496	500
497	498
497	499
497	500
497	501
498	499
498	500
498	501
498	502
498	524
499	500
499	501
499	502
500	501
500	502
501	502
501	503
501	524
502	503
502	504
503	504
503	514
504	505
504	506
504	514
504	515
504	516
504	517
504	518
505	506
505	507
505	509
505	510
505	511
505	514
505	515
505	516
505	517
506	507
506	508
506	509
506	510
506	517
507	508
507	509
508	509
508	510
509	510
509	511
510	511
510	512
511	512
511	513
511	514
511	515
512	513
512	514
512	515
513	514
513	515
514	515
514	516
515	516
515	517
516	517
516	518
517	518
517	519
518	519
518	520
518	521
519	520
519	521
520	521
521	522
522	523
522	524
523	524
523	525
524	525
524	526
525	526
525	527
526	527
526	528
527	528
