0	1
0	2
0	152
0	225
0	226
1	2
1	3
1	5
1	151
1	152
1	225
1	226
2	3
2	4
2	5
2	151
2	152
2	153
2	226
3	4
3	5
3	6
3	7
3	151
3	153
3	155
4	5
4	6
4	7
4	8
5	6
5	7
5	8
5	224
5	225
5	226
5	229
6	7
6	8
6	223
6	224
7	8
7	9
7	10
7	11
8	9
8	10
8	11
8	12
9	10
9	11
9	12
9	13
10	11
10	12
10	13
10	14
11	12
11	13
11	14
11	15
12	13
12	14
12	15
13	14
13	15
13	16
13	17
14	15
14	16
14	17
14	18
15	16
15	17
15	18
16	17
16	18
17	18
17	19
17	20
17	21
18	19
18	20
18	21
18	22
19	20
19	21
19	22
19	23
20	21
20	22
20	23
20	24
20	213
21	22
21	23
21	24
21	25
22	23
22	24
22	25
22	26
23	24
23	25
23	26
23	27
24	25
24	26
24	27
24	28
24	213
24	216
25	26
25	27
25	28
25	29
25	44
25	48
26	27
26	28
26	29
26	30
26	61
27	28
27	29
27	30
27	31
28	29
28	30
28	31
28	32
28	44
29	30
29	31
29	32
29	33
29	41
29	44
29	45
29	61
29	62
30	31
30	32
30	33
30	34
30	61
30	62
30	64
31	32
31	33
31	34
31	35
32	33
32	34
32	35
32	36
32	37
32	40
32	41
33	34
33	35
33	36
33	37
33	41
33	62
33	64
33	65
34	35
34	36
34	64
34	65
35	36
35	37
36	37
36	38
36	65
37	38
37	39
37	40
37	41
38	39
38	40
38	41
38	42
39	40
39	41
39	42
40	41
40	42
40	43
40	44
41	42
41	43
41	44
41	45
42	43
42	44
42	45
42	46
43	44
43	45
43	46
43	47
44	45
44	46
44	47
44	48
45	46
45	47
45	48
45	49
46	47
46	48
46	49
46	50
47	48
47	49
47	50
47	51
47	183
48	49
48	50
48	51
48	52
48	53
49	50
49	51
49	52
49	53
50	51
50	52
50	181
51	52
51	53
52	53
52	54
53	54
53	55
53	57
53	58
54	55
54	56
54	57
54	58
55	56
55	57
55	58
55	59
56	57
56	58
56	59
56	60
57	58
57	59
57	60
57	61
58	59
58	60
58	61
58	62
59	60
59	61
59	62
59	63
60	61
60	62
60	63
60	64
61	62
61	63
61	64
62	63
62	64
62	65
63	64
63	65
64	65
66	67
66	68
67	68
67	69
67	90
68	69
68	88
68	89
68	90
69	70
69	71
69	88
69	89
69	90
70	71
70	72
70	87
70	88
70	89
71	72
71	73
71	86
71	87
71	88
72	73
72	74
72	85
72	86
72	87
73	74
73	84
73	85
73	86
73	110
73	113
74	75
74	83
74	84
74	85
74	110
74	111
74	113
74	115
74	116
75	76
75	77
75	82
75	83
75	84
75	108
75	109
75	110
75	111
76	77
76	80
76	81
76	82
76	83
76	108
76	109
76	110
77	78
77	79
77	80
77	81
77	82
77	107
77	108
77	202
78	79
78	80
78	81
78	198
78	199
78	201
78	202
79	80
79	81
79	194
79	198
80	81
80	82
81	82
81	83
81	192
81	220
81	221
81	222
82	83
82	116
82	220
82	221
83	84
83	85
83	116
83	219
83	220
84	85
84	86
84	117
84	218
84	219
84	220
85	86
85	87
85	215
85	217
85	218
85	219
86	87
86	215
86	216
86	217
86	218
87	88
87	89
87	214
87	215
87	216
87	217
88	89
88	214
88	215
88	216
89	90
89	91
89	92
89	214
90	91
90	92
91	92
91	93
91	94
91	95
92	93
92	94
92	95
92	96
93	94
93	95
93	96
93	97
94	95
94	96
94	97
94	98
95	96
95	97
95	98
95	99
95	214
96	97
96	98
96	99
96	100
97	98
97	99
97	100
97	101
98	99
98	100
98	101
98	102
98	212
99	100
99	101
99	102
99	103
99	209
100	101
100	102
100	103
100	104
100	110
101	102
101	103
101	104
101	105
102	103
102	104
102	105
102	106
102	205
102	208
102	209
103	104
103	105
103	106
103	107
103	108
103	109
103	205
104	105
104	106
104	107
104	108
105	106
105	107
106	107
106	108
106	201
106	205
107	108
108	109
109	110
109	111
110	111
111	112
111	113
111	115
112	113
112	114
112	115
113	114
113	115
114	115
114	116
114	117
114	118
115	116
115	117
115	118
116	117
116	118
116	119
117	118
117	119
117	120
118	119
118	120
119	120
119	121
119	188
119	189
120	121
120	122
120	186
120	187
120	188
120	189
121	122
121	123
121	186
121	187
121	188
122	123
122	162
122	185
122	186
122	187
123	124
123	125
123	159
123	160
123	161
123	162
123	184
123	185
123	186
123	187
124	125
124	126
124	159
124	160
124	161
124	162
124	163
124	165
124	183
124	184
124	185
125	126
125	127
125	157
125	158
125	159
125	160
125	165
125	182
125	183
125	184
126	127
126	128
126	157
126	158
126	159
126	169
126	179
126	181
126	182
126	183
127	128
127	129
127	156
127	157
127	158
127	179
127	180
127	181
127	182
128	129
128	130
128	131
128	155
128	156
128	157
128	179
128	180
128	181
129	130
129	154
129	155
129	156
129	180
130	131
130	154
130	155
130	156
131	132
131	133
132	133
132	134
132	135
132	136
133	134
133	135
133	136
133	137
134	135
134	136
134	137
134	138
135	136
135	137
135	138
135	139
136	137
136	138
136	139
136	140
136	177
137	138
137	139
137	140
137	141
137	148
138	139
138	140
138	141
138	142
139	140
139	141
139	142
139	143
139	172
140	141
140	142
140	143
140	144
140	145
140	158
140	168
140	172
141	142
141	143
141	144
141	145
141	146
142	143
142	144
143	144
143	145
143	168
143	171
144	145
144	146
144	168
145	146
145	147
145	158
145	159
145	160
145	168
146	147
146	159
146	160
146	161
147	148
147	149
147	158
147	159
148	149
148	150
148	157
148	158
148	159
149	150
149	151
149	156
149	157
149	158
150	151
150	152
150	154
150	155
150	156
150	157
151	152
151	153
151	154
151	155
151	156
152	153
152	154
153	154
153	155
154	155
154	156
155	156
155	157
156	157
156	158
157	158
157	159
158	159
158	160
159	160
160	161
160	162
160	164
160	165
161	162
161	163
161	164
161	165
162	163
162	164
162	165
162	184
163	164
163	165
164	165
164	166
164	167
164	168
165	166
165	167
165	168
165	169
166	167
166	168
166	169
166	170
167	168
167	169
167	170
167	171
168	169
168	170
168	171
168	172
169	170
169	171
169	172
169	173
169	182
170	171
170	172
170	173
170	174
171	172
171	173
171	174
171	175
172	173
172	174
172	175
172	176
172	177
172	178
173	174
173	175
173	176
173	177
173	178
174	175
174	176
175	176
175	177
176	177
176	178
177	178
177	179
178	179
178	180
179	180
179	181
179	182
180	181
181	182
181	183
182	183
183	184
183	185
184	185
185	186
185	187
186	187
186	188
186	219
187	188
187	189
188	189
188	190
188	221
189	190
190	191
190	192
190	221
191	192
191	193
191	221
191	222
191	223
192	193
192	194
192	221
192	222
192	223
193	194
193	222
193	223
193	224
194	195
194	198
194	199
194	222
194	223
194	224
195	196
195	197
195	198
195	199
195	228
196	197
196	198
196	199
196	200
196	228
196	231
197	198
197	199
197	200
197	201
198	199
198	200
198	201
198	202
199	200
199	201
199	202
199	203
200	201
200	202
200	203
200	204
200	232
201	202
201	203
201	204
201	205
202	203
202	204
202	205
202	206
203	204
203	205
203	206
203	207
204	205
204	206
204	207
204	208
205	206
205	207
205	208
205	209
206	207
206	208
206	209
206	210
206	218
207	208
207	209
207	210
207	211
208	209
208	210
208	211
208	212
209	210
209	211
209	212
209	215
210	211
210	212
210	215
211	212
211	213
212	213
212	214
212	215
213	214
213	215
214	215
214	216
215	216
215	217
216	217
217	218
217	219
218	219
218	220
219	220
220	221
220	222
221	222
221	223
222	223
222	224
223	224
224	225
224	226
224	228
224	229
225	226
225	227
225	228
225	229
226	227
226	228
226	229
226	230
227	228
227	229
227	230
228	229
228	230
228	231
229	230
229	231
229	232
230	231
230	232
231	232
