0	1
0	2
1	2
1	3
1	192
2	3
2	4
2	191
2	192
3	4
3	5
3	191
3	192
3	193
3	194
4	5
4	6
4	189
4	191
4	192
4	193
4	194
5	6
5	7
5	193
5	194
5	197
5	245
6	7
6	245
7	8
7	9
7	144
7	241
8	9
8	10
8	11
8	122
8	144
8	145
8	146
8	147
9	10
9	11
9	145
9	146
9	147
10	11
10	12
10	146
10	147
10	148
11	12
11	13
11	147
11	148
11	149
12	13
12	148
12	149
12	150
13	14
13	17
13	149
13	150
13	151
13	152
14	15
14	16
14	17
14	150
14	151
14	152
15	16
15	17
15	151
15	152
15	153
15	224
16	17
16	18
16	19
16	151
16	153
17	18
17	19
17	20
17	21
17	150
17	151
18	19
18	20
18	21
18	151
19	20
19	21
20	21
20	22
20	23
20	24
21	22
21	23
21	24
21	25
22	23
22	24
22	25
22	26
22	53
22	56
23	24
23	25
23	26
23	27
24	25
24	26
24	27
25	26
25	27
25	28
25	29
26	27
26	28
26	29
26	30
26	55
26	56
27	28
27	29
28	29
28	84
28	85
29	30
29	31
29	84
30	31
30	32
30	55
30	56
30	57
30	84
31	32
31	33
31	56
31	57
31	58
31	82
31	83
31	84
31	85
32	33
32	34
32	56
32	57
32	58
32	59
32	83
32	84
32	85
32	86
33	34
33	35
33	58
33	59
33	60
33	79
33	83
33	85
33	86
33	87
34	35
34	36
34	58
34	59
34	60
34	61
34	86
34	87
34	88
35	36
35	60
35	61
35	62
35	63
35	87
35	88
35	89
35	94
35	98
36	37
36	38
36	40
36	41
36	61
36	62
36	63
36	88
36	89
36	90
36	94
37	38
37	39
37	40
37	41
37	62
37	63
37	89
37	90
37	94
38	39
38	40
38	41
38	42
38	62
38	63
39	40
39	41
39	42
39	43
40	41
40	42
40	43
40	44
40	45
40	90
41	42
41	43
41	44
41	45
41	46
41	47
42	43
42	44
42	45
42	46
42	47
43	44
43	45
43	46
44	45
44	46
45	46
45	47
45	49
46	47
46	48
46	49
47	48
47	49
48	49
48	50
48	51
49	50
49	51
49	52
50	51
50	52
50	53
51	52
51	53
52	53
52	54
53	54
53	55
53	56
54	55
54	56
55	56
55	57
56	57
56	58
57	58
57	59
58	59
58	60
59	60
59	61
60	61
60	62
61	62
61	63
62	63
62	64
63	64
63	65
63	94
64	65
64	66
64	71
65	66
65	67
66	67
66	68
66	71
66	93
66	131
66	133
67	68
67	69
67	71
67	72
67	93
67	94
67	96
67	97
67	128
67	129
68	69
68	70
68	71
68	72
68	128
68	129
68	130
68	131
69	70
69	71
69	72
69	73
69	128
70	71
70	72
70	73
70	74
71	72
71	73
71	74
71	75
72	73
72	74
72	75
72	76
72	97
72	100
72	101
73	74
73	75
73	76
73	77
74	75
74	76
74	77
74	78
75	76
75	77
75	78
75	79
76	77
76	78
76	79
76	101
77	78
77	79
78	79
78	80
79	80
79	81
79	83
80	81
80	82
80	83
81	82
81	83
82	83
82	84
83	84
83	85
84	85
84	107
85	86
85	87
85	107
85	108
85	109
86	87
86	88
86	98
86	102
86	107
86	108
86	109
86	110
87	88
87	89
87	98
87	109
87	110
87	111
88	89
88	90
88	94
88	95
88	98
88	110
88	111
88	112
89	90
89	94
89	95
89	111
89	112
89	113
89	114
90	91
90	92
90	94
90	95
90	112
90	113
90	114
91	92
91	93
91	94
91	95
91	113
91	114
91	115
92	93
92	94
92	95
92	96
93	94
93	95
93	96
93	97
94	95
94	96
94	97
94	98
95	96
95	97
95	98
95	99
95	111
95	121
96	97
96	98
96	99
96	100
96	126
96	127
97	98
97	99
97	100
97	101
98	99
98	100
98	101
98	102
99	100
99	101
99	102
99	103
99	109
99	126
100	101
100	102
100	103
100	104
100	126
101	102
101	103
101	104
101	105
102	103
102	104
102	105
102	106
102	107
102	108
102	109
103	104
103	105
103	106
103	107
104	105
104	106
105	106
105	107
106	107
106	108
107	108
107	109
108	109
108	146
109	110
109	111
109	145
109	146
109	147
110	111
110	112
110	145
110	146
110	147
110	148
111	112
111	113
111	121
111	145
111	147
111	148
111	149
112	113
112	114
112	148
112	149
112	150
113	114
113	115
113	116
113	121
113	150
114	115
114	116
114	154
114	155
115	116
115	117
115	155
115	158
115	162
116	117
116	118
116	155
116	162
116	163
116	166
116	232
116	235
116	236
117	118
117	162
117	163
117	165
117	166
118	119
118	120
118	166
118	169
118	235
118	270
119	120
119	121
119	169
119	170
119	235
119	236
119	239
119	240
120	121
120	122
120	123
120	240
121	122
121	123
121	236
122	123
122	124
122	144
122	145
122	148
122	237
122	240
123	124
123	125
123	144
123	240
123	244
124	125
124	140
124	141
124	142
124	143
124	144
124	145
125	126
125	127
125	139
125	140
125	141
126	127
126	128
126	138
126	139
126	140
127	128
127	129
127	137
127	138
127	139
128	129
128	135
128	136
128	137
128	138
128	139
129	130
129	131
129	133
129	134
129	135
129	136
129	137
130	131
130	132
130	133
130	134
130	135
130	136
131	132
131	133
132	133
132	134
133	134
133	135
134	135
134	136
135	136
135	137
136	137
137	138
137	139
138	139
138	140
139	140
139	141
140	141
140	142
141	142
141	143
142	143
143	144
143	145
144	145
144	146
145	146
145	147
145	148
146	147
146	148
147	148
147	149
148	149
148	150
149	150
149	151
150	151
150	152
151	152
151	153
151	154
151	155
152	153
152	154
152	155
152	156
152	224
152	229
153	154
153	155
153	156
153	157
153	224
154	155
154	156
154	157
154	158
155	156
155	157
155	158
156	157
156	158
156	219
156	222
156	223
156	224
157	158
157	159
157	219
157	222
158	159
158	160
159	160
159	161
159	162
160	161
160	162
160	163
160	164
160	216
160	219
160	220
161	162
161	163
161	164
161	165
162	163
162	164
162	165
162	166
163	164
163	165
163	166
163	167
164	165
164	166
164	167
164	168
164	301
164	303
165	166
165	167
165	168
165	169
165	268
165	269
165	270
165	271
166	167
166	168
166	169
166	170
166	235
166	270
167	168
167	169
167	170
167	171
167	208
167	235
167	270
168	169
168	170
168	171
168	172
168	270
168	271
168	273
168	274
168	303
169	170
169	171
169	172
169	270
169	273
169	274
170	171
170	172
170	173
170	204
170	235
170	239
171	172
171	173
171	174
171	205
172	173
172	174
172	175
172	176
172	251
172	273
172	277
173	174
173	175
173	176
173	177
173	201
173	239
173	242
173	243
174	175
174	176
174	177
174	178
174	201
174	202
174	205
175	176
175	177
175	178
175	179
176	177
176	178
176	179
176	180
176	247
176	248
176	249
176	250
176	251
177	178
177	179
177	180
177	181
177	198
177	201
177	242
177	243
177	246
177	247
177	248
178	179
178	180
178	181
178	182
178	198
179	180
179	181
179	182
179	183
179	249
179	336
179	337
179	338
180	181
180	182
180	183
180	184
180	185
180	246
180	247
180	249
180	336
180	337
181	182
181	183
181	184
181	185
182	183
182	184
182	338
183	184
183	185
183	336
183	337
183	338
184	185
184	186
184	192
185	186
185	187
185	192
185	336
186	187
186	188
186	190
186	191
186	192
186	193
186	247
187	188
187	189
187	190
187	191
187	192
187	193
187	244
187	245
187	246
187	247
188	189
188	190
188	244
188	245
188	247
189	190
189	191
190	191
190	192
191	192
191	193
192	193
192	194
193	194
193	195
193	197
193	198
193	245
193	246
194	195
194	196
194	197
194	198
195	196
195	197
195	198
195	199
196	197
196	198
196	199
196	200
197	198
197	199
197	200
197	201
197	241
197	242
197	245
197	246
198	199
198	200
198	201
198	202
198	242
198	246
199	200
199	201
199	202
199	203
200	201
200	202
200	203
200	204
200	238
200	242
201	202
201	203
201	204
201	205
201	238
201	239
201	242
202	203
202	204
202	205
202	206
203	204
203	205
203	206
203	207
204	205
204	206
204	207
204	208
204	234
204	238
204	239
205	206
205	207
205	208
205	209
206	207
206	208
206	209
206	210
207	208
207	209
207	210
207	211
207	231
207	234
208	209
208	210
208	211
208	212
208	231
209	210
209	211
209	212
209	297
210	211
210	212
211	212
211	213
211	214
211	215
211	227
211	231
212	213
212	214
212	215
212	216
212	231
212	301
213	214
213	215
213	216
213	217
213	300
213	301
214	215
214	216
214	217
214	218
214	227
215	216
215	217
215	218
215	219
215	227
215	228
215	231
216	217
216	218
216	219
216	220
216	301
217	218
217	219
217	220
217	221
218	219
218	220
218	221
218	222
218	223
218	224
218	225
218	228
219	220
219	221
219	222
219	223
220	221
220	222
221	222
221	223
222	223
223	224
223	225
224	225
224	226
224	228
225	226
225	227
225	228
225	229
226	227
226	228
226	229
226	230
227	228
227	229
227	230
227	231
228	229
228	230
228	231
228	232
229	230
229	231
229	232
229	233
230	231
230	232
230	233
230	234
231	232
231	233
231	234
231	235
232	233
232	234
232	235
232	236
233	234
233	235
233	236
233	237
233	238
234	235
234	236
234	237
234	238
234	239
235	236
235	237
235	238
235	239
236	237
236	238
236	239
236	240
237	238
237	239
237	240
237	241
238	239
238	240
238	241
238	242
239	240
239	241
239	242
239	243
240	241
240	242
240	243
240	244
241	242
241	243
241	244
241	245
242	243
242	244
242	245
242	246
242	247
243	244
243	245
243	246
243	247
243	248
244	245
244	246
244	247
245	246
245	247
246	247
247	248
247	249
248	249
248	252
248	333
249	250
249	251
249	252
249	253
249	333
249	334
249	335
249	336
249	337
250	251
250	252
250	253
250	254
250	280
250	333
250	334
250	337
251	252
251	253
251	254
251	255
251	273
251	276
251	277
251	280
252	253
252	254
252	255
252	256
252	273
252	276
253	254
253	255
253	256
253	257
253	327
253	332
253	333
253	334
254	255
254	256
254	257
254	258
254	276
254	327
255	256
255	257
255	258
255	259
255	272
255	273
255	276
256	257
256	258
256	259
256	327
257	258
257	259
257	260
257	323
257	324
257	326
257	327
258	259
258	260
258	261
258	264
258	323
259	260
259	261
259	262
259	264
259	265
260	261
260	262
260	323
261	262
261	263
261	264
262	263
262	264
262	265
263	264
263	265
263	266
263	311
263	312
264	265
264	266
264	267
264	310
264	311
265	266
265	267
266	267
266	268
267	268
267	269
267	271
267	272
267	310
268	269
268	270
268	271
268	272
269	270
269	271
269	272
269	273
270	271
270	272
270	273
270	274
271	272
271	273
271	274
271	303
271	304
272	273
272	274
272	275
272	276
272	310
273	274
273	275
273	276
273	277
274	275
274	276
274	277
274	278
274	303
274	304
275	276
275	277
275	278
275	279
275	304
275	305
276	277
276	278
276	279
276	280
277	278
277	279
277	280
277	281
278	279
278	280
278	281
278	282
278	353
279	280
279	281
279	282
279	283
279	349
279	350
279	353
280	281
280	282
280	283
280	284
280	349
281	282
281	283
281	284
281	285
281	286
281	291
282	283
282	284
282	285
282	286
282	349
282	353
283	284
283	285
283	345
283	346
283	349
284	285
284	286
285	286
285	287
286	287
286	288
286	290
286	291
287	288
287	289
287	290
287	291
288	289
288	290
288	291
288	292
289	290
289	291
289	292
289	293
290	291
290	292
290	293
290	294
291	292
291	293
291	294
291	295
292	293
292	294
292	295
292	296
293	294
293	295
293	296
293	297
294	295
294	296
294	297
294	298
295	296
295	297
295	298
295	299
295	305
296	297
296	298
296	299
296	300
297	298
297	299
297	300
297	301
298	299
298	300
298	301
298	302
298	303
298	304
298	305
299	300
299	301
299	302
299	303
300	301
300	302
301	302
301	303
302	303
302	304
303	304
303	305
304	305
304	306
304	309
304	310
305	306
305	354
305	357
306	307
306	308
306	309
306	354
306	357
306	358
307	308
307	309
307	310
307	311
307	312
307	313
307	354
308	309
308	310
308	311
308	312
308	313
309	310
309	311
310	311
310	312
311	312
311	313
312	313
312	314
312	315
313	314
313	315
314	315
314	316
315	316
315	317
315	319
316	317
316	318
316	319
316	320
317	318
317	319
317	320
317	321
318	319
318	320
318	321
318	322
319	320
319	321
319	322
319	323
320	321
320	322
320	323
320	324
320	347
321	322
321	323
321	324
321	325
321	347
322	323
322	324
322	325
322	326
323	324
323	325
323	326
323	327
324	325
324	326
324	327
324	328
324	343
324	344
324	346
324	347
325	326
325	327
325	328
325	329
325	343
326	327
326	328
326	329
327	328
327	329
327	332
328	329
328	330
328	332
328	334
328	342
328	343
329	330
329	331
329	332
330	331
330	332
331	332
331	333
332	333
332	334
332	335
333	334
333	335
333	336
334	335
334	336
334	337
335	336
335	337
335	340
335	341
336	337
336	338
337	338
337	339
338	339
338	340
339	340
339	341
340	341
340	342
341	342
341	343
341	345
342	343
342	344
342	345
342	346
343	344
343	345
343	346
343	347
344	345
344	346
344	347
344	348
345	346
345	347
345	348
345	349
346	347
346	348
346	349
346	350
347	348
347	349
347	350
347	351
348	349
348	350
348	351
348	352
349	350
349	351
349	352
349	353
350	351
350	352
350	353
350	354
351	352
351	353
351	354
351	355
352	353
352	354
352	355
352	356
353	354
353	355
353	356
353	357
354	355
354	356
354	357
354	358
355	356
355	357
355	358
355	359
356	357
356	358
356	359
356	360
357	358
357	359
357	360
357	361
358	359
358	360
358	361
358	362
358	363
359	360
359	361
359	362
359	363
360	361
360	362
361	362
361	363
362	363
