0	1
0	2
0	66
0	67
0	68
1	2
1	3
1	67
1	68
1	69
2	3
2	4
2	53
2	56
2	57
2	68
3	4
3	5
3	6
3	53
4	5
4	6
4	57
5	6
5	7
6	7
6	10
6	50
6	53
6	54
7	8
7	9
7	10
7	11
7	54
8	9
8	10
8	11
8	51
8	54
8	55
9	10
9	11
10	11
10	12
11	12
11	13
12	13
12	14
12	166
13	14
13	15
13	17
13	18
13	166
14	15
14	16
14	17
14	18
14	163
14	165
14	166
15	16
15	17
15	18
16	17
16	18
16	160
16	161
16	162
16	163
17	18
17	19
17	20
17	21
17	160
17	161
17	162
18	19
18	20
18	21
18	22
19	20
19	21
19	22
19	23
19	158
20	21
20	22
20	23
20	24
20	40
20	158
20	160
21	22
21	23
21	24
21	25
22	23
22	24
22	25
22	26
23	24
23	25
23	26
23	27
24	25
24	26
24	27
24	28
25	26
25	27
25	28
25	29
26	27
26	28
26	29
26	30
27	28
27	29
27	30
27	31
27	34
27	35
28	29
28	30
28	31
29	30
29	31
30	31
30	32
30	33
30	34
31	32
31	33
31	128
31	129
32	33
32	34
32	35
32	36
32	127
32	128
32	129
33	34
33	35
33	127
34	35
34	36
35	36
35	37
35	38
35	155
35	156
36	37
36	38
36	129
36	130
36	155
37	38
37	39
37	129
37	130
37	131
37	152
37	155
37	156
38	39
38	40
38	130
38	131
38	132
38	155
38	156
38	157
39	40
39	41
39	131
39	132
39	133
39	152
39	156
39	157
39	158
40	41
40	48
40	132
40	133
40	134
40	157
40	158
40	159
40	160
41	42
41	133
41	134
41	135
41	136
41	137
41	158
41	159
41	160
42	43
42	44
42	46
42	134
42	135
42	136
42	159
42	160
42	161
43	44
43	45
43	46
43	135
44	45
44	46
44	135
45	46
45	47
45	196
45	197
46	47
46	48
46	160
46	161
46	162
47	48
47	49
47	50
47	51
48	49
48	50
48	51
48	52
48	133
49	50
49	51
49	52
49	53
49	101
50	51
50	52
50	53
50	54
51	52
51	53
51	54
51	55
52	53
52	54
52	55
52	56
52	99
53	54
53	55
53	56
53	57
54	55
54	56
54	57
54	58
55	56
55	57
55	58
55	59
56	57
56	58
56	59
56	60
56	66
57	58
57	59
57	60
57	61
58	59
58	60
58	61
58	62
59	60
59	61
59	62
59	63
59	64
60	61
60	62
60	63
60	64
60	65
60	66
61	62
61	63
62	63
62	64
63	64
63	65
64	65
64	66
64	96
65	66
65	95
65	96
65	97
66	67
66	68
66	95
66	96
66	97
66	98
67	68
67	69
67	95
67	97
67	98
67	99
68	69
68	98
68	99
68	100
69	70
69	71
69	73
69	74
69	99
69	100
69	101
70	71
70	72
70	73
70	74
70	100
70	101
70	102
71	72
71	73
71	74
71	75
71	100
71	101
71	102
71	103
71	105
71	106
72	73
72	74
72	75
72	76
72	105
72	106
73	74
73	75
73	76
73	77
74	75
74	76
74	77
75	76
75	77
75	78
75	112
76	77
76	78
76	79
77	78
77	79
77	80
78	79
78	80
78	81
78	82
79	80
79	81
79	82
79	83
80	81
80	82
80	83
80	84
80	85
80	86
80	89
81	82
81	83
81	84
81	85
81	86
82	83
82	84
83	84
83	85
84	85
84	86
85	86
85	87
85	88
85	89
86	87
86	88
86	89
86	90
87	88
87	89
87	90
87	91
88	89
88	90
88	91
89	90
89	91
89	92
90	91
90	92
90	93
90	119
91	92
91	93
91	94
92	93
92	94
92	95
92	119
93	94
93	95
93	119
93	122
93	123
94	95
94	96
95	96
95	97
95	98
96	97
96	98
96	128
96	129
97	98
97	99
97	128
97	129
97	130
98	99
98	100
98	129
98	130
98	131
99	100
99	101
99	130
99	131
99	132
100	101
100	102
100	103
100	131
100	132
100	133
101	102
101	103
101	132
101	133
101	134
102	103
102	104
102	105
102	133
102	134
102	135
103	104
103	105
103	106
103	132
103	133
103	134
104	105
104	106
104	107
104	134
104	135
104	141
105	106
105	107
106	107
106	108
106	109
106	113
106	144
107	108
107	109
107	142
107	143
107	144
108	109
108	110
108	143
109	110
109	111
109	112
109	113
110	111
110	112
110	113
110	114
111	112
111	113
111	114
111	115
112	113
112	114
112	115
112	116
113	114
113	115
113	116
113	117
114	115
114	116
114	117
114	118
115	116
115	117
115	118
115	119
116	117
116	118
116	119
116	120
117	118
117	119
117	120
117	121
117	148
118	119
118	120
118	121
118	122
119	120
119	121
119	122
119	123
120	121
120	122
120	123
120	124
121	122
121	123
121	124
121	125
122	123
122	124
122	125
122	126
123	124
123	125
123	126
123	127
123	128
124	125
124	126
124	127
124	128
125	126
125	127
126	127
126	128
127	128
127	129
128	129
128	130
129	130
129	131
130	131
130	132
131	132
131	133
132	133
132	134
133	134
134	135
134	136
135	136
136	137
136	138
136	140
137	138
137	139
137	140
137	141
138	139
138	140
138	141
138	149
139	140
139	141
140	141
140	142
141	142
141	143
141	144
142	143
142	144
143	144
143	145
144	145
144	146
144	148
145	146
145	147
145	148
145	149
146	147
146	148
146	149
146	150
147	148
147	149
147	150
147	151
148	149
148	150
148	151
148	152
149	150
149	151
149	152
149	153
150	151
150	152
150	153
150	154
151	152
151	153
151	154
152	153
152	154
152	155
153	154
153	155
153	156
154	155
154	156
155	156
155	157
156	157
156	158
157	158
157	159
158	159
158	160
159	160
159	161
160	161
161	162
161	163
162	163
162	164
162	166
162	167
163	164
163	165
163	166
163	167
164	165
164	166
164	167
164	168
165	166
165	167
165	168
165	169
166	167
166	168
166	169
166	170
167	168
167	169
167	170
167	171
168	169
168	170
168	171
168	172
168	191
169	170
169	171
169	172
169	173
170	171
170	172
170	173
170	174
171	172
171	173
171	174
171	175
171	187
172	173
172	174
172	175
172	176
172	182
173	174
173	175
173	176
173	177
174	175
174	176
174	177
174	178
175	176
175	177
175	178
175	179
175	180
175	181
175	182
176	177
176	178
176	179
176	180
177	178
177	179
178	179
178	180
179	180
179	181
180	181
180	182
181	182
181	183
182	183
182	184
182	187
183	184
183	185
183	186
183	187
184	185
184	186
184	187
184	188
185	186
185	187
185	188
185	189
186	187
186	188
186	189
186	190
187	188
187	189
187	190
187	191
188	189
188	190
188	191
188	192
189	190
189	191
189	192
189	193
190	191
190	192
190	193
190	194
190	200
191	192
191	193
191	194
192	193
192	194
193	194
194	195
194	196
194	199
194	200
195	196
195	197
195	199
196	197
196	198
196	199
196	200
197	198
197	199
197	200
197	201
198	199
198	200
198	201
198	202
199	200
199	201
199	202
199	203
200	201
200	202
200	203
200	204
201	202
201	203
201	204
201	205
202	203
202	204
202	205
202	206
203	204
203	205
203	206
203	207
204	205
204	206
204	207
204	208
205	206
205	207
205	208
205	209
206	207
206	208
206	209
206	210
206	215
207	208
207	209
207	210
207	211
207	212
207	215
208	209
208	210
208	211
209	210
209	211
210	211
210	212
210	214
210	215
211	212
211	213
211	214
211	215
212	213
212	214
212	215
212	216
213	214
213	215
213	216
213	217
214	215
214	216
214	217
214	218
215	216
215	217
215	218
215	219
216	217
216	218
216	219
216	220
217	218
217	219
217	220
217	221
218	219
218	220
218	221
218	222
219	220
219	221
219	222
219	223
220	221
220	222
220	223
220	224
221	222
221	223
221	224
221	225
222	223
222	224
222	225
222	226
223	224
223	225
223	226
224	225
224	226
224	227
225	226
225	227
225	228
225	315
226	227
226	228
226	229
226	262
226	276
227	228
227	229
227	230
227	231
227	315
228	229
228	230
228	231
228	232
228	259
228	262
228	311
229	230
229	231
229	232
229	233
229	240
229	259
230	231
230	232
230	233
230	234
230	240
231	232
231	233
231	234
231	235
231	311
232	233
232	234
232	235
232	236
232	255
232	259
233	234
233	235
233	236
233	237
233	238
233	239
233	240
234	235
234	236
234	237
234	238
235	236
235	237
236	237
236	238
236	255
237	238
237	239
238	239
238	240
238	242
238	243
238	252
239	240
239	241
239	242
239	243
240	241
240	242
240	243
240	244
241	242
241	243
241	244
242	243
242	244
242	245
243	244
243	245
243	252
243	256
244	245
244	277
244	278
245	246
245	247
246	247
246	248
247	248
247	249
247	253
248	249
248	250
248	252
248	253
249	250
249	251
249	252
249	253
250	251
250	252
250	253
250	254
251	252
251	253
251	254
251	255
252	253
252	254
252	255
252	256
253	254
253	255
253	256
253	257
254	255
254	256
254	257
254	258
255	256
255	257
255	258
255	259
256	257
256	258
256	259
257	258
257	259
257	260
257	288
257	289
257	292
258	259
258	260
258	261
259	260
259	261
259	262
260	261
260	262
260	263
260	264
260	289
261	262
261	263
261	264
261	265
261	308
262	263
262	264
262	265
262	266
262	267
262	268
262	273
263	264
263	265
263	266
263	267
263	268
263	269
264	265
264	266
264	267
265	266
265	267
265	308
265	312
266	267
266	268
267	268
267	269
268	269
268	270
268	272
268	273
269	270
269	271
269	272
269	273
270	271
270	272
270	273
270	274
270	285
271	272
271	273
271	274
271	275
272	273
272	274
272	275
272	276
273	274
273	275
273	276
273	277
274	275
274	276
274	277
274	278
274	279
274	280
274	285
275	276
275	277
275	278
275	279
275	280
276	277
276	278
277	278
277	279
278	279
278	280
279	280
279	281
280	281
281	282
281	283
282	283
282	284
282	285
282	286
283	284
283	285
283	286
283	287
284	285
284	286
284	287
284	288
285	286
285	287
285	288
285	289
286	287
286	288
286	289
286	290
287	288
287	289
287	290
287	291
288	289
288	290
288	291
288	292
289	290
289	291
289	292
289	293
290	291
290	292
290	293
290	294
291	292
291	293
291	294
291	295
292	293
292	294
292	295
293	294
293	295
293	296
294	295
294	296
294	297
295	296
295	297
295	300
295	301
296	297
296	298
296	300
296	301
298	299
298	300
298	301
298	302
299	300
299	301
299	302
300	301
300	302
300	303
300	304
301	302
301	303
301	304
301	305
302	303
302	304
302	305
302	306
303	304
303	305
303	306
303	307
304	305
304	306
304	307
304	308
305	306
305	307
305	308
305	309
306	307
306	308
306	309
306	310
307	308
307	309
307	310
307	311
308	309
308	310
308	311
308	312
309	310
309	311
309	312
309	313
310	311
310	312
310	313
310	314
311	312
311	313
311	314
311	315
312	313
312	314
312	315
312	316
313	314
313	315
313	316
314	315
314	316
315	316
