0	1
0	2
0	56
0	57
0	101
1	2
1	3
1	56
1	57
1	101
1	103
1	104
1	105
2	3
2	4
2	57
2	58
2	59
2	60
2	96
2	101
2	103
2	104
2	105
3	4
3	5
3	57
3	59
3	60
3	61
3	104
3	105
3	106
4	5
4	6
4	60
4	61
4	62
4	92
4	93
4	105
4	106
4	107
5	6
5	7
5	20
5	61
5	62
5	63
5	106
5	107
6	7
6	8
6	16
6	17
6	20
6	62
6	63
6	64
6	65
6	107
6	109
7	8
7	9
7	14
7	15
7	16
7	17
7	62
7	63
7	64
7	65
8	9
8	10
8	14
8	15
8	16
8	64
8	65
8	66
8	67
8	68
9	10
9	14
9	43
9	64
9	66
9	67
10	11
10	13
10	14
11	12
11	13
12	13
12	14
13	14
13	15
14	15
14	16
15	16
15	17
16	17
16	18
16	20
16	21
17	18
17	19
17	20
17	21
17	109
18	19
18	20
18	21
18	22
19	20
19	21
19	22
19	23
19	107
20	21
20	22
20	23
20	24
21	22
21	23
21	24
21	25
22	23
22	24
22	25
22	26
23	24
23	25
23	26
23	27
24	25
24	26
24	27
24	28
24	29
24	30
24	31
24	32
25	26
25	27
25	28
25	29
26	27
26	28
27	28
27	29
27	30
27	31
27	53
28	29
28	30
29	30
29	31
29	32
29	33
30	31
30	32
30	33
30	34
31	32
31	33
31	34
31	35
32	33
32	34
32	35
32	36
33	34
33	35
33	36
33	37
34	35
34	36
34	37
34	38
35	36
35	37
35	38
36	37
36	38
36	39
37	38
37	39
38	39
39	40
39	41
40	41
40	42
41	42
41	43
42	43
42	44
42	46
42	47
42	64
43	44
43	45
43	46
43	64
43	66
44	45
44	46
44	64
44	65
44	66
44	84
44	88
45	46
45	47
45	63
45	64
45	65
45	84
45	87
45	88
45	91
46	47
46	63
46	64
46	88
47	48
47	49
47	61
47	62
47	63
47	64
47	91
47	92
48	49
48	50
48	61
48	62
48	63
49	50
49	51
49	59
49	60
49	61
49	62
50	51
50	59
50	60
50	61
51	52
51	53
51	58
51	59
51	60
52	53
52	54
52	55
52	58
52	59
53	54
53	58
54	55
54	56
54	57
54	58
55	56
55	57
55	58
56	57
56	58
57	58
57	59
57	60
58	59
58	60
59	60
59	61
60	61
60	62
61	62
61	63
61	92
62	63
62	64
63	64
63	65
63	88
63	89
63	92
64	65
64	66
64	88
65	66
65	67
65	84
65	85
65	88
66	67
66	68
66	84
67	68
67	69
67	70
68	69
68	70
69	70
69	71
70	71
70	80
70	81
71	72
71	73
71	79
71	80
71	81
72	73
72	74
72	78
72	79
72	80
73	74
73	75
73	76
73	77
73	78
73	79
73	80
74	75
74	76
74	77
75	76
75	77
76	77
76	78
77	78
77	387
78	79
78	80
78	386
78	387
78	388
78	390
79	80
79	81
79	82
79	83
79	387
79	388
79	390
80	81
80	82
80	83
80	84
81	82
81	83
81	84
81	85
82	83
82	84
82	85
82	86
82	114
83	84
83	85
83	86
83	87
83	390
84	85
84	86
84	87
84	88
85	86
85	87
85	88
85	89
85	109
85	114
85	115
85	118
86	87
86	88
86	89
86	90
86	114
86	115
86	117
86	118
86	458
87	88
87	89
87	90
87	91
87	118
87	457
87	458
88	89
88	90
88	91
88	92
89	90
89	91
89	92
89	93
89	115
89	118
89	119
90	91
90	92
90	93
90	94
90	118
90	119
90	122
90	123
90	458
91	92
91	93
91	94
91	95
92	93
92	94
92	95
92	96
93	94
93	95
93	96
93	97
93	119
93	122
93	123
94	95
94	96
94	97
94	98
94	122
94	123
95	96
95	97
95	98
95	99
96	97
96	98
96	99
96	100
96	101
97	98
97	99
97	100
97	101
97	135
97	137
98	99
98	100
99	100
99	101
100	101
100	102
100	135
101	102
101	103
101	137
102	103
102	135
102	136
102	137
102	138
103	104
103	105
103	137
103	138
103	139
104	105
104	106
104	138
104	139
104	140
105	106
105	107
105	139
105	140
105	141
105	142
106	107
106	108
106	139
106	140
106	141
106	142
107	108
107	109
107	141
107	142
108	109
108	110
108	111
108	112
108	115
108	141
108	142
109	110
109	111
109	112
109	115
110	111
110	112
111	112
111	113
111	114
111	115
112	113
112	114
112	115
112	116
112	146
112	149
112	150
113	114
113	115
113	116
113	117
113	149
113	150
113	152
113	153
114	115
114	116
114	117
114	118
114	153
115	116
115	117
115	118
115	119
116	117
116	118
116	119
116	120
116	150
116	153
116	154
117	118
117	119
117	120
117	121
117	153
117	154
117	156
117	157
118	119
118	120
118	121
118	122
118	458
119	120
119	121
119	122
119	123
119	139
120	121
120	122
120	123
120	124
120	154
120	157
121	122
121	123
121	124
121	157
121	161
121	458
121	459
122	123
122	124
122	458
122	459
122	460
123	124
123	125
124	125
124	161
125	126
125	127
126	127
126	128
126	165
127	128
127	129
127	130
127	133
128	129
128	130
129	130
129	131
130	131
130	132
130	133
131	132
131	133
132	133
132	134
133	134
133	135
134	135
134	136
135	136
135	137
136	137
136	138
137	138
137	139
138	139
138	140
139	140
139	141
140	141
140	142
141	142
141	143
141	150
142	143
143	144
143	145
144	145
144	146
144	147
145	146
145	147
146	147
146	148
146	149
146	150
147	148
147	149
147	150
147	151
148	149
148	150
148	151
148	152
149	150
149	151
149	152
149	153
150	151
150	152
150	153
150	154
151	152
151	153
151	154
151	155
152	153
152	154
152	155
152	156
153	154
153	155
153	156
153	157
154	155
154	156
154	157
154	158
155	156
155	157
155	158
155	159
155	282
156	157
156	158
156	159
156	160
156	282
156	469
157	158
157	159
157	160
157	161
158	159
158	160
158	161
158	162
159	160
159	161
159	162
159	163
159	278
159	279
159	282
159	468
160	161
160	162
160	163
160	164
160	278
160	465
160	468
160	469
161	162
161	163
161	164
161	165
161	465
162	163
162	164
162	165
162	166
162	278
163	164
163	165
163	166
163	167
163	274
163	275
163	278
163	465
164	165
164	166
164	167
164	168
164	463
164	464
164	465
165	166
165	167
165	168
165	169
166	167
166	168
166	169
166	274
167	168
167	169
167	267
167	268
167	270
167	271
167	274
167	463
168	169
168	170
168	268
168	463
169	170
169	171
169	173
169	174
170	171
170	172
170	173
170	174
170	267
171	172
171	173
171	174
171	175
171	249
171	250
171	267
172	173
172	174
172	175
173	174
173	175
174	175
174	176
174	178
174	179
174	249
175	176
175	177
175	178
175	179
175	249
176	177
176	178
176	179
176	180
176	223
176	224
176	249
176	298
176	299
177	178
177	179
177	180
177	181
177	224
178	179
178	180
178	181
178	182
179	180
179	181
179	182
179	183
180	181
180	182
180	183
180	184
180	198
180	226
181	182
181	183
181	184
181	185
182	183
182	184
182	185
182	186
183	184
183	185
183	186
183	187
183	277
184	185
184	186
184	187
184	188
184	196
185	186
185	187
185	188
185	189
186	187
186	188
186	189
186	190
186	281
187	188
187	189
187	190
187	191
187	194
187	281
188	189
188	190
188	191
188	192
188	194
189	190
189	191
190	191
190	281
190	284
190	285
191	192
191	193
191	194
191	284
191	285
192	193
192	194
193	194
193	230
193	231
193	232
194	195
194	196
194	229
194	230
194	231
195	196
195	197
195	228
195	229
195	230
196	197
196	198
196	227
196	228
196	229
197	198
197	199
197	226
197	227
197	228
198	199
198	200
198	224
198	225
198	226
198	227
199	200
199	201
199	203
199	204
199	224
199	225
199	226
200	201
200	202
200	203
200	204
200	223
200	224
200	225
201	202
201	203
201	204
201	205
201	223
201	224
202	203
202	204
202	205
202	206
203	204
203	205
203	206
203	207
204	205
204	206
204	207
204	208
204	209
204	225
205	206
205	207
205	208
205	209
206	207
206	208
207	208
207	209
208	209
208	210
208	317
209	210
209	211
209	212
209	213
209	316
209	317
209	337
210	211
210	212
210	213
210	214
210	314
210	315
210	316
210	317
211	212
211	213
211	214
211	215
211	314
211	315
211	316
211	333
211	334
211	337
212	213
212	214
212	215
212	216
212	333
212	334
212	337
213	214
213	215
213	216
213	217
214	215
214	216
214	217
214	308
215	216
215	217
215	218
215	301
215	308
215	330
216	217
216	218
216	219
216	223
216	299
216	300
216	301
217	218
217	219
217	306
217	307
218	219
218	220
218	301
218	302
218	303
218	304
218	306
218	307
218	308
219	220
219	221
219	300
219	301
219	302
220	221
220	222
221	222
221	223
222	223
222	224
223	224
223	298
223	299
224	225
224	226
224	297
224	298
224	299
225	226
225	227
225	296
225	297
225	298
226	227
226	228
226	295
226	296
226	297
227	228
227	229
227	294
227	295
227	296
228	229
228	230
228	293
228	294
228	295
229	230
229	231
229	292
229	293
229	294
230	231
230	232
230	284
230	291
230	292
230	293
231	232
231	233
231	236
231	290
231	291
231	292
232	233
232	234
232	287
232	288
232	289
232	290
232	291
233	234
233	235
233	236
233	238
233	289
233	290
233	291
234	235
234	236
234	289
235	236
235	237
235	238
236	237
236	238
237	238
237	239
238	239
238	240
238	291
239	240
239	241
239	291
239	346
239	347
239	348
240	241
240	242
240	291
240	292
240	293
240	347
240	348
241	242
241	243
241	291
241	292
241	293
241	347
241	348
241	349
241	350
242	243
242	244
242	292
242	293
242	294
242	342
242	347
242	349
242	350
242	351
243	244
243	245
243	276
243	293
243	294
243	295
243	350
243	351
243	352
244	245
244	246
244	276
244	294
244	295
244	296
244	351
244	352
244	353
245	246
245	247
245	272
245	273
245	276
245	295
245	296
245	352
245	353
245	354
246	247
246	248
246	270
246	272
246	273
246	296
246	297
246	331
246	335
246	353
246	354
247	248
247	249
247	269
247	270
247	271
247	272
247	273
247	296
247	297
247	298
247	299
248	249
248	250
248	251
248	269
248	270
248	298
248	299
248	300
248	301
249	250
249	251
249	267
249	268
249	269
249	270
249	298
249	299
249	300
250	251
250	252
250	266
250	267
250	269
250	300
250	301
251	252
251	253
251	266
251	267
251	269
251	300
251	301
251	302
252	253
252	254
252	257
252	258
252	301
252	302
253	254
253	255
253	256
253	257
253	258
253	301
253	302
253	327
253	328
254	255
254	256
254	257
254	301
254	302
254	303
254	307
254	327
254	328
255	256
255	257
255	303
255	309
255	327
256	257
256	258
256	326
256	327
256	328
257	258
257	259
258	259
258	260
259	260
259	261
259	263
260	261
260	262
260	263
261	262
261	263
262	263
262	264
262	265
263	264
263	265
263	266
264	265
264	266
264	267
265	266
265	267
265	268
266	267
266	268
266	269
267	268
267	269
268	269
268	270
268	271
269	270
269	271
269	355
270	271
270	272
270	273
270	274
271	272
271	273
271	274
271	275
271	354
271	355
272	273
272	274
272	275
272	276
272	353
272	354
272	355
273	274
273	275
273	276
273	277
273	296
274	275
274	276
274	277
274	278
275	276
275	277
275	278
275	279
275	465
275	467
275	468
276	277
276	278
276	279
276	280
276	294
277	278
277	279
277	280
277	281
277	294
278	279
278	280
278	281
278	282
278	468
279	280
279	281
279	282
279	283
279	468
279	471
279	472
280	281
280	282
280	283
280	284
281	282
281	283
281	284
281	285
282	283
282	284
282	285
282	286
282	472
283	284
283	285
283	286
283	287
283	288
283	472
284	285
284	286
284	287
284	288
285	286
285	287
286	287
286	288
287	288
287	289
288	289
288	290
288	476
288	479
289	290
289	479
290	291
290	292
290	479
291	292
291	293
292	293
292	294
293	294
293	295
294	295
294	296
295	296
295	297
295	338
296	297
296	298
297	298
297	299
297	334
297	338
298	299
299	300
299	301
300	301
300	302
301	302
302	303
302	304
303	304
303	307
304	305
304	306
304	307
305	306
305	307
306	307
306	308
307	308
307	309
308	309
308	310
308	312
308	327
309	310
309	311
309	312
309	327
310	311
310	312
310	324
310	325
310	326
310	327
311	312
311	313
311	323
311	324
311	325
312	313
312	314
312	323
312	324
313	314
313	315
313	321
313	322
313	323
313	324
313	412
314	315
314	316
314	321
314	322
314	323
315	316
315	317
315	319
315	320
315	321
315	322
316	317
316	318
316	319
316	320
316	321
316	336
316	337
317	318
317	319
317	337
317	340
318	319
318	320
318	340
319	320
319	321
320	321
320	322
320	413
321	322
321	323
321	412
321	413
321	414
322	323
322	324
322	412
322	413
322	414
322	415
322	416
323	324
323	325
323	411
323	412
323	414
323	415
323	416
324	325
324	326
324	327
324	415
324	416
325	326
325	327
325	415
325	416
325	417
326	327
326	328
326	329
326	417
327	328
327	329
327	330
328	329
328	330
329	330
329	331
329	332
329	416
329	417
330	331
330	332
330	333
330	334
331	332
331	333
331	334
331	335
331	356
332	333
332	334
332	335
332	336
332	428
332	432
333	334
333	335
333	336
334	335
334	336
334	337
334	338
335	336
335	337
335	338
335	339
336	337
336	338
336	339
336	340
336	432
336	435
337	338
337	339
337	340
337	341
338	339
338	340
338	341
338	342
339	340
339	341
339	342
339	343
339	435
339	436
340	341
340	342
340	343
340	435
340	436
341	342
341	343
341	344
342	343
342	344
342	345
343	344
343	345
343	346
343	347
344	345
344	346
345	346
345	347
346	347
346	348
347	348
347	349
347	350
348	349
349	350
349	351
349	440
349	441
350	351
350	352
350	440
350	441
350	442
351	352
351	353
351	441
351	442
351	443
352	353
352	354
352	442
352	443
352	444
353	354
353	443
353	444
353	445
353	446
354	355
354	356
354	444
354	445
354	446
355	356
355	357
355	445
355	446
355	447
356	357
356	445
356	446
356	447
357	358
357	359
357	360
357	425
357	447
358	359
358	360
358	361
358	362
358	447
358	448
359	360
359	361
359	362
359	363
359	424
359	425
360	361
360	362
360	363
360	364
360	365
360	425
360	445
360	447
360	448
361	362
361	363
361	364
361	365
361	366
361	447
361	448
362	363
362	364
362	365
363	364
363	365
364	365
364	366
364	367
364	368
365	366
365	367
365	448
365	449
366	367
366	368
366	369
366	448
366	449
367	368
368	369
368	370
368	392
368	393
368	394
368	449
369	370
369	371
369	392
369	393
369	394
369	444
369	445
369	446
369	448
369	449
370	371
370	372
370	393
370	394
370	395
370	396
370	444
370	445
371	372
371	373
371	393
371	394
371	395
371	396
371	442
371	443
371	444
371	445
372	373
372	374
372	395
372	396
372	397
372	398
372	429
372	442
372	443
372	444
373	374
373	375
373	379
373	398
373	441
373	442
373	443
374	375
374	376
374	439
374	440
374	441
374	442
375	376
375	377
375	378
375	379
375	439
375	440
375	441
376	377
376	378
376	379
376	380
377	378
377	379
377	380
377	381
378	379
378	380
378	381
378	382
378	440
379	380
379	381
379	382
379	383
380	381
380	382
380	383
380	384
381	382
381	383
381	384
381	385
381	474
382	383
382	384
382	385
382	386
382	474
383	384
383	385
383	386
383	387
383	393
384	385
384	386
384	387
384	388
385	386
385	387
385	388
385	389
385	470
385	473
385	474
386	387
386	388
386	389
386	390
386	391
386	392
386	393
386	470
387	388
387	389
387	390
387	392
388	389
388	390
389	390
389	391
389	469
389	470
390	391
390	392
391	392
391	393
391	467
391	470
392	393
392	394
393	394
393	395
394	395
394	396
395	396
395	397
396	397
396	398
397	398
397	399
397	426
398	399
398	400
398	426
398	430
399	400
399	401
399	402
399	403
400	401
400	402
400	403
400	404
401	402
401	403
401	404
401	405
402	403
402	404
402	405
402	406
402	426
402	427
402	430
403	404
403	405
403	406
403	407
403	427
403	430
403	431
404	405
404	406
404	407
405	406
405	407
405	408
405	418
405	419
406	407
406	408
406	414
406	415
406	417
406	418
406	419
406	427
406	431
407	408
407	409
407	413
407	414
407	415
408	409
408	410
408	414
408	415
409	410
409	411
409	412
409	413
409	414
410	411
410	412
411	412
412	413
412	414
412	415
413	414
414	415
414	416
415	416
415	417
415	418
416	417
416	418
417	418
417	419
418	419
418	420
418	421
418	424
418	427
419	420
419	421
420	421
420	422
421	422
421	423
421	424
422	423
422	424
423	424
423	425
423	426
423	427
424	425
424	426
424	427
424	428
425	426
425	427
425	428
425	429
426	427
426	428
426	429
426	430
427	428
427	429
427	430
427	431
428	429
428	430
428	431
428	432
429	430
429	431
429	432
429	433
430	431
430	432
430	433
430	434
431	432
431	433
431	434
432	433
432	434
432	435
432	436
433	434
433	435
433	436
434	435
434	436
435	436
435	437
436	437
436	438
437	438
437	439
438	439
438	440
438	441
439	440
439	441
440	441
440	442
441	442
441	443
442	443
442	444
443	444
443	445
444	445
444	446
445	446
445	447
446	447
446	448
446	449
446	450
447	448
447	449
447	450
448	449
448	450
449	450
449	451
449	466
450	451
450	463
450	464
450	465
450	466
451	452
451	453
451	462
451	463
451	464
452	453
452	454
452	455
452	459
452	461
452	462
452	463
452	464
453	454
453	455
453	461
453	462
454	455
454	456
454	457
454	461
455	456
455	457
456	457
456	458
456	459
457	458
457	459
458	459
458	460
459	460
459	461
460	461
460	462
461	462
462	463
462	464
463	464
463	465
464	465
464	466
465	466
465	467
465	468
466	467
466	468
467	468
467	469
467	470
467	471
468	469
468	470
468	471
468	472
469	470
469	471
469	472
469	473
470	471
470	472
470	473
470	474
471	472
471	473
471	474
471	475
472	473
472	474
472	475
472	476
473	474
473	475
473	476
473	477
474	475
474	476
474	477
474	478
475	476
475	477
475	478
475	479
476	477
476	478
476	479
476	480
477	478
477	479
477	480
478	479
478	480
479	480
