0	1
0	2
0	3
1	2
1	3
2	3
2	4
3	4
3	5
4	5
4	6
5	6
5	7
6	7
6	8
6	137
6	138
6	139
7	8
7	9
7	137
7	138
7	139
7	166
8	9
8	10
8	135
8	136
8	137
8	138
8	166
8	167
8	168
9	10
9	11
9	135
9	136
9	137
9	157
9	164
9	165
9	166
9	167
10	11
10	12
10	133
10	134
10	135
10	136
10	157
10	158
11	12
11	13
11	133
11	134
11	135
11	156
11	157
11	158
12	13
12	132
12	133
12	134
12	154
12	155
12	156
12	157
12	158
13	14
13	15
13	18
13	21
13	132
13	133
13	153
13	154
13	155
14	15
14	16
14	17
14	18
14	132
14	153
14	154
15	16
15	17
15	18
15	131
15	132
16	17
16	18
16	131
16	132
17	18
17	19
17	20
17	21
17	153
18	19
18	20
18	21
18	22
18	43
18	132
18	133
18	134
19	20
19	21
19	22
19	23
19	43
20	21
20	22
20	23
20	24
21	22
21	23
21	24
21	25
21	152
21	153
21	154
22	23
22	24
22	25
22	26
22	41
23	24
23	25
23	26
23	27
24	25
24	26
24	27
24	28
24	151
24	152
25	26
25	27
25	28
25	29
25	148
25	151
26	27
26	28
26	29
26	30
27	28
27	29
27	30
27	31
28	29
28	30
28	31
28	32
28	147
28	151
29	30
29	31
29	32
29	33
29	34
29	35
30	31
30	32
30	33
30	34
30	35
31	32
31	33
32	33
32	34
33	34
33	35
34	35
34	36
34	37
34	144
35	36
35	37
35	38
36	37
36	38
37	38
37	39
37	138
37	139
38	39
38	40
38	137
38	138
38	139
39	40
39	137
39	138
40	41
40	42
40	136
40	137
41	42
41	135
41	136
41	137
42	43
42	44
42	134
42	135
42	136
43	44
43	45
43	133
43	134
43	135
44	45
44	130
44	134
44	135
44	176
44	179
45	46
45	47
45	125
45	126
45	127
45	130
45	179
46	47
46	48
46	125
46	126
46	179
47	48
47	62
47	63
47	108
47	123
47	124
47	125
47	126
48	49
48	50
48	60
48	61
48	62
48	63
48	123
48	124
48	125
48	126
49	50
49	51
49	60
49	61
49	62
49	63
49	121
49	122
49	123
49	124
50	51
50	52
50	57
50	59
50	60
50	61
50	121
50	122
50	123
51	52
51	53
51	57
51	58
51	59
51	60
51	120
51	121
51	122
52	53
52	54
52	55
52	56
52	57
52	58
52	119
52	120
52	121
53	54
53	55
53	56
53	57
53	58
53	72
53	73
53	74
53	118
53	119
53	120
54	55
54	56
54	74
54	75
54	118
54	119
55	56
55	57
56	57
56	58
57	58
57	59
58	59
59	60
59	61
60	61
61	62
61	63
62	63
62	64
62	65
63	64
63	65
63	83
63	86
64	65
64	86
65	66
65	67
65	84
66	67
66	68
66	84
67	68
67	69
67	83
67	84
68	69
68	70
68	82
68	83
68	84
69	70
69	71
69	80
69	81
69	82
69	83
70	71
70	72
70	80
70	81
70	82
71	72
71	73
71	78
71	79
71	80
71	81
72	73
72	74
72	78
72	79
72	80
73	74
73	77
73	78
73	79
74	75
74	76
74	77
74	78
74	79
74	117
74	118
74	119
75	76
75	77
75	117
75	118
76	77
76	94
76	117
77	78
77	79
77	94
77	117
78	79
78	80
78	93
78	94
79	80
79	81
79	92
79	93
79	94
79	119
80	81
80	82
80	90
80	91
80	92
80	93
81	82
81	83
81	88
81	89
81	90
81	91
82	83
82	84
82	88
82	89
82	90
82	91
83	84
83	86
83	87
83	88
83	89
84	85
84	86
84	87
84	88
85	86
85	87
86	87
86	106
87	88
87	89
87	104
87	105
87	106
88	89
88	104
88	105
88	106
89	90
89	91
89	103
89	104
89	105
90	91
90	92
90	99
90	100
91	92
91	100
92	93
92	100
93	94
93	95
93	97
93	100
94	95
94	96
94	97
94	117
95	96
95	97
96	97
96	98
96	116
97	98
97	99
97	100
97	114
97	115
97	116
98	99
98	100
98	101
98	102
98	114
99	100
99	101
99	102
99	112
99	113
99	114
100	101
100	102
101	102
101	103
102	103
102	104
102	112
103	104
103	105
104	105
104	106
105	106
105	107
105	110
105	111
106	107
106	108
106	110
106	123
107	108
107	109
107	110
107	123
108	109
108	110
108	123
108	124
108	125
109	110
109	111
109	122
109	123
109	124
110	111
110	122
110	123
111	112
111	113
111	120
111	121
111	122
111	123
112	113
112	114
112	120
112	121
112	122
113	114
113	115
113	119
113	120
113	121
114	115
114	116
114	117
114	118
114	119
114	120
115	116
115	117
115	118
116	117
116	118
117	118
117	119
118	119
118	120
119	120
120	121
120	122
121	122
121	123
122	123
122	124
123	124
124	125
124	126
125	126
125	127
126	127
126	128
127	128
127	129
127	130
127	131
128	129
128	130
128	131
129	130
129	131
130	131
130	132
130	133
131	132
131	133
132	133
133	134
133	135
134	135
134	136
135	136
135	137
136	137
136	138
137	138
138	139
138	140
139	140
139	141
140	141
140	144
140	145
141	142
141	143
141	144
141	145
142	143
142	144
142	145
142	146
143	144
143	145
143	146
143	147
144	145
144	146
144	147
144	148
145	146
145	147
145	148
145	149
146	147
146	148
146	149
146	150
147	148
147	149
147	150
147	151
148	149
148	150
148	151
148	154
148	156
149	150
149	151
149	154
149	155
149	156
150	151
150	152
151	152
151	153
151	154
152	153
152	154
153	154
153	155
154	155
154	156
155	156
156	157
156	158
157	158
157	159
157	164
158	159
158	164
158	165
159	160
159	161
159	162
159	163
159	164
159	165
160	161
160	162
160	163
160	164
160	165
161	162
161	163
162	163
162	164
163	164
163	165
164	165
164	166
165	166
165	167
166	167
166	168
167	168
167	169
167	171
167	172
168	169
168	170
168	171
168	172
169	170
169	171
169	172
169	173
170	171
170	172
170	173
170	174
171	172
171	173
171	174
171	175
172	173
172	174
172	175
172	176
173	174
173	175
173	176
173	177
174	175
174	176
174	177
174	178
175	176
175	177
175	178
175	179
176	177
176	178
176	179
176	180
177	178
177	179
177	180
177	181
178	179
178	180
178	181
179	180
179	181
180	181
