0	1
0	2
0	87
0	115
1	2
1	3
1	95
1	96
2	3
2	4
2	5
3	4
3	5
3	6
3	113
4	5
4	6
5	6
5	7
5	8
5	98
6	7
6	8
6	9
6	10
6	98
7	8
7	9
7	10
7	11
8	9
8	10
8	11
8	12
9	10
9	11
9	12
9	13
10	11
10	12
10	13
10	14
10	110
11	12
11	13
11	14
11	15
12	13
12	14
12	15
13	14
13	15
13	16
13	17
14	15
14	16
14	17
14	18
15	16
15	17
15	18
15	19
16	17
16	18
16	19
16	20
16	128
17	18
17	19
17	20
17	21
17	128
18	19
18	20
18	21
18	22
19	20
19	21
19	22
20	21
20	22
20	23
21	22
21	23
21	135
22	23
23	24
23	25
24	25
25	26
25	27
25	131
25	133
26	27
26	28
26	131
27	28
27	29
27	131
27	132
28	29
28	30
28	130
28	131
29	30
29	31
29	33
29	34
29	183
30	31
30	32
30	33
30	34
30	105
30	179
30	180
31	32
31	33
31	34
31	35
31	105
31	176
32	33
32	34
32	35
32	36
32	176
32	177
32	180
33	34
33	35
33	36
33	37
33	180
33	183
34	35
34	36
34	37
34	38
35	36
35	37
35	38
36	37
36	38
37	38
37	39
38	39
38	40
39	40
39	41
40	41
40	42
41	42
42	43
43	44
43	45
43	47
43	48
44	45
44	46
44	47
44	48
45	46
45	47
45	48
45	49
45	289
46	47
46	48
46	49
46	50
46	51
46	52
47	48
47	49
47	50
47	51
48	49
48	50
49	50
49	51
49	52
50	51
50	52
51	52
51	53
52	53
53	54
53	55
54	55
54	56
54	159
54	160
55	56
55	57
55	159
56	57
56	58
56	59
56	60
56	158
56	159
57	58
57	59
57	60
58	59
58	60
59	60
59	61
60	61
60	62
61	62
61	63
62	63
62	64
62	65
63	64
63	65
63	66
63	67
64	65
64	66
64	67
65	66
65	67
65	161
65	165
66	67
66	68
66	165
66	166
67	68
67	69
68	69
68	70
68	71
68	72
69	70
69	71
69	72
69	73
70	71
70	72
70	73
71	72
71	73
71	74
71	154
72	73
72	74
72	154
73	74
73	75
74	75
74	76
74	78
74	79
75	76
75	77
75	78
75	79
75	151
76	77
76	78
76	79
76	151
76	213
77	78
77	79
78	79
78	80
78	81
78	82
79	80
79	81
79	82
79	147
79	148
79	150
79	151
80	81
80	82
80	119
80	143
80	144
80	146
80	147
81	82
81	83
81	119
82	83
82	84
82	118
83	84
83	85
83	116
83	117
83	118
83	119
84	85
84	86
84	116
84	117
84	118
85	86
85	87
85	88
85	89
85	115
85	116
85	117
86	87
86	88
86	89
86	90
86	111
86	115
86	116
86	117
87	88
87	89
87	90
87	91
87	115
88	89
88	90
88	91
89	90
89	91
90	91
90	92
90	93
91	92
91	93
92	93
92	94
92	95
92	96
93	94
93	95
93	96
94	95
94	96
94	97
94	100
94	101
95	96
95	97
95	98
95	100
96	97
96	98
97	98
97	99
98	99
98	100
99	100
99	101
100	101
100	102
100	110
100	111
101	102
101	103
101	108
101	109
102	103
102	104
102	106
102	107
102	108
102	109
103	104
103	105
103	106
103	108
103	171
103	172
104	105
104	106
104	172
105	106
105	107
106	107
106	108
106	129
106	130
107	108
107	109
107	125
107	126
107	128
107	129
107	130
108	109
108	110
108	125
108	128
108	129
109	110
109	111
109	121
109	122
109	125
110	111
110	112
110	121
110	125
111	112
111	113
111	115
111	116
111	117
112	113
112	114
112	115
112	116
112	117
112	121
113	114
113	115
113	116
114	115
114	116
115	116
115	117
116	117
116	118
117	118
117	121
118	119
118	120
118	121
118	122
119	120
119	121
119	122
119	123
119	143
119	146
120	121
120	122
120	123
120	124
120	139
121	122
121	123
121	124
121	125
122	123
122	124
122	125
122	126
122	175
123	124
123	125
123	126
123	127
123	139
123	142
124	125
124	126
124	127
124	128
125	126
125	127
125	128
125	129
126	127
126	128
126	129
126	132
127	128
127	129
127	132
127	133
127	134
128	129
128	130
128	132
129	130
129	131
129	132
130	131
130	132
131	132
131	133
132	133
132	134
133	134
133	135
133	136
134	135
134	136
134	137
135	136
135	137
136	137
137	138
137	141
138	139
138	140
138	141
138	142
139	140
139	141
139	142
139	143
140	141
140	142
140	143
140	144
141	142
141	143
141	144
141	145
142	143
142	144
142	145
142	146
143	144
143	145
143	146
143	147
144	145
144	146
144	147
144	148
145	146
145	147
145	148
145	149
145	178
145	225
146	147
146	148
146	149
146	150
146	178
147	148
147	149
147	150
147	151
148	149
148	150
148	151
148	152
148	224
149	150
149	151
149	152
149	153
150	151
150	152
150	153
150	154
151	152
151	153
151	154
151	155
152	153
152	154
152	155
152	156
153	154
153	155
153	156
153	157
153	168
153	169
154	155
154	156
154	157
154	158
155	156
155	157
155	158
155	159
156	157
156	158
156	159
156	160
156	164
157	158
157	159
157	160
157	161
157	164
157	165
157	166
158	159
158	160
158	161
159	160
159	161
160	161
160	162
160	163
160	164
161	162
161	163
161	164
161	165
162	163
162	164
163	164
164	165
164	167
165	166
165	167
165	168
166	167
166	168
166	169
167	168
167	169
167	170
168	169
168	170
168	173
169	170
169	171
169	174
170	171
170	172
170	173
170	174
171	172
171	173
171	174
171	175
172	173
172	174
172	175
172	176
173	174
173	175
173	176
173	177
174	175
174	176
174	177
174	178
175	176
175	177
175	178
175	179
176	177
176	178
176	179
176	180
177	178
177	179
177	180
177	181
178	179
178	180
178	181
178	182
179	180
179	181
179	182
179	183
180	181
180	182
180	183
180	184
181	182
181	183
181	184
181	185
182	183
182	184
182	185
182	186
182	187
183	184
183	185
183	186
183	187
183	188
184	185
184	186
184	187
184	188
184	189
184	190
185	186
185	187
185	188
185	189
185	190
185	191
186	187
186	188
186	189
187	188
187	189
188	189
188	190
189	190
189	191
190	191
190	192
191	192
191	193
191	195
191	196
192	193
192	194
192	195
192	196
192	225
192	293
193	194
193	195
193	196
193	197
193	223
193	293
193	294
194	195
194	196
194	197
194	198
194	223
194	226
195	196
195	197
195	198
195	199
195	226
195	267
195	268
196	197
196	198
196	199
196	201
196	202
197	198
197	199
197	200
197	201
197	202
197	203
197	204
198	199
198	200
198	265
198	267
199	200
199	201
199	264
199	265
199	266
199	267
200	201
200	202
200	264
201	202
201	203
202	203
202	204
203	204
203	205
203	206
204	205
204	206
204	257
204	258
205	206
205	207
205	254
205	255
205	256
205	257
205	258
206	207
206	208
206	254
206	255
206	256
206	298
207	208
207	253
207	254
207	255
207	294
207	295
207	298
208	209
208	210
208	252
208	253
208	254
208	293
208	294
208	295
209	210
209	211
209	250
209	251
209	252
209	253
209	292
209	293
209	294
209	295
210	211
210	212
210	221
210	222
210	223
210	250
210	251
210	252
210	292
210	293
211	212
211	213
211	221
211	222
211	223
211	248
211	249
211	250
211	251
212	213
212	214
212	220
212	221
212	222
212	247
212	248
212	249
212	250
213	214
213	220
213	221
213	222
213	247
213	248
214	215
214	219
214	220
214	247
215	216
215	218
215	219
215	220
216	217
216	218
216	219
217	218
218	219
218	229
218	230
218	231
218	232
219	220
219	221
219	229
219	230
220	221
220	222
220	227
220	228
220	229
220	230
221	222
221	223
221	227
221	228
221	229
221	230
222	223
222	224
222	225
222	226
222	227
222	228
223	224
223	225
223	226
223	227
223	292
223	293
224	225
224	226
224	292
225	226
226	227
226	228
226	268
227	228
227	229
228	229
228	230
228	275
228	276
229	230
229	231
229	275
229	276
230	231
230	232
230	275
230	276
230	277
230	278
231	232
231	233
231	275
231	276
231	277
231	278
232	233
232	234
232	236
232	237
232	277
232	278
232	279
233	234
233	235
233	236
233	237
233	279
233	280
233	312
234	235
234	236
234	237
234	238
234	311
234	312
235	236
235	237
235	238
235	239
235	280
235	312
236	237
236	238
236	239
236	240
236	280
237	238
237	239
237	240
237	241
238	239
238	240
238	241
238	242
239	240
239	241
239	242
239	243
239	244
239	245
240	241
240	242
240	243
240	244
240	245
240	246
241	242
241	243
242	243
242	244
243	244
243	245
243	246
244	245
244	246
245	246
245	249
246	247
246	248
246	249
247	248
247	249
248	249
248	250
249	250
249	251
250	251
250	252
250	285
250	286
250	288
251	252
251	253
251	283
251	284
251	285
251	286
252	253
252	283
252	284
252	285
252	286
253	254
253	255
253	256
253	278
253	282
253	283
253	284
254	255
254	256
254	282
254	283
255	256
255	257
255	282
256	257
256	277
256	278
256	279
257	258
257	259
257	276
257	277
257	278
258	259
258	260
258	275
258	276
258	277
259	260
259	261
259	274
259	275
259	276
259	277
260	261
260	262
260	273
260	274
260	275
261	262
261	263
261	265
261	273
261	274
262	263
262	264
263	264
263	265
264	265
264	266
265	266
265	267
266	267
266	268
266	270
267	268
267	269
268	269
268	270
269	270
270	271
270	272
271	272
271	273
271	274
272	273
272	274
273	274
273	275
274	275
275	276
275	277
276	277
276	278
277	278
277	279
278	279
278	280
279	280
279	281
279	282
279	283
279	312
279	313
280	281
280	282
280	283
280	312
280	313
281	282
281	283
281	308
281	309
281	312
281	313
281	314
281	315
282	283
282	314
282	315
282	316
283	284
284	285
284	286
285	286
285	287
286	287
286	288
286	290
287	288
287	289
287	290
288	289
288	290
289	290
289	291
290	291
290	292
291	292
291	293
292	293
292	294
293	294
293	295
294	295
295	296
295	297
295	298
296	297
296	298
297	298
297	299
298	299
298	300
299	300
299	301
300	301
300	302
300	316
300	317
301	302
301	303
301	317
302	303
302	304
302	317
302	318
302	319
303	304
303	305
303	317
303	318
304	305
304	306
304	307
304	318
304	386
305	306
305	307
305	308
305	386
306	307
306	308
306	391
307	308
307	309
308	309
308	310
308	312
309	310
309	311
309	312
310	311
310	312
310	422
310	423
310	424
310	434
311	312
311	313
311	423
312	313
312	314
313	314
313	315
313	421
313	422
314	315
314	316
314	419
314	420
314	421
314	422
315	316
315	317
315	318
315	419
315	420
315	421
315	422
316	317
316	418
316	419
316	420
317	318
317	319
317	416
317	417
317	418
317	419
317	420
318	319
318	320
318	386
318	416
318	417
318	418
319	320
319	386
319	387
319	415
319	416
319	417
320	321
320	322
320	384
320	385
320	386
320	387
320	414
320	415
320	416
321	322
321	323
321	384
321	385
321	386
321	387
321	412
321	413
321	414
321	415
322	323
322	324
322	325
322	382
322	383
322	384
322	385
322	410
322	411
322	412
322	413
322	414
323	324
323	383
323	384
323	385
323	411
323	412
323	458
323	459
324	325
324	326
324	382
324	383
324	411
325	326
325	381
325	382
325	383
325	410
325	411
326	327
326	328
326	380
326	381
326	382
327	328
327	329
327	380
327	551
328	329
328	343
328	344
328	379
328	380
329	330
329	331
329	341
329	342
329	343
329	344
329	378
329	379
329	380
330	331
330	332
330	341
330	342
330	343
330	347
330	376
330	377
330	378
330	379
331	332
331	333
331	339
331	340
331	341
331	342
331	376
331	377
331	378
332	333
332	334
332	339
332	340
332	341
332	375
332	376
332	377
333	334
333	335
333	337
333	338
333	339
333	340
333	375
333	376
334	335
334	336
334	337
334	338
334	339
335	336
335	337
336	337
336	338
337	338
337	339
338	339
338	340
339	340
339	341
340	341
340	342
341	342
342	343
342	344
342	346
342	347
342	550
343	344
343	345
343	346
343	347
343	550
343	551
344	345
344	346
344	347
344	348
345	346
345	347
345	348
345	349
346	347
346	348
346	349
346	350
347	348
347	349
347	350
347	351
348	349
348	350
348	351
348	352
349	350
349	351
349	352
349	353
350	351
350	352
350	353
350	354
351	352
351	353
351	354
351	355
352	353
352	354
352	355
352	356
353	354
353	355
353	356
353	357
354	355
354	356
354	357
354	358
355	356
355	357
355	358
355	359
356	357
356	358
356	359
356	360
357	358
357	359
357	360
357	361
358	359
358	360
358	361
358	362
359	360
359	361
359	362
359	363
360	361
360	362
360	363
360	364
361	362
361	363
361	364
361	365
362	363
362	364
362	365
362	366
363	364
363	365
363	366
363	367
364	365
364	366
364	367
364	368
365	366
365	367
365	368
365	369
366	367
366	368
366	369
366	370
367	368
367	369
367	370
367	371
368	369
368	370
368	371
369	370
369	371
370	371
372	373
373	374
373	375
374	375
374	376
375	376
375	377
376	377
377	378
377	379
377	400
378	379
378	399
378	400
378	401
379	380
379	381
379	397
379	398
379	399
379	400
379	401
380	381
380	382
380	397
380	398
380	399
380	401
381	382
381	395
381	396
381	397
381	398
382	383
382	384
382	395
382	396
382	397
383	384
383	385
383	393
383	394
383	395
383	396
384	385
384	386
384	393
384	394
384	395
384	396
385	386
385	387
385	391
385	393
385	394
386	387
386	388
386	389
387	388
387	389
388	389
388	457
389	390
389	391
389	457
390	391
391	392
391	393
392	393
392	394
393	394
393	395
394	395
394	396
394	434
394	435
394	436
395	396
395	397
395	435
395	436
396	397
396	398
396	435
396	436
396	437
397	398
397	399
397	436
397	437
397	438
398	399
398	400
398	401
398	437
398	438
399	400
399	401
400	401
400	402
401	402
402	403
402	404
402	405
402	406
403	404
403	405
403	406
404	405
404	406
404	407
404	408
405	406
405	407
405	408
405	409
406	407
406	408
406	409
407	408
407	409
407	410
408	409
408	410
409	410
410	411
410	412
410	413
411	412
411	413
412	413
412	414
412	458
412	460
413	414
413	415
414	415
414	446
414	447
414	448
414	449
415	416
415	417
415	444
415	445
415	446
415	447
416	417
416	418
416	444
416	445
416	446
417	418
417	419
417	442
417	443
417	444
417	445
418	419
418	420
418	442
418	443
418	444
419	420
419	421
419	438
419	441
419	442
420	421
420	422
420	436
420	437
420	438
420	439
420	442
421	422
421	423
421	436
421	437
421	438
421	439
422	423
422	434
422	435
422	436
422	437
423	424
423	425
423	434
423	435
424	425
424	426
424	433
424	434
424	435
425	426
425	427
425	430
425	431
425	432
425	433
425	434
425	435
426	427
426	428
426	431
427	428
427	429
427	430
427	431
428	429
428	430
428	431
429	430
429	431
430	431
430	432
430	433
431	432
431	433
432	433
433	434
434	435
434	436
435	436
435	437
436	437
436	438
437	438
437	439
438	439
438	442
439	440
439	441
439	442
440	441
440	442
441	442
441	443
442	443
442	444
443	444
443	445
444	445
444	446
445	446
445	447
446	447
446	448
447	448
447	449
448	449
449	450
449	451
449	453
449	454
450	451
450	452
450	453
450	454
451	452
451	453
451	454
451	455
452	453
452	454
452	455
452	456
453	454
453	455
453	456
453	457
454	455
454	456
454	457
454	458
455	456
455	457
455	458
455	459
456	457
456	458
457	458
457	459
458	459
458	460
459	460
459	461
460	461
460	462
461	462
461	562
462	463
462	464
462	482
462	562
463	464
463	465
463	482
463	483
463	484
463	562
463	563
464	465
464	466
464	481
464	482
464	483
465	466
465	467
465	468
466	467
466	468
466	469
466	508
467	468
467	469
467	470
468	469
468	470
468	471
468	474
469	470
469	471
469	474
469	544
470	471
470	472
470	544
471	472
471	473
471	474
472	473
472	474
473	474
473	475
474	475
474	476
475	476
475	477
476	477
476	478
476	479
477	478
477	479
477	480
478	479
478	480
479	480
479	481
479	534
479	535
480	481
480	532
480	533
480	534
480	535
481	482
481	483
481	531
481	532
481	533
481	534
482	483
482	530
482	531
482	532
482	533
483	484
483	485
483	529
483	530
483	531
484	485
484	528
484	529
484	530
484	563
484	566
484	567
485	486
485	487
485	502
485	503
485	504
485	527
485	528
485	529
485	570
486	487
486	488
486	502
486	503
486	504
486	525
486	526
486	527
486	528
487	488
487	489
487	500
487	501
487	502
487	503
487	523
487	524
487	525
487	526
487	527
487	528
488	489
488	501
488	502
488	503
488	524
488	525
488	581
488	584
488	585
489	490
489	491
489	500
489	501
489	524
490	491
490	492
490	499
490	500
490	501
490	524
491	492
491	493
491	498
491	499
491	500
492	493
492	494
492	496
492	497
492	498
492	499
493	494
493	495
493	496
493	498
494	495
494	496
495	496
496	497
496	498
497	498
497	499
497	513
497	514
497	515
498	499
498	500
498	513
498	514
499	500
499	501
499	511
499	512
499	513
499	514
500	501
500	502
500	511
500	512
501	502
501	503
501	509
501	510
501	511
501	512
502	503
502	504
502	509
502	510
502	511
503	504
503	505
503	507
503	508
503	509
503	510
504	505
504	506
504	507
504	508
504	570
505	506
505	507
505	570
505	573
506	507
506	508
507	508
507	509
507	584
508	509
509	510
509	511
509	543
510	511
510	512
510	543
510	544
510	545
511	512
511	513
511	543
511	544
511	545
511	546
512	513
512	514
512	545
512	546
512	547
512	548
513	514
513	515
513	545
513	546
513	547
513	548
514	515
514	516
514	547
514	548
515	516
515	547
515	548
515	549
516	517
516	518
516	548
516	549
516	550
517	518
517	519
518	519
518	520
518	522
519	520
519	521
519	522
519	554
520	521
520	522
521	522
521	523
522	523
522	524
522	526
523	524
523	525
523	526
524	525
524	526
525	526
525	527
525	581
526	527
526	528
527	528
527	556
528	529
528	530
528	554
528	555
528	556
529	530
529	531
529	554
529	555
529	556
529	558
530	531
530	532
530	533
530	553
530	554
530	555
531	532
531	533
531	552
531	553
531	554
532	533
532	534
532	551
532	552
532	553
533	534
533	535
533	546
533	547
533	548
533	549
533	552
534	535
534	536
534	546
534	547
534	548
534	549
535	536
535	545
535	546
535	547
536	537
536	538
536	545
536	546
536	547
537	538
537	545
538	539
538	543
538	544
538	545
539	540
539	541
539	543
539	544
539	545
540	541
540	542
540	543
541	542
541	543
542	543
542	544
543	544
543	545
544	545
545	546
545	547
546	547
546	548
547	548
547	549
548	549
548	552
549	550
549	551
549	552
550	551
550	552
551	552
551	553
552	553
553	554
553	555
554	555
555	556
555	557
555	558
556	557
556	558
557	558
557	559
558	559
558	560
559	560
559	561
560	561
560	562
560	563
561	562
561	563
561	564
562	563
562	564
562	565
563	564
563	565
563	566
563	567
564	565
564	566
564	567
564	568
565	566
565	567
565	568
565	569
566	567
566	568
566	569
566	570
567	568
567	569
567	570
567	571
568	569
568	570
568	571
568	572
569	570
569	571
569	572
570	571
570	572
570	573
570	574
571	572
571	573
571	574
571	575
572	573
572	574
572	575
572	576
573	574
573	575
573	576
573	577
573	580
574	575
574	576
574	577
574	578
574	580
575	576
575	577
576	577
577	578
577	579
577	580
578	579
578	580
578	581
578	582
579	580
579	581
579	582
579	583
580	581
580	582
580	583
580	584
581	582
581	583
581	584
582	583
582	584
582	585
582	586
583	584
583	585
583	586
583	587
584	585
584	586
584	587
584	588
585	586
585	587
585	588
585	589
586	587
586	588
586	589
586	590
587	588
587	589
587	590
587	591
588	589
588	590
588	591
588	592
589	590
589	591
589	592
589	593
590	591
590	592
590	593
590	594
591	592
591	593
591	594
592	593
592	594
593	594
593	597
594	595
594	596
594	597
595	596
595	597
596	597
596	598
596	599
597	598
597	599
598	599
