0	1
0	2
0	3
0	4
0	48
1	2
1	3
1	4
1	5
1	93
2	3
2	4
2	5
2	6
2	92
2	93
2	96
3	4
3	5
3	6
3	7
3	44
4	5
4	6
4	7
4	8
4	48
5	6
5	7
5	8
5	9
5	93
5	96
5	97
6	7
6	8
6	9
6	10
6	96
6	97
6	99
6	100
7	8
7	9
7	10
7	11
7	100
8	9
8	10
8	11
8	12
8	80
8	97
8	100
9	10
9	11
9	12
9	13
9	97
9	98
9	100
9	101
10	11
10	12
10	13
10	14
10	15
10	29
10	100
10	101
10	103
10	104
11	12
11	13
11	14
11	15
11	16
11	28
11	29
12	13
12	14
12	15
12	16
13	14
13	15
13	101
13	104
13	105
14	15
14	29
14	30
14	31
14	104
14	105
15	16
15	28
15	29
15	30
16	17
16	18
16	27
16	28
16	29
17	18
17	26
17	27
17	28
17	77
18	19
18	20
18	25
18	26
18	27
19	20
19	24
19	25
19	26
20	23
20	24
20	25
21	22
22	23
23	24
24	25
24	26
24	72
25	26
25	72
25	73
25	74
25	77
26	27
26	28
26	70
26	71
26	72
26	73
26	77
27	28
27	29
27	70
27	71
27	72
27	77
28	29
28	30
28	68
28	69
28	70
28	71
29	30
29	31
29	68
29	69
29	70
30	31
30	66
30	67
30	68
30	69
31	32
31	33
31	66
31	67
31	68
32	33
32	34
32	66
32	67
33	34
33	35
33	36
33	37
33	67
34	35
34	36
34	37
34	38
34	67
35	36
35	37
35	38
35	39
36	37
36	38
36	39
36	40
37	38
37	39
37	40
37	41
37	42
38	39
38	40
38	41
38	42
38	43
39	40
39	41
39	42
39	43
40	41
40	42
40	43
40	44
40	177
41	42
41	43
41	44
41	45
42	43
42	44
42	45
42	46
43	44
43	45
43	46
43	47
44	45
44	46
44	47
44	48
45	46
45	47
45	48
45	49
46	47
46	48
46	49
46	50
47	48
47	49
47	50
47	51
48	49
48	50
48	51
48	52
49	50
49	51
49	52
49	53
49	54
50	51
50	52
50	53
50	54
51	52
51	53
52	53
52	54
53	54
53	55
54	55
54	56
54	76
55	56
55	57
56	57
56	58
56	71
56	72
56	73
57	58
57	59
57	71
58	59
58	70
58	71
59	60
59	61
59	69
59	70
59	71
60	61
60	62
60	67
60	68
60	69
60	70
61	62
61	63
61	67
61	68
61	69
62	63
62	66
62	67
62	68
63	64
63	65
63	66
63	67
64	65
64	66
65	66
66	67
66	68
67	68
67	69
68	69
68	70
69	70
69	71
70	71
70	72
71	72
71	73
72	73
73	74
73	75
73	76
73	77
74	75
74	76
74	77
74	78
75	76
75	77
75	78
75	79
76	77
76	78
76	79
76	80
77	78
77	79
77	80
77	81
78	79
78	80
78	81
78	82
79	80
79	81
79	82
79	83
80	81
80	82
80	83
80	84
81	82
81	83
81	84
82	83
82	84
82	85
82	86
83	84
83	85
83	86
83	87
84	85
84	86
84	87
85	86
85	87
86	87
86	88
87	88
87	89
88	89
88	90
89	90
89	91
89	93
89	94
90	91
90	92
90	93
90	94
91	92
91	93
91	94
91	95
92	93
92	94
92	95
92	96
93	94
93	95
93	96
93	97
94	95
94	96
94	97
94	98
95	96
95	97
95	98
95	99
95	172
95	175
96	97
96	98
96	99
96	100
96	175
97	98
97	99
97	100
97	101
98	99
98	100
98	101
98	102
99	100
99	101
99	102
99	103
99	172
99	175
99	176
100	101
100	102
100	103
100	104
101	102
101	103
101	104
101	105
101	106
102	103
102	104
102	105
102	106
102	107
102	130
103	104
103	105
103	106
103	176
103	177
103	178
103	179
104	105
104	106
105	106
105	107
105	130
105	131
105	132
106	107
106	108
106	129
106	130
106	131
107	108
107	109
107	128
107	129
107	130
108	109
108	127
108	128
108	129
108	179
108	182
108	183
109	110
109	111
109	126
109	127
109	128
109	212
110	111
110	125
110	126
110	127
110	186
110	208
110	211
110	212
111	112
111	113
111	124
111	125
111	126
111	208
112	113
112	114
112	122
112	123
112	124
112	125
112	222
113	114
113	115
113	122
113	123
113	124
113	222
114	115
114	116
114	121
114	122
114	123
115	116
115	117
115	118
115	121
115	122
115	123
116	117
116	118
116	121
117	118
117	119
117	121
118	119
118	120
118	121
118	122
118	123
119	120
119	121
120	121
120	122
120	231
121	122
121	123
122	123
122	124
123	124
123	125
124	125
124	126
125	126
125	127
126	127
126	160
127	128
127	129
127	158
127	159
127	160
128	129
128	158
128	159
128	160
129	130
129	131
129	156
129	157
129	158
129	159
130	131
130	132
130	156
130	157
131	132
131	155
131	156
131	157
132	133
132	134
132	136
132	137
132	154
132	155
132	156
133	134
133	135
133	136
133	137
133	154
133	155
134	135
134	136
134	137
134	152
134	154
134	155
135	136
135	137
136	137
136	138
136	139
137	138
137	139
137	140
137	155
138	139
138	140
139	140
139	141
140	141
140	142
140	157
141	142
141	143
141	144
141	145
142	143
142	144
142	145
142	146
142	147
142	148
142	149
143	144
143	145
143	146
144	145
144	146
145	146
145	147
146	147
146	148
147	148
148	149
148	158
148	159
149	150
149	157
149	158
149	159
150	151
150	156
150	157
150	158
151	152
151	153
151	155
151	156
151	157
152	153
152	154
152	155
152	156
153	154
153	155
154	155
155	156
156	157
156	158
157	158
157	159
158	159
158	160
159	160
159	161
159	165
160	161
160	162
160	165
161	162
161	163
161	164
161	165
162	163
162	164
162	165
162	166
162	190
163	164
163	165
163	166
163	167
164	165
164	166
164	167
164	168
165	166
165	167
165	168
165	169
166	167
166	168
166	169
166	170
166	187
166	190
167	168
167	169
167	170
167	171
168	169
168	170
168	171
168	172
169	170
169	171
169	172
169	173
169	183
170	171
170	172
170	173
171	172
171	173
171	174
172	173
172	174
172	175
172	176
173	174
173	175
173	176
173	180
173	183
173	184
174	175
174	176
175	176
175	177
176	177
176	178
176	179
176	180
177	178
177	179
177	180
178	179
178	180
179	180
179	181
179	182
179	183
180	181
180	182
180	183
180	184
181	182
181	183
181	184
181	185
182	183
182	184
182	185
182	186
182	211
182	214
183	184
183	185
183	186
183	187
184	185
184	186
184	187
184	188
185	186
185	187
185	188
185	189
185	207
185	211
186	187
186	188
186	189
186	190
187	188
187	189
187	190
187	191
188	189
188	190
188	191
189	190
189	191
189	192
189	204
190	191
190	192
191	192
192	193
192	194
192	195
192	196
193	194
193	195
193	196
194	195
194	196
194	200
195	196
195	197
195	200
195	201
195	204
196	197
196	201
197	198
197	199
197	200
197	201
198	199
198	200
198	201
198	202
199	200
199	201
199	202
199	203
200	201
200	202
200	203
200	204
201	202
201	203
201	204
201	205
202	203
202	204
202	205
202	206
202	224
202	228
203	204
203	205
203	206
203	207
204	205
204	206
204	207
204	208
205	206
205	207
205	208
205	209
205	224
206	207
206	208
206	209
206	210
206	224
207	208
207	209
207	210
207	211
208	209
208	210
208	211
208	212
209	210
209	211
209	212
209	213
209	223
209	224
210	211
210	212
210	213
210	214
211	212
211	213
211	214
211	215
212	213
212	214
212	215
212	217
213	214
213	215
213	217
214	215
214	216
215	216
215	217
216	217
216	218
217	218
217	219
217	220
218	219
218	220
219	220
219	221
220	221
220	222
221	222
221	223
222	223
222	224
222	226
223	224
223	225
223	226
223	227
224	225
224	226
224	227
224	228
225	226
225	227
225	228
225	229
226	227
226	228
226	229
227	228
227	229
227	230
227	231
228	229
228	230
228	231
228	232
229	230
229	231
229	232
230	231
230	232
231	232
