0	1
0	2
0	132
0	133
1	2
1	3
1	132
1	133
2	3
2	4
2	131
2	132
2	133
3	4
3	5
3	7
3	8
3	131
3	132
3	133
4	5
4	6
4	7
4	8
5	6
5	7
5	8
5	9
5	131
5	297
5	298
6	7
6	8
6	9
6	10
7	8
7	9
7	10
7	11
8	9
8	10
8	11
8	12
8	131
8	139
9	10
9	11
9	12
10	11
10	12
11	12
11	13
11	138
11	139
12	13
12	14
12	138
12	139
12	140
12	144
13	14
13	15
13	138
13	139
13	140
13	144
14	15
15	16
15	17
16	17
16	18
16	19
16	20
17	18
17	19
17	20
17	147
17	151
18	19
18	20
18	151
19	20
19	21
20	21
20	22
21	22
21	23
21	153
22	23
22	24
22	155
23	24
23	25
23	213
24	25
24	26
24	155
24	211
25	26
25	27
25	28
25	100
25	156
25	210
25	211
25	212
26	27
26	28
26	210
26	211
26	212
27	28
27	29
27	100
27	210
27	211
28	29
28	99
28	100
28	101
29	30
29	31
29	99
29	100
29	101
30	31
30	32
30	98
30	99
30	100
30	254
31	32
31	33
31	97
31	98
31	99
32	33
32	96
32	97
32	98
32	259
33	34
33	35
33	95
33	96
33	97
34	35
34	36
34	94
34	95
34	96
35	36
35	37
35	39
35	40
35	94
36	37
36	38
36	39
36	40
36	94
37	38
37	39
37	40
37	41
37	87
38	39
38	40
38	41
38	87
39	40
39	41
39	42
40	41
40	42
40	43
40	44
40	194
40	197
40	198
41	42
41	43
41	44
42	43
42	44
43	44
43	45
43	197
43	200
43	201
43	221
44	45
44	46
44	193
44	194
44	197
45	46
45	47
45	48
45	225
46	47
46	48
46	49
46	50
46	59
47	48
47	49
47	50
47	51
47	58
47	59
48	49
48	50
48	51
48	52
49	50
49	51
49	52
49	53
49	189
50	51
50	52
50	53
50	54
50	55
50	56
51	52
51	53
51	54
51	55
51	56
52	53
52	54
53	54
53	55
54	55
54	56
55	56
55	57
56	57
56	58
57	58
57	59
57	61
57	62
58	59
58	60
58	61
58	62
59	60
59	61
59	62
60	61
60	62
60	63
61	62
61	63
61	64
61	65
62	63
62	64
62	65
62	69
62	72
63	64
63	65
63	69
63	70
63	72
63	73
64	65
64	66
64	69
65	66
65	67
65	68
65	69
66	67
66	68
66	69
67	68
67	69
68	69
68	70
68	71
68	72
69	70
69	71
69	72
69	73
70	71
70	72
70	73
70	74
71	72
71	73
71	74
71	75
72	73
72	74
72	75
72	76
73	74
73	75
73	76
73	77
74	75
74	76
74	77
74	78
75	76
75	77
75	78
75	79
76	77
76	78
76	79
76	80
77	78
77	79
77	80
77	81
78	79
78	80
78	81
78	82
79	80
79	81
79	82
79	83
79	186
80	81
80	82
80	83
80	84
81	82
81	83
81	84
81	85
82	83
82	84
82	85
82	86
83	84
83	85
83	86
83	87
84	85
84	86
84	87
84	88
85	86
85	87
85	88
85	89
86	87
86	88
86	89
86	90
86	91
86	92
87	88
87	89
87	90
88	89
88	90
89	90
89	91
90	91
90	92
90	93
91	92
91	93
92	93
92	94
92	165
92	167
92	168
93	94
93	95
93	164
93	165
94	95
94	96
94	163
94	164
94	165
95	96
95	162
95	163
95	164
95	165
95	260
96	97
96	98
96	161
96	162
96	163
96	260
97	98
97	99
97	160
97	161
97	162
97	254
97	256
97	259
98	99
98	159
98	160
98	161
98	254
99	100
99	101
99	158
99	159
99	160
99	254
100	101
100	156
100	157
100	158
100	159
101	102
101	103
101	112
101	113
101	156
101	157
101	158
102	103
102	112
102	113
102	115
102	116
102	155
102	156
102	157
103	104
103	110
103	111
103	112
103	113
103	155
103	156
103	157
104	105
104	106
104	110
104	111
104	112
104	146
104	147
104	148
104	149
104	155
105	106
105	107
105	109
105	110
105	111
105	143
105	146
105	147
105	148
105	149
106	107
106	108
106	109
106	110
106	111
106	148
106	149
107	108
107	109
108	109
108	126
108	127
108	128
108	141
108	143
109	110
109	111
109	124
109	125
109	126
109	127
109	143
110	111
110	112
110	124
110	125
110	126
110	143
111	112
111	113
111	121
111	123
111	124
111	125
112	113
112	114
112	121
112	122
112	123
112	124
113	114
113	115
113	118
113	120
113	121
113	122
114	115
114	118
114	120
114	121
114	122
115	116
115	117
115	118
116	117
116	118
117	118
117	119
118	119
118	120
119	120
119	121
120	121
120	122
121	122
121	123
122	123
123	124
123	125
124	125
124	126
125	126
125	127
126	127
127	128
127	129
127	141
127	142
127	143
127	241
128	129
128	130
128	141
128	241
128	291
129	130
129	131
129	139
129	140
129	141
129	291
130	131
130	132
130	139
130	140
130	141
130	291
130	292
130	294
131	132
131	133
131	139
131	293
131	294
132	133
132	134
133	134
133	135
134	135
134	136
134	137
134	138
134	139
135	136
135	137
136	137
136	138
137	138
137	139
138	139
138	140
139	140
139	141
140	141
140	142
141	142
141	143
141	144
142	143
142	144
142	145
143	144
143	145
143	146
144	145
144	146
145	146
145	147
145	283
145	286
146	147
146	148
146	155
147	148
147	149
147	151
147	153
147	155
148	149
148	150
148	151
149	150
149	151
149	152
150	151
150	152
151	152
151	153
152	153
152	154
153	154
153	155
154	155
155	156
156	157
156	158
157	158
157	280
157	281
158	159
158	279
158	280
158	281
159	160
159	250
159	278
159	279
159	280
160	161
160	162
160	277
160	278
160	279
161	162
161	256
161	276
161	277
161	278
162	163
162	195
162	198
162	199
162	275
162	276
162	277
163	164
163	165
163	195
163	272
163	274
163	275
163	276
164	165
164	191
164	192
164	194
164	195
164	274
164	275
165	166
165	167
165	168
165	191
166	167
166	168
166	272
167	168
167	169
167	170
167	171
168	169
168	170
168	171
168	172
168	188
168	191
168	272
169	170
169	171
169	172
169	173
170	171
170	172
170	173
170	174
171	172
171	173
171	174
171	175
171	187
172	173
172	174
172	175
172	176
172	184
172	187
172	188
173	174
173	175
173	176
173	177
174	175
174	176
174	177
174	178
175	176
175	177
175	178
175	179
175	180
175	181
175	183
175	184
176	177
176	178
176	179
176	180
176	181
176	184
177	178
177	179
178	179
178	180
179	180
179	181
180	181
180	182
180	183
180	184
181	182
181	183
181	184
181	185
182	183
182	184
182	185
182	186
183	184
183	185
183	186
183	187
184	185
184	186
184	187
184	188
185	186
185	187
185	188
185	189
186	187
186	188
186	189
186	190
187	188
187	189
187	190
187	191
188	189
188	190
188	191
188	192
189	190
189	191
189	192
189	193
190	191
190	192
190	193
190	194
191	192
191	193
191	194
191	195
191	274
192	193
192	194
192	195
192	196
192	274
193	194
193	195
193	196
193	197
194	195
194	196
194	197
194	198
195	196
195	197
195	198
195	199
195	274
195	275
195	276
196	197
196	198
196	199
196	200
196	276
197	198
197	199
197	200
197	201
198	199
198	200
198	201
198	202
199	200
199	201
199	202
199	203
199	276
200	201
200	202
200	203
200	204
201	202
201	203
201	204
201	205
202	203
202	204
202	205
202	206
203	204
203	205
203	206
203	207
204	205
204	206
204	207
204	208
205	206
205	207
205	208
205	209
205	210
206	207
206	208
206	209
206	210
206	211
206	212
207	208
207	209
207	210
207	211
207	212
207	213
207	214
208	209
208	210
208	211
208	212
208	213
208	214
208	215
208	217
209	210
209	211
209	212
209	215
210	211
210	212
211	212
211	213
212	213
212	214
212	215
213	214
213	215
214	215
214	216
214	217
215	216
215	217
216	217
216	218
217	218
217	219
218	219
218	220
219	220
219	221
219	223
219	224
220	221
220	222
220	223
220	224
221	222
221	223
221	224
221	225
222	223
222	224
222	225
222	226
223	224
223	225
223	226
223	227
223	228
224	225
224	226
224	227
224	228
225	226
225	227
226	227
226	228
227	228
227	229
228	229
228	230
229	230
229	231
230	231
230	282
230	284
231	232
231	281
231	282
231	283
231	284
231	286
232	233
232	234
232	280
232	281
232	282
232	286
232	287
233	234
233	235
233	278
233	279
233	280
233	281
234	235
234	236
234	240
234	278
234	279
235	236
235	237
235	238
235	241
235	277
235	278
235	279
236	237
236	238
236	241
236	242
236	243
236	244
236	246
236	247
236	278
237	238
237	239
237	241
237	242
237	243
237	244
238	239
238	240
238	241
238	242
239	240
239	241
239	242
239	289
239	290
239	291
240	241
240	242
240	288
240	289
240	290
240	291
241	242
241	243
242	243
242	244
243	244
243	245
243	246
243	316
243	317
244	245
244	246
244	247
244	268
244	316
245	246
245	247
245	248
245	268
246	247
246	248
246	249
246	250
247	248
247	249
247	250
247	251
248	249
248	250
248	251
248	252
249	250
249	251
249	252
249	253
250	251
250	252
250	253
250	254
251	252
251	253
251	254
251	255
251	256
252	253
252	254
252	255
252	256
253	254
253	255
254	255
254	256
255	256
255	257
255	258
255	259
256	257
256	258
256	259
256	260
256	262
257	258
257	259
257	260
257	261
257	262
257	263
258	259
258	260
258	261
259	260
259	261
260	261
260	262
261	262
261	263
262	263
262	270
262	271
262	272
263	264
263	265
263	270
263	271
264	265
264	266
264	268
264	269
264	270
264	271
265	266
265	267
265	268
265	269
265	270
266	267
266	268
267	268
267	269
268	269
268	270
269	270
269	271
270	271
270	272
270	273
270	275
271	272
271	273
271	275
272	273
272	274
272	275
273	274
273	275
274	275
275	276
275	277
276	277
276	278
277	278
278	279
278	280
279	280
279	281
280	281
280	282
281	282
281	283
282	283
282	284
283	284
283	285
283	286
284	285
284	286
285	286
285	287
286	287
287	288
287	289
288	289
289	290
289	291
290	291
290	292
291	292
291	293
292	293
292	294
292	320
293	294
293	295
293	320
293	321
293	322
294	295
294	296
294	298
294	320
294	321
294	322
295	296
295	297
295	298
295	299
295	321
295	322
295	323
296	297
296	298
296	299
296	300
297	298
297	299
297	300
297	301
298	299
298	300
298	301
298	302
299	300
299	301
299	302
299	303
299	310
299	313
300	301
300	302
300	303
300	304
300	310
301	302
301	303
301	304
301	305
302	303
302	304
302	305
302	306
303	304
303	305
303	306
303	307
303	308
303	309
303	310
303	313
304	305
304	306
304	307
304	308
305	306
305	307
306	307
306	308
307	308
307	309
308	309
308	310
308	312
308	313
309	310
309	311
309	312
309	313
310	311
310	312
310	313
310	314
311	312
311	313
311	314
311	315
312	313
312	314
312	315
312	316
313	314
313	315
313	316
313	317
314	315
314	316
314	317
314	318
315	316
315	317
315	318
316	317
316	318
317	318
317	319
317	320
317	321
318	319
318	320
318	321
319	320
319	321
320	321
320	322
321	322
321	323
322	323
323	324
323	325
324	325
324	326
325	326
