0	1
0	2
0	448
0	449
1	2
1	3
1	448
1	449
1	450
2	3
2	4
2	449
2	450
2	451
3	4
3	5
3	450
3	451
3	452
3	453
4	5
4	6
4	450
4	451
4	452
4	453
4	496
4	497
4	498
4	499
5	6
5	7
5	452
5	453
5	498
5	499
6	7
6	8
6	452
6	453
6	454
6	498
6	499
6	500
7	8
7	498
7	499
7	500
8	9
8	10
8	500
8	501
9	10
9	11
9	500
9	501
9	502
10	11
10	12
10	500
10	501
10	502
10	551
10	552
10	553
11	12
11	13
11	502
11	503
11	551
11	552
12	13
12	14
12	504
12	550
12	551
12	552
13	14
13	550
13	551
13	552
14	15
14	16
14	549
14	550
15	16
15	17
15	507
15	548
15	549
15	550
16	17
16	18
16	547
16	548
16	549
17	18
17	19
17	546
17	547
17	548
18	19
18	20
18	21
18	546
18	547
19	20
19	21
20	21
20	333
21	22
21	23
21	333
21	334
22	23
22	24
23	24
23	25
23	543
24	25
24	26
24	29
24	30
24	31
24	543
24	544
25	26
25	27
25	28
25	29
25	541
25	542
25	543
25	544
26	27
26	28
26	29
26	533
26	534
26	541
26	542
26	543
26	544
27	28
27	29
27	541
28	29
29	30
29	31
30	31
30	32
30	33
30	34
31	32
31	33
31	49
31	327
32	33
32	34
32	47
32	48
32	49
32	327
32	328
32	329
33	34
33	35
33	47
33	48
33	49
33	520
33	521
33	522
34	35
34	36
34	38
34	49
34	520
34	521
34	522
35	36
35	37
35	38
35	519
35	520
35	521
36	37
36	38
36	39
36	463
36	464
36	465
36	476
36	477
36	519
36	520
36	521
37	38
37	39
37	463
37	464
37	465
38	39
38	40
38	41
38	465
39	40
39	41
39	42
39	417
39	419
39	420
39	464
39	465
39	466
40	41
40	42
40	417
40	419
40	420
41	42
41	354
41	355
41	356
41	417
42	43
42	44
42	355
42	356
42	357
42	417
42	418
42	419
43	44
43	45
43	356
43	357
43	358
43	416
43	417
43	418
43	419
44	45
44	46
44	357
44	358
44	419
44	467
45	46
45	358
45	359
45	360
45	467
45	523
45	524
46	47
46	48
46	359
46	360
46	522
46	523
46	524
47	48
47	49
47	328
47	329
47	360
47	522
47	523
47	529
48	49
48	50
48	327
48	328
48	329
48	360
48	362
49	50
49	51
49	326
49	327
49	328
50	51
50	52
50	324
50	325
50	326
50	327
51	52
51	53
51	324
51	325
52	53
52	54
52	322
52	323
52	324
52	325
52	350
52	351
53	54
53	55
53	322
53	323
53	324
53	347
53	349
53	350
53	351
54	55
54	56
54	320
54	321
54	322
54	323
54	347
54	348
54	349
54	350
54	351
54	370
55	56
55	57
55	320
55	321
55	322
55	344
55	345
55	346
55	347
55	348
56	57
56	345
56	346
56	347
56	348
57	58
57	61
57	320
58	59
58	60
58	61
59	60
59	61
59	62
59	318
60	61
60	62
61	62
61	63
61	318
61	319
61	320
62	63
62	64
62	316
62	317
62	318
62	319
63	64
63	65
63	316
63	317
63	318
63	319
64	65
64	66
64	218
64	219
64	220
64	315
64	316
64	317
65	66
65	67
65	77
65	217
65	220
65	315
65	316
66	67
66	68
66	75
66	76
66	77
66	217
66	218
66	220
67	68
67	69
67	72
67	75
67	76
67	77
67	78
67	217
68	69
68	72
68	73
68	74
68	75
68	76
68	77
68	78
69	70
69	71
69	72
69	73
69	75
70	71
70	72
70	73
71	72
71	73
71	192
71	193
72	73
72	74
72	75
72	192
73	74
73	75
74	75
74	76
75	76
75	77
75	218
76	77
76	78
76	389
76	390
76	391
77	78
77	79
77	390
77	391
77	392
78	79
78	80
78	390
78	391
78	392
79	80
79	81
79	391
79	392
79	393
80	81
80	82
81	82
81	83
81	121
82	83
82	84
82	118
82	189
83	84
83	118
83	119
83	188
83	189
84	85
84	114
84	115
84	118
84	186
84	187
84	188
84	189
85	86
85	113
85	114
85	115
85	186
85	187
85	188
86	87
86	88
86	112
86	113
86	114
86	184
86	185
86	186
86	187
86	226
87	88
87	89
87	111
87	112
87	113
87	183
87	184
87	229
88	89
88	90
88	113
88	183
88	184
89	90
89	93
89	94
89	181
89	182
89	183
89	229
89	230
89	231
90	91
90	92
90	93
90	94
90	181
91	92
91	93
91	94
91	95
91	177
92	93
92	94
92	95
92	96
93	94
93	95
93	96
93	97
93	110
93	111
94	95
94	96
94	97
94	98
94	231
95	96
95	97
95	98
95	99
96	97
96	98
96	99
96	100
96	108
96	109
96	110
97	98
97	99
97	100
97	101
97	109
97	110
98	99
98	100
98	101
98	102
99	100
99	101
99	102
99	103
99	104
99	105
99	108
100	101
100	102
100	103
100	104
100	105
100	106
100	108
100	109
101	102
101	103
101	148
102	103
102	104
103	104
103	105
103	106
104	105
104	106
105	106
105	107
105	108
106	107
106	108
107	108
107	109
108	109
109	110
109	111
109	136
110	111
110	112
111	112
111	113
112	113
112	114
112	143
113	114
113	115
114	115
114	116
115	116
115	117
115	118
115	119
116	117
116	118
116	119
116	120
117	118
117	119
117	120
117	121
118	119
118	120
118	121
119	120
119	121
119	127
119	128
120	121
120	122
120	123
120	126
120	127
121	122
121	123
121	124
121	125
121	126
121	127
122	123
122	124
122	125
122	126
123	124
123	125
123	126
124	125
124	126
124	374
124	393
124	394
124	395
125	126
125	127
125	374
125	375
125	393
126	127
126	128
126	317
127	128
127	129
127	315
127	316
127	317
128	129
128	130
128	315
128	316
128	317
129	130
129	131
129	142
129	314
129	315
129	316
130	131
130	132
130	133
130	142
130	314
130	315
131	132
131	133
131	134
131	140
131	141
131	142
132	133
132	134
132	140
132	141
132	142
133	134
133	141
133	142
133	314
134	135
134	136
134	140
134	141
134	142
134	143
134	144
135	136
135	137
135	138
135	139
135	140
135	141
136	137
136	138
136	139
136	140
137	138
137	139
138	139
138	140
139	140
139	141
140	141
141	142
141	143
142	143
142	144
142	313
142	314
143	144
143	145
143	311
143	312
143	313
143	314
144	145
144	146
144	311
144	312
144	313
145	146
145	147
145	309
145	310
145	311
145	312
146	147
146	310
146	311
147	148
147	149
147	309
147	310
147	311
148	149
148	150
148	307
148	308
148	309
148	310
149	150
149	151
149	307
149	308
149	309
150	151
150	152
150	153
150	154
150	306
150	307
150	308
151	152
151	153
151	306
151	307
151	308
152	153
152	154
153	154
153	155
154	155
154	156
155	156
155	157
156	157
156	158
156	170
156	171
156	172
156	173
156	235
157	158
157	159
157	170
157	171
157	172
157	173
157	235
157	236
157	237
158	159
158	160
158	168
158	169
158	170
158	171
158	236
158	237
158	238
159	160
159	161
159	168
159	169
159	170
159	171
159	238
160	161
160	162
160	168
160	169
161	162
161	163
161	166
161	167
161	168
161	169
161	284
162	163
162	164
162	165
162	166
162	167
162	168
163	164
163	165
163	166
163	284
163	285
163	286
163	287
164	165
164	166
164	286
164	287
164	288
165	166
165	167
166	167
166	168
166	286
167	168
167	169
168	169
168	170
169	170
170	171
171	172
171	173
172	173
172	174
173	174
173	175
173	233
173	234
173	235
174	175
174	176
174	233
174	234
174	235
175	176
175	177
175	232
175	233
175	234
176	177
176	178
176	179
176	232
176	233
176	234
177	178
177	179
178	179
178	180
179	180
179	181
179	231
179	232
180	181
180	182
180	231
180	232
181	182
181	183
181	230
181	231
182	183
182	184
182	229
182	230
182	231
183	184
183	185
183	229
183	230
184	185
184	186
184	226
184	227
184	228
184	229
185	186
185	187
185	226
185	227
185	228
186	187
186	188
186	226
187	188
187	189
187	224
187	225
187	226
188	189
188	190
188	224
189	190
189	191
189	222
189	223
189	224
190	191
190	192
190	193
190	222
190	223
190	224
191	192
191	193
191	215
191	216
191	217
191	221
191	222
191	223
192	193
192	217
193	194
193	195
193	214
193	215
194	195
194	196
194	211
194	212
194	213
194	214
194	215
194	223
195	196
195	211
195	212
195	213
195	214
195	223
195	224
196	197
196	198
196	209
196	210
196	211
196	212
197	198
197	199
197	209
197	210
197	211
198	199
198	200
198	208
198	209
198	210
199	200
199	201
199	202
199	207
199	208
199	209
199	210
200	201
200	202
201	202
201	203
201	204
201	205
202	203
202	204
202	205
202	206
202	207
202	208
203	204
203	205
204	205
204	206
205	206
205	207
206	207
206	208
207	208
207	209
207	210
208	209
209	210
209	211
210	211
210	212
211	212
211	213
212	213
213	214
213	223
214	215
214	216
214	223
215	216
215	217
215	221
215	222
215	223
215	312
216	217
216	218
216	219
216	220
216	221
216	222
217	218
217	219
217	220
217	221
217	222
218	219
218	220
219	220
219	221
220	221
220	222
220	314
220	315
220	316
221	222
221	223
221	312
221	313
221	314
221	315
222	223
222	224
222	312
222	313
222	314
223	224
223	311
223	312
223	313
224	225
224	226
224	310
224	311
224	312
225	226
225	227
225	309
225	310
225	311
226	227
226	228
226	308
226	309
226	310
227	228
227	229
227	307
227	308
227	309
228	229
228	230
228	306
228	307
228	308
229	230
229	306
229	307
229	308
230	231
230	305
230	306
230	307
231	232
231	233
231	304
231	305
231	306
232	233
232	234
232	302
232	303
232	304
232	305
233	234
233	235
233	302
233	303
233	304
234	235
234	236
234	300
234	301
234	302
234	303
235	236
235	237
235	300
235	301
235	302
236	237
236	238
236	298
236	299
236	300
236	301
237	238
237	239
237	298
237	299
237	300
238	239
238	240
238	296
238	297
238	298
238	299
239	240
239	241
239	296
239	297
239	298
239	299
240	241
240	242
240	295
240	296
240	297
241	242
241	243
241	259
241	260
241	295
241	296
242	243
242	244
242	260
242	261
242	295
243	244
243	260
243	261
243	262
243	294
243	295
244	245
244	246
244	261
244	262
244	263
245	246
245	247
245	262
245	263
245	264
246	247
246	250
246	263
246	264
246	265
247	248
247	249
247	250
247	264
247	265
247	266
248	249
248	250
248	251
248	264
248	265
248	266
249	250
249	251
250	251
250	252
251	252
251	253
252	253
252	254
252	275
253	254
253	255
253	256
254	255
254	256
255	256
255	257
256	257
256	258
256	276
256	277
256	278
257	258
257	259
257	260
257	261
257	276
257	277
257	278
258	259
258	260
258	277
258	278
259	260
260	261
260	262
261	262
261	263
261	274
261	275
261	277
261	295
262	263
262	264
262	274
262	275
263	264
263	265
263	272
263	273
263	274
263	275
264	265
264	266
264	272
264	273
264	274
264	275
265	266
265	269
265	270
265	271
265	272
265	273
266	267
266	268
266	269
266	270
266	272
267	268
267	269
267	270
268	269
268	270
269	270
269	271
269	272
270	271
270	272
271	272
271	290
271	291
272	273
272	274
273	274
273	275
274	275
274	276
275	276
275	277
276	277
276	278
277	278
277	279
277	281
278	279
278	280
278	281
279	280
279	281
280	281
280	282
280	297
281	282
281	283
281	296
281	297
282	283
282	284
282	295
282	296
282	297
283	284
283	285
283	294
283	295
283	296
284	285
284	286
284	293
284	294
284	295
285	286
285	287
285	290
285	292
285	293
285	294
286	287
286	288
286	289
286	290
286	292
286	293
287	288
287	289
287	290
288	289
288	290
289	290
289	291
289	292
290	291
290	292
290	293
291	292
291	293
292	293
292	294
293	294
293	295
294	295
295	296
296	297
297	298
297	299
298	299
298	300
299	300
299	301
300	301
300	302
301	302
301	303
302	303
303	304
303	305
304	305
304	306
305	306
305	307
306	307
306	308
307	308
307	309
308	309
308	310
309	310
309	311
310	311
311	312
311	313
312	313
312	314
313	314
313	315
314	315
315	316
316	317
316	318
317	318
317	319
318	319
318	320
319	320
319	321
319	375
320	321
320	322
321	322
321	341
321	342
321	343
321	344
322	323
322	324
322	340
322	341
322	342
322	344
323	324
323	325
323	339
323	340
323	341
324	325
324	326
324	338
324	339
324	340
325	326
325	327
325	337
325	338
325	339
326	327
326	328
326	336
326	337
326	338
326	362
326	383
327	328
327	334
327	335
327	336
327	337
327	362
328	329
328	330
328	334
328	335
328	336
328	360
328	361
328	362
329	330
329	332
329	333
329	334
329	335
330	331
330	332
330	333
330	334
330	335
331	332
331	333
332	333
333	334
333	335
334	335
334	336
335	336
335	337
336	337
336	338
337	338
337	339
337	383
337	384
338	339
338	384
339	340
339	384
339	385
340	341
340	342
340	344
341	342
341	343
341	344
342	343
342	344
343	344
343	345
344	345
344	346
345	346
345	347
346	347
346	348
347	348
347	349
348	349
349	350
349	351
350	351
350	352
351	352
351	353
351	354
351	368
351	369
351	370
351	371
352	353
352	354
352	369
352	370
352	371
352	372
353	354
353	368
353	369
353	370
353	372
354	355
354	356
354	367
354	368
354	369
355	356
355	357
355	366
355	367
355	368
355	417
356	357
356	358
356	364
356	365
356	366
356	367
357	358
357	364
357	365
357	366
358	359
358	360
358	363
358	364
358	365
359	360
359	361
359	363
359	364
360	361
360	362
360	363
360	524
361	362
361	363
362	363
362	364
362	382
362	383
363	364
363	381
363	382
363	383
364	365
364	366
364	380
364	381
364	382
365	366
365	379
365	380
365	381
366	367
366	368
366	378
366	379
366	380
367	368
367	369
367	377
367	378
367	379
368	369
368	370
368	376
368	377
368	378
369	370
369	371
369	372
369	375
369	376
369	377
370	371
370	376
371	372
371	373
371	374
372	373
372	400
373	374
373	375
373	393
373	394
373	395
373	396
373	400
374	375
374	376
374	393
374	394
374	395
375	376
375	391
375	392
375	393
375	394
376	377
376	378
376	391
376	392
376	393
376	394
377	378
377	379
377	389
377	390
377	391
377	392
378	379
378	380
378	389
378	390
378	391
379	380
379	381
379	388
379	389
379	390
380	381
380	386
380	387
380	388
380	389
381	382
381	383
381	385
381	386
381	387
382	383
382	384
382	385
382	386
383	384
383	385
384	385
384	386
385	386
385	387
386	387
386	388
387	388
388	389
388	390
389	390
389	391
390	391
390	392
391	392
391	393
392	393
392	394
393	394
393	395
394	395
394	396
395	396
395	397
395	398
396	397
396	398
396	399
397	398
397	399
398	399
398	400
398	401
398	404
398	405
399	400
399	401
400	401
400	402
400	405
401	402
401	403
401	404
401	405
402	403
402	404
402	405
402	406
403	404
403	405
403	406
403	407
404	405
404	406
404	407
404	408
405	406
405	407
405	408
405	409
406	407
406	408
406	409
406	410
406	416
407	408
407	409
407	410
407	411
407	441
408	409
408	410
408	411
408	412
409	410
409	411
409	412
409	413
409	414
409	415
410	411
410	412
410	413
410	414
410	415
410	416
410	440
410	441
411	412
411	413
411	414
411	441
412	413
412	414
413	414
413	415
414	415
414	416
414	440
414	441
415	416
415	440
416	417
416	418
416	440
417	418
417	419
417	420
418	419
418	420
418	421
418	434
418	437
419	420
419	421
419	434
419	465
419	466
419	467
420	421
420	422
420	464
420	465
420	466
421	422
421	423
421	430
421	431
421	434
422	423
422	428
422	429
422	430
422	464
423	424
423	425
423	428
423	429
423	430
423	464
424	425
424	426
424	427
424	428
424	429
424	460
424	462
425	426
425	427
425	428
425	460
426	427
426	456
427	428
427	429
427	451
427	452
427	453
427	455
427	456
428	429
428	451
428	452
428	455
429	430
429	449
429	450
429	451
429	452
430	431
430	432
430	435
430	449
430	450
430	451
431	432
431	433
431	434
431	435
431	446
431	447
431	448
431	449
431	450
432	433
432	434
432	435
432	436
432	445
432	446
432	447
432	448
432	449
432	450
433	434
433	435
433	436
433	437
433	439
433	440
433	446
433	447
434	435
434	436
434	437
435	436
435	437
435	473
435	494
436	437
436	438
436	494
436	495
437	438
437	439
437	468
438	439
438	440
439	440
439	441
440	441
440	442
441	442
441	443
442	443
442	446
443	444
443	445
443	446
444	445
444	446
445	446
445	447
445	448
446	447
446	448
447	448
447	449
448	449
448	450
449	450
449	451
450	451
450	452
451	452
451	453
452	453
452	454
452	455
453	454
453	455
454	455
454	456
455	456
455	457
455	458
456	457
456	458
457	458
457	459
458	459
458	460
458	478
458	479
458	480
459	460
459	461
459	462
459	479
459	480
459	481
460	461
460	462
461	462
461	463
462	463
462	464
462	477
462	478
462	479
463	464
463	477
464	465
464	466
464	475
464	476
464	477
465	466
465	467
465	475
465	476
466	467
466	468
466	473
466	474
466	475
466	476
467	468
467	469
467	473
467	474
467	475
467	522
467	523
468	469
468	470
468	472
468	473
468	474
469	470
469	471
469	472
469	473
470	471
470	472
471	472
471	493
471	494
472	473
472	474
472	491
472	492
472	493
472	494
473	474
473	475
473	491
473	492
473	493
473	494
474	475
474	476
474	490
474	491
474	492
474	523
475	476
475	477
475	489
475	490
475	491
476	477
476	478
476	489
476	490
476	521
477	478
477	479
477	487
477	488
477	489
477	518
478	479
478	480
478	487
478	488
478	489
479	480
479	481
479	486
479	487
479	488
480	481
480	482
480	483
480	485
480	487
481	482
481	483
482	483
482	484
482	485
483	484
483	485
483	486
484	485
484	486
484	513
484	514
485	486
485	487
486	487
486	488
486	505
486	515
487	488
487	489
487	505
487	517
487	518
488	489
488	490
488	501
488	502
488	503
488	504
489	490
489	491
489	501
489	502
489	503
490	491
490	492
490	500
490	501
490	502
491	492
491	493
491	499
491	500
491	501
492	493
492	494
492	498
492	499
492	500
493	494
493	495
493	496
493	497
493	498
493	499
494	495
494	496
495	496
495	497
496	497
496	498
497	498
498	499
499	500
499	501
500	501
500	502
501	502
501	503
502	503
502	504
503	504
503	505
504	505
504	506
504	507
504	508
505	506
505	507
505	508
505	509
506	507
506	508
506	509
507	508
507	509
508	509
508	510
508	515
508	516
509	510
509	511
509	514
509	515
509	516
510	511
510	512
510	514
510	515
510	516
511	512
511	513
511	514
511	515
512	513
512	514
513	514
513	515
514	515
515	516
515	517
516	517
516	518
516	532
517	518
517	519
517	532
518	519
518	520
518	521
518	530
518	531
518	532
519	520
519	521
519	531
519	532
519	533
520	521
520	530
520	531
520	532
521	522
521	529
521	530
521	531
522	523
522	524
522	528
522	529
522	530
523	524
523	526
523	527
523	528
523	529
524	525
524	526
524	527
524	528
525	526
525	527
526	527
526	528
526	550
527	528
527	529
527	548
527	549
527	550
528	529
528	530
528	548
528	549
528	550
529	530
529	547
529	548
529	549
530	531
530	532
530	546
530	547
530	548
531	532
531	533
531	544
531	545
531	546
531	547
532	533
532	534
532	544
532	545
532	546
533	534
533	544
533	545
534	535
534	541
534	542
534	543
534	544
535	536
535	537
535	539
535	540
535	541
535	542
536	537
536	538
536	539
536	540
536	541
537	538
537	539
538	539
538	540
539	540
539	541
540	541
540	542
541	542
542	543
542	544
543	544
543	545
544	545
544	546
545	546
545	547
546	547
547	548
547	549
548	549
548	550
549	550
549	551
550	551
550	552
551	552
551	553
552	553
