1	1
2	1
3	1
4	1
5	1
6	1
7	1
8	1
9	1
10	1
11	1
12	1
13	1
14	1
15	1
16	1
17	1
18	1
19	1
20	1
21	1
22	4
23	4
24	3
25	3
26	3
27	3
28	3
29	4
30	4
31	4
32	4
33	4
34	4
35	1
36	1
37	1
38	1
39	4
40	4
41	4
42	4
43	4
44	3
45	3
46	3
47	3
48	3
49	3
50	3
51	3
52	3
53	3
54	4
55	4
56	4
57	4
58	4
59	3
60	3
61	3
62	3
63	3
64	3
65	3
66	2
67	2
68	2
69	2
70	2
71	2
72	2
73	2
74	2
75	2
76	3
77	3
78	3
79	3
80	3
81	3
82	3
83	3
84	3
85	3
86	2
87	2
88	2
89	2
90	6
91	6
92	6
93	6
94	6
95	6
96	6
97	6
98	6
99	6
100	6
101	6
102	6
103	6
104	6
105	6
106	6
107	5
108	5
109	5
110	5
111	5
112	5
113	5
114	5
115	5
116	5
117	5
118	5
119	5
120	5
121	6
122	6
123	5
124	5
125	5
126	5
127	5
128	5
129	5
130	5
131	5
132	5
133	5
134	5
135	5
136	5
137	5
138	5
139	5
140	5
***
1	2
2	1
3	2
4	2
5	1
6	1
