0	1
0	2
1	2
1	3
1	117
1	118
1	119
1	120
2	3
2	4
2	90
2	91
2	118
2	119
2	120
3	4
3	5
3	91
3	92
3	119
3	120
3	121
3	122
4	5
4	6
4	91
4	92
4	93
4	119
4	120
4	121
4	122
5	6
5	7
5	92
5	93
5	94
5	121
5	122
5	123
5	124
5	193
5	194
6	7
6	8
6	93
6	94
6	95
6	96
6	123
6	124
6	125
7	8
7	93
7	94
7	95
7	96
7	97
7	124
7	125
7	126
8	9
8	10
8	95
8	96
8	97
8	125
8	126
8	127
8	146
9	10
9	11
9	97
9	98
9	126
9	127
9	128
9	143
9	146
10	11
10	12
10	13
10	97
10	98
10	99
10	128
10	143
11	12
11	13
11	97
11	98
12	13
12	14
13	14
13	15
13	127
13	128
13	129
14	15
14	16
14	17
14	127
15	16
15	17
15	18
15	19
16	17
16	18
16	19
16	20
17	18
17	19
17	20
17	21
18	19
18	20
18	21
18	22
18	188
19	20
19	21
19	22
19	23
20	21
20	22
20	23
20	24
21	22
21	23
21	24
21	25
22	23
22	24
22	25
23	24
23	25
23	41
23	60
23	62
24	25
24	26
24	41
24	42
24	60
25	26
25	27
25	60
26	27
26	28
26	60
27	28
27	29
28	29
28	30
29	30
29	31
30	31
30	32
30	61
30	62
30	88
30	89
30	90
30	91
31	32
31	33
31	62
31	63
31	89
31	90
31	91
31	92
32	33
32	34
32	62
32	63
32	64
32	89
32	91
32	92
32	93
33	34
33	35
33	63
33	64
33	65
33	92
33	93
33	94
34	35
34	36
34	64
34	65
34	66
34	67
34	93
34	94
34	95
35	36
35	37
35	65
35	66
35	67
35	94
35	95
36	37
36	66
36	67
36	68
36	95
37	38
37	39
37	66
37	67
38	39
38	66
39	40
39	41
40	41
40	42
41	42
41	43
42	43
42	44
42	58
42	59
43	44
43	45
43	56
43	57
43	58
43	59
44	45
44	57
44	58
44	59
45	46
45	47
45	56
45	57
46	47
46	48
46	54
46	55
46	56
46	57
47	48
47	49
47	54
47	55
47	56
48	49
48	50
48	52
48	53
48	54
48	55
49	50
49	51
49	52
49	53
49	54
49	77
50	51
50	52
50	77
51	52
51	53
51	73
51	77
52	53
52	54
53	54
53	55
53	69
53	74
53	77
54	55
54	56
54	65
55	56
55	57
55	63
55	64
55	65
56	57
56	58
56	63
56	64
56	65
57	58
57	59
57	61
57	62
57	63
57	64
58	59
58	60
58	61
58	62
58	63
59	60
59	61
60	61
60	62
61	62
61	63
62	63
62	64
63	64
63	65
64	65
65	66
65	67
66	67
66	68
66	69
67	68
67	69
67	70
68	69
68	70
69	70
69	71
69	73
69	74
70	71
70	72
70	73
70	74
71	72
71	73
71	74
71	75
72	73
72	74
72	75
72	76
72	108
73	74
73	75
73	76
73	77
74	75
74	76
74	77
74	78
75	76
75	77
75	78
75	79
76	77
76	78
76	79
76	80
77	78
77	79
77	80
77	81
78	79
78	80
78	81
78	82
79	80
79	81
79	82
79	83
80	81
80	82
80	83
80	84
81	82
81	83
81	84
81	85
81	86
81	87
82	83
82	84
82	85
82	86
82	87
82	88
83	84
83	85
84	85
84	86
85	86
85	87
86	87
87	88
87	89
88	89
89	90
89	91
90	91
91	92
91	93
92	93
92	94
93	94
93	95
94	95
94	96
95	96
95	97
96	97
96	98
96	100
96	102
97	98
97	99
97	100
98	99
98	100
99	100
99	101
99	142
100	101
100	102
101	102
101	103
101	104
101	146
102	103
102	104
102	105
102	106
102	146
102	149
103	104
103	105
103	106
103	107
104	105
104	106
104	107
104	108
105	106
105	107
105	108
105	109
106	107
106	108
106	109
106	110
107	108
107	109
107	110
107	111
108	109
108	110
108	111
108	112
109	110
109	111
109	112
109	115
109	116
110	111
110	112
110	116
111	112
111	113
112	113
112	114
112	115
112	116
113	114
113	115
113	116
114	115
114	116
114	117
114	118
115	116
115	117
115	118
115	119
116	117
116	118
116	119
117	118
117	119
118	119
118	120
119	120
119	121
120	121
120	122
121	122
121	123
121	199
122	123
122	195
122	196
122	197
122	198
122	199
123	124
123	125
123	151
123	196
123	197
123	198
123	199
124	125
124	126
124	149
124	150
124	151
124	152
125	126
125	127
125	150
125	151
125	152
125	153
125	193
126	127
126	128
126	146
126	147
126	150
126	152
126	153
126	154
127	128
127	129
127	153
127	154
127	155
127	156
128	129
128	130
128	133
128	154
128	155
128	156
129	130
129	131
129	132
129	133
129	155
129	156
129	157
130	131
130	132
130	133
130	155
130	156
130	157
130	158
130	161
130	164
131	132
131	133
131	157
131	160
131	161
132	133
132	134
132	135
132	136
133	134
133	135
133	136
133	137
134	135
134	136
134	137
134	138
134	167
135	136
135	137
135	138
135	139
136	137
136	138
136	139
136	140
136	143
137	138
137	139
137	140
137	141
137	143
137	144
138	139
138	140
139	140
139	141
140	141
140	142
140	143
141	142
141	143
141	144
141	145
142	143
142	144
142	145
142	146
143	144
143	145
143	146
143	147
144	145
144	146
144	147
144	148
144	222
145	146
145	147
145	148
145	149
145	222
146	147
146	148
146	149
146	150
147	148
147	149
147	150
147	175
148	149
148	150
148	174
148	175
148	254
148	298
149	150
149	151
149	254
149	255
150	151
150	152
150	153
150	178
151	152
151	153
151	178
151	196
151	198
152	153
152	154
152	178
152	179
152	180
153	154
153	155
153	178
153	179
153	180
153	181
154	155
154	156
154	180
154	181
154	182
154	183
155	156
155	180
155	181
155	182
155	183
156	157
156	158
156	182
156	183
157	158
157	159
157	160
157	161
158	159
158	160
158	161
158	184
159	160
159	161
160	161
160	162
161	162
161	163
161	164
162	163
162	164
163	164
163	165
163	166
164	165
164	166
164	167
164	168
165	166
165	167
165	168
165	169
166	167
166	168
166	169
166	170
167	168
167	169
167	170
167	171
168	169
168	170
168	171
168	172
169	170
169	171
169	172
169	173
170	171
170	172
170	173
170	174
171	172
171	173
171	174
171	175
172	173
172	174
172	175
172	176
172	208
173	174
173	175
173	176
173	217
173	223
173	224
174	175
174	176
174	222
174	223
174	224
175	176
175	177
175	178
175	223
175	224
175	298
176	177
176	178
176	206
176	207
176	208
176	209
176	224
177	178
177	179
177	205
177	206
177	207
177	208
178	179
178	180
178	207
179	180
179	181
179	207
180	181
180	182
181	182
181	183
182	183
182	184
183	184
183	185
183	186
183	188
184	185
184	186
185	186
185	187
186	187
186	188
187	188
187	189
188	189
188	190
188	192
189	190
189	191
189	192
190	191
190	192
190	193
191	192
191	193
191	194
192	193
192	194
193	194
194	195
194	196
195	196
195	197
196	197
196	198
197	198
197	199
197	200
198	199
198	200
199	200
199	201
200	201
200	202
201	202
201	203
201	270
201	271
201	272
202	203
202	204
202	205
202	270
203	204
203	205
203	259
203	270
204	205
204	206
205	206
205	207
205	257
205	258
205	294
205	295
205	296
206	207
206	208
206	209
206	296
207	208
207	209
208	209
208	210
209	210
209	211
210	211
211	212
211	213
212	213
212	214
213	214
213	215
213	216
214	215
214	216
214	217
215	216
215	217
215	218
216	217
216	218
216	219
217	218
217	219
217	220
218	219
218	220
219	220
220	221
220	222
220	223
221	222
221	223
221	300
221	301
222	223
222	298
222	299
222	300
222	301
223	224
223	225
223	298
223	299
223	300
224	225
224	226
224	296
224	297
224	298
224	299
225	226
225	227
225	296
225	297
225	298
225	304
226	227
226	228
226	295
226	296
226	297
227	228
227	229
227	294
227	295
227	296
227	308
228	229
228	230
228	293
228	294
228	295
229	230
229	231
229	292
229	293
229	294
230	231
230	232
230	292
230	293
231	232
231	233
231	292
232	233
232	261
232	262
232	263
233	234
233	235
233	238
233	261
233	262
233	263
233	314
234	235
234	236
234	237
234	238
234	262
234	263
235	236
235	237
235	238
235	239
235	262
235	263
236	237
236	238
236	239
236	240
237	238
237	239
237	240
237	241
238	239
238	240
238	241
238	242
239	240
239	241
239	242
239	243
240	241
240	242
240	243
240	244
241	242
241	243
241	244
241	245
241	310
242	243
242	244
242	245
242	246
243	244
243	245
243	246
243	247
244	245
244	246
244	247
244	248
245	246
245	247
245	248
245	249
245	307
246	247
246	248
246	249
246	250
247	248
247	249
247	250
248	249
248	250
249	250
249	251
249	252
249	253
249	302
250	251
250	252
250	253
250	275
250	276
251	252
251	253
251	275
252	253
252	254
252	299
252	300
252	302
253	254
253	255
253	275
253	298
253	299
253	300
254	255
254	274
254	275
254	298
254	299
255	256
255	257
255	273
255	274
255	275
255	297
255	298
256	257
256	258
256	272
256	273
256	274
256	296
256	297
256	298
257	258
257	271
257	272
257	273
257	295
257	296
257	297
258	259
258	260
258	270
258	271
258	272
258	294
258	295
258	296
259	260
259	261
259	268
259	269
259	270
259	271
259	293
259	294
259	295
260	261
260	262
260	268
260	269
260	270
260	292
260	293
260	294
261	262
261	263
261	268
261	269
261	291
261	292
261	293
262	263
262	264
262	265
262	268
262	269
263	264
263	265
264	265
264	266
265	266
265	267
266	267
266	268
266	285
266	286
267	268
267	269
267	282
267	283
267	284
267	285
267	286
268	269
268	270
268	282
268	283
268	284
268	285
268	286
269	270
269	271
269	281
269	282
269	283
270	271
270	280
270	281
270	282
270	283
271	272
271	279
271	280
271	281
272	273
272	278
272	279
272	280
273	274
273	275
273	277
273	278
273	279
274	275
274	276
274	277
274	278
275	276
275	277
276	277
276	278
277	278
278	279
279	280
280	281
281	282
281	283
282	283
283	284
283	285
284	285
284	286
285	286
285	287
286	287
286	288
286	289
286	291
287	288
287	289
288	289
288	290
289	290
289	291
290	291
290	292
291	292
292	293
292	294
293	294
293	295
294	295
294	296
295	296
295	297
296	297
296	298
297	298
297	299
298	299
299	300
299	301
299	302
300	301
300	302
301	302
301	303
302	303
302	304
303	304
303	305
303	306
303	307
304	305
304	306
304	307
304	308
305	306
305	307
305	308
305	309
306	307
306	308
306	309
306	310
307	308
307	309
307	310
307	311
308	309
308	310
308	311
308	312
309	310
309	311
309	312
309	313
310	311
310	312
310	313
311	312
311	313
311	314
312	313
312	314
312	315
313	314
313	315
314	315
314	316
315	316
