1	1
2	1
3	1
4	1
5	1
6	4
7	4
8	4
9	4
10	4
11	4
12	4
13	4
14	2
15	2
16	2
17	2
18	2
19	2
20	2
21	2
22	2
23	2
24	3
25	3
26	3
27	3
28	3
29	3
30	1
31	1
32	1
33	1
34	6
35	6
36	6
37	6
38	6
39	6
40	6
41	6
42	6
43	6
44	6
45	6
46	6
47	5
48	5
49	5
50	5
51	5
52	5
53	5
54	5
55	5
56	5
57	5
58	5
59	5
60	5
61	5
62	5
63	5
64	5
65	5
66	5
67	5
68	5
69	5
70	5
71	5
72	5
73	5
74	5
75	5
76	5
77	5
78	5
79	5
80	5
81	5
82	5
83	5
84	5
85	5
86	5
87	6
88	6
89	6
90	6
91	6
92	6
93	6
94	6
95	6
96	6
97	6
98	6
99	6
100	1
101	1
102	1
103	1
104	3
105	3
106	3
107	3
108	3
109	3
110	2
111	2
112	2
113	2
114	2
115	2
116	2
117	4
118	4
119	4
120	4
121	4
122	4
123	4
124	4
125	1
126	1
127	1
128	1
129	1
130	1
131	1
132	1
133	1
134	1
135	1
136	1
137	4
138	4
139	4
140	4
141	4
142	4
143	4
144	4
145	4
146	2
147	2
148	2
149	2
150	2
151	2
152	2
153	2
154	2
155	2
156	2
157	2
158	2
159	2
160	2
161	2
162	2
163	2
164	2
165	2
166	2
167	2
168	2
169	2
170	2
171	2
172	7
173	7
174	7
175	7
176	7
177	7
178	7
179	2
180	2
181	2
182	7
183	7
184	7
185	7
186	7
187	7
188	7
189	7
190	2
191	2
192	2
193	2
194	2
195	2
196	2
197	2
198	2
199	2
200	2
201	2
202	2
203	2
204	2
205	2
206	2
207	2
208	2
209	2
210	2
211	2
212	2
213	2
214	2
215	2
216	2
217	2
218	2
219	2
220	2
221	2
222	2
223	2
224	2
225	2
226	2
227	2
228	2
***
1	2
2	1
3	1
4	2
5	2
6	2
7	1
