0	1
0	2
0	11
0	12
0	13
0	14
0	51
0	52
1	2
1	3
1	9
1	10
1	11
1	12
1	52
1	53
2	3
2	4
2	9
2	10
2	11
2	52
2	53
2	54
2	55
3	4
3	5
3	7
3	8
3	9
3	53
3	54
3	55
4	5
4	6
4	7
4	8
4	9
4	54
4	55
4	56
5	6
5	7
5	56
6	7
6	8
7	8
7	9
8	9
9	10
10	11
10	12
11	12
11	13
12	13
12	14
12	16
13	14
13	15
13	16
14	15
14	16
14	49
14	50
14	51
15	16
15	17
15	48
15	49
15	50
16	17
16	20
16	48
16	49
17	18
17	19
17	20
17	21
17	45
17	46
17	47
17	48
17	49
18	19
18	20
18	21
18	22
18	36
18	45
18	46
19	20
19	21
19	22
19	23
19	30
19	45
19	46
20	21
20	22
20	23
20	24
21	22
21	23
21	24
21	25
22	23
22	24
22	25
22	26
22	29
22	30
23	24
23	25
23	26
23	27
23	29
23	30
24	25
24	26
25	26
26	27
26	28
26	29
26	30
27	28
27	29
27	30
27	31
28	29
28	30
28	31
28	32
29	30
29	31
29	32
29	33
30	31
30	32
30	33
31	32
31	33
32	33
32	34
32	59
33	34
33	35
33	57
33	58
33	59
34	35
34	58
34	59
34	60
34	65
34	182
34	183
35	36
35	43
35	44
35	45
35	57
35	58
35	182
36	37
36	38
36	42
36	43
36	44
36	45
36	56
36	57
36	58
37	38
37	39
37	40
37	41
37	42
37	43
37	55
37	56
37	57
37	58
38	39
38	40
38	41
38	42
38	43
38	53
38	54
38	55
38	56
39	40
39	41
39	53
39	54
39	55
40	41
40	42
41	42
41	43
42	43
42	180
43	44
43	45
43	47
43	180
44	45
44	46
44	47
44	180
44	181
44	183
45	46
45	47
45	183
46	47
46	48
47	48
47	49
48	49
48	50
49	50
49	51
50	51
50	52
51	52
51	53
52	53
53	54
53	55
54	55
54	56
55	56
55	57
56	57
56	58
57	58
57	59
58	59
58	60
58	62
58	65
59	60
59	61
59	62
59	65
60	61
60	62
60	65
60	219
61	62
61	63
61	65
62	63
62	64
62	65
63	64
63	65
63	66
63	67
64	65
64	66
64	67
64	68
65	66
65	67
65	68
65	69
66	67
66	68
66	69
66	70
66	218
67	68
67	69
67	70
67	71
67	95
68	69
68	70
68	71
68	72
68	180
68	181
68	182
69	70
69	71
69	72
69	73
69	182
70	71
70	72
70	73
70	74
70	95
70	99
70	100
70	216
70	217
71	72
71	73
71	74
71	75
71	94
71	95
71	181
72	73
72	74
72	75
72	76
72	181
72	182
73	74
73	75
73	76
73	77
73	188
74	75
74	76
74	77
74	78
74	93
74	100
74	101
74	102
75	76
75	77
75	78
75	79
76	77
76	78
76	79
76	80
76	122
77	78
77	79
77	80
77	81
77	122
78	79
78	80
78	81
78	82
79	80
79	81
79	82
79	83
79	173
80	81
80	82
80	83
80	84
80	118
80	121
80	122
81	82
81	83
81	84
81	85
81	118
82	83
82	84
82	85
82	86
82	88
83	84
83	85
84	85
84	86
85	86
85	87
85	88
86	87
86	88
87	88
87	89
87	106
88	89
88	90
88	104
88	105
88	106
89	90
89	91
89	104
89	105
89	149
89	151
90	91
90	92
90	103
90	104
90	105
90	149
90	151
90	152
91	92
91	93
91	102
91	103
91	104
91	151
91	152
92	93
92	94
92	102
92	103
93	94
93	95
93	100
93	101
93	102
93	103
94	95
94	96
94	100
94	101
94	102
95	96
95	99
95	100
96	97
96	98
96	99
96	100
97	98
97	99
98	99
98	216
99	100
99	215
99	216
99	217
100	101
100	214
100	215
100	216
101	102
101	103
101	212
101	213
101	214
101	215
102	103
102	104
102	212
102	213
102	214
103	104
103	210
103	211
103	212
103	213
104	105
104	106
104	210
104	211
104	212
105	106
105	210
105	211
106	107
106	108
107	108
108	109
108	110
109	110
109	111
110	111
110	112
110	114
111	112
111	113
111	114
111	196
112	113
112	114
112	115
112	196
113	114
113	115
113	116
114	115
114	116
114	117
114	118
115	116
115	117
115	118
115	119
115	193
116	117
116	118
116	119
116	120
117	118
117	119
117	120
117	121
118	119
118	120
118	121
118	122
119	120
119	121
119	122
119	123
120	121
120	122
120	123
120	124
121	122
121	123
121	124
121	125
122	123
122	124
122	125
122	126
123	124
123	125
123	126
123	127
124	125
124	126
124	127
124	128
125	126
125	127
125	128
125	129
126	127
126	128
126	129
126	185
126	186
127	128
127	129
128	129
128	130
129	130
129	131
129	185
129	186
130	131
130	132
130	170
130	171
131	132
131	133
131	170
131	171
131	184
132	133
132	168
132	169
132	170
133	134
133	135
133	168
133	169
133	170
134	135
134	136
134	166
134	167
134	168
134	169
135	136
135	166
135	167
135	168
136	137
136	138
136	165
136	166
136	167
137	138
137	139
137	140
137	141
137	142
137	165
137	166
138	139
138	140
138	164
138	165
138	166
139	140
139	141
139	142
139	143
139	164
139	165
140	141
140	142
140	143
140	144
141	142
141	143
141	144
141	145
142	143
142	144
142	145
142	146
143	144
143	145
143	146
143	153
143	156
144	145
144	146
144	147
145	146
145	147
146	147
146	148
146	149
146	152
146	153
147	148
147	149
148	149
148	150
149	150
149	151
149	152
149	153
150	151
150	152
150	153
150	154
151	152
151	153
151	154
151	155
152	153
152	154
152	155
152	156
153	154
153	155
153	156
153	157
154	155
154	156
154	157
155	156
155	157
156	157
156	158
157	158
157	159
158	159
158	160
159	160
159	161
159	162
159	163
160	161
161	162
161	163
162	163
162	164
163	164
164	165
164	166
165	166
166	167
166	168
166	176
166	177
166	178
167	168
167	169
167	174
167	175
167	176
167	177
168	169
168	170
168	174
168	175
168	176
168	177
169	170
169	171
169	173
169	174
169	175
170	171
170	172
170	173
170	174
171	172
171	173
172	173
173	174
173	175
174	175
175	176
175	177
176	177
177	178
177	179
178	179
178	180
179	180
179	181
180	181
180	182
181	182
181	183
182	183
182	184
182	185
183	184
183	185
184	185
184	186
184	187
185	186
185	187
185	188
186	187
186	188
187	188
187	189
188	189
188	190
189	190
189	191
190	191
190	192
190	217
190	218
190	219
190	220
190	221
190	224
191	192
191	216
191	217
191	218
192	193
192	194
192	215
192	216
192	217
193	194
193	195
193	214
193	215
193	216
194	195
194	214
194	215
195	196
195	197
195	213
195	214
196	197
196	198
196	211
196	212
196	213
196	214
197	198
197	199
197	211
197	212
197	213
198	199
198	200
198	209
198	210
198	211
198	212
199	200
199	201
199	209
199	210
199	211
199	212
200	201
200	202
200	203
200	204
200	205
200	207
200	208
200	209
200	210
201	202
201	203
201	204
201	207
201	208
201	209
201	210
202	203
202	204
203	204
203	205
204	205
204	206
204	207
205	206
205	207
206	207
206	208
207	208
207	209
208	209
208	210
209	210
209	211
210	211
210	212
211	212
211	213
212	213
212	214
213	214
213	215
214	215
215	216
215	217
216	217
216	218
217	218
218	219
218	220
218	223
218	224
219	220
220	221
220	222
220	223
220	224
221	222
221	223
221	224
221	225
222	223
222	224
222	225
222	226
223	224
223	225
223	226
223	227
224	225
224	226
224	227
224	228
225	226
225	227
225	228
225	229
226	227
226	228
226	229
226	230
227	228
227	229
227	230
227	231
228	229
228	230
228	231
228	232
229	230
229	231
229	232
229	233
230	231
230	232
230	233
230	234
231	232
231	233
231	234
231	235
232	233
232	234
232	235
232	236
233	234
233	235
233	236
233	237
234	235
234	236
234	237
234	238
234	475
234	476
235	236
235	237
235	238
235	475
236	237
236	238
237	238
237	239
237	242
237	475
237	529
237	532
238	239
238	240
238	241
238	242
238	475
238	529
239	240
239	241
239	242
239	243
239	525
239	528
239	529
240	241
240	242
240	243
240	244
240	370
241	242
241	243
241	244
241	245
242	243
242	244
242	245
242	246
242	533
243	244
243	245
243	246
243	247
243	248
243	249
244	245
244	246
244	247
244	248
244	249
245	246
245	247
246	247
246	248
246	591
247	248
247	249
247	263
247	265
247	266
248	249
248	262
248	263
248	265
248	266
249	250
249	260
249	261
249	262
249	263
249	266
250	251
250	252
250	260
250	261
250	262
251	252
251	253
251	259
251	260
251	261
252	253
252	254
252	255
252	256
252	260
253	254
253	255
253	256
254	255
254	256
255	256
256	257
256	258
256	259
257	258
257	259
258	259
258	260
258	368
258	369
258	373
258	374
258	375
258	376
259	260
259	261
259	374
259	375
259	376
260	261
260	262
261	262
261	263
262	263
262	264
262	266
262	267
263	264
263	265
263	266
263	267
264	265
264	266
264	267
264	268
265	266
265	267
265	268
265	269
265	541
266	267
266	268
266	269
266	270
267	268
267	269
267	270
267	271
268	269
268	270
268	271
268	272
268	541
269	270
269	271
269	272
269	273
269	539
269	540
269	541
270	271
270	272
270	273
270	274
270	520
271	272
271	273
271	274
271	275
272	273
272	274
272	275
272	276
272	539
273	274
273	275
273	276
273	277
274	275
274	276
274	277
274	278
275	276
275	277
275	278
275	279
276	277
276	278
276	279
276	280
277	278
277	279
277	280
277	281
278	279
278	280
278	281
278	282
279	280
279	281
279	282
279	283
280	281
280	282
280	283
280	284
281	282
281	283
281	284
281	285
281	286
282	283
282	284
282	285
282	286
282	287
283	284
283	285
284	285
284	286
285	286
285	287
286	287
286	288
286	352
286	353
286	354
287	288
287	289
287	352
287	353
287	354
288	289
288	353
288	354
288	355
289	290
289	291
289	353
289	354
289	355
290	291
290	292
290	355
291	292
291	293
291	334
292	293
292	294
293	294
293	327
293	328
293	358
293	359
294	295
294	325
294	326
294	327
294	328
295	296
295	297
295	299
295	325
295	326
295	327
295	328
296	297
296	298
296	299
296	323
296	324
296	325
296	326
297	298
297	299
297	300
297	301
297	324
297	325
297	326
298	299
298	300
298	301
298	302
299	300
299	301
299	302
299	303
299	333
300	301
300	302
300	303
300	304
300	305
300	306
301	302
301	303
301	304
301	305
301	306
301	307
302	303
302	304
302	494
302	495
303	304
303	305
303	333
303	491
303	494
304	305
304	306
304	307
304	308
305	306
305	307
305	308
305	309
305	310
306	307
306	308
306	309
306	310
307	308
307	309
307	310
308	309
308	310
308	423
308	463
309	310
309	311
309	312
309	313
310	311
310	312
310	313
311	312
311	313
312	313
312	314
312	361
312	362
312	363
313	314
313	315
313	329
313	361
313	362
314	315
314	316
314	326
314	327
314	361
314	362
315	316
315	317
315	326
316	317
316	324
316	325
316	326
317	318
317	324
317	325
317	326
318	319
318	320
318	323
318	324
318	325
319	320
319	321
319	322
319	323
319	324
320	321
320	322
320	323
321	322
321	323
322	323
323	324
323	325
324	325
325	326
325	327
326	327
326	328
327	328
327	329
327	359
327	360
328	329
328	330
328	331
328	359
328	360
329	330
329	331
329	359
329	360
329	361
330	331
330	332
330	359
331	332
331	333
331	334
331	335
331	357
332	333
332	334
332	335
332	336
332	383
333	334
333	335
333	336
333	337
334	335
334	336
334	337
334	338
335	336
335	337
335	338
335	339
335	353
335	383
336	337
336	338
336	339
336	340
337	338
337	339
337	340
337	341
338	339
338	340
338	341
339	340
339	341
339	342
340	341
340	342
340	497
341	342
342	343
342	344
343	344
343	345
343	499
344	345
344	346
344	348
344	499
344	500
345	346
345	347
345	348
345	349
345	499
345	500
345	501
346	347
346	348
346	349
346	387
346	499
346	500
346	501
347	348
347	349
348	349
348	350
348	351
349	350
349	351
349	385
349	386
349	387
350	351
350	352
350	384
350	385
350	386
351	352
351	353
351	384
351	385
351	386
352	353
352	354
352	382
352	383
352	384
352	385
353	354
353	382
353	383
353	384
354	355
354	381
354	382
354	383
355	356
355	357
355	380
355	381
355	382
356	357
356	358
356	378
356	379
356	380
356	381
357	358
357	359
357	378
357	379
357	380
357	381
358	359
358	377
358	378
358	379
359	360
359	361
359	376
359	377
359	378
360	361
360	362
360	375
360	376
360	377
361	362
361	363
361	375
361	376
362	363
362	364
362	375
363	364
363	365
363	367
363	368
363	375
364	365
364	366
364	367
364	368
365	366
365	367
365	368
366	367
366	368
367	368
367	369
367	373
368	369
368	373
368	374
369	370
369	371
369	372
369	373
369	374
370	371
370	372
370	373
371	372
371	373
371	374
371	521
371	522
371	525
372	373
372	374
372	521
372	522
372	525
373	374
373	522
374	375
374	376
374	377
375	376
375	377
376	377
377	378
377	379
377	519
377	521
378	379
378	380
378	519
378	520
379	380
379	381
379	515
379	518
379	519
379	520
380	381
380	515
380	516
380	517
380	518
380	519
381	382
381	514
381	515
382	383
382	384
382	513
382	514
382	515
383	384
383	385
383	511
383	512
383	513
383	514
384	385
384	386
384	511
384	512
384	513
385	386
385	509
385	510
385	511
385	512
386	387
386	388
386	390
386	391
386	509
386	510
386	511
387	388
387	389
387	390
387	509
387	510
388	389
388	390
388	391
388	509
388	510
389	390
389	391
390	391
390	392
390	393
390	394
391	392
391	393
391	394
391	395
392	393
392	394
392	395
392	396
392	446
393	394
393	395
393	396
393	397
394	395
394	396
394	397
394	398
395	396
395	397
395	398
395	399
396	397
396	398
396	399
396	400
396	446
397	398
397	399
397	400
397	401
398	399
398	400
398	401
398	402
399	400
399	401
399	402
399	403
400	401
400	402
400	403
400	404
401	402
401	403
401	404
401	405
402	403
402	404
402	405
402	406
402	516
403	404
403	405
403	406
403	407
404	405
404	406
404	407
404	408
405	406
405	407
405	408
405	409
406	407
406	408
406	409
406	410
406	411
407	408
407	409
407	410
407	411
408	409
408	410
409	410
409	411
410	411
410	412
411	412
411	413
412	413
412	414
413	414
413	472
414	415
414	470
414	471
414	472
415	416
415	417
415	454
415	470
415	471
415	472
416	417
416	418
416	453
416	454
416	455
416	468
416	469
416	470
416	471
417	418
417	419
417	454
417	455
417	456
417	457
417	468
417	469
417	470
417	471
418	419
418	420
418	454
418	455
418	456
418	457
418	467
418	468
418	469
419	420
419	456
419	457
419	458
419	460
419	461
419	466
419	467
419	468
419	469
420	421
420	422
420	440
420	457
420	458
420	459
420	460
420	461
420	466
421	422
421	436
421	458
421	459
421	460
421	461
421	466
422	423
422	424
422	459
422	461
422	462
422	463
423	424
423	463
424	425
424	431
424	463
424	464
425	426
425	427
425	431
425	432
425	464
425	490
426	427
426	431
426	490
426	493
426	494
427	428
427	429
428	429
428	430
429	430
429	431
430	431
430	432
431	432
431	433
432	433
432	434
432	435
432	436
433	434
433	435
433	436
433	437
434	435
434	436
434	437
434	438
435	436
435	437
435	438
435	439
436	437
436	438
436	439
436	440
436	465
437	438
437	439
437	440
437	441
438	439
438	440
438	441
438	442
439	440
439	441
439	442
439	443
439	466
439	487
440	441
440	442
440	443
440	444
440	466
441	442
441	443
441	444
441	445
442	443
442	444
442	445
442	446
443	444
443	445
443	446
443	447
444	445
444	446
444	447
444	448
445	446
445	447
445	448
445	449
446	447
446	448
446	449
446	450
447	448
447	449
447	450
447	451
447	452
448	449
448	450
448	451
448	452
449	450
449	451
450	451
450	452
451	452
451	453
452	453
452	454
453	454
454	455
454	456
455	456
455	457
456	457
456	458
457	458
457	459
457	460
458	459
458	460
459	460
459	461
460	461
460	462
461	462
461	463
461	465
461	466
461	467
462	463
462	464
462	465
462	466
463	464
463	465
464	465
464	488
464	490
465	466
465	467
465	486
465	487
465	488
466	467
466	486
466	487
467	468
467	469
467	484
467	485
467	486
467	487
468	469
468	470
468	484
468	485
468	486
469	470
469	471
469	481
469	483
469	484
469	485
470	471
470	472
470	481
470	482
470	483
470	484
471	472
471	473
471	479
471	480
471	481
471	482
472	473
472	474
472	479
472	480
472	481
472	482
473	474
473	477
473	478
473	479
473	480
474	475
474	476
474	477
474	478
474	479
475	476
475	477
475	529
476	477
476	478
477	478
477	479
478	479
478	480
479	480
479	481
480	481
480	482
481	482
481	483
482	483
482	484
482	518
483	484
483	515
483	516
483	517
483	518
484	485
484	486
484	514
484	515
484	516
485	486
485	512
485	513
485	514
485	515
486	487
486	488
486	512
486	513
486	514
487	488
487	489
487	511
487	512
487	513
488	489
488	490
488	491
488	510
488	511
488	512
489	490
489	491
489	492
489	510
489	511
490	491
490	492
490	493
490	494
491	492
491	493
491	494
491	495
492	493
492	494
492	495
492	496
492	497
492	508
492	509
492	510
493	494
493	495
493	496
493	497
494	495
494	496
495	496
495	497
496	497
496	498
497	498
497	508
497	509
498	499
498	500
498	506
498	507
498	508
498	509
499	500
499	501
499	506
499	507
499	508
499	509
500	501
500	504
500	505
500	506
500	507
501	502
501	503
501	504
501	505
501	506
502	503
502	504
503	504
503	505
504	505
504	506
505	506
505	507
506	507
506	508
507	508
507	509
508	509
508	510
509	510
509	511
510	511
510	512
511	512
511	513
512	513
512	514
513	514
514	515
514	516
515	516
515	517
515	518
516	517
516	518
517	518
517	519
517	523
518	519
518	520
518	522
518	523
519	520
519	521
519	522
519	523
520	521
520	522
520	523
520	524
521	522
521	523
521	524
521	525
522	523
522	524
522	525
522	526
523	524
523	525
523	526
523	527
524	525
524	526
524	527
524	528
525	526
525	527
525	528
525	529
526	527
526	528
526	529
526	530
527	528
527	529
527	530
527	531
528	529
528	530
528	531
528	532
528	533
529	530
529	531
529	532
530	531
530	532
531	532
531	533
531	534
531	535
532	533
532	534
533	534
533	535
533	592
534	535
534	536
534	592
535	536
535	537
535	539
535	540
536	537
536	538
536	539
536	540
536	639
536	640
537	538
537	539
537	540
537	543
537	594
537	635
538	539
538	540
538	635
538	638
539	540
539	541
540	541
540	542
540	543
541	542
541	543
542	543
542	544
542	571
542	572
542	593
543	544
543	545
543	570
543	571
543	572
543	593
543	594
543	595
544	545
544	546
544	571
544	572
544	573
544	593
544	594
544	595
544	596
545	546
545	547
545	572
545	573
545	574
545	593
545	595
545	596
545	597
546	547
546	548
546	558
546	573
546	574
546	575
546	596
546	597
546	598
547	548
547	549
547	574
547	575
547	597
547	598
547	599
548	549
548	550
548	551
548	554
548	555
548	558
548	598
548	599
548	600
549	550
549	551
549	554
549	598
549	599
549	600
550	551
550	552
550	553
550	554
551	552
551	553
551	554
551	555
551	576
552	553
552	554
552	555
553	554
553	555
554	555
554	556
554	557
554	558
554	599
554	600
555	556
555	557
555	558
555	559
556	557
556	558
556	559
556	560
557	558
557	559
557	560
557	561
557	604
558	559
558	560
558	561
558	562
558	599
559	560
559	561
559	562
559	563
560	561
560	562
560	563
560	564
561	562
561	563
561	564
561	565
562	563
562	564
562	565
562	566
562	572
562	573
563	564
563	565
563	566
563	567
564	565
564	566
564	567
564	568
565	566
565	567
565	568
565	569
565	570
565	628
566	567
566	568
566	569
566	570
566	571
566	572
567	568
567	569
568	569
568	570
569	570
569	571
570	571
570	572
571	572
572	573
573	574
573	575
574	575
574	576
575	576
575	577
576	577
576	578
577	578
577	579
578	579
579	580
579	581
579	583
579	584
580	581
580	582
580	583
580	584
581	582
581	583
581	584
581	585
582	583
582	584
582	585
582	586
583	584
583	585
583	586
583	587
584	585
584	586
584	587
584	588
585	586
585	587
585	588
585	589
586	587
586	588
586	589
586	590
587	588
587	589
587	590
587	591
588	589
588	590
588	591
588	592
588	593
588	596
589	590
589	591
589	592
589	593
589	614
590	591
590	592
591	592
591	593
592	593
592	594
592	614
593	594
593	595
593	596
593	614
594	595
594	596
594	613
594	614
595	596
595	597
595	611
595	612
595	613
595	614
596	597
596	598
596	611
596	612
596	613
597	598
597	599
597	609
597	610
597	611
597	612
598	599
598	600
598	609
598	610
598	611
599	600
599	603
599	604
599	609
599	610
600	601
600	602
600	603
600	604
601	602
601	603
601	604
601	605
602	603
602	604
602	605
602	606
603	604
603	605
603	606
603	607
603	608
603	609
604	605
604	606
604	607
604	608
605	606
605	607
606	607
606	608
607	608
607	623
607	624
608	609
608	610
608	621
608	622
608	623
608	624
609	610
609	611
609	621
609	622
609	623
609	624
610	611
610	612
610	618
610	620
610	621
610	622
611	612
611	613
611	618
611	619
611	620
611	621
612	613
612	614
612	616
612	617
612	618
612	619
613	614
613	615
613	616
613	619
614	615
614	616
615	616
616	617
616	618
617	618
617	619
618	619
618	620
619	620
619	621
620	621
620	622
621	622
621	623
622	623
622	624
622	626
622	627
623	624
623	625
623	626
623	627
624	625
624	626
624	627
624	628
625	626
625	627
625	628
625	629
626	627
626	628
626	629
626	630
627	628
627	629
627	630
627	631
628	629
628	630
628	631
628	632
629	630
629	631
629	632
629	633
630	631
630	632
630	633
630	634
631	632
631	633
631	634
631	635
632	633
632	634
632	635
632	636
633	634
633	635
633	636
633	637
634	635
634	636
634	637
634	638
634	639
635	636
635	637
635	638
635	639
636	637
636	638
637	638
637	639
638	639
638	640
639	640
640	641
