0	1
0	2
0	30
0	31
0	204
0	205
0	206
0	226
0	996
1	2
1	27
1	30
1	31
1	203
1	204
1	205
1	226
1	365
2	3
2	202
2	203
2	204
2	224
2	226
2	364
2	365
3	4
3	201
3	202
3	203
3	332
3	363
3	364
3	365
4	5
4	6
4	200
4	201
4	202
4	362
4	363
4	364
5	6
5	7
5	20
5	199
5	200
5	201
5	361
5	362
5	363
6	7
6	8
6	198
6	199
6	200
6	360
6	361
6	362
7	8
7	9
7	10
7	198
7	199
7	360
7	361
8	9
8	10
8	359
8	360
8	393
8	396
9	10
9	11
9	358
9	396
10	11
10	12
11	12
11	13
12	13
12	196
12	197
12	198
13	14
13	15
13	16
13	196
13	197
13	198
14	15
14	16
14	17
14	18
14	193
14	194
14	195
14	196
14	197
15	16
15	17
15	18
15	19
16	17
16	18
16	19
16	20
16	197
17	18
17	19
17	20
17	21
17	196
17	197
17	200
18	19
18	20
18	21
18	22
19	20
19	21
19	22
19	23
19	370
20	21
20	22
20	23
20	24
20	200
20	202
21	22
21	23
21	24
21	25
22	23
22	24
22	25
22	26
23	24
23	25
23	26
23	27
23	369
23	370
24	25
24	26
24	27
24	28
24	180
24	202
24	203
24	204
25	26
25	27
25	28
25	180
25	181
26	27
26	28
26	369
26	1258
26	1259
27	28
27	29
27	30
27	204
28	29
28	30
28	31
28	180
28	204
29	30
29	31
30	31
30	206
30	996
31	32
31	41
31	204
31	205
31	206
32	33
32	40
32	41
32	205
32	206
32	207
32	1033
33	34
33	35
33	37
33	38
33	39
33	40
33	41
34	35
34	36
34	37
34	38
34	39
34	40
34	41
34	210
34	211
34	212
35	36
35	37
35	210
35	1078
36	37
36	38
36	39
36	118
36	119
37	38
37	39
38	39
38	40
38	117
39	40
39	41
39	116
39	117
39	118
39	119
39	120
39	177
39	178
39	179
40	41
40	42
40	177
40	178
40	179
41	42
41	177
41	178
41	205
41	206
41	207
41	212
41	217
42	43
42	44
42	176
42	177
42	178
42	179
42	204
42	205
42	217
42	218
43	44
43	175
43	176
43	177
43	178
43	179
43	180
43	183
43	203
43	204
43	205
43	217
43	218
44	45
44	46
44	174
44	175
44	176
44	202
44	203
44	204
44	217
44	218
44	219
45	46
45	47
45	173
45	174
45	175
45	200
45	201
45	202
45	203
45	219
46	47
46	171
46	172
46	173
46	174
46	200
46	201
46	202
46	219
47	48
47	49
47	171
47	172
47	173
47	197
47	199
47	200
47	201
48	49
48	50
48	170
48	171
48	172
48	197
48	198
48	199
48	336
49	50
49	51
49	170
49	171
49	172
50	51
50	52
50	53
50	54
50	195
50	196
50	197
51	52
51	53
51	54
51	55
52	53
52	54
52	55
52	194
52	195
53	54
53	55
53	56
53	194
53	195
54	55
54	56
54	57
54	58
55	56
55	57
55	58
55	59
55	65
56	57
56	58
56	59
56	60
57	58
57	59
57	60
57	61
58	59
58	60
58	61
58	62
58	63
58	64
58	65
59	60
59	61
59	62
59	63
60	61
60	62
61	62
61	63
62	63
62	64
63	64
63	65
64	65
64	66
65	66
65	67
66	67
66	68
66	70
66	71
67	68
67	69
67	70
67	71
68	69
68	70
68	71
68	169
69	70
69	71
69	139
69	140
69	169
69	170
70	71
70	72
70	133
70	138
70	139
70	140
70	169
71	72
71	73
71	131
71	132
71	133
71	169
72	73
72	74
72	131
72	132
72	133
72	167
72	168
72	169
73	74
73	75
73	129
73	130
73	131
73	132
73	167
73	168
73	169
74	75
74	76
74	129
74	130
74	131
74	164
74	166
74	167
74	168
75	76
75	128
75	129
75	130
75	164
75	165
75	166
75	167
75	172
76	77
76	78
76	127
76	128
76	129
76	163
76	164
76	165
77	78
77	125
77	126
77	127
77	128
77	161
77	162
77	163
77	164
78	79
78	80
78	85
78	88
78	125
78	126
78	127
78	161
78	162
78	163
79	80
79	81
79	84
79	85
79	125
79	126
79	161
79	162
80	81
80	82
80	85
80	125
80	126
81	82
81	83
81	84
81	85
82	83
82	84
82	85
82	86
83	84
83	85
83	86
83	87
84	85
84	86
84	87
84	88
85	86
85	87
85	88
85	89
86	87
86	88
86	89
86	90
87	88
87	89
87	90
87	91
88	89
88	90
88	91
88	92
89	90
89	91
89	92
89	93
90	91
90	92
90	93
90	94
91	92
91	93
91	94
91	95
92	93
92	94
92	95
92	96
92	154
93	94
93	95
93	96
93	97
93	103
94	95
94	96
94	97
94	98
95	96
95	97
95	98
95	99
95	150
96	97
96	98
96	99
96	100
96	101
96	150
97	98
97	99
97	100
97	101
97	102
98	99
98	100
99	100
99	101
99	146
99	150
100	101
100	102
101	102
101	103
101	132
101	133
101	134
101	135
102	103
102	104
102	132
102	133
102	134
102	135
103	104
103	105
103	131
103	132
103	133
104	105
104	131
104	132
105	106
105	107
105	130
105	131
106	107
106	108
106	128
106	129
106	130
106	131
107	108
107	109
107	128
107	129
107	130
108	109
108	110
108	127
108	128
108	129
109	110
109	111
109	127
109	128
109	129
110	111
110	187
110	188
110	189
111	112
111	113
111	186
111	187
111	188
112	113
112	114
112	115
112	185
112	186
112	187
113	114
113	115
113	116
113	121
113	186
114	115
114	116
115	116
115	117
115	182
115	185
115	186
116	117
116	118
116	120
116	121
116	178
117	118
117	119
117	120
117	121
118	119
118	120
118	121
118	122
119	120
119	121
119	122
119	123
120	121
120	122
120	123
120	124
120	177
120	212
121	122
121	123
121	124
122	123
122	124
123	124
123	125
124	125
124	126
125	126
125	127
125	161
126	127
126	128
127	128
128	129
128	130
129	130
129	131
130	131
130	132
131	132
132	133
133	134
133	135
134	135
134	136
134	137
134	138
135	136
135	137
136	137
136	138
137	138
137	139
138	139
138	142
138	143
139	140
139	141
139	142
139	143
140	141
140	142
140	143
140	144
140	169
141	142
141	143
141	144
141	145
142	143
142	144
142	145
142	146
143	144
143	145
143	146
143	147
144	145
144	146
144	147
144	148
144	168
144	169
145	146
145	147
145	148
145	149
145	282
146	147
146	148
146	149
146	150
147	148
147	149
147	150
147	151
147	167
147	168
148	149
148	150
148	151
148	152
149	150
149	151
149	152
149	153
149	258
149	259
150	151
150	152
150	153
150	154
151	152
151	153
151	154
151	155
151	164
151	167
152	153
152	154
152	155
152	156
152	258
152	259
153	154
153	155
153	156
153	258
153	259
154	155
154	156
154	157
155	156
155	157
155	158
155	163
156	157
156	158
157	158
157	159
158	159
158	162
158	163
159	160
159	161
159	162
159	163
160	161
160	162
160	213
160	214
160	215
161	162
161	163
162	163
163	164
163	165
163	215
164	165
164	166
165	166
165	173
165	220
165	221
166	167
166	168
166	172
166	173
166	221
167	168
168	169
168	170
168	171
168	172
169	170
169	171
170	171
170	336
171	172
171	173
171	336
172	173
172	174
173	174
173	175
173	219
174	175
175	176
175	217
175	218
176	177
176	178
176	214
176	217
177	178
177	212
177	214
177	217
178	179
178	180
178	182
178	183
179	180
179	181
179	182
179	183
180	181
180	182
180	183
180	204
181	182
181	183
181	184
182	183
182	184
182	185
182	186
183	184
183	185
183	186
183	187
184	185
184	186
184	187
184	188
184	190
184	191
185	186
185	187
185	188
186	187
186	188
187	188
187	189
187	190
188	189
188	190
188	191
188	192
189	190
189	191
189	192
189	195
190	191
190	192
190	195
191	192
191	193
192	193
192	194
192	195
193	194
193	195
194	195
194	196
195	196
196	197
197	198
197	199
198	199
199	200
199	201
200	201
200	202
201	202
201	203
201	332
202	203
202	219
203	204
203	205
203	218
203	219
203	224
204	205
204	206
205	206
205	207
205	217
206	207
206	208
207	208
207	209
208	209
208	1026
208	1027
208	1029
208	1030
209	210
209	211
209	1029
209	1077
210	211
210	212
210	1077
211	212
211	213
212	213
212	214
213	214
213	215
213	216
214	215
214	216
214	217
215	216
215	217
216	217
216	218
217	218
217	219
218	219
218	220
218	224
219	220
219	221
219	223
219	224
220	221
220	222
220	223
220	224
220	274
221	222
221	223
221	274
222	223
222	274
222	278
222	333
222	334
222	335
223	224
223	225
223	274
223	331
223	332
223	333
223	334
224	225
224	226
224	331
224	332
224	333
225	226
225	227
225	270
225	329
225	330
225	331
225	332
226	227
226	329
226	330
226	331
227	228
227	229
227	327
227	328
227	329
227	330
227	994
228	229
228	230
228	327
228	328
228	329
228	502
228	503
229	230
229	231
229	232
229	269
229	325
229	326
229	327
230	231
230	232
230	326
230	327
230	717
231	232
231	233
231	234
231	235
231	325
231	326
231	724
231	725
231	728
232	233
232	234
232	235
232	236
232	269
232	325
233	234
233	235
233	236
233	237
233	265
233	728
233	729
234	235
234	236
234	237
234	238
234	727
234	728
234	729
235	236
235	237
235	238
235	239
235	325
235	727
236	237
236	238
236	239
236	240
236	263
236	264
236	265
237	238
237	239
237	240
237	241
237	727
238	239
238	240
238	241
238	242
238	727
239	240
239	241
239	242
239	243
239	263
240	241
240	242
240	243
240	263
241	242
241	243
241	629
241	632
241	634
241	635
242	243
242	244
242	245
242	246
243	244
243	245
243	246
243	260
244	245
244	246
245	246
245	247
246	247
246	256
247	248
248	249
248	250
248	251
248	283
248	528
248	529
249	250
249	251
250	251
251	252
251	253
251	255
251	256
252	253
252	254
252	255
252	256
253	254
253	255
253	256
253	257
254	255
254	256
254	257
254	258
255	256
255	257
255	258
255	259
256	257
256	258
256	259
256	260
257	258
257	259
257	260
258	259
258	260
259	260
259	261
259	262
260	261
260	262
261	262
261	263
261	264
262	263
262	275
262	276
263	264
263	265
263	272
263	275
263	276
264	265
264	266
264	267
264	272
265	266
265	267
266	267
266	268
267	268
267	269
267	271
267	272
268	269
268	270
268	271
268	272
269	270
269	271
269	272
269	273
270	271
270	272
270	273
270	274
271	272
271	273
271	274
271	275
272	273
272	274
272	275
272	276
273	274
273	275
273	276
273	277
274	275
274	276
274	277
274	278
275	276
275	277
275	278
275	279
276	277
276	278
276	279
276	280
277	278
277	279
277	280
277	281
277	290
277	291
278	279
278	280
278	281
278	282
279	280
279	281
279	282
279	283
280	281
280	282
280	283
280	284
280	285
280	290
280	528
281	282
281	283
281	284
281	285
281	286
281	287
281	290
282	283
282	284
282	285
283	284
283	285
283	528
284	285
284	286
285	286
285	287
285	289
285	290
286	287
286	288
286	289
286	290
287	288
287	289
287	290
287	291
288	289
288	290
288	291
288	292
289	290
289	291
289	292
289	293
289	408
290	291
290	292
290	293
290	294
291	292
291	293
291	294
291	295
292	293
292	294
292	295
292	296
293	294
293	295
293	296
293	318
293	322
294	295
294	296
294	322
294	324
294	325
295	296
295	297
295	324
295	325
295	326
295	344
296	297
296	298
296	324
296	345
297	298
297	299
297	345
297	386
298	299
298	300
298	345
298	386
298	514
299	300
299	301
299	302
299	312
300	301
300	302
301	302
301	303
301	513
302	303
302	304
302	305
303	304
303	305
303	306
303	1423
304	305
304	306
305	306
305	307
305	308
305	309
306	307
306	308
306	309
307	308
307	309
308	309
308	310
308	311
308	312
309	310
309	311
309	312
309	313
310	311
310	312
310	313
310	314
310	406
310	409
310	410
311	312
311	313
311	314
311	315
311	405
311	406
311	409
312	313
312	314
312	315
312	316
313	314
313	315
313	316
313	317
313	414
313	415
314	315
314	316
314	317
314	318
314	409
314	414
315	316
315	317
315	318
315	319
316	317
316	318
316	319
317	318
317	319
317	320
317	414
317	418
317	535
318	319
318	320
318	321
318	322
319	320
319	321
319	322
319	323
320	321
320	322
320	520
321	322
321	323
321	524
321	525
321	527
322	323
322	324
323	324
323	325
323	723
323	724
324	325
324	326
324	724
325	326
326	327
326	719
327	328
327	329
327	344
327	503
327	718
327	719
328	329
328	344
328	347
328	348
328	349
328	503
329	330
329	331
329	343
329	344
329	348
329	349
330	331
330	332
330	342
330	343
330	344
330	349
331	332
331	333
331	341
331	342
331	343
332	333
332	340
332	341
332	342
333	334
333	339
333	340
333	341
334	335
334	336
334	337
334	338
334	339
334	340
335	336
335	337
335	338
335	339
336	337
336	338
336	339
337	338
337	339
337	392
337	393
337	394
338	339
338	340
338	390
338	391
338	392
338	393
339	340
339	390
339	391
339	392
340	341
340	389
340	390
340	391
341	342
341	388
341	389
341	390
342	343
342	344
342	386
342	387
342	388
342	389
343	344
343	345
343	347
343	385
343	386
343	387
343	388
344	345
344	346
344	347
344	348
344	385
344	386
345	346
345	347
345	385
345	386
346	347
346	348
346	385
346	386
347	348
347	349
347	384
347	385
347	386
348	349
348	350
348	993
349	350
349	351
350	351
350	352
350	365
351	352
351	353
351	363
351	364
351	365
351	366
351	382
351	383
352	353
352	363
352	364
352	365
352	366
352	367
352	381
352	382
352	383
353	354
353	355
353	362
353	363
353	364
353	367
353	380
353	381
353	382
354	355
354	356
354	361
354	362
354	363
354	377
354	379
354	380
354	381
355	356
355	357
355	359
355	360
355	361
355	362
355	377
355	378
355	379
355	380
356	357
356	358
356	359
356	360
356	361
356	376
356	377
356	378
356	379
357	358
357	359
357	376
357	377
357	378
358	359
358	360
359	360
359	361
360	361
361	362
361	363
362	363
362	364
363	364
364	365
364	366
364	367
365	366
366	367
366	368
366	369
366	1313
367	368
367	369
367	1313
368	369
368	370
368	1257
368	1258
368	1291
368	1292
369	370
369	371
369	1258
370	371
370	372
371	372
371	373
372	373
372	374
373	374
373	375
373	376
374	375
374	376
374	377
374	1332
374	1333
375	376
375	377
375	1332
375	1333
375	1334
376	377
376	378
377	378
377	379
378	379
378	1334
378	1335
379	380
379	381
379	1335
379	1340
380	381
380	1340
380	1341
381	382
381	1340
381	1341
382	383
382	384
383	384
383	385
383	387
383	388
384	385
384	386
384	387
384	1381
385	386
385	387
386	387
386	388
387	388
387	401
388	389
388	390
388	400
388	401
389	390
389	399
389	400
389	401
390	391
390	392
390	398
390	399
390	400
391	392
391	393
391	397
391	398
391	399
392	393
392	394
392	395
392	396
392	397
392	398
393	394
393	395
393	396
393	397
394	395
394	396
395	396
395	397
396	397
397	398
397	399
398	399
398	400
399	400
399	401
399	403
399	404
400	401
400	402
400	403
400	404
401	402
401	403
401	404
401	405
402	403
402	404
402	405
402	406
403	404
403	405
403	406
403	407
404	405
404	406
404	407
404	408
405	406
405	407
405	408
405	409
406	407
406	408
406	409
406	410
407	408
407	409
407	410
408	409
408	410
408	411
409	410
409	411
409	412
410	411
410	412
411	412
412	413
412	414
413	414
413	415
413	416
413	417
414	415
414	416
414	417
414	418
415	416
415	417
415	418
415	419
416	417
416	418
416	419
416	420
417	418
417	419
417	420
417	421
417	532
417	535
418	419
418	420
418	421
418	422
418	535
419	420
419	421
419	422
420	421
420	422
421	422
421	423
421	535
421	536
422	423
422	424
422	535
422	536
422	537
422	538
423	424
423	425
423	537
423	538
423	539
424	425
424	426
424	538
424	539
424	540
425	426
425	538
425	539
425	540
425	549
425	552
425	553
426	427
426	428
426	540
426	541
426	549
427	428
427	429
427	548
427	549
428	429
428	430
429	430
429	431
430	431
430	432
430	546
430	547
430	548
430	696
431	432
431	433
431	547
431	548
432	433
432	434
433	434
433	435
434	435
434	436
434	437
434	670
434	673
435	436
435	670
436	437
436	438
436	441
436	442
437	438
437	439
438	439
438	440
438	441
438	442
439	440
439	441
439	442
439	443
440	441
440	442
440	443
440	444
441	442
441	443
441	444
441	445
442	443
442	444
442	445
442	446
443	444
443	445
443	446
443	447
444	445
444	446
444	447
444	448
444	771
445	446
445	447
445	448
445	449
446	447
446	448
446	449
446	450
446	451
447	448
447	449
447	450
447	451
447	452
447	767
447	770
447	771
447	775
448	449
448	450
448	767
448	768
448	771
449	450
449	451
449	644
449	645
449	767
450	451
450	452
450	489
450	645
450	767
451	452
451	453
451	455
452	453
452	454
452	455
452	456
452	775
452	776
452	777
453	454
453	455
453	456
453	457
453	775
453	776
453	777
454	455
454	456
454	457
454	458
454	459
454	777
455	456
455	457
455	458
455	459
455	460
456	457
456	458
456	459
456	460
456	461
457	458
457	459
457	460
457	461
458	459
458	460
458	461
458	462
459	460
459	461
459	462
459	463
459	469
459	470
460	461
460	462
460	463
460	464
460	647
461	462
461	463
461	464
461	465
461	672
462	463
462	464
462	465
462	466
462	468
462	469
462	470
463	464
463	465
463	466
463	467
463	468
463	469
463	701
463	702
463	705
464	465
464	466
464	467
464	672
464	698
464	699
464	701
464	702
465	466
465	467
465	698
465	701
466	467
466	468
466	701
467	468
467	701
467	702
467	704
467	705
468	469
468	470
468	705
469	470
469	471
469	705
469	709
470	471
470	472
470	1052
470	1053
471	472
471	1050
471	1051
471	1052
471	1053
472	473
472	1050
472	1051
472	1052
472	1053
472	1127
473	474
473	475
473	1048
473	1049
473	1050
473	1051
473	1124
473	1125
473	1126
473	1127
474	475
474	1047
474	1048
474	1049
474	1124
475	476
475	477
475	954
475	1045
475	1046
475	1047
475	1048
475	1056
476	477
476	478
476	1045
476	1056
476	1057
477	478
477	790
477	791
477	792
477	1045
478	479
478	480
478	788
478	789
478	790
478	791
478	823
479	480
479	481
479	483
479	484
479	822
479	823
479	824
480	481
480	482
480	483
480	484
480	823
480	824
481	482
481	483
481	484
481	488
481	492
481	493
482	483
482	484
482	735
482	1196
483	484
483	485
483	822
483	823
483	1194
484	485
484	486
485	486
485	487
485	1195
486	487
486	488
486	788
487	488
487	763
487	766
488	489
488	490
488	492
489	490
489	491
489	492
490	491
490	492
490	493
491	492
491	493
491	494
491	651
491	654
492	493
492	494
493	494
493	495
493	733
493	734
493	735
494	495
494	496
494	731
494	732
494	733
494	734
495	496
495	497
495	731
495	732
495	733
495	1058
495	1059
495	1060
495	1061
496	497
496	498
496	730
496	731
496	732
496	1058
496	1059
496	1060
497	498
497	717
497	730
497	731
497	732
497	1021
497	1059
497	1060
498	499
498	500
498	716
498	717
498	956
498	957
499	500
499	501
499	503
499	504
499	505
499	716
499	717
499	718
499	957
500	501
500	502
500	503
500	504
500	950
501	502
501	503
501	504
501	992
501	993
501	994
501	995
501	998
502	503
502	504
502	993
502	994
502	995
502	1027
503	504
503	505
503	993
503	994
504	505
504	506
504	718
504	988
504	993
505	506
505	507
505	715
505	716
505	717
505	718
505	957
505	987
505	988
506	507
506	508
506	715
506	716
506	718
506	987
506	988
507	508
507	509
507	510
507	511
507	512
507	715
507	986
507	987
508	509
508	510
508	511
508	512
508	711
508	712
508	715
509	510
509	511
509	512
510	511
510	512
510	1405
510	1406
511	512
511	513
511	514
512	513
512	514
512	515
513	514
513	515
514	515
514	720
515	516
515	720
515	721
516	517
516	518
516	720
516	721
516	722
517	518
517	519
517	541
517	542
517	543
517	721
517	722
518	519
518	540
518	541
518	542
518	722
519	520
519	521
519	539
519	540
519	541
519	542
519	543
519	661
519	723
520	521
520	522
520	537
520	538
520	539
520	540
521	522
521	537
521	538
521	539
521	596
521	638
521	661
522	523
522	524
522	537
522	538
522	595
522	596
522	636
522	637
522	638
523	524
523	525
523	595
523	635
523	636
523	637
523	638
524	525
524	526
524	534
524	635
524	636
525	526
525	527
525	534
526	527
526	528
526	529
526	530
526	534
527	528
527	529
527	530
528	529
528	530
529	530
529	531
530	531
531	532
531	533
531	534
532	533
532	534
532	535
533	534
533	535
533	536
534	535
534	536
535	536
535	537
536	537
537	538
537	539
538	539
538	540
539	540
539	541
540	541
540	542
540	543
541	542
542	543
542	544
543	544
543	545
543	661
543	662
543	663
544	545
544	546
544	662
544	663
544	664
545	546
545	547
545	549
545	550
545	662
545	663
545	664
546	547
546	548
546	549
546	550
546	664
547	548
547	549
547	550
547	551
548	549
548	550
548	551
548	552
549	550
549	551
549	552
549	553
550	551
550	552
550	553
550	554
551	552
551	553
551	554
551	555
552	553
552	554
552	555
552	556
553	554
553	555
553	556
554	555
554	556
554	560
555	556
555	557
556	557
556	558
557	558
557	559
558	559
558	560
558	595
559	560
559	561
559	593
559	594
559	595
559	596
560	561
560	562
560	594
560	595
560	596
560	597
561	562
561	563
561	594
561	596
561	597
561	598
562	563
562	564
562	597
562	598
562	599
562	600
563	564
563	565
563	597
563	598
563	599
563	600
564	565
564	566
564	599
564	600
564	601
564	603
565	566
565	567
565	582
565	599
565	600
565	601
565	614
565	615
566	567
566	601
566	612
566	613
566	614
566	615
567	568
567	569
567	578
567	612
567	613
567	614
568	569
568	570
568	573
568	611
568	612
568	613
569	570
569	571
569	573
569	611
569	612
569	613
570	571
570	572
570	573
571	572
571	573
572	573
572	574
573	574
573	575
573	577
573	578
574	575
574	576
574	577
574	578
575	576
575	577
575	578
575	579
575	615
575	757
575	758
575	761
576	577
576	578
576	579
576	580
576	757
577	578
577	579
577	580
577	581
578	579
578	580
578	581
578	582
579	580
579	581
579	582
579	583
580	581
580	582
580	583
580	584
581	582
581	583
581	584
581	585
582	583
582	584
582	585
582	586
583	584
583	585
583	586
583	587
583	623
583	624
583	627
584	585
584	586
584	587
584	588
585	586
585	587
585	588
585	589
586	587
586	588
586	589
586	590
586	624
587	588
587	589
587	590
587	591
587	628
588	589
588	590
588	591
588	592
589	590
589	591
589	592
589	593
589	594
590	591
590	592
590	593
590	594
590	595
590	636
590	637
591	592
591	593
592	593
592	594
593	594
593	595
594	595
594	596
594	597
594	637
595	596
595	597
595	636
595	637
595	638
596	597
596	598
596	637
596	638
596	639
597	598
597	599
597	638
597	639
597	640
598	599
598	600
598	639
598	640
598	641
598	642
599	600
599	640
599	641
599	642
600	601
600	602
600	603
600	641
600	642
600	643
601	602
601	603
601	614
601	642
601	643
601	644
602	603
602	604
602	605
602	606
602	607
602	608
603	604
603	605
603	606
604	605
604	606
605	606
605	607
606	607
606	608
607	608
607	609
608	609
608	612
609	610
609	611
609	612
610	611
610	612
610	772
611	612
612	613
612	614
613	614
614	615
614	616
615	616
615	617
615	619
615	620
616	617
616	618
616	619
616	620
617	618
617	619
617	620
617	621
617	641
617	643
617	645
618	619
618	620
618	621
618	622
618	655
619	620
619	621
619	622
619	623
619	744
620	621
620	622
620	623
620	624
621	622
621	623
621	624
621	625
621	658
621	659
621	660
622	623
622	624
622	625
622	626
622	658
622	659
622	744
622	745
623	624
623	625
623	626
623	627
623	743
623	744
624	625
624	626
624	627
624	628
625	626
625	627
625	628
625	629
625	634
625	659
626	627
626	628
626	629
626	630
626	744
627	628
627	629
627	630
627	631
628	629
628	630
628	631
628	632
628	633
628	634
629	630
629	631
629	632
629	633
629	634
630	631
630	632
631	632
631	633
632	633
632	634
633	634
633	635
633	636
634	635
634	636
634	637
635	636
635	637
636	637
637	638
637	639
638	639
638	640
638	661
639	640
639	641
639	659
639	660
639	661
640	641
640	642
640	660
640	661
640	662
640	663
641	642
641	643
641	660
641	662
641	663
641	664
642	643
642	663
642	664
642	665
642	666
643	644
643	645
643	646
643	664
643	665
643	666
644	645
644	646
644	665
644	666
644	667
644	668
645	646
645	647
646	647
646	648
646	651
646	652
646	665
646	668
647	648
647	649
647	651
647	665
647	668
648	649
648	650
648	651
648	652
649	650
649	651
649	652
649	653
649	706
649	709
649	710
650	651
650	652
650	653
650	654
650	1054
651	652
651	653
651	654
651	655
652	653
652	654
652	655
652	656
653	654
653	655
653	656
653	657
653	710
654	655
654	656
654	657
654	658
655	656
655	657
655	658
655	659
655	660
656	657
656	658
656	659
656	660
656	661
656	726
657	658
657	659
657	725
657	726
657	727
657	728
657	729
657	730
658	659
658	660
658	726
658	727
658	729
659	660
659	661
659	726
659	727
660	661
660	662
661	662
662	663
663	664
663	665
664	665
664	666
665	666
665	667
665	668
665	669
666	667
666	668
666	669
666	670
667	668
667	669
667	670
667	671
668	669
668	670
668	671
668	672
669	670
669	671
669	672
669	673
669	699
670	671
670	672
670	673
670	674
671	672
671	673
671	674
671	675
672	673
672	674
672	675
672	676
672	699
673	674
673	675
673	676
673	677
674	675
674	676
674	677
674	678
675	676
675	677
675	678
675	681
676	677
676	678
676	681
676	682
676	695
677	678
677	679
677	682
678	679
678	680
678	681
678	682
679	680
679	681
679	682
679	683
680	681
680	682
680	683
680	684
681	682
681	683
681	684
681	685
682	683
682	684
682	685
682	686
683	684
683	685
683	686
684	685
684	686
684	687
684	688
684	689
685	686
685	687
685	688
685	689
685	690
685	691
686	687
686	688
686	691
687	688
687	689
688	689
688	690
689	690
689	691
690	691
690	692
690	693
691	692
691	693
692	693
692	694
693	694
693	695
693	697
693	698
694	695
694	696
694	697
694	698
695	696
695	697
695	698
695	699
696	697
696	698
696	699
696	700
697	698
697	699
697	700
697	701
698	699
698	700
698	701
698	702
699	700
699	701
699	702
699	703
700	701
700	702
700	703
700	704
701	702
701	703
701	704
701	705
702	703
702	704
702	705
702	706
703	704
703	705
703	706
703	707
704	705
704	706
704	707
704	708
705	706
705	707
705	708
705	709
706	707
706	708
706	709
706	710
707	708
707	709
707	710
707	711
708	709
708	710
708	711
708	712
709	710
709	711
709	712
709	713
710	711
710	712
710	713
710	714
711	712
711	713
711	714
711	715
712	713
712	714
712	715
712	716
713	714
713	715
713	716
714	715
714	716
714	717
714	718
714	719
714	720
715	716
715	717
715	718
715	719
715	720
716	717
716	718
716	957
716	958
717	718
717	719
717	957
718	719
718	720
719	720
719	721
719	725
720	721
720	722
721	722
721	723
721	724
721	725
722	723
722	724
722	725
722	726
723	724
723	725
723	726
724	725
724	726
724	727
724	728
725	726
725	727
725	728
726	727
726	728
727	728
727	729
728	729
728	730
729	730
729	731
729	748
730	731
731	732
731	733
732	733
732	734
732	748
732	749
732	750
732	1022
733	734
733	735
733	736
733	748
733	749
733	750
734	735
734	736
734	750
734	751
734	752
735	736
735	737
735	750
735	752
735	753
735	754
735	755
736	737
736	738
736	740
736	741
736	750
736	753
736	754
736	755
737	738
737	739
737	740
737	741
737	753
737	754
737	755
737	756
738	739
738	740
738	741
738	742
738	753
739	740
739	741
739	742
739	743
739	756
740	741
740	742
740	743
740	744
740	756
740	757
741	742
741	743
741	744
741	745
741	746
741	748
742	743
742	744
742	745
742	746
743	744
743	745
743	746
744	745
744	746
745	746
745	747
745	748
746	747
746	748
747	748
747	749
748	749
748	750
749	750
749	751
750	751
750	752
750	753
751	752
751	753
751	1204
752	753
752	754
752	1200
752	1201
752	1202
753	754
753	1200
753	1201
754	755
754	756
754	1197
754	1199
754	1200
755	756
755	757
755	759
755	760
755	1197
756	757
756	758
756	759
756	760
757	758
757	759
757	760
757	761
758	759
758	760
758	761
758	762
759	760
759	761
759	762
759	763
759	1196
759	1197
760	761
760	762
760	763
760	764
761	762
761	763
761	764
761	765
762	763
762	764
762	765
762	766
763	764
763	765
763	766
764	765
764	766
764	767
764	768
765	766
765	767
765	768
765	769
766	767
766	768
766	769
766	770
767	768
767	769
767	770
767	771
768	769
768	770
768	771
768	772
769	770
769	771
769	772
770	771
770	772
771	772
773	774
774	775
774	776
775	776
775	777
776	777
776	778
777	778
777	779
778	779
778	780
778	787
778	788
779	780
779	781
779	782
779	783
779	784
779	787
779	788
779	789
780	781
780	782
780	788
781	782
781	783
782	783
782	784
783	784
783	785
783	787
783	790
783	793
784	785
784	786
784	787
785	786
785	787
786	787
787	788
787	789
788	789
788	790
789	790
789	791
790	791
790	792
790	793
791	792
791	793
792	793
792	796
792	797
792	1122
793	794
793	795
793	796
793	797
793	1122
794	795
794	796
794	797
794	798
794	1121
794	1122
795	796
795	797
795	798
795	799
796	797
796	798
796	799
796	800
796	813
796	816
797	798
797	799
797	800
797	801
797	1116
797	1121
798	799
798	800
798	801
798	802
798	1121
799	800
799	801
799	802
799	803
799	809
799	810
799	812
799	813
800	801
800	802
800	803
800	804
800	809
800	810
800	813
800	1117
801	802
801	803
801	804
801	805
801	1116
801	1117
801	1118
801	1119
802	803
802	804
802	805
802	806
802	809
803	804
803	805
803	806
803	808
803	809
803	810
804	805
804	806
804	807
804	1117
804	1152
804	1155
804	1156
805	806
805	807
805	1152
806	807
808	809
808	810
808	811
808	812
809	810
809	811
809	812
809	813
810	811
810	812
810	813
810	814
811	812
811	813
811	814
811	815
812	813
812	814
812	815
812	816
813	814
813	815
813	816
813	817
814	815
814	816
814	817
814	818
815	816
815	817
815	818
815	819
816	817
816	818
816	819
817	818
817	819
817	820
818	819
818	820
819	820
819	821
820	821
820	822
821	822
821	823
822	823
822	824
822	827
823	824
823	825
823	827
824	825
824	826
824	827
825	826
825	827
825	828
825	1064
826	827
826	828
826	829
826	1064
827	828
827	829
828	829
828	1188
828	1189
829	830
829	1186
829	1187
829	1188
829	1189
830	831
830	832
830	1186
830	1187
830	1188
830	1189
831	832
831	833
831	1185
831	1186
831	1187
832	833
832	834
832	1185
832	1186
832	1187
833	834
833	835
833	1171
833	1185
834	835
834	1185
835	836
835	837
835	1171
835	1172
836	837
836	838
836	1171
836	1172
837	838
837	839
837	1169
837	1170
837	1171
837	1172
838	839
838	840
838	1169
838	1170
838	1172
839	840
839	841
839	842
839	1169
840	841
840	842
840	843
840	1165
840	1166
840	1169
841	842
841	843
842	843
842	844
842	1174
843	844
843	845
843	1165
843	1168
843	1169
843	1174
843	1175
844	845
844	846
844	848
844	1174
844	1175
845	846
845	847
845	848
845	849
846	847
846	848
846	849
846	850
846	1158
846	1161
846	1162
847	848
847	849
847	850
847	851
848	849
848	850
848	851
849	850
849	851
849	852
849	1161
850	851
850	852
850	853
850	878
850	880
850	1157
850	1161
851	852
851	853
851	879
851	880
852	853
852	854
852	880
852	1107
852	1108
853	854
853	855
853	880
853	881
853	1107
853	1108
853	1109
854	855
854	856
854	880
854	881
854	882
854	1108
854	1109
854	1110
855	856
855	881
855	882
855	883
855	1109
855	1110
855	1111
855	1114
856	857
856	858
856	882
856	883
856	1109
856	1110
856	1111
857	858
857	859
857	883
857	884
857	885
858	859
858	860
858	862
858	863
858	884
858	885
859	860
859	861
859	862
859	863
859	884
859	885
859	886
859	887
860	861
860	862
860	863
860	864
860	865
860	868
860	887
861	862
861	863
861	864
861	887
861	962
861	966
861	967
861	971
862	863
862	864
862	962
862	1049
862	1136
862	1137
863	864
863	865
863	867
863	868
863	1135
863	1136
863	1137
864	865
864	866
864	867
864	868
864	1134
864	1135
864	1136
864	1137
864	1138
864	1143
865	866
865	867
865	868
865	869
866	867
866	868
866	869
866	870
866	911
866	912
866	1146
867	868
867	869
867	870
867	871
867	1135
868	869
868	870
868	871
868	872
869	870
869	871
869	872
869	873
869	921
870	871
870	872
870	873
870	874
870	1149
870	1150
871	872
871	873
871	874
871	875
871	882
871	1150
872	873
872	874
872	875
872	876
872	882
872	921
872	922
872	923
873	874
873	875
873	876
873	877
873	919
873	920
873	921
873	1150
874	875
874	876
874	877
874	878
874	1150
874	1151
874	1153
874	1154
875	876
875	877
875	878
875	879
875	880
875	881
875	882
876	877
876	878
876	879
876	880
876	881
876	920
877	878
877	879
877	919
878	879
878	880
878	1154
879	880
879	881
880	881
881	882
881	883
881	924
881	925
882	883
882	884
882	923
882	924
882	925
883	884
883	885
883	923
883	924
883	925
883	926
883	927
884	885
884	886
884	888
884	889
884	923
884	925
884	926
884	927
885	886
885	887
885	927
886	887
886	888
886	927
886	928
886	929
886	933
886	934
887	888
887	889
887	933
887	934
887	975
888	889
888	933
888	934
888	935
888	974
888	975
889	890
889	891
889	934
889	974
890	891
890	892
890	893
890	974
891	892
891	893
891	894
892	893
892	894
892	895
893	894
893	895
893	920
893	921
893	922
894	895
894	896
894	922
894	942
895	896
895	897
895	920
896	897
896	898
896	918
896	919
896	920
897	898
897	899
897	900
897	917
897	918
897	919
897	920
898	899
898	900
898	917
899	900
899	901
899	906
899	907
899	917
900	901
900	902
900	904
900	905
900	906
900	915
900	916
900	917
901	902
901	903
901	904
901	905
901	906
902	903
902	904
903	904
903	905
904	905
904	906
904	913
904	914
904	915
904	916
905	906
905	907
905	910
905	912
905	913
905	914
905	915
906	907
906	908
906	909
906	910
907	908
907	909
907	910
908	909
908	910
909	910
909	911
909	912
910	911
910	912
911	912
911	913
912	913
913	914
913	915
913	1149
914	915
914	916
914	1149
914	1150
915	916
915	919
916	917
916	918
916	919
917	918
917	919
918	919
918	920
919	920
919	921
920	921
920	922
921	922
921	923
922	923
922	924
923	924
923	925
923	926
923	943
924	925
924	926
924	943
924	944
924	945
925	926
925	927
925	943
925	944
925	945
925	946
925	947
926	927
926	928
926	940
926	943
926	945
926	946
926	947
927	928
927	929
927	946
927	947
927	948
927	949
928	929
928	932
928	935
928	947
928	948
928	949
929	930
929	931
929	932
929	948
929	949
930	931
930	932
930	959
930	985
930	986
930	987
930	988
930	989
931	932
931	933
931	985
931	986
931	1369
932	933
932	934
932	935
932	1350
933	934
933	935
933	975
934	935
934	936
934	974
934	975
935	936
935	937
935	939
935	940
935	1319
936	937
936	938
936	939
936	940
936	1319
936	1321
937	938
937	939
937	940
937	941
937	1269
937	1272
937	1277
937	1299
938	939
938	940
938	941
938	942
938	1272
938	1273
938	1276
938	1277
939	940
939	941
939	942
939	943
940	941
940	942
940	943
941	942
941	943
941	1009
941	1269
941	1272
941	1273
942	943
942	944
943	944
943	945
943	946
943	1012
944	945
944	1012
945	946
945	947
945	1012
945	1013
945	1014
946	947
946	948
946	1012
946	1013
946	1014
946	1015
947	948
947	949
947	1014
947	1015
947	1016
947	1017
948	949
948	950
948	1015
948	1016
948	1017
949	950
949	951
949	1016
949	1017
950	951
950	1017
950	1018
951	952
951	953
951	956
951	1017
951	1018
951	1019
952	953
952	954
952	955
952	956
952	1019
952	1042
953	954
953	955
953	956
953	1019
953	1042
953	1043
953	1044
953	1045
953	1046
953	1060
954	955
954	956
954	1044
954	1045
954	1046
954	1047
954	1048
954	1051
954	1055
954	1056
955	956
955	957
955	958
955	1051
955	1055
955	1056
955	1059
956	957
956	958
956	1019
956	1059
956	1060
957	958
957	987
958	959
958	960
958	987
959	960
959	961
959	984
959	985
959	986
959	987
960	961
960	962
960	984
960	985
961	962
961	963
961	983
961	984
961	985
961	1050
962	963
962	964
962	966
962	982
962	983
962	984
963	964
963	965
963	966
963	982
963	983
963	1127
964	965
964	966
964	967
964	980
964	981
964	982
964	983
965	966
965	967
965	980
966	967
966	968
966	1129
966	1137
966	1138
967	968
967	969
967	971
967	972
967	979
967	980
967	981
968	969
968	970
968	971
968	972
968	979
968	980
968	1138
969	970
969	971
969	972
969	973
969	979
970	971
970	972
970	973
970	974
971	972
971	973
971	974
971	975
972	973
972	974
972	975
972	976
972	977
972	978
972	979
973	974
973	975
973	976
973	977
974	975
974	976
975	976
975	977
976	977
976	1371
977	978
977	979
977	1371
977	1389
977	1390
978	979
978	980
978	981
978	1389
978	1409
979	980
979	981
980	981
980	982
981	982
981	983
982	983
982	984
983	984
983	985
984	985
984	986
985	986
985	987
986	987
986	988
987	988
987	989
988	989
988	990
989	990
989	991
989	992
990	991
990	992
990	993
990	1346
991	992
991	993
991	997
991	1346
992	993
992	994
992	997
992	998
993	994
993	997
994	995
994	996
994	997
994	998
995	996
995	997
995	998
995	999
995	1030
996	997
996	998
996	999
996	1000
997	998
997	999
997	1000
997	1001
998	999
998	1000
998	1001
998	1002
998	1034
999	1000
999	1001
999	1002
999	1003
999	1034
999	1035
1000	1001
1000	1002
1000	1003
1000	1004
1001	1002
1001	1003
1001	1004
1001	1005
1002	1003
1002	1004
1002	1005
1002	1006
1002	1014
1002	1035
1002	1036
1003	1004
1003	1005
1003	1006
1003	1007
1003	1226
1004	1005
1004	1006
1004	1007
1004	1008
1004	1262
1005	1006
1005	1007
1005	1008
1005	1009
1006	1007
1006	1008
1006	1009
1006	1010
1006	1012
1006	1226
1007	1008
1007	1009
1007	1010
1007	1265
1007	1266
1008	1009
1008	1010
1008	1265
1008	1266
1008	1268
1008	1269
1009	1010
1009	1011
1009	1012
1009	1269
1010	1011
1010	1012
1011	1012
1011	1013
1011	1223
1012	1013
1012	1014
1012	1223
1013	1014
1013	1015
1013	1037
1013	1223
1014	1015
1014	1016
1014	1036
1014	1037
1014	1038
1015	1016
1015	1017
1015	1036
1015	1037
1015	1038
1015	1039
1015	1040
1016	1017
1016	1018
1016	1036
1016	1038
1016	1039
1016	1040
1017	1018
1017	1019
1017	1039
1017	1040
1017	1041
1018	1019
1018	1020
1018	1040
1018	1041
1018	1042
1019	1020
1019	1021
1019	1041
1019	1042
1019	1043
1019	1060
1020	1021
1020	1024
1020	1041
1020	1042
1020	1043
1020	1044
1020	1060
1020	1061
1020	1062
1020	1063
1020	1065
1020	1066
1021	1022
1021	1023
1021	1024
1021	1060
1021	1061
1021	1066
1022	1023
1022	1024
1023	1024
1023	1025
1023	1026
1023	1027
1024	1025
1024	1026
1024	1027
1024	1028
1024	1066
1024	1070
1025	1026
1025	1027
1025	1028
1025	1029
1025	1069
1025	1070
1025	1073
1026	1027
1026	1028
1026	1029
1026	1030
1026	1073
1027	1028
1027	1029
1027	1030
1027	1031
1028	1029
1028	1030
1028	1031
1028	1032
1028	1070
1029	1030
1029	1031
1029	1032
1029	1033
1029	1073
1029	1074
1030	1031
1030	1032
1030	1033
1030	1034
1031	1032
1031	1033
1031	1034
1031	1035
1031	1036
1032	1033
1032	1034
1032	1035
1032	1036
1032	1079
1032	1082
1032	1083
1033	1034
1033	1035
1034	1035
1034	1036
1035	1036
1035	1037
1035	1224
1036	1037
1036	1038
1036	1083
1037	1038
1037	1082
1037	1083
1037	1084
1037	1223
1037	1224
1038	1039
1038	1040
1038	1083
1038	1084
1038	1085
1039	1040
1039	1041
1039	1083
1039	1084
1039	1085
1039	1086
1040	1041
1040	1042
1040	1085
1040	1086
1040	1087
1041	1042
1041	1043
1041	1063
1041	1066
1041	1067
1041	1086
1041	1087
1041	1088
1042	1043
1042	1044
1042	1063
1042	1087
1042	1088
1042	1089
1043	1044
1043	1045
1043	1046
1043	1060
1043	1061
1043	1062
1043	1063
1043	1088
1043	1089
1044	1045
1044	1046
1044	1059
1044	1060
1044	1061
1044	1062
1044	1089
1045	1046
1045	1047
1045	1062
1045	1089
1045	1090
1046	1047
1046	1048
1046	1089
1046	1090
1047	1048
1047	1111
1047	1112
1048	1049
1048	1050
1048	1051
1049	1050
1049	1126
1049	1127
1050	1051
1050	1126
1050	1127
1051	1052
1051	1053
1051	1055
1051	1056
1052	1053
1052	1054
1052	1055
1052	1056
1053	1054
1053	1055
1053	1056
1053	1057
1054	1055
1054	1056
1054	1057
1054	1058
1055	1056
1055	1057
1055	1058
1055	1059
1056	1057
1056	1058
1056	1059
1057	1058
1057	1059
1058	1059
1058	1060
1059	1060
1060	1061
1061	1062
1061	1063
1062	1063
1062	1064
1062	1065
1062	1066
1063	1064
1063	1065
1063	1066
1063	1067
1063	1089
1064	1065
1064	1066
1064	1067
1064	1068
1065	1066
1065	1067
1065	1068
1065	1069
1065	1205
1066	1067
1066	1068
1066	1069
1066	1070
1067	1068
1067	1069
1067	1070
1067	1071
1067	1103
1067	1104
1067	1105
1068	1069
1068	1070
1068	1071
1068	1072
1068	1103
1068	1104
1068	1205
1069	1070
1069	1071
1069	1072
1069	1073
1070	1071
1070	1072
1070	1073
1070	1074
1071	1072
1071	1073
1071	1074
1071	1075
1071	1104
1072	1073
1072	1074
1072	1075
1072	1076
1072	1208
1072	1209
1073	1074
1073	1075
1073	1076
1073	1077
1074	1075
1074	1076
1074	1077
1074	1078
1074	1079
1074	1080
1075	1076
1075	1077
1075	1078
1075	1079
1075	1080
1076	1077
1076	1078
1077	1078
1077	1079
1078	1079
1078	1080
1079	1080
1079	1081
1079	1082
1080	1081
1080	1082
1080	1083
1080	1217
1081	1082
1081	1083
1081	1217
1081	1218
1081	1219
1081	1220
1082	1083
1082	1220
1083	1084
1083	1085
1083	1220
1084	1085
1084	1086
1084	1106
1085	1086
1085	1087
1085	1105
1085	1106
1085	1107
1086	1087
1086	1105
1086	1106
1086	1107
1086	1108
1087	1088
1087	1105
1087	1107
1087	1108
1087	1109
1088	1089
1088	1090
1088	1091
1088	1108
1088	1109
1088	1110
1089	1090
1089	1091
1090	1091
1090	1092
1091	1092
1091	1093
1091	1096
1091	1110
1092	1093
1092	1096
1092	1113
1093	1094
1093	1095
1093	1096
1093	1097
1093	1160
1094	1095
1094	1096
1094	1097
1094	1098
1094	1160
1094	1161
1094	1163
1094	1164
1095	1096
1095	1097
1095	1098
1095	1099
1095	1164
1096	1097
1096	1098
1096	1099
1096	1100
1097	1098
1097	1099
1097	1100
1097	1101
1097	1108
1098	1099
1098	1100
1098	1101
1098	1102
1098	1164
1099	1100
1099	1101
1099	1102
1099	1103
1100	1101
1100	1102
1100	1103
1100	1104
1100	1105
1101	1102
1101	1103
1101	1104
1101	1105
1101	1106
1101	1179
1101	1180
1101	1181
1102	1103
1102	1104
1102	1179
1102	1180
1102	1181
1102	1182
1102	1183
1103	1104
1103	1105
1103	1180
1103	1181
1103	1183
1104	1105
1104	1106
1104	1180
1104	1181
1105	1106
1105	1107
1105	1180
1106	1107
1106	1108
1106	1180
1107	1108
1107	1109
1108	1109
1108	1110
1109	1110
1109	1111
1110	1111
1110	1112
1110	1113
1110	1114
1111	1112
1111	1113
1111	1114
1111	1115
1112	1113
1112	1114
1112	1115
1112	1116
1113	1114
1113	1115
1113	1116
1113	1117
1114	1115
1114	1116
1114	1117
1114	1118
1114	1153
1115	1116
1115	1117
1115	1118
1115	1119
1115	1120
1116	1117
1116	1118
1116	1119
1116	1120
1116	1121
1117	1118
1117	1119
1117	1152
1117	1153
1117	1156
1118	1119
1118	1120
1118	1148
1118	1153
1119	1120
1119	1121
1119	1133
1119	1147
1119	1148
1120	1121
1120	1122
1120	1133
1120	1135
1121	1122
1121	1123
1122	1123
1122	1124
1123	1124
1123	1125
1124	1125
1124	1126
1125	1126
1125	1127
1125	1128
1125	1130
1125	1131
1126	1127
1126	1128
1126	1129
1126	1131
1126	1136
1126	1137
1127	1128
1127	1129
1128	1129
1128	1130
1129	1130
1129	1131
1129	1136
1129	1137
1129	1138
1129	1139
1130	1131
1130	1132
1130	1137
1131	1132
1131	1133
1131	1134
1131	1135
1131	1136
1131	1137
1132	1133
1132	1134
1132	1142
1133	1134
1133	1135
1133	1142
1133	1145
1133	1146
1134	1135
1134	1136
1134	1137
1134	1142
1134	1143
1134	1144
1134	1145
1134	1146
1135	1136
1135	1137
1135	1143
1135	1146
1136	1137
1137	1138
1137	1139
1137	1143
1138	1139
1138	1140
1138	1143
1139	1140
1139	1141
1139	1142
1139	1143
1140	1141
1140	1142
1140	1143
1140	1144
1141	1142
1141	1143
1141	1144
1142	1143
1142	1144
1142	1145
1143	1144
1143	1145
1143	1146
1144	1145
1144	1146
1145	1146
1145	1147
1146	1147
1146	1148
1147	1148
1147	1149
1148	1149
1148	1150
1149	1150
1149	1151
1149	1152
1150	1151
1150	1152
1150	1153
1150	1154
1151	1152
1151	1153
1151	1154
1151	1155
1152	1153
1152	1154
1152	1155
1152	1156
1153	1154
1153	1155
1153	1156
1153	1157
1154	1155
1154	1156
1154	1157
1154	1158
1155	1156
1155	1157
1155	1158
1155	1159
1156	1157
1156	1158
1156	1159
1156	1160
1157	1158
1157	1159
1157	1160
1157	1161
1158	1159
1158	1160
1158	1161
1158	1162
1159	1160
1159	1161
1159	1162
1159	1163
1160	1161
1160	1162
1160	1163
1160	1164
1161	1162
1161	1163
1161	1164
1161	1165
1162	1163
1162	1164
1162	1165
1162	1166
1163	1164
1163	1165
1163	1166
1163	1167
1164	1165
1164	1166
1164	1167
1164	1168
1165	1166
1165	1167
1165	1168
1165	1169
1166	1167
1166	1168
1166	1169
1166	1170
1167	1168
1167	1169
1167	1170
1167	1171
1168	1169
1168	1170
1168	1171
1168	1172
1168	1173
1168	1174
1168	1175
1169	1170
1169	1171
1169	1172
1169	1173
1169	1174
1170	1171
1170	1172
1171	1172
1171	1173
1172	1173
1172	1174
1173	1174
1173	1175
1173	1178
1174	1175
1175	1176
1175	1177
1175	1178
1176	1177
1176	1178
1176	1179
1176	1180
1177	1178
1177	1179
1177	1180
1178	1179
1178	1180
1179	1180
1179	1181
1179	1182
1180	1181
1180	1182
1181	1182
1181	1183
1181	1211
1182	1183
1182	1184
1182	1185
1182	1211
1182	1212
1183	1184
1183	1185
1183	1186
1183	1206
1183	1208
1184	1185
1184	1186
1184	1206
1185	1186
1185	1187
1186	1187
1186	1206
1187	1188
1187	1189
1188	1189
1188	1190
1189	1190
1189	1191
1189	1192
1190	1191
1190	1192
1191	1192
1191	1193
1192	1193
1192	1194
1193	1194
1193	1195
1194	1195
1194	1196
1194	1197
1194	1198
1194	1199
1195	1196
1195	1197
1196	1197
1197	1198
1197	1199
1198	1199
1199	1200
1199	1201
1200	1201
1200	1202
1201	1202
1201	1203
1202	1203
1202	1204
1202	1205
1202	1206
1203	1204
1203	1205
1203	1206
1203	1207
1204	1205
1204	1206
1204	1207
1205	1206
1205	1207
1206	1207
1206	1208
1207	1208
1207	1209
1208	1209
1208	1210
1209	1210
1209	1211
1210	1211
1210	1212
1211	1212
1211	1213
1211	1214
1211	1215
1212	1213
1212	1214
1213	1214
1213	1215
1214	1215
1214	1216
1215	1216
1215	1217
1215	1218
1216	1217
1216	1218
1216	1219
1217	1218
1217	1219
1218	1219
1218	1220
1219	1220
1219	1221
1220	1221
1220	1222
1221	1222
1221	1223
1221	1224
1222	1223
1222	1224
1223	1224
1223	1225
1224	1225
1224	1226
1225	1226
1225	1227
1226	1227
1226	1228
1227	1228
1227	1229
1228	1229
1228	1230
1229	1230
1229	1231
1229	1232
1230	1231
1230	1232
1230	1233
1230	1234
1230	1260
1231	1232
1231	1233
1231	1234
1231	1235
1231	1263
1231	1264
1231	1266
1231	1267
1232	1233
1232	1234
1232	1235
1232	1236
1233	1234
1233	1235
1233	1236
1233	1237
1234	1235
1234	1236
1234	1237
1234	1240
1235	1236
1235	1237
1235	1240
1235	1241
1235	1267
1236	1237
1236	1238
1237	1238
1237	1239
1237	1240
1237	1241
1238	1239
1238	1240
1238	1241
1238	1242
1239	1240
1239	1241
1239	1242
1239	1243
1239	1250
1240	1241
1240	1242
1240	1243
1240	1244
1240	1250
1241	1242
1241	1243
1241	1244
1241	1245
1242	1243
1242	1244
1242	1245
1242	1246
1242	1248
1243	1244
1243	1245
1243	1246
1243	1247
1243	1248
1243	1249
1243	1250
1243	1282
1243	1284
1244	1245
1244	1246
1244	1247
1244	1271
1244	1282
1245	1246
1245	1247
1246	1247
1246	1248
1247	1248
1247	1249
1247	1280
1247	1281
1247	1282
1248	1249
1248	1250
1248	1282
1248	1283
1249	1250
1249	1282
1249	1283
1249	1284
1250	1251
1250	1252
1250	1283
1250	1284
1250	1285
1251	1252
1251	1284
1251	1285
1251	1286
1252	1253
1252	1254
1252	1285
1252	1286
1252	1287
1253	1254
1253	1286
1253	1287
1253	1288
1254	1255
1254	1256
1254	1287
1254	1288
1254	1289
1255	1256
1255	1288
1255	1289
1255	1290
1256	1257
1256	1258
1256	1260
1256	1288
1256	1289
1256	1290
1256	1291
1256	1292
1257	1258
1257	1259
1257	1260
1257	1290
1257	1291
1257	1292
1257	1293
1258	1259
1258	1260
1258	1261
1258	1291
1258	1292
1258	1293
1259	1260
1259	1261
1259	1293
1260	1261
1260	1262
1260	1263
1260	1292
1260	1293
1261	1262
1261	1263
1261	1292
1261	1293
1261	1294
1261	1295
1261	1296
1262	1263
1262	1264
1262	1265
1262	1294
1262	1295
1262	1296
1262	1297
1262	1298
1263	1264
1263	1265
1263	1296
1263	1297
1264	1265
1264	1266
1264	1267
1264	1268
1264	1297
1265	1266
1265	1267
1265	1268
1265	1269
1265	1297
1265	1298
1265	1299
1265	1300
1266	1267
1266	1268
1266	1269
1266	1270
1267	1268
1267	1269
1267	1270
1267	1271
1268	1269
1268	1270
1268	1271
1268	1272
1268	1299
1268	1300
1268	1301
1269	1270
1269	1271
1269	1272
1269	1273
1270	1271
1270	1272
1270	1273
1270	1274
1271	1272
1271	1273
1271	1274
1271	1275
1272	1273
1272	1274
1272	1275
1272	1276
1272	1277
1273	1274
1273	1275
1273	1276
1274	1275
1274	1276
1275	1276
1275	1277
1275	1278
1275	1279
1275	1280
1276	1277
1276	1278
1276	1279
1277	1278
1277	1279
1277	1301
1278	1279
1278	1280
1278	1302
1279	1280
1279	1281
1280	1281
1280	1282
1280	1303
1281	1282
1281	1283
1281	1303
1282	1283
1282	1284
1282	1303
1283	1284
1283	1285
1283	1303
1283	1304
1284	1285
1284	1286
1284	1303
1284	1304
1284	1305
1285	1286
1285	1287
1285	1304
1285	1305
1285	1306
1286	1287
1286	1288
1286	1305
1286	1306
1286	1307
1287	1288
1287	1306
1287	1307
1287	1308
1288	1289
1288	1290
1288	1307
1288	1308
1288	1309
1289	1290
1289	1308
1289	1309
1289	1310
1290	1291
1290	1292
1290	1309
1290	1310
1290	1311
1291	1292
1291	1293
1291	1310
1291	1311
1291	1312
1292	1293
1292	1294
1292	1296
1292	1311
1292	1312
1292	1313
1293	1294
1293	1295
1293	1296
1293	1312
1293	1313
1294	1295
1294	1296
1294	1313
1294	1314
1294	1315
1295	1296
1295	1297
1295	1298
1295	1314
1295	1315
1295	1316
1295	1317
1295	1318
1296	1297
1296	1298
1296	1315
1296	1316
1296	1317
1297	1298
1297	1299
1297	1300
1297	1316
1297	1317
1297	1325
1298	1299
1298	1300
1298	1316
1298	1317
1298	1318
1298	1319
1298	1320
1299	1300
1299	1301
1299	1317
1299	1318
1299	1319
1299	1320
1299	1321
1300	1301
1300	1304
1300	1317
1300	1320
1300	1321
1300	1322
1300	1323
1301	1302
1301	1303
1301	1304
1301	1320
1301	1321
1301	1322
1301	1323
1302	1303
1302	1304
1302	1322
1302	1323
1303	1304
1303	1305
1303	1323
1304	1305
1304	1306
1304	1323
1304	1324
1305	1306
1305	1307
1305	1323
1305	1324
1305	1325
1306	1307
1306	1308
1306	1324
1306	1325
1306	1326
1307	1308
1307	1309
1307	1325
1307	1326
1307	1327
1308	1309
1308	1310
1308	1326
1308	1327
1308	1328
1309	1310
1309	1311
1309	1327
1309	1328
1309	1329
1309	1330
1310	1311
1310	1328
1310	1329
1310	1330
1311	1312
1311	1327
1311	1329
1311	1342
1311	1343
1312	1313
1312	1314
1312	1342
1312	1343
1312	1344
1313	1314
1313	1315
1313	1343
1313	1344
1314	1315
1314	1316
1314	1343
1314	1344
1314	1345
1314	1346
1314	1347
1315	1316
1315	1317
1315	1318
1315	1344
1315	1345
1315	1346
1315	1347
1315	1348
1315	1349
1316	1317
1316	1318
1316	1347
1316	1348
1317	1318
1317	1319
1317	1320
1317	1347
1317	1348
1318	1319
1318	1320
1318	1347
1318	1348
1318	1349
1318	1350
1318	1351
1319	1320
1319	1321
1319	1348
1319	1349
1319	1350
1319	1351
1319	1352
1320	1321
1320	1322
1320	1348
1320	1351
1320	1352
1320	1353
1320	1354
1321	1322
1321	1351
1321	1352
1321	1353
1321	1354
1322	1323
1322	1324
1322	1353
1322	1354
1322	1355
1323	1324
1323	1325
1323	1354
1323	1355
1324	1325
1324	1326
1324	1354
1324	1355
1324	1356
1325	1326
1325	1327
1325	1355
1325	1356
1325	1357
1326	1327
1326	1328
1326	1356
1326	1357
1326	1358
1326	1454
1327	1328
1327	1357
1327	1358
1327	1359
1328	1329
1328	1330
1328	1358
1328	1359
1328	1455
1329	1330
1329	1331
1329	1333
1330	1331
1330	1332
1330	1333
1331	1332
1331	1333
1332	1333
1332	1334
1333	1334
1333	1335
1334	1335
1334	1336
1335	1336
1335	1337
1336	1337
1336	1338
1336	1339
1337	1338
1337	1339
1337	1340
1337	1359
1337	1360
1338	1339
1338	1340
1338	1359
1338	1360
1338	1361
1338	1378
1338	1459
1339	1340
1339	1360
1340	1341
1340	1342
1340	1360
1340	1361
1341	1342
1341	1343
1341	1360
1341	1361
1341	1362
1342	1343
1342	1360
1342	1361
1342	1362
1343	1344
1343	1361
1343	1362
1343	1363
1344	1345
1344	1346
1344	1347
1344	1362
1344	1363
1345	1346
1345	1347
1345	1362
1345	1363
1345	1364
1345	1365
1345	1366
1346	1347
1346	1348
1346	1349
1346	1364
1346	1365
1346	1366
1346	1367
1346	1368
1347	1348
1347	1349
1347	1366
1347	1367
1348	1349
1348	1350
1348	1351
1348	1366
1348	1367
1348	1368
1348	1370
1349	1350
1349	1351
1349	1367
1349	1368
1349	1369
1349	1370
1350	1351
1350	1352
1350	1368
1350	1369
1350	1370
1350	1371
1351	1352
1351	1353
1351	1370
1351	1371
1351	1372
1351	1373
1352	1353
1352	1370
1352	1371
1352	1372
1352	1373
1353	1354
1353	1372
1353	1373
1354	1355
1354	1356
1354	1373
1354	1374
1355	1356
1355	1357
1355	1373
1355	1374
1355	1375
1356	1357
1356	1358
1356	1374
1356	1375
1356	1376
1357	1358
1357	1359
1357	1375
1357	1376
1357	1377
1357	1451
1358	1359
1358	1360
1358	1376
1358	1377
1359	1360
1359	1377
1359	1378
1359	1455
1359	1457
1360	1361
1360	1377
1360	1378
1360	1379
1361	1362
1361	1377
1361	1378
1361	1379
1361	1380
1362	1363
1362	1364
1362	1366
1362	1379
1362	1380
1362	1381
1363	1364
1363	1365
1363	1366
1363	1380
1363	1381
1364	1365
1364	1366
1364	1380
1364	1381
1364	1382
1364	1383
1364	1384
1365	1366
1365	1367
1365	1368
1365	1382
1365	1383
1365	1384
1365	1385
1365	1386
1366	1367
1366	1368
1366	1380
1366	1384
1366	1385
1367	1368
1367	1369
1367	1370
1367	1384
1367	1385
1367	1388
1368	1369
1368	1370
1368	1384
1368	1385
1368	1386
1368	1387
1368	1388
1369	1370
1369	1371
1369	1385
1369	1386
1369	1387
1369	1388
1370	1371
1370	1372
1370	1373
1370	1387
1370	1388
1370	1389
1370	1390
1370	1391
1371	1372
1371	1373
1371	1388
1371	1389
1371	1390
1371	1391
1372	1373
1372	1374
1372	1390
1372	1391
1373	1374
1373	1375
1373	1391
1373	1392
1374	1375
1374	1391
1374	1392
1374	1393
1375	1376
1375	1377
1375	1392
1375	1393
1375	1394
1376	1377
1376	1378
1376	1393
1376	1394
1376	1395
1376	1451
1377	1378
1377	1379
1377	1394
1377	1395
1377	1396
1378	1379
1378	1395
1378	1396
1378	1397
1379	1380
1379	1395
1379	1396
1379	1397
1379	1398
1379	1399
1380	1381
1380	1382
1380	1384
1380	1398
1380	1399
1380	1400
1381	1382
1381	1383
1381	1384
1381	1399
1381	1400
1382	1383
1382	1384
1382	1399
1382	1400
1382	1401
1382	1402
1382	1403
1383	1384
1383	1385
1383	1386
1383	1400
1383	1401
1383	1402
1383	1403
1383	1404
1383	1405
1384	1385
1384	1386
1384	1403
1384	1404
1385	1386
1385	1387
1385	1388
1385	1403
1385	1404
1385	1407
1386	1387
1386	1388
1386	1403
1386	1404
1386	1405
1386	1406
1386	1407
1387	1388
1387	1389
1387	1405
1387	1406
1387	1407
1388	1389
1388	1390
1388	1407
1388	1408
1388	1409
1388	1410
1389	1390
1389	1407
1389	1408
1389	1409
1389	1410
1390	1391
1390	1392
1390	1409
1390	1410
1391	1392
1391	1393
1391	1410
1391	1411
1392	1393
1392	1394
1392	1410
1392	1411
1392	1412
1393	1394
1393	1395
1393	1411
1393	1412
1393	1413
1394	1395
1394	1396
1394	1412
1394	1413
1394	1414
1395	1396
1395	1397
1395	1413
1395	1414
1395	1415
1396	1397
1396	1414
1396	1415
1397	1398
1397	1399
1397	1415
1397	1416
1398	1399
1398	1416
1399	1400
1399	1401
1400	1401
1400	1402
1400	1424
1401	1402
1401	1403
1401	1424
1401	1425
1402	1403
1402	1404
1402	1405
1402	1424
1402	1425
1402	1426
1403	1404
1403	1405
1403	1424
1403	1425
1403	1426
1404	1405
1404	1406
1404	1407
1404	1425
1404	1426
1404	1430
1405	1406
1405	1407
1405	1426
1405	1428
1406	1407
1406	1408
1406	1429
1407	1408
1407	1409
1407	1429
1407	1430
1407	1479
1408	1409
1408	1429
1408	1479
1408	1481
1409	1410
1409	1411
1409	1479
1409	1481
1409	1482
1410	1411
1410	1412
1410	1482
1411	1412
1411	1413
1411	1477
1411	1478
1412	1413
1412	1414
1412	1476
1412	1477
1413	1414
1413	1415
1413	1474
1413	1475
1413	1476
1413	1477
1414	1415
1414	1416
1414	1474
1414	1475
1414	1476
1415	1416
1415	1417
1415	1473
1415	1474
1415	1475
1416	1417
1416	1418
1416	1419
1416	1421
1416	1473
1416	1474
1417	1418
1417	1419
1417	1473
1418	1419
1418	1420
1419	1420
1419	1421
1420	1421
1420	1422
1420	1423
1421	1422
1421	1423
1421	1424
1421	1425
1422	1423
1422	1424
1422	1425
1423	1424
1423	1425
1424	1425
1424	1426
1425	1426
1425	1427
1426	1427
1426	1428
1427	1428
1427	1429
1427	1430
1428	1429
1428	1430
1429	1430
1429	1431
1429	1479
1430	1431
1430	1432
1430	1477
1430	1478
1430	1479
1430	1480
1431	1432
1431	1433
1431	1477
1431	1478
1431	1479
1432	1433
1432	1475
1432	1476
1432	1477
1432	1478
1433	1434
1433	1435
1433	1475
1433	1476
1433	1477
1434	1435
1434	1436
1434	1472
1434	1474
1434	1475
1434	1476
1435	1436
1435	1437
1435	1440
1435	1441
1435	1475
1435	1476
1436	1437
1436	1438
1436	1490
1437	1438
1437	1439
1437	1440
1437	1441
1437	1486
1437	1487
1437	1488
1437	1489
1437	1490
1438	1439
1438	1440
1438	1441
1438	1442
1438	1487
1439	1440
1439	1441
1439	1442
1439	1443
1439	1486
1439	1487
1440	1441
1440	1442
1440	1443
1440	1444
1440	1487
1440	1488
1441	1442
1441	1443
1441	1444
1441	1445
1442	1443
1442	1444
1442	1445
1442	1446
1443	1444
1443	1445
1443	1446
1443	1447
1444	1445
1444	1446
1444	1447
1444	1448
1445	1446
1445	1447
1445	1448
1445	1449
1446	1447
1446	1448
1446	1449
1446	1450
1447	1448
1447	1449
1447	1450
1447	1451
1448	1449
1448	1450
1448	1451
1448	1452
1448	1460
1449	1450
1449	1451
1449	1452
1449	1453
1450	1451
1450	1452
1450	1453
1450	1454
1451	1452
1451	1453
1451	1454
1451	1455
1452	1453
1452	1454
1452	1455
1452	1456
1452	1457
1452	1460
1452	1461
1453	1454
1453	1455
1453	1456
1454	1455
1454	1456
1455	1456
1455	1457
1456	1457
1456	1458
1457	1458
1457	1459
1457	1460
1457	1461
1458	1459
1458	1460
1458	1461
1458	1462
1459	1460
1459	1461
1459	1462
1459	1463
1460	1461
1460	1462
1460	1463
1460	1464
1461	1462
1461	1463
1461	1464
1461	1465
1462	1463
1462	1464
1462	1465
1462	1466
1463	1464
1463	1465
1463	1466
1463	1467
1463	1470
1464	1465
1464	1466
1464	1467
1465	1466
1465	1467
1466	1467
1466	1468
1466	1469
1466	1470
1467	1468
1467	1469
1467	1470
1467	1471
1468	1469
1468	1470
1468	1471
1469	1470
1469	1471
1469	1472
1470	1471
1470	1472
1470	1473
1471	1472
1471	1473
1471	1474
1472	1473
1472	1474
1473	1474
1473	1475
1474	1475
1474	1476
1475	1476
1475	1477
1476	1477
1476	1478
1477	1478
1477	1479
1478	1479
1478	1480
1478	1482
1478	1483
1479	1480
1479	1481
1479	1482
1479	1483
1480	1481
1480	1482
1480	1483
1481	1482
1481	1483
1482	1483
1482	1484
1482	1485
1482	1488
1483	1484
1483	1485
1483	1488
1483	1489
1484	1485
1484	1486
1484	1488
1484	1489
1485	1486
1485	1487
1485	1488
1485	1489
1486	1487
1486	1488
1486	1489
1486	1490
1487	1488
1487	1489
1488	1489
1489	1490
