0	1
0	2
1	2
1	3
1	4
1	111
2	3
2	4
3	4
3	5
3	6
4	5
4	6
5	6
5	7
5	247
5	249
6	7
6	8
6	247
7	8
7	9
7	112
7	113
7	114
7	243
7	247
8	9
8	10
8	113
8	114
8	115
8	116
8	247
9	10
9	11
9	13
9	113
9	114
9	115
9	116
10	11
10	12
10	13
10	14
10	115
10	116
11	12
11	13
11	14
11	15
11	115
11	122
12	13
12	14
12	15
13	14
13	15
14	15
14	16
14	17
14	18
15	16
15	17
15	18
15	127
16	17
16	18
17	18
17	19
17	20
18	19
18	20
18	21
19	20
19	21
20	21
20	86
21	22
21	23
21	86
21	87
21	88
21	89
22	23
22	24
22	86
22	87
22	88
22	89
23	24
23	25
23	47
23	48
23	49
23	88
23	89
23	90
24	25
24	26
24	48
24	49
24	50
24	51
24	89
24	90
24	91
25	26
25	27
25	48
25	49
25	50
25	51
25	90
25	91
25	92
26	27
26	28
26	50
26	51
26	52
26	53
26	90
26	91
26	92
26	98
26	99
27	28
27	36
27	92
27	93
27	98
28	29
28	30
28	35
28	36
28	53
28	98
29	30
29	31
29	32
29	35
30	31
30	32
31	32
31	33
32	33
32	34
32	35
33	34
33	35
34	35
34	36
34	37
34	38
35	36
35	37
35	38
35	39
36	37
36	38
36	39
36	40
37	38
37	39
37	40
37	41
38	39
38	40
38	41
38	42
39	40
39	41
39	42
39	43
40	41
40	42
40	43
40	44
41	42
41	43
41	44
41	130
41	131
41	132
42	43
42	130
42	131
43	44
43	129
43	130
44	45
44	46
44	129
44	130
45	46
45	47
45	48
45	127
45	128
45	129
46	47
46	48
46	128
46	129
47	48
47	49
48	49
48	50
49	50
50	51
50	52
51	52
51	53
51	56
52	53
52	54
52	55
52	56
52	57
53	54
53	55
53	56
53	57
53	58
53	98
54	55
54	56
54	57
54	58
54	59
54	68
55	56
55	57
55	58
55	59
56	57
56	58
56	75
57	58
57	70
57	71
57	102
58	59
58	60
58	68
58	69
58	70
58	71
59	60
59	61
59	68
59	69
59	70
59	71
60	61
60	62
60	67
60	68
60	69
61	62
61	63
61	64
62	63
62	64
63	64
64	65
64	66
64	262
65	66
65	67
65	261
65	262
65	265
66	67
66	68
66	69
66	234
66	258
66	261
66	262
67	68
67	69
67	234
67	261
68	69
68	70
68	234
68	235
68	258
69	70
69	71
69	257
69	258
70	71
70	72
70	257
71	72
71	74
71	75
72	73
72	74
72	75
73	74
73	75
73	76
73	77
74	75
74	76
74	77
74	78
75	76
75	77
75	78
75	79
76	77
76	78
76	79
77	78
77	79
77	80
78	79
78	80
78	81
79	80
79	81
79	82
79	83
80	81
80	82
80	139
80	140
81	82
81	137
81	138
81	139
82	83
82	137
82	138
82	139
82	140
83	84
83	85
83	140
83	143
84	85
84	86
84	87
84	110
85	86
85	87
86	87
86	88
87	88
87	89
87	111
87	112
88	89
88	90
88	111
88	112
88	113
89	90
89	91
89	112
89	113
89	114
89	115
90	91
90	99
90	103
90	113
90	114
90	115
91	92
91	96
91	99
91	114
91	115
91	118
91	119
92	93
92	94
92	95
92	96
92	98
92	99
92	118
92	119
93	94
93	95
93	118
93	119
93	120
94	95
94	96
94	97
94	118
94	206
94	207
95	96
95	97
95	116
95	117
95	118
95	207
95	208
95	209
96	97
96	98
96	99
96	100
96	114
96	118
96	240
97	98
97	99
97	100
97	236
97	237
97	239
97	240
98	99
98	100
98	101
98	102
98	236
99	100
99	101
99	102
99	103
99	114
100	101
100	102
100	103
100	104
100	114
100	239
100	240
100	243
101	102
101	103
101	104
101	236
101	239
102	103
102	104
102	105
103	104
103	105
103	106
103	112
103	113
103	114
104	105
104	106
104	107
104	239
105	106
105	107
105	108
105	109
105	110
105	112
106	107
106	108
106	109
106	110
106	111
106	112
107	108
107	109
107	149
107	150
107	151
108	109
108	110
108	145
108	146
108	147
108	148
108	149
108	150
109	110
109	111
109	145
109	146
110	111
110	112
110	145
111	112
112	113
113	114
113	115
114	115
114	116
115	116
115	117
115	118
116	117
116	118
116	208
116	209
117	118
117	119
117	120
117	121
117	206
117	207
117	208
117	209
118	119
118	120
118	121
118	122
119	120
119	121
119	122
119	123
120	121
120	122
120	123
120	124
120	205
120	206
121	122
121	123
121	124
121	125
122	123
122	124
122	125
122	126
122	127
123	124
123	125
123	126
123	127
124	125
124	126
125	126
125	127
126	127
126	128
127	128
129	130
130	131
130	132
131	132
131	133
132	133
132	134
133	134
133	135
134	135
134	136
135	136
135	137
136	137
136	138
137	138
137	139
138	139
138	140
139	140
139	141
140	141
140	142
141	142
141	143
142	143
142	144
143	144
143	145
144	145
145	146
145	147
146	147
146	148
147	148
147	149
148	149
148	150
149	150
150	151
150	152
151	152
151	153
151	254
151	255
152	153
152	154
152	254
152	255
152	256
153	154
153	155
153	157
153	158
153	254
153	255
153	256
154	155
154	156
154	157
154	158
154	256
155	156
155	157
155	158
156	157
156	158
157	158
157	159
158	159
158	160
158	162
159	160
159	161
159	162
160	161
160	162
161	162
161	163
162	163
162	164
162	229
162	230
163	164
163	165
163	191
163	229
163	230
164	165
164	166
164	191
164	192
164	229
164	230
164	231
165	166
165	167
165	191
165	192
165	193
165	194
165	230
165	231
165	232
166	167
166	168
166	191
166	192
166	193
166	194
166	231
166	232
167	168
167	169
167	193
167	194
167	195
167	196
167	232
167	237
167	238
168	169
168	170
168	172
168	173
168	195
168	196
168	233
169	170
169	171
169	172
169	173
169	195
170	171
170	172
170	173
170	174
170	195
171	172
171	173
171	174
171	175
172	173
172	174
172	175
172	179
172	180
173	174
173	175
173	186
173	187
173	193
174	175
174	176
174	186
175	176
175	177
175	178
175	179
175	185
175	186
176	177
176	178
176	185
176	186
177	178
177	185
177	274
177	278
177	280
178	179
178	180
178	185
178	280
179	180
179	183
179	184
179	185
180	181
180	182
180	183
180	285
180	287
181	182
181	183
181	285
182	183
182	184
183	184
183	261
184	185
185	186
185	187
186	187
187	188
187	189
187	191
187	260
188	189
188	190
188	191
189	190
189	191
190	191
190	192
191	192
191	193
192	193
192	194
192	221
193	194
193	195
194	195
194	196
194	221
195	196
195	197
195	198
196	197
196	198
196	199
196	237
196	241
197	198
197	199
197	200
198	199
198	200
198	218
199	200
199	209
199	210
199	215
199	218
200	201
200	202
200	207
200	208
200	209
200	210
201	202
201	203
201	207
201	208
201	209
201	210
202	203
202	204
202	205
202	206
202	207
202	208
203	204
203	205
203	206
203	207
203	208
204	205
204	206
205	206
206	207
206	208
207	208
207	209
208	209
208	210
209	210
209	211
210	211
210	212
210	214
210	215
211	212
211	213
211	214
211	215
212	213
212	214
212	215
212	216
213	214
213	215
213	216
213	217
214	215
214	216
214	217
214	218
215	216
215	217
215	218
215	219
216	217
216	218
216	219
217	218
217	219
217	220
218	219
218	220
219	220
219	221
220	221
220	222
221	222
221	223
222	223
224	225
224	226
224	250
225	226
225	227
225	250
225	251
226	227
226	228
226	229
226	250
226	251
226	252
226	253
227	228
227	229
227	251
227	252
227	253
227	254
228	229
228	230
228	253
228	254
229	230
229	231
229	253
229	254
230	231
230	232
230	253
230	254
230	255
230	256
231	232
231	238
231	242
231	253
231	254
231	255
231	256
232	233
232	235
232	238
232	255
232	256
232	257
232	259
233	234
233	235
233	259
233	260
233	261
234	235
234	236
234	257
234	258
234	259
234	260
234	261
235	236
235	237
235	238
235	239
235	256
235	257
235	258
235	259
236	237
236	238
236	239
237	238
237	239
237	240
238	239
238	240
238	241
238	242
239	240
239	241
239	242
239	243
240	241
240	242
240	243
240	244
241	242
241	243
241	244
241	245
242	243
242	244
242	245
242	246
242	252
242	253
243	244
243	245
243	246
243	247
244	245
244	246
244	247
244	248
245	246
245	247
245	248
245	249
245	250
245	251
245	252
246	247
246	248
246	249
246	250
246	251
246	252
247	248
247	249
248	249
248	250
249	250
249	251
250	251
251	252
251	253
252	253
252	254
253	254
253	255
254	255
254	256
255	256
255	257
256	257
256	258
256	259
257	258
257	259
258	259
258	260
258	261
258	262
258	263
259	260
259	261
259	262
259	263
260	261
260	262
260	263
260	264
261	262
261	263
261	264
261	265
262	263
262	264
262	265
262	266
263	264
263	265
263	266
263	267
264	265
264	266
264	267
264	268
265	266
265	267
265	268
266	267
266	268
267	268
267	269
267	270
267	271
268	269
268	270
268	271
269	270
269	271
269	272
270	271
270	272
270	273
271	272
271	273
271	274
272	273
272	274
272	275
272	276
273	274
273	275
273	276
273	277
274	275
274	276
274	277
274	278
274	280
275	276
275	277
275	278
275	279
275	280
275	328
275	329
276	277
276	278
276	279
276	329
277	278
277	279
278	279
279	328
279	329
280	281
280	326
280	327
280	328
281	282
281	324
281	325
281	326
282	283
282	284
282	323
282	324
282	325
283	284
283	285
283	322
283	323
284	285
284	286
285	286
285	287
285	322
286	287
286	288
286	289
286	319
286	322
287	288
287	289
287	319
288	289
288	290
289	290
289	291
289	319
289	320
290	291
290	292
290	319
290	320
291	292
291	293
291	318
291	319
291	320
292	293
292	294
292	315
292	316
292	318
292	319
292	320
292	338
293	294
293	295
293	296
294	295
294	296
294	297
295	296
296	342
296	343
296	344
297	298
297	299
297	304
297	305
297	343
297	344
298	299
298	300
298	304
298	336
298	337
298	338
298	339
299	300
299	301
299	302
299	303
299	304
299	336
299	337
299	338
300	301
300	302
300	303
300	304
300	334
300	335
300	336
300	337
301	302
301	303
301	334
301	335
301	336
302	303
303	304
304	305
305	306
305	307
306	307
306	308
307	308
307	309
307	311
307	312
308	309
308	310
308	311
308	312
309	310
309	311
309	312
309	313
310	311
310	312
310	313
310	314
311	312
311	313
311	314
311	315
312	313
312	314
312	315
312	316
313	314
313	315
313	316
314	315
314	316
314	317
315	316
315	317
315	318
316	317
316	318
317	318
318	319
318	322
319	320
319	321
319	322
319	338
320	321
320	322
320	338
320	339
320	340
320	341
321	322
321	323
321	338
321	339
321	340
322	323
322	324
322	337
322	338
323	324
323	336
323	337
323	338
324	325
324	326
324	335
324	336
324	337
325	326
325	327
325	333
325	334
325	335
325	336
326	327
326	328
326	333
326	334
326	335
327	328
327	329
327	331
327	332
327	333
327	334
328	329
328	330
328	331
328	332
328	333
329	330
329	331
330	331
330	332
331	332
331	333
332	333
332	334
333	334
334	335
334	336
335	336
335	337
336	337
336	338
337	338
337	339
338	339
338	340
339	340
339	341
339	342
339	343
340	341
341	342
341	343
342	343
342	344
343	344
343	345
344	345
344	346
345	346
