0	1
0	4
0	5
1	2
1	3
1	4
1	5
2	3
2	4
2	5
2	6
2	101
3	4
3	5
3	6
3	7
4	5
4	6
4	7
4	8
5	6
5	7
5	8
5	9
6	7
6	8
6	9
6	10
7	8
7	9
7	10
7	11
8	9
8	10
8	11
8	12
8	68
9	10
9	11
9	12
9	13
9	68
9	71
9	72
10	11
10	12
10	13
10	14
10	26
11	12
11	13
11	14
11	15
11	21
11	26
12	13
12	14
12	15
12	16
12	68
13	14
13	15
13	16
13	17
14	15
14	16
14	17
14	18
14	19
14	20
14	21
15	16
15	17
15	18
15	19
15	20
15	21
16	17
16	18
16	19
17	18
17	19
18	19
18	20
19	20
20	21
20	22
20	56
20	58
21	22
21	23
21	25
21	26
21	58
22	23
22	24
22	25
22	26
23	24
23	25
23	26
23	27
23	34
23	37
23	38
24	25
24	26
24	27
24	28
24	34
25	26
25	27
25	28
25	29
26	27
26	28
26	29
26	30
27	28
27	29
27	30
27	31
27	32
27	33
27	34
27	37
28	29
28	30
28	31
28	32
29	30
29	31
30	31
30	32
31	32
32	33
32	34
32	36
33	34
33	35
33	36
33	37
34	35
34	36
34	37
34	38
35	36
35	37
35	38
35	39
36	37
36	38
36	39
36	40
37	38
37	39
37	40
37	41
38	39
38	40
38	41
38	42
39	40
39	41
39	42
39	43
40	41
40	42
40	43
40	44
41	42
41	43
41	44
41	45
42	43
42	44
42	45
42	46
43	44
43	45
43	46
43	47
44	45
44	46
44	47
44	48
44	49
44	50
45	46
45	47
45	48
45	49
45	50
45	51
46	47
46	48
47	48
47	49
48	49
48	50
48	61
49	50
49	60
49	61
49	63
49	64
50	51
50	58
50	59
50	60
50	61
50	64
51	52
51	53
51	58
51	59
51	60
51	61
52	53
52	54
52	57
52	58
52	59
53	54
53	55
53	56
53	57
53	58
53	59
54	55
54	56
54	57
55	56
55	57
56	57
56	58
57	58
57	59
58	59
58	60
59	60
59	61
60	61
60	62
60	64
60	65
61	62
61	63
61	64
61	65
62	63
62	64
62	65
62	66
63	64
63	65
63	66
63	67
64	65
64	66
64	67
64	68
65	66
65	67
65	68
65	69
66	67
66	68
66	69
66	70
67	68
67	69
67	70
67	71
68	69
68	70
68	71
68	72
69	70
69	71
69	72
69	73
70	71
70	72
70	73
70	74
71	72
71	73
71	74
71	75
72	73
72	74
72	75
72	76
73	74
73	75
73	76
73	77
74	75
74	76
74	77
74	78
74	108
75	76
75	77
75	78
75	79
75	96
75	100
76	77
76	78
76	79
76	80
77	78
77	79
77	80
77	81
77	112
78	79
78	80
78	81
78	82
78	96
79	80
79	81
79	82
79	83
79	92
79	93
79	96
80	81
80	82
80	83
80	84
81	82
81	83
81	84
81	85
81	115
82	83
82	84
82	85
82	86
82	87
82	92
83	84
83	85
83	86
83	87
83	89
84	85
84	86
85	86
85	87
86	87
86	88
87	88
87	89
87	91
87	92
88	89
88	90
88	91
88	92
89	90
89	91
89	92
90	91
90	92
91	92
91	93
91	94
91	95
92	93
92	94
92	95
92	96
93	94
93	95
93	96
93	97
94	95
94	96
94	97
94	98
95	96
95	97
95	98
95	99
96	97
96	98
96	99
96	100
97	98
97	99
97	100
98	99
98	100
99	100
99	101
99	102
99	103
100	101
100	102
100	103
101	102
101	103
102	103
102	104
103	104
103	105
103	107
103	108
104	105
104	106
104	107
104	108
105	106
105	107
105	108
105	109
106	107
106	108
106	109
106	110
107	108
107	109
107	110
107	111
108	109
108	110
108	111
108	112
109	110
109	111
109	112
109	113
110	111
110	112
110	113
110	114
111	112
111	113
111	114
111	115
112	113
112	114
112	115
112	116
113	114
113	115
113	116
113	117
114	115
114	116
114	117
114	118
115	116
115	117
115	118
115	119
116	117
116	118
116	119
116	120
117	118
117	119
117	120
118	119
118	120
118	121
118	122
118	124
118	125
119	120
119	121
119	122
120	121
120	122
121	122
121	123
121	124
122	123
122	124
122	125
122	126
123	124
123	125
123	126
123	127
124	125
124	126
124	127
124	128
125	126
125	127
125	128
125	129
126	127
126	128
126	129
126	130
127	128
127	129
127	130
127	131
128	129
128	130
128	131
128	132
129	130
129	131
129	132
129	133
130	131
130	132
130	133
130	134
131	132
131	133
131	134
132	133
132	134
133	134
