0	1
0	2
1	2
1	5
1	120
1	121
2	3
2	4
2	5
3	4
3	5
4	5
4	6
5	6
5	7
5	120
5	121
6	7
6	8
6	9
6	123
7	8
7	9
7	122
7	123
7	124
8	9
8	10
8	123
8	124
8	125
8	126
9	10
9	11
9	13
9	123
9	124
9	125
9	126
10	11
10	12
10	13
10	14
10	125
10	126
11	12
11	13
11	14
11	15
11	125
11	126
11	132
12	13
12	14
12	15
12	16
13	14
13	15
13	16
13	17
14	15
14	16
14	17
14	18
15	16
15	17
15	18
15	19
15	137
16	17
16	18
16	19
16	20
17	18
17	19
17	20
17	21
17	22
17	23
18	19
18	20
18	21
18	22
18	23
19	20
19	21
20	21
20	22
21	22
21	23
22	23
22	24
22	27
23	24
23	27
23	28
23	53
24	25
24	26
24	27
24	28
25	26
25	27
25	28
25	87
25	88
25	92
26	27
26	28
26	91
26	92
26	93
27	28
27	29
27	92
27	93
27	94
28	29
28	30
28	54
28	88
28	93
28	94
28	95
29	30
29	54
29	55
29	94
29	95
29	96
30	31
30	32
30	54
30	55
30	56
30	57
30	95
30	96
30	97
31	32
31	33
31	54
31	55
31	56
31	57
31	96
31	97
31	98
32	33
32	34
32	56
32	57
32	58
32	96
32	97
32	98
32	106
32	107
33	34
33	35
33	42
33	98
33	99
33	106
34	35
34	42
34	106
35	36
35	37
35	39
35	40
35	41
35	42
36	37
36	38
36	39
37	38
37	39
38	39
38	40
39	40
39	41
40	41
40	42
41	42
41	43
41	44
41	45
42	43
42	44
42	45
42	46
43	44
43	45
43	46
43	47
44	45
44	46
44	47
44	48
45	46
45	47
45	48
45	49
46	47
46	48
46	49
46	50
46	56
47	48
47	49
47	50
47	141
48	49
48	50
48	141
49	50
49	51
49	139
49	140
49	141
50	51
50	52
50	54
50	139
50	140
50	141
51	52
51	53
51	54
51	138
51	139
51	140
52	53
52	54
52	138
52	139
52	140
53	54
53	55
53	144
54	55
54	56
54	144
55	56
55	57
55	86
55	144
56	57
56	58
57	58
57	59
58	59
58	60
58	61
58	62
59	60
59	61
59	62
59	63
60	61
60	62
60	63
60	71
61	62
61	63
62	63
62	74
62	79
63	64
63	65
63	71
63	72
63	73
63	74
64	65
64	66
64	67
64	71
64	72
64	73
64	74
65	66
65	67
66	67
66	68
67	68
67	69
67	72
68	69
68	70
69	70
69	71
69	72
69	272
69	275
69	276
70	71
70	72
70	248
71	72
71	73
71	248
72	73
72	74
72	271
72	272
73	74
73	75
74	75
74	76
74	78
74	79
75	76
75	77
75	78
75	79
76	77
76	78
76	79
76	80
76	117
76	153
76	154
76	155
77	78
77	79
77	80
77	81
78	79
78	80
78	81
78	82
79	80
79	81
79	82
79	83
80	81
80	82
80	83
80	84
80	151
80	152
80	153
81	82
81	83
81	84
81	85
82	83
82	84
82	85
82	86
83	84
83	85
83	86
83	87
83	88
84	85
84	86
84	87
84	88
84	89
84	148
84	149
84	150
84	151
85	86
85	87
85	148
85	149
86	87
86	88
86	146
86	148
87	88
87	89
87	146
87	147
87	148
87	149
88	89
88	90
88	92
88	149
88	151
89	90
89	91
89	92
89	149
89	150
89	151
90	91
90	92
90	119
90	151
90	152
91	92
91	93
92	93
92	94
93	94
93	95
93	121
93	122
94	95
94	96
94	121
94	122
94	123
95	96
95	97
95	122
95	123
95	124
95	125
96	97
96	107
96	111
96	123
96	124
96	125
97	98
97	107
97	124
97	125
97	128
97	129
98	99
98	100
98	104
98	105
98	106
98	107
98	128
98	129
99	100
99	101
99	103
99	128
99	129
99	130
100	101
100	102
100	103
100	104
100	105
101	102
101	103
101	130
102	103
102	104
102	219
103	104
103	105
103	127
103	128
103	130
103	219
103	220
104	105
104	106
104	107
104	127
104	128
105	106
105	107
105	108
105	251
106	107
106	108
106	109
106	110
106	250
106	251
107	108
107	109
107	110
107	111
107	124
108	109
108	110
108	111
108	112
108	124
108	253
108	254
108	257
109	110
109	111
109	112
109	113
109	250
109	251
109	253
110	111
110	112
110	113
110	114
111	112
111	113
111	114
111	115
111	122
111	123
111	124
112	113
112	114
112	115
112	116
112	253
113	114
113	115
113	116
113	117
114	115
114	116
114	117
114	118
114	119
115	116
115	117
115	118
115	119
115	120
116	117
116	118
116	155
116	156
116	159
117	118
117	119
117	153
117	154
117	155
117	156
118	119
118	120
118	153
118	154
118	155
118	156
119	120
119	121
120	121
120	122
121	122
121	123
122	123
123	124
123	125
124	125
124	126
125	126
125	127
125	128
126	127
126	128
126	220
126	221
127	128
127	129
127	130
127	131
127	219
127	220
127	221
128	129
128	130
128	131
128	132
129	130
129	131
129	132
129	133
130	131
130	132
130	133
130	134
131	132
131	133
131	134
131	135
132	133
132	134
132	135
132	136
132	137
133	134
133	135
133	136
133	137
134	135
134	136
135	136
135	137
136	137
136	138
137	138
137	139
138	139
138	140
139	140
140	141
140	142
141	142
141	143
142	143
142	144
143	144
143	145
144	145
144	146
145	146
145	147
146	147
146	148
147	148
147	149
148	149
149	150
149	151
150	151
150	152
151	152
151	153
152	153
152	154
153	154
153	155
154	155
154	156
155	156
155	157
156	157
156	158
156	159
157	158
157	159
157	160
158	159
158	160
158	268
159	160
159	161
159	266
159	267
159	268
159	269
160	161
160	162
160	268
160	269
160	270
160	271
161	162
161	165
161	166
161	268
161	269
161	270
161	271
162	163
162	164
162	165
162	166
162	270
162	272
163	164
163	165
163	166
163	167
164	165
164	166
164	167
164	168
165	166
165	167
165	168
165	169
166	167
166	168
166	169
166	170
167	168
167	169
167	170
168	169
168	170
168	171
168	172
169	170
169	171
169	172
169	173
169	174
169	175
170	171
170	172
170	173
171	172
171	173
172	173
172	174
173	174
173	175
174	175
174	176
174	241
175	176
175	177
175	241
175	242
175	243
176	177
176	178
176	241
176	242
176	243
177	178
177	179
177	206
177	207
177	242
177	243
177	244
178	179
178	180
178	206
178	207
178	208
178	209
178	243
178	244
178	245
179	180
179	181
179	206
179	207
179	208
179	209
179	244
179	245
179	246
180	181
180	182
180	208
180	209
180	210
180	211
180	245
180	246
180	251
180	252
181	182
181	183
181	185
181	186
181	209
181	210
181	211
181	246
182	183
182	184
182	185
182	186
182	210
183	184
183	185
183	186
183	187
183	208
183	210
184	185
184	186
184	187
184	188
184	189
184	190
185	186
185	187
185	188
185	189
185	190
185	191
185	192
185	200
185	201
186	187
186	188
186	200
186	201
186	202
186	208
187	188
187	189
187	201
187	202
187	288
187	289
188	189
188	190
188	191
188	200
188	201
188	288
188	289
188	290
189	190
189	191
189	289
190	191
190	192
190	200
191	192
191	193
191	199
191	200
192	193
192	194
192	195
192	198
192	199
192	200
193	194
193	195
194	195
195	196
195	197
195	198
196	197
196	198
197	198
197	199
198	199
198	200
199	200
199	201
200	201
200	288
201	202
201	287
201	288
201	289
202	203
202	204
202	206
202	286
202	287
202	288
203	204
203	205
203	206
203	285
203	286
203	287
204	205
204	206
204	285
204	286
204	287
205	206
205	207
206	207
206	208
207	208
207	209
208	209
208	210
209	210
209	211
210	211
210	212
210	213
211	212
211	213
211	214
211	251
211	254
212	213
212	214
212	215
213	214
213	215
214	215
214	216
214	221
214	222
214	227
215	216
215	217
215	219
215	220
215	221
215	222
216	217
216	218
216	219
216	220
216	221
216	222
217	218
217	219
218	219
218	220
219	220
219	221
220	221
220	222
221	222
221	223
222	223
222	224
222	226
222	227
223	224
223	225
223	226
223	227
224	225
224	226
224	227
224	228
224	261
224	262
225	226
225	227
225	228
225	229
226	227
226	228
226	229
226	230
227	228
227	229
227	230
227	231
227	258
228	229
228	230
228	231
228	232
228	262
229	230
229	231
229	232
229	233
230	231
230	232
230	233
230	234
231	232
231	233
231	234
231	235
231	236
232	233
232	234
232	235
232	236
232	237
233	234
233	235
234	235
234	236
235	236
235	237
236	237
236	238
237	238
237	239
237	240
238	239
238	240
238	264
239	240
239	241
240	241
240	242
241	242
242	243
242	244
242	267
242	268
243	244
243	245
243	267
243	268
243	269
243	270
244	245
244	246
244	252
244	255
244	267
244	268
244	269
244	270
245	246
245	247
245	249
245	252
245	269
245	270
245	273
246	247
246	248
246	249
246	250
246	251
246	252
246	273
246	274
247	248
247	249
247	273
247	274
247	275
248	249
248	250
248	271
248	272
248	273
248	274
248	275
249	250
249	251
249	252
249	253
249	269
249	270
249	271
249	272
249	273
250	251
250	252
250	253
251	252
251	253
251	254
252	253
252	254
252	255
252	256
252	269
253	254
253	255
253	256
253	257
254	255
254	256
254	257
254	258
255	256
255	257
255	258
255	259
256	257
256	258
256	259
256	260
256	267
257	258
257	259
257	260
257	261
258	259
258	260
258	261
258	262
259	260
259	261
259	262
259	263
259	264
259	265
260	261
260	262
260	263
260	264
260	265
261	262
261	263
262	263
262	264
263	264
263	265
264	265
264	266
264	267
265	266
265	267
266	267
266	268
267	268
267	269
268	269
268	270
269	270
269	271
270	271
270	272
270	273
271	272
271	273
272	273
272	274
272	275
272	276
272	277
273	274
273	275
273	276
273	277
274	275
274	276
274	277
274	278
275	276
275	277
275	278
275	279
276	277
276	278
276	279
276	280
277	278
277	279
277	280
277	281
278	279
278	280
278	281
279	280
279	281
280	281
280	282
281	282
281	283
281	285
282	283
282	284
282	285
283	284
283	285
283	286
284	285
284	286
285	286
286	287
287	288
288	289
288	290
288	291
289	290
290	291
290	292
291	292
