1	1
2	1
3	1
4	1
5	1
6	1
7	1
8	1
9	4
10	4
11	4
12	4
13	4
14	4
15	4
16	4
17	4
18	4
19	4
20	4
21	4
22	4
23	3
24	3
25	3
26	3
27	3
28	3
29	3
30	1
31	1
32	1
33	1
34	1
35	1
36	1
37	1
38	1
39	1
40	1
41	1
42	1
43	1
44	5
45	5
46	5
47	1
48	5
49	5
50	5
51	5
52	5
53	5
54	3
55	1
56	1
57	1
58	1
59	1
60	3
61	3
62	3
63	3
64	2
65	2
66	2
67	2
68	2
69	2
70	2
71	2
72	2
73	2
74	2
75	3
76	3
77	3
78	3
79	3
80	3
81	3
82	3
83	3
84	3
85	3
86	3
87	3
88	3
89	3
90	3
91	3
92	3
93	3
94	3
95	1
96	1
97	1
98	1
99	1
100	4
101	1
102	4
103	4
104	4
105	1
106	1
107	1
108	1
109	1
110	1
111	1
112	1
113	1
114	1
115	1
116	1
117	3
118	3
119	3
120	3
121	3
122	1
123	1
124	1
125	1
126	4
127	4
128	4
129	4
130	4
131	4
132	4
133	4
134	4
135	4
136	4
137	4
138	4
139	4
140	4
141	5
142	5
143	5
144	3
145	3
146	3
147	3
148	3
149	3
150	3
151	3
152	3
153	3
154	3
155	3
156	3
157	2
158	2
159	2
160	2
161	2
162	2
163	2
164	2
165	2
166	2
167	2
168	2
169	2
170	2
171	2
172	2
173	2
174	2
175	2
176	2
177	2
178	2
179	2
180	2
181	2
182	2
183	2
184	2
185	2
186	2
187	2
188	2
189	2
190	2
191	2
192	2
193	2
194	2
195	2
196	5
197	5
198	5
199	2
200	2
201	2
202	2
203	2
204	2
205	2
206	2
207	2
208	2
209	2
210	2
211	2
212	2
213	2
214	2
215	4
216	4
217	4
218	4
219	4
220	4
221	4
222	4
223	4
224	4
225	6
226	6
227	6
228	6
229	6
230	6
231	6
232	6
233	6
234	6
235	6
236	6
237	6
238	6
239	2
240	2
241	2
242	2
243	2
244	2
245	2
246	2
247	2
248	2
249	2
250	2
251	2
252	2
253	2
254	2
255	2
256	2
257	2
258	2
259	2
260	2
261	2
262	2
263	2
264	2
265	2
266	2
267	2
268	2
269	2
270	2
271	2
272	2
273	2
274	2
275	2
276	2
277	2
278	2
279	2
280	2
281	2
282	2
283	2
284	2
285	2
286	2
287	2
288	2
289	2
290	2
291	2
292	2
293	2
***
1	1
2	1
3	1
4	2
5	1
6	2
