1	1
2	1
3	1
4	1
5	1
6	1
7	1
8	1
9	4
10	4
11	4
12	4
13	4
14	3
15	3
16	3
17	3
18	5
19	5
20	5
21	5
22	3
23	3
24	3
25	3
26	4
27	4
28	4
29	4
30	1
31	1
32	1
33	1
34	1
35	1
36	1
37	4
38	4
39	4
40	4
41	4
42	4
43	4
44	4
45	4
46	4
47	4
48	4
49	4
50	2
51	4
52	4
53	3
54	3
55	3
56	2
57	2
58	2
59	2
60	2
61	3
62	3
63	4
64	4
65	4
66	4
67	4
68	3
69	3
70	3
71	3
72	3
73	2
74	2
75	2
76	2
77	2
78	2
79	2
80	2
81	2
82	2
83	2
84	1
85	1
86	1
87	1
88	4
89	4
90	4
91	4
92	4
93	4
94	3
95	3
96	3
97	3
98	3
99	3
100	3
101	2
102	2
103	2
104	2
105	2
106	2
107	2
108	2
109	2
110	2
111	1
112	1
113	1
114	1
115	1
116	1
117	1
118	1
119	1
120	1
121	1
122	1
123	1
124	2
125	2
126	2
127	2
128	2
129	2
130	2
131	2
132	2
133	2
134	2
135	2
136	2
137	2
138	2
139	2
140	2
141	2
142	2
143	2
144	2
145	2
146	2
147	2
148	2
149	2
150	2
151	2
152	2
153	2
154	2
155	2
156	2
157	2
158	2
159	2
160	2
161	2
162	2
163	2
164	2
165	2
166	2
167	2
168	2
169	2
170	2
171	2
172	2
173	2
174	2
175	2
176	2
177	2
178	2
179	2
180	2
181	2
182	2
183	2
184	2
185	2
186	2
187	2
188	2
189	5
190	5
191	5
192	5
193	5
194	5
195	5
196	5
197	5
198	5
199	5
200	5
201	5
202	5
203	5
204	2
205	2
206	2
207	2
208	2
209	2
210	2
211	2
212	2
213	2
214	2
215	2
216	2
217	2
218	2
219	2
220	2
221	2
222	2
223	2
224	2
225	2
226	2
227	2
228	2
229	2
230	2
231	2
232	2
233	2
234	2
235	2
236	2
237	2
238	2
239	2
240	2
241	2
242	2
243	2
244	2
245	2
246	2
247	2
248	2
249	2
250	2
251	2
252	2
253	2
254	2
255	2
256	2
257	2
258	2
259	2
260	2
261	2
262	2
263	2
264	2
265	2
266	2
267	2
268	2
269	2
270	2
271	2
272	2
273	2
***
1	2
2	2
3	1
4	1
5	1
