0	1
0	2
1	2
1	3
1	4
2	3
2	4
3	4
3	5
3	6
4	5
4	6
4	75
4	76
4	79
5	6
5	7
5	58
5	62
5	73
5	74
5	75
5	76
5	79
6	7
6	8
6	73
6	74
6	75
7	8
7	9
7	71
7	72
7	73
7	74
8	9
8	10
8	71
8	72
8	73
9	10
9	11
9	12
9	70
9	71
9	72
10	11
10	12
10	70
10	71
11	12
11	13
11	69
11	70
11	71
12	13
12	14
12	69
12	70
13	14
13	15
13	66
13	67
13	68
13	69
14	15
14	66
14	67
15	16
15	17
15	66
15	67
16	17
16	18
17	18
17	19
17	66
18	19
18	20
18	64
18	65
18	66
19	20
19	21
19	23
19	63
19	64
19	106
19	107
19	108
20	21
20	22
20	23
20	64
20	108
20	109
21	22
21	23
21	47
21	48
22	23
22	24
22	46
22	47
22	48
22	109
23	24
23	25
23	46
23	47
23	106
23	107
23	108
23	109
24	25
24	44
24	45
24	46
24	47
24	106
24	107
25	26
25	27
25	44
25	45
25	46
25	105
25	106
25	107
26	27
26	43
26	44
26	45
26	103
26	104
26	105
26	106
27	28
27	29
27	42
27	43
27	44
27	101
27	102
27	103
27	104
28	29
28	41
28	42
28	43
28	101
28	102
28	103
29	30
29	31
29	40
29	41
29	42
29	99
29	100
29	101
29	102
30	31
30	32
30	39
30	40
30	41
30	99
30	100
30	101
31	32
31	33
31	37
31	38
31	39
31	40
31	98
31	99
31	100
32	33
32	34
32	35
32	36
32	37
32	38
32	39
32	97
32	98
32	99
33	34
33	35
33	36
33	37
33	38
33	97
33	98
34	35
34	36
35	36
35	37
36	37
36	38
37	38
37	39
38	39
38	40
38	89
39	40
39	41
40	41
41	42
41	43
42	43
43	44
43	45
44	45
45	46
45	47
46	47
46	48
46	49
47	48
47	49
47	50
47	60
48	49
48	50
49	50
49	51
49	52
49	141
50	51
50	52
50	53
50	54
50	55
50	57
50	60
51	52
51	53
51	54
51	55
51	56
51	57
52	53
52	54
53	54
53	55
54	55
54	56
55	56
55	57
55	59
56	57
56	58
56	59
56	79
56	80
56	81
57	58
57	59
57	60
57	61
57	79
57	80
58	59
58	60
58	61
58	62
58	75
58	79
58	80
59	60
59	61
59	62
59	63
60	61
60	62
60	63
60	64
61	62
61	63
61	64
62	63
62	64
62	65
63	64
63	65
64	65
65	66
66	67
66	68
66	69
66	103
67	68
67	69
67	103
67	104
67	105
68	69
68	70
68	102
68	103
68	104
68	105
69	70
69	71
69	102
69	103
70	71
70	101
70	102
70	103
71	72
71	73
71	100
71	101
71	102
72	73
72	74
72	98
72	99
72	100
72	101
73	74
73	75
73	98
73	99
73	100
74	75
74	76
74	97
74	98
74	99
75	76
75	77
75	79
75	80
75	96
75	97
75	98
76	77
76	78
76	79
76	80
76	96
76	97
77	78
77	79
77	80
77	81
77	82
77	94
77	95
77	96
78	79
78	80
78	82
79	80
79	81
79	82
80	81
80	82
80	96
80	97
81	82
81	83
81	84
81	85
81	86
82	83
82	84
82	85
82	93
82	94
82	95
83	84
83	85
83	93
83	94
84	85
84	86
84	92
84	93
85	86
85	87
85	91
85	92
85	93
85	94
85	95
86	87
86	88
86	89
86	90
86	91
86	92
87	88
87	89
87	90
87	91
87	92
88	89
88	90
89	90
89	91
90	91
90	92
91	92
91	93
91	95
92	93
92	94
92	95
93	94
93	95
94	95
94	96
95	96
95	97
96	97
97	98
97	99
98	99
98	100
99	100
99	101
100	101
100	102
101	102
101	103
102	103
102	104
103	104
103	105
104	105
105	106
106	107
106	108
107	108
107	109
108	109
108	110
109	110
109	111
110	111
110	112
110	114
111	112
111	113
111	114
112	113
112	114
112	152
113	114
114	115
115	116
115	117
115	118
115	119
116	117
116	118
116	119
116	120
116	158
116	159
117	118
117	119
117	120
117	121
118	119
118	120
118	121
118	122
119	120
119	121
119	122
119	123
119	152
119	153
120	121
120	122
120	123
120	124
120	167
121	122
121	123
121	124
121	125
122	123
122	124
122	125
122	126
123	124
123	125
123	126
123	127
123	149
124	125
124	126
124	127
124	128
125	126
125	127
125	128
125	129
126	127
126	128
126	129
126	130
126	145
126	146
127	128
127	129
127	130
127	131
127	145
127	146
128	129
128	130
128	131
128	132
129	130
129	131
129	132
129	133
129	145
130	131
130	132
130	133
130	134
130	142
130	145
130	146
131	132
131	133
131	134
131	135
131	142
132	133
132	134
132	135
132	136
133	134
133	135
133	136
133	137
133	138
133	139
133	141
133	142
134	135
134	136
134	137
134	138
134	139
134	142
135	136
135	137
136	137
136	138
137	138
137	139
138	139
138	140
138	141
138	142
139	140
139	141
139	142
139	143
139	181
140	141
140	142
140	143
141	142
141	143
141	144
142	143
142	144
142	145
142	146
143	144
143	145
143	146
143	147
143	178
143	181
144	145
144	146
144	147
144	148
145	146
145	147
145	148
146	147
146	148
146	149
146	174
146	178
147	148
147	149
147	150
147	151
148	149
148	150
148	151
148	152
149	150
149	151
149	152
149	153
149	171
149	174
150	151
150	152
150	153
150	154
150	171
150	174
151	152
151	153
151	154
152	153
152	154
153	154
153	155
153	156
153	167
154	155
154	156
155	156
155	157
156	157
156	158
157	158
157	159
158	159
158	160
159	160
159	161
159	163
159	164
160	161
160	162
160	163
160	164
161	162
161	163
161	164
161	165
162	163
162	164
162	165
162	166
163	164
163	165
163	166
163	167
164	165
164	166
164	167
164	168
165	166
165	167
165	168
165	169
166	167
166	168
166	169
166	170
167	168
167	169
167	170
167	171
168	169
168	170
168	171
168	172
169	170
169	171
169	172
169	173
170	171
170	172
170	173
170	174
171	172
171	173
171	174
171	175
172	173
172	174
172	175
172	176
172	198
172	201
173	174
173	175
173	176
173	177
174	175
174	176
174	177
174	178
175	176
175	177
175	178
175	179
175	194
175	195
175	197
175	198
176	177
176	178
176	179
176	180
176	194
176	195
176	198
176	207
176	208
177	178
177	179
177	180
177	181
178	179
178	180
178	181
178	182
178	194
179	180
179	181
179	182
179	183
179	191
179	194
179	195
180	181
180	182
180	183
180	184
181	182
181	183
181	184
181	185
182	183
182	184
182	185
182	186
182	187
182	188
182	190
182	191
183	184
183	185
183	186
183	187
183	188
183	191
183	215
184	185
184	186
185	186
185	187
186	187
186	188
187	188
187	189
187	190
187	191
188	189
188	190
188	191
188	192
188	215
189	190
189	191
189	192
189	193
190	191
190	192
190	193
190	194
191	192
191	193
191	194
191	195
191	212
191	215
192	193
192	194
192	195
192	196
192	212
192	215
193	194
193	195
193	196
193	197
194	195
194	196
194	197
194	198
195	196
195	197
195	198
195	199
195	208
195	212
196	197
196	198
196	199
196	200
197	198
197	199
197	200
197	201
198	199
198	200
198	201
198	202
198	208
199	200
199	201
199	202
199	203
199	204
199	205
199	208
200	201
200	202
200	203
201	202
201	203
202	203
202	204
202	205
203	204
203	205
204	205
204	206
205	206
205	207
205	208
205	209
206	207
206	208
206	209
206	210
206	232
207	208
207	209
207	210
207	211
208	209
208	210
208	211
208	212
209	210
209	211
209	212
209	213
209	228
209	232
210	211
210	212
210	213
210	214
210	228
210	229
210	232
210	242
211	212
211	213
211	214
211	215
212	213
212	214
212	215
212	216
213	214
213	215
213	216
213	217
213	225
213	228
213	229
214	215
214	216
214	217
214	218
214	225
215	216
215	217
215	218
215	219
216	217
216	218
216	219
216	220
216	221
216	222
216	224
216	225
217	218
217	219
217	220
217	221
217	222
217	225
218	219
218	220
219	220
219	221
220	221
220	222
221	222
221	223
221	224
221	225
222	223
222	224
222	225
222	226
222	249
222	253
223	224
223	225
223	226
223	227
224	225
224	226
224	227
224	228
225	226
225	227
225	228
225	229
225	249
226	227
226	228
226	229
226	230
226	246
226	249
227	228
227	229
227	230
227	231
228	229
228	230
228	231
228	232
229	230
229	231
229	232
229	233
229	242
229	246
230	231
230	232
230	233
230	234
230	246
231	232
231	233
231	234
231	235
232	233
232	234
232	235
232	236
232	242
233	234
233	235
233	236
233	237
233	239
233	242
233	243
234	235
234	236
234	237
235	236
235	237
236	237
236	238
236	239
237	238
237	239
238	239
238	240
239	240
239	241
239	242
239	243
240	241
240	242
240	243
240	244
241	242
241	243
241	244
241	245
242	243
242	244
242	245
242	246
243	244
243	245
243	246
243	247
244	245
244	246
244	247
244	248
245	246
245	247
245	248
245	249
246	247
246	248
246	249
246	250
247	248
247	249
247	250
247	251
248	249
248	250
248	251
248	252
249	250
249	251
249	252
249	253
250	251
250	252
250	253
250	254
251	252
251	253
251	254
251	255
252	253
252	254
252	255
252	256
253	254
253	255
253	256
253	257
254	255
254	256
254	257
254	258
255	256
255	257
255	258
255	259
256	257
256	258
256	259
256	260
257	258
257	259
257	260
257	261
258	259
258	260
258	261
258	262
259	260
259	261
259	262
259	263
260	261
260	262
260	263
260	264
261	262
261	263
261	264
261	265
262	263
262	264
262	265
262	266
263	264
263	265
263	266
263	267
264	265
264	266
264	267
264	268
265	266
265	267
265	268
265	269
266	267
266	268
266	269
266	270
267	268
267	269
267	270
267	271
268	269
268	270
268	271
268	272
269	270
269	271
269	272
269	273
270	271
270	272
270	273
270	274
271	272
271	273
271	274
271	275
272	273
272	274
272	275
272	276
273	274
273	275
273	276
273	277
274	275
274	276
274	277
274	278
275	276
275	277
275	278
276	277
276	278
276	279
277	278
277	279
277	280
278	279
278	280
279	280
