0	1
0	2
1	2
1	3
1	4
2	3
2	4
2	5
2	9
3	4
3	5
3	450
4	5
4	6
5	6
5	7
5	9
6	7
6	103
6	401
6	402
6	403
6	413
6	414
6	415
7	8
7	9
7	102
7	103
7	413
7	414
7	415
7	446
8	9
8	100
8	101
8	102
9	10
9	11
9	99
9	100
9	101
9	102
10	11
10	12
10	98
10	99
10	100
11	12
11	13
11	97
11	98
11	99
12	13
12	14
12	16
12	96
12	97
12	98
13	14
13	15
13	16
13	95
13	96
13	97
14	15
14	16
14	17
14	95
14	96
15	16
15	17
16	17
16	18
16	19
17	18
17	19
17	20
17	22
17	28
18	19
18	20
18	21
18	22
19	20
19	21
19	555
20	21
20	22
21	22
21	23
21	609
22	23
22	24
22	27
22	28
23	24
23	27
24	25
24	26
24	27
24	28
24	91
25	26
25	27
25	28
25	29
25	91
26	27
26	28
26	29
26	30
26	37
26	50
27	28
27	29
27	30
28	29
28	30
28	31
29	30
29	31
29	32
29	35
29	37
30	31
30	32
30	35
30	36
30	37
31	32
31	33
31	542
32	33
32	34
32	35
33	34
33	35
33	492
33	493
33	514
33	515
33	516
33	541
34	35
34	36
34	54
34	55
34	492
34	516
35	36
35	37
35	53
35	54
35	55
36	37
36	38
36	52
36	53
36	54
36	59
37	38
37	39
37	51
37	52
37	53
37	59
38	39
38	40
38	51
39	40
39	41
40	41
40	44
40	45
40	46
40	47
41	42
41	43
41	44
41	45
41	217
41	622
41	631
42	43
42	44
42	45
42	217
42	622
42	625
42	627
42	628
43	44
43	45
43	85
43	625
44	45
44	46
44	49
44	50
44	61
44	85
45	46
45	215
45	216
45	217
46	47
46	48
46	49
46	213
46	215
47	48
47	49
48	49
48	50
48	86
48	87
48	211
49	50
49	51
49	61
49	84
49	85
49	86
49	87
50	51
50	52
50	61
50	62
50	84
50	87
51	52
51	59
51	60
51	61
51	62
52	53
52	59
52	60
52	61
52	62
53	54
53	55
53	56
53	57
53	58
53	59
53	62
53	64
53	114
54	55
54	56
54	57
54	114
55	56
55	57
55	488
55	518
56	57
56	58
56	518
56	520
56	533
56	535
56	536
57	58
57	59
57	64
57	114
58	59
58	60
58	535
59	60
59	61
59	62
60	61
60	62
61	62
61	63
61	83
61	84
61	85
62	63
62	64
62	65
62	83
62	84
63	64
63	65
63	82
63	83
63	84
64	65
64	111
64	113
64	114
65	66
65	67
65	111
65	112
65	113
65	114
65	115
65	116
66	67
66	68
66	109
66	111
66	112
66	115
66	116
66	117
67	68
67	73
67	74
67	116
67	117
67	118
68	69
68	70
68	71
68	72
68	73
68	74
68	117
68	118
68	119
69	70
69	71
69	72
69	73
69	74
69	118
69	119
69	120
70	71
70	72
70	118
70	119
70	120
70	121
71	72
71	73
71	118
72	73
72	74
73	74
73	75
73	78
74	75
74	76
74	87
74	88
75	76
75	77
75	78
75	82
75	84
76	77
76	78
76	268
76	287
76	289
77	78
77	79
77	80
77	81
77	82
77	289
77	318
78	79
78	80
78	81
78	82
79	80
79	81
79	82
79	422
79	424
80	81
80	82
80	422
80	423
80	424
80	425
81	82
81	83
81	424
81	425
82	83
82	84
83	84
83	85
84	85
84	86
84	87
85	86
85	87
86	87
86	88
86	240
86	270
87	88
87	89
88	89
88	209
88	242
89	90
89	91
90	91
90	92
90	93
90	170
90	187
91	92
91	93
91	94
92	93
92	94
92	152
92	170
93	94
93	95
93	121
93	122
93	152
93	168
93	169
93	170
94	95
94	96
94	119
94	120
94	121
94	122
95	96
95	120
95	121
95	122
95	123
96	97
96	98
96	119
96	120
97	98
97	99
97	118
97	119
97	120
98	99
98	100
98	117
98	118
98	119
99	100
99	101
99	115
99	116
99	117
99	118
100	101
100	102
100	115
100	116
100	117
101	102
101	115
101	116
102	103
102	104
102	115
103	104
103	105
103	401
103	415
103	416
103	417
104	105
104	106
104	108
105	106
105	107
105	108
106	107
106	108
106	109
106	355
106	370
106	371
106	372
107	108
107	109
107	312
107	355
108	109
108	110
108	112
109	110
109	111
109	112
110	111
110	112
110	419
110	420
110	421
111	112
111	113
111	114
111	419
111	420
111	421
112	113
112	114
112	115
112	116
112	419
113	114
113	115
113	418
113	419
113	442
114	115
114	116
115	116
115	117
116	117
116	118
117	118
117	119
118	119
118	120
119	120
119	121
120	121
120	122
121	122
121	123
122	123
122	124
123	124
123	125
124	125
124	126
124	156
124	157
124	164
124	165
124	166
125	126
125	127
125	128
125	129
125	156
125	157
125	158
126	127
126	128
126	157
126	158
127	128
127	157
127	158
127	159
128	129
128	156
128	157
128	158
129	130
129	131
129	155
129	156
129	157
129	646
130	131
130	132
130	154
130	155
130	156
130	645
130	646
131	132
131	153
131	154
131	155
131	644
131	645
131	646
132	133
132	152
132	153
132	154
132	643
132	644
132	645
133	134
133	151
133	152
133	153
133	642
133	643
133	644
134	135
134	136
134	150
134	151
134	152
134	641
134	642
134	643
135	136
135	137
135	149
135	150
135	151
135	639
135	640
135	641
135	642
136	137
136	138
136	147
136	148
136	149
136	150
136	639
136	640
136	641
137	138
137	139
137	147
137	148
137	149
137	637
137	638
137	639
137	640
138	139
138	140
138	147
138	148
138	637
138	638
138	639
139	140
139	141
139	142
139	177
139	635
139	636
139	637
139	638
140	141
140	142
141	142
141	143
142	143
142	144
142	177
142	229
143	144
143	145
143	229
144	145
144	146
144	177
144	178
144	179
145	146
145	147
146	147
146	148
146	174
146	175
147	148
147	149
147	174
147	175
147	176
148	149
148	150
148	173
148	174
148	175
148	176
149	150
149	151
149	172
149	173
149	174
150	151
150	171
150	172
150	173
151	152
151	153
151	170
151	171
151	172
152	153
152	154
152	169
152	170
152	171
153	154
153	155
153	168
153	169
153	170
154	155
154	156
154	166
154	167
154	168
154	169
155	156
155	166
155	167
155	168
156	157
156	165
156	166
156	167
157	158
157	159
157	164
157	165
157	166
158	159
158	160
158	162
158	163
158	164
158	165
159	160
159	161
159	162
159	163
159	164
160	161
160	162
161	162
161	163
161	196
162	163
162	164
162	194
162	195
162	196
163	164
163	193
163	194
163	195
164	165
164	192
164	193
164	194
165	166
165	167
165	191
165	192
165	193
166	167
166	168
166	190
166	191
166	192
167	168
167	169
167	189
167	190
167	191
168	169
168	170
168	188
168	189
168	190
169	170
169	171
169	187
169	188
169	189
170	171
170	186
170	187
170	188
171	172
171	185
171	186
171	187
172	173
172	174
172	183
172	184
172	185
172	186
173	174
173	183
173	184
173	185
174	175
174	176
174	182
174	183
175	176
175	177
175	181
175	182
175	183
176	177
176	178
176	181
177	178
177	179
177	229
177	634
178	179
178	180
178	181
178	216
178	229
178	230
179	180
179	181
179	216
179	229
179	230
179	231
180	181
180	182
180	214
180	215
180	216
180	231
181	182
181	183
181	213
181	214
181	215
181	216
182	183
182	184
182	213
182	214
183	184
183	185
183	212
183	213
183	214
184	185
184	186
184	211
184	212
184	213
185	186
185	187
185	210
185	211
185	212
186	187
186	188
186	209
186	210
186	211
187	188
187	189
187	208
187	209
187	210
188	189
188	207
188	208
188	209
189	190
189	191
189	206
189	207
189	208
190	191
190	192
190	205
190	206
190	207
191	192
191	204
191	205
191	206
192	193
192	203
192	204
192	205
193	194
193	195
193	202
193	203
193	204
194	195
194	196
194	201
194	202
194	203
195	196
195	197
195	198
195	200
195	201
195	202
196	197
196	198
196	200
196	201
197	198
197	199
197	200
198	199
198	200
199	200
199	201
199	251
199	252
199	253
200	201
200	202
200	250
200	251
200	252
201	202
201	203
201	249
201	250
202	203
202	204
202	248
202	249
202	250
203	204
203	247
203	248
203	249
204	205
204	206
204	246
204	247
204	248
205	206
205	207
205	245
205	246
205	247
206	207
206	244
206	245
206	246
207	208
207	209
207	243
207	244
207	245
208	209
208	210
208	242
208	243
208	244
209	210
209	211
209	241
209	242
209	243
210	211
210	240
210	241
210	242
211	212
211	213
211	239
211	240
211	241
212	213
212	238
212	239
212	240
213	214
213	215
213	237
213	238
213	239
214	215
214	216
214	236
214	237
214	238
215	216
215	217
215	236
215	237
216	217
216	218
216	231
216	233
217	218
217	231
217	233
217	627
217	628
217	629
217	631
218	219
218	622
218	627
218	628
218	629
218	630
218	631
219	220
219	221
219	223
219	224
219	232
219	577
219	578
219	629
219	630
219	631
220	221
220	222
220	223
220	224
220	576
220	577
220	578
220	629
220	630
221	222
221	223
221	224
221	225
221	576
221	577
221	578
222	223
222	224
222	225
222	226
223	224
223	225
223	226
223	227
224	225
224	226
224	227
224	228
224	630
225	226
225	227
225	228
226	227
226	228
227	228
227	229
227	230
228	229
228	230
228	632
229	230
229	231
229	632
230	231
230	232
231	232
231	233
232	233
232	234
233	234
233	235
233	236
234	235
234	236
235	236
235	237
235	273
235	274
235	275
236	237
236	273
236	274
236	275
237	238
237	239
237	272
237	273
237	274
238	239
238	271
238	272
238	273
239	240
239	270
239	271
239	272
240	241
240	242
240	269
240	270
240	271
241	242
241	243
241	268
241	269
241	270
242	243
242	244
242	267
242	268
242	269
243	244
243	245
243	266
243	267
243	268
244	245
244	246
244	265
244	266
244	267
245	246
245	247
245	264
245	265
245	266
246	247
246	248
246	263
246	264
246	265
247	248
247	262
247	263
247	264
248	249
248	250
248	261
248	262
248	263
249	250
249	251
249	260
249	261
249	262
250	251
250	252
250	259
250	260
250	261
251	252
251	253
251	258
251	259
251	260
252	253
252	254
252	257
252	258
252	259
253	254
254	255
254	256
254	257
255	256
255	257
256	257
256	258
256	298
256	299
257	258
257	259
257	297
257	298
257	299
258	259
258	260
258	296
258	297
258	298
259	260
259	261
259	295
259	296
259	297
260	261
260	262
260	294
260	295
260	296
261	262
261	263
261	293
261	294
261	295
262	263
262	264
262	292
262	293
262	294
263	264
263	291
263	292
263	293
264	265
264	266
264	290
264	291
264	292
265	266
265	267
265	289
265	290
265	291
266	267
266	268
266	288
266	289
266	290
267	268
267	269
267	287
267	288
267	289
268	269
268	270
268	286
268	287
268	288
269	270
269	271
269	285
269	286
269	287
270	271
270	272
270	284
270	285
270	286
271	272
271	282
271	283
271	284
271	285
272	273
272	274
272	282
272	283
272	284
273	274
273	280
273	281
273	282
273	283
274	275
274	276
274	280
274	281
275	276
275	277
275	279
275	280
275	281
275	626
276	277
276	278
276	279
276	280
276	281
276	476
276	626
277	278
277	279
278	279
278	280
278	328
278	329
278	330
279	280
279	281
279	326
279	327
279	328
279	329
280	281
280	326
280	327
280	328
280	329
280	334
280	335
281	282
281	283
281	324
281	325
281	326
281	327
281	335
282	283
282	284
282	324
282	325
282	326
282	335
282	336
283	284
283	285
283	323
283	324
283	325
284	285
284	286
284	322
284	323
284	324
285	286
285	287
285	321
285	322
285	323
286	287
286	288
286	320
286	321
286	322
287	288
287	289
287	318
287	319
287	320
287	321
288	289
288	290
288	318
288	319
288	320
289	290
289	291
289	317
289	318
289	319
290	291
290	316
290	317
290	318
291	292
291	293
291	315
291	316
291	317
292	293
292	294
292	314
292	315
292	316
293	294
293	295
293	313
293	314
293	315
294	295
294	312
294	313
294	314
295	296
295	297
295	311
295	312
295	313
296	297
296	310
296	311
296	312
297	298
297	308
297	309
297	310
297	311
298	299
298	300
298	308
298	309
298	310
299	300
299	301
299	307
299	308
299	309
300	301
300	302
300	306
300	307
300	308
301	302
301	303
301	305
301	306
301	307
302	303
302	304
302	305
302	306
302	307
303	304
303	305
304	305
304	362
305	306
305	307
305	360
305	361
305	362
306	307
306	308
306	360
306	361
306	362
307	308
307	309
307	358
307	359
307	360
307	361
308	309
308	310
308	358
308	359
308	360
309	310
309	311
309	357
309	358
309	359
310	311
310	312
310	356
310	357
310	358
311	312
311	355
311	356
311	357
312	313
312	354
312	355
312	356
313	314
313	315
313	353
313	354
313	355
314	315
314	316
314	352
314	353
314	354
315	316
315	317
315	351
315	352
315	353
316	317
316	318
316	350
316	351
316	352
317	318
317	319
317	349
317	350
317	351
318	319
318	320
318	348
318	349
318	350
319	320
319	347
319	348
319	349
320	321
320	322
320	346
320	347
320	348
321	322
321	323
321	345
321	346
321	347
322	323
322	344
322	345
322	346
323	324
323	325
323	343
323	344
323	345
324	325
324	326
324	341
324	342
324	343
324	344
325	326
325	335
325	336
325	339
325	340
325	341
325	342
326	327
326	335
326	339
326	340
326	341
327	328
327	329
327	334
327	335
328	329
328	330
328	331
329	330
329	331
329	332
330	331
330	332
331	332
331	333
332	333
332	334
333	334
333	335
334	335
334	336
335	336
335	339
336	337
336	338
336	339
337	338
337	339
338	339
338	340
339	340
339	341
340	341
340	342
341	342
341	343
342	343
342	344
343	344
343	345
344	345
344	382
344	383
344	384
345	346
345	347
345	381
345	382
345	383
346	347
346	348
346	380
346	381
346	382
347	348
347	379
347	380
347	381
347	425
348	349
348	378
348	379
348	380
349	350
349	351
349	377
349	378
349	379
350	351
350	352
350	376
350	377
350	378
351	352
351	353
351	374
351	375
351	376
351	377
352	353
352	354
352	374
352	375
352	376
353	354
353	355
353	373
353	374
353	375
354	355
354	372
354	373
354	374
355	356
355	357
355	371
355	372
355	373
356	357
356	370
356	371
356	372
357	358
357	359
357	368
357	369
357	370
357	371
358	359
358	360
358	368
358	369
358	370
359	360
359	361
359	366
359	367
359	368
360	361
360	362
360	366
360	367
360	368
361	362
361	363
361	365
361	366
361	367
362	363
362	364
362	365
362	366
363	364
363	365
364	365
364	366
364	404
364	405
365	366
365	367
365	403
365	404
365	405
366	367
366	368
366	402
366	403
366	404
367	368
367	369
367	401
367	402
367	403
368	369
368	370
368	400
368	401
368	402
369	370
369	399
369	400
369	401
370	371
370	398
370	399
370	400
371	372
371	373
371	397
371	398
371	399
372	373
372	374
372	396
372	397
372	398
373	374
373	375
373	395
373	396
373	397
374	375
374	376
374	394
374	395
374	396
375	376
375	377
375	393
375	394
375	395
376	377
376	378
376	392
376	393
376	394
376	422
377	378
377	379
377	391
377	392
377	393
378	379
378	390
378	391
378	392
379	380
379	381
379	389
379	390
379	391
380	381
380	382
380	388
380	389
380	390
380	425
381	382
381	383
381	386
381	387
381	388
381	389
382	383
382	384
382	385
382	386
382	387
382	388
383	384
383	385
383	386
384	385
384	386
385	386
385	387
386	387
386	388
387	388
387	389
388	389
389	390
390	391
391	392
391	393
392	393
392	394
393	394
393	395
394	395
394	396
395	396
395	397
395	420
396	397
396	398
397	398
397	399
397	418
397	419
398	399
398	417
398	418
399	400
399	401
399	416
399	417
399	418
400	401
400	402
400	415
400	416
400	417
401	402
401	403
401	414
401	415
401	416
402	403
402	404
402	413
402	414
402	415
403	404
403	405
403	411
403	412
403	413
403	414
404	405
404	406
404	411
404	412
404	413
405	406
405	407
405	410
405	411
405	412
406	407
406	410
406	411
406	412
407	408
407	409
407	410
407	411
408	409
408	410
409	410
409	411
409	451
409	452
409	453
410	411
410	450
410	451
410	452
411	412
411	413
411	449
411	450
411	451
412	413
412	448
412	449
412	450
413	414
413	415
413	447
413	448
413	449
414	415
414	446
414	447
414	448
415	416
415	417
415	445
415	446
415	447
416	417
416	418
416	443
416	444
416	445
416	446
417	418
417	443
417	444
418	419
418	442
418	443
418	444
419	420
419	421
419	441
419	442
419	443
420	421
420	422
420	439
420	440
420	441
420	442
421	422
421	423
421	439
421	440
421	441
422	423
422	424
422	439
423	424
423	425
423	427
423	428
423	438
423	439
424	425
424	426
424	427
424	428
425	426
425	427
425	428
426	427
426	428
427	428
427	429
427	430
427	437
428	429
428	430
429	430
429	431
430	431
430	432
430	436
430	437
431	432
431	433
431	436
431	479
431	480
432	433
432	434
432	435
432	436
432	437
432	480
432	481
432	482
433	434
433	435
434	435
434	436
435	436
436	437
436	438
437	438
437	439
438	439
438	440
439	440
439	441
440	441
440	442
440	468
440	469
440	470
441	442
441	467
441	468
442	443
442	444
442	465
442	466
442	467
442	468
443	444
443	445
443	465
443	466
444	445
444	446
444	463
444	464
444	465
444	466
445	446
445	447
445	463
445	464
445	465
446	447
446	448
446	461
446	462
446	463
446	464
447	448
447	461
447	462
447	463
448	449
448	460
448	461
448	462
449	450
449	451
449	459
449	460
449	461
450	451
450	458
450	459
450	460
451	452
451	457
451	458
451	459
452	453
452	454
452	456
452	457
452	458
453	454
453	455
453	456
453	457
454	455
454	456
454	457
455	456
455	457
455	497
455	498
456	457
456	458
456	496
456	497
456	498
457	458
457	495
457	496
457	497
458	459
458	494
458	495
458	496
459	460
459	461
459	493
459	494
459	495
460	461
460	492
460	493
460	494
461	462
461	463
461	491
461	492
461	493
462	463
462	490
462	491
462	492
463	464
463	465
463	489
463	490
463	491
464	465
464	466
464	488
464	489
465	466
465	467
465	487
465	488
465	489
466	467
466	468
466	486
466	487
466	488
467	468
467	469
467	485
467	486
467	487
468	469
468	484
468	485
468	486
469	470
469	471
469	483
469	484
469	485
469	486
470	471
470	472
470	482
470	483
470	484
470	485
471	472
471	473
471	480
471	481
471	482
471	483
472	473
472	474
472	480
472	481
472	482
473	474
473	475
473	478
473	479
473	480
473	481
473	624
474	475
474	476
474	477
474	478
474	479
474	480
474	624
474	625
475	476
475	477
475	478
475	624
475	625
475	626
476	477
476	478
476	624
476	625
476	626
477	478
477	479
478	479
479	480
479	481
480	481
480	482
481	482
481	483
482	483
482	484
483	484
483	485
484	485
484	486
484	524
485	486
485	522
485	523
485	524
486	487
486	488
486	521
486	522
486	523
486	524
487	488
487	489
487	520
487	521
487	522
487	523
488	489
488	490
488	519
488	520
488	521
489	490
489	518
489	519
489	520
490	491
490	492
490	517
490	518
490	519
491	492
491	493
491	516
491	517
491	518
492	493
492	515
492	516
492	517
493	494
493	514
493	515
493	516
494	495
494	513
494	514
494	515
495	496
495	497
495	512
495	513
495	514
496	497
496	511
496	512
496	513
497	498
497	499
497	510
497	511
497	512
498	499
498	500
498	501
498	509
498	510
498	511
499	500
499	501
499	502
499	506
499	507
499	509
499	510
499	511
500	501
500	502
500	503
500	504
500	506
500	507
500	508
500	509
501	502
501	503
502	503
503	504
503	505
503	506
503	507
504	505
504	506
504	507
505	506
505	507
506	507
506	508
506	509
507	508
507	509
508	509
508	510
508	547
508	548
508	549
509	510
509	511
509	546
509	547
509	548
510	511
510	512
510	545
510	546
510	547
511	512
511	544
511	545
511	546
512	513
512	543
512	544
512	545
513	514
513	515
513	542
513	543
513	544
514	515
514	541
514	542
514	543
515	516
515	517
515	540
515	541
515	542
516	517
516	518
516	539
516	540
516	541
517	518
517	519
517	538
517	539
517	540
518	519
518	520
518	538
518	539
519	520
519	521
519	538
520	521
520	532
520	533
520	536
521	522
521	523
521	530
521	531
521	532
521	533
522	523
522	524
522	528
522	529
522	530
522	531
522	532
522	533
523	524
523	525
523	529
523	530
524	525
524	526
524	529
525	526
525	529
526	527
526	528
526	529
527	528
527	529
528	529
528	530
528	531
528	568
528	569
529	530
529	531
530	531
530	532
531	532
531	533
531	570
532	533
532	534
533	534
533	535
533	536
533	568
534	535
534	536
534	564
534	565
534	566
534	567
534	568
535	536
535	537
535	564
535	565
535	566
536	537
536	538
536	564
537	538
537	539
537	540
537	561
537	562
537	563
537	564
538	539
538	540
538	562
539	540
539	541
539	561
539	562
540	541
540	560
540	561
540	562
541	542
541	559
541	560
541	561
542	543
542	558
542	559
542	560
543	544
543	557
543	558
543	559
544	545
544	556
544	557
544	558
545	546
545	547
545	555
545	556
545	557
546	547
546	548
546	554
546	555
546	556
547	548
547	549
547	553
547	554
547	555
548	549
548	550
548	551
548	552
548	553
548	554
549	550
549	551
549	552
550	551
550	552
551	552
551	553
551	595
551	596
552	553
552	554
552	594
552	595
552	596
553	554
553	555
553	593
553	594
553	595
554	555
554	556
554	592
554	593
554	594
555	556
555	557
555	591
555	592
555	593
556	557
556	590
556	591
556	592
557	558
557	559
557	589
557	590
557	591
558	559
558	560
558	587
558	588
558	589
558	590
559	560
559	587
559	588
559	589
560	561
560	586
560	587
560	588
561	562
561	563
561	585
561	586
561	587
562	563
562	564
562	584
562	585
562	586
563	564
563	583
563	584
563	585
564	565
564	566
564	582
564	583
565	566
565	567
565	570
565	581
565	582
565	583
566	567
566	580
566	581
566	582
566	621
566	623
567	568
567	569
567	570
567	571
567	580
568	569
568	570
569	570
569	571
570	571
570	572
571	572
571	573
571	580
571	581
571	582
572	573
572	574
572	581
572	582
573	574
573	575
573	581
573	582
574	575
574	576
574	578
574	580
574	581
574	582
575	576
575	577
575	578
575	579
575	580
575	581
576	577
576	578
577	578
577	579
577	629
578	579
578	580
578	629
578	630
579	580
579	581
579	621
579	622
579	623
579	628
579	629
579	630
580	581
580	623
581	582
581	583
582	583
582	584
583	584
583	585
583	620
584	585
584	586
584	618
585	586
586	587
586	588
587	588
587	589
588	589
588	590
588	612
589	590
589	612
589	613
589	614
590	591
590	610
590	611
590	612
590	613
591	592
591	609
591	610
591	611
592	593
592	594
592	608
592	609
592	610
593	594
593	607
593	608
593	609
594	595
594	596
594	606
594	607
594	608
595	596
595	597
595	605
595	606
595	607
596	597
596	598
596	599
596	603
596	604
596	605
597	598
597	599
597	603
597	604
597	605
598	599
598	600
598	601
598	603
599	600
599	601
599	603
600	601
600	602
600	603
601	602
601	603
602	603
602	604
602	644
602	645
602	646
603	604
603	605
603	644
603	645
604	605
604	606
604	643
604	644
604	645
605	606
605	607
605	642
605	643
605	644
606	607
606	641
606	642
606	643
607	608
607	609
607	640
607	641
607	642
608	609
608	639
608	640
608	641
609	610
609	611
609	638
609	639
609	640
610	611
610	612
610	613
610	636
610	637
610	638
610	639
611	612
611	613
611	636
611	637
611	638
612	613
612	614
612	615
612	635
612	636
612	637
613	614
613	615
613	636
614	615
614	616
614	636
615	616
615	617
615	635
615	636
616	617
616	618
616	635
617	618
617	633
617	635
618	619
618	632
618	633
619	620
619	621
619	630
619	631
619	632
619	633
620	621
620	622
620	630
620	631
620	632
620	633
621	622
621	623
621	628
621	629
621	630
621	631
622	623
622	624
622	625
622	628
622	629
622	630
623	624
623	625
623	628
623	629
624	625
624	626
624	628
625	626
625	627
625	628
626	627
626	628
627	628
627	629
628	629
629	630
629	631
630	631
630	632
631	632
631	633
632	633
632	634
633	634
633	635
634	635
634	636
635	636
635	637
636	637
636	638
637	638
637	639
638	639
639	640
639	641
640	641
640	642
641	642
641	643
642	643
642	644
643	644
643	645
644	645
644	646
645	646
