0	1
0	2
0	183
0	184
1	2
1	3
1	183
1	184
1	185
1	234
1	235
1	236
2	3
2	183
2	235
2	236
2	237
3	4
3	5
3	7
3	8
3	235
3	236
3	237
4	5
4	6
4	7
4	8
4	237
5	6
5	7
5	8
5	9
5	237
6	7
6	8
6	9
6	10
6	36
7	8
7	9
7	10
7	11
8	9
8	10
8	11
8	12
8	235
9	10
9	11
9	12
9	13
9	37
10	11
10	12
10	13
11	12
11	13
12	13
12	14
12	205
13	14
13	173
14	15
14	16
14	17
14	42
15	16
15	17
15	42
15	43
15	44
15	45
16	17
16	18
16	43
16	44
16	45
17	18
17	19
17	45
17	46
17	172
18	19
18	45
18	46
18	47
18	144
18	171
18	172
18	173
19	20
19	21
19	45
19	46
19	47
19	171
19	172
19	173
19	174
20	21
20	22
20	47
20	48
20	171
20	173
20	174
20	175
20	199
21	22
21	23
21	30
21	174
21	175
21	176
22	23
22	24
22	29
22	30
22	175
22	176
22	177
22	195
22	196
23	24
23	25
23	27
23	28
23	29
23	176
23	194
23	196
24	25
24	26
24	27
24	28
24	29
24	51
24	52
24	194
25	26
25	27
25	51
25	52
25	53
25	74
25	75
25	76
26	27
26	28
26	29
26	53
26	75
26	76
26	246
26	247
26	254
27	28
27	29
27	246
27	247
27	248
28	29
28	30
28	177
28	243
28	246
28	247
28	248
29	30
29	31
29	177
29	243
29	246
30	31
30	32
30	33
30	34
30	175
30	176
30	177
30	242
30	243
31	32
31	33
31	34
31	35
31	55
31	242
31	243
31	244
32	33
32	34
32	35
32	36
32	242
32	243
32	286
33	34
33	35
33	36
33	37
34	35
34	36
34	37
34	38
34	55
35	36
35	37
35	38
35	39
35	280
36	37
36	38
36	39
36	40
37	38
37	39
37	40
37	41
37	42
38	39
38	40
38	41
38	42
38	59
39	40
39	41
39	280
39	281
40	41
40	42
41	42
41	43
42	43
43	44
43	45
43	64
43	65
44	45
44	46
44	64
44	65
44	66
45	46
45	47
45	64
45	65
45	66
46	47
46	65
46	66
46	67
46	68
47	48
47	49
47	68
47	69
48	49
48	50
48	68
48	69
48	70
49	50
49	51
49	52
49	68
49	69
49	70
49	71
50	51
50	52
50	70
50	71
50	72
50	101
50	104
50	105
51	52
51	53
51	71
51	72
51	73
52	53
52	55
52	56
52	72
52	73
52	74
53	54
53	55
53	56
53	57
53	73
53	74
53	75
54	55
54	56
54	57
54	58
54	75
55	56
55	57
55	58
55	59
56	57
56	58
56	59
56	60
57	58
57	59
57	60
57	61
57	82
57	84
57	85
58	59
58	60
58	61
58	62
59	60
59	61
59	62
59	63
59	64
59	65
60	61
60	62
60	63
60	64
60	65
60	84
60	85
61	62
61	63
61	84
61	85
62	63
62	64
63	64
63	65
64	65
64	66
65	66
65	67
65	68
66	67
66	68
66	95
67	68
67	69
67	94
67	95
67	96
68	69
68	70
68	95
68	96
68	97
69	70
69	96
69	97
69	98
70	71
70	72
70	96
70	97
70	98
70	99
71	72
71	98
71	99
71	100
71	101
72	73
72	74
72	101
73	74
73	81
73	82
74	75
74	76
74	79
74	80
74	81
74	82
75	76
75	77
75	78
75	79
75	80
75	82
76	77
76	78
76	79
76	80
77	78
77	79
77	80
78	79
78	80
78	259
78	260
78	263
79	80
79	81
79	82
79	263
80	81
80	82
81	82
81	83
81	86
82	83
82	84
82	85
82	86
83	84
83	85
83	86
83	87
83	266
83	267
84	85
84	86
84	87
84	88
84	266
85	86
85	87
85	88
85	89
86	87
86	88
86	89
86	90
87	88
87	89
87	90
87	91
88	89
88	90
88	91
88	92
88	93
88	94
89	90
89	91
89	92
89	93
89	94
90	91
90	92
91	92
91	93
92	93
92	94
93	94
93	95
94	95
94	96
95	96
95	134
96	97
96	98
96	133
96	134
97	98
97	99
97	132
97	133
97	134
98	99
98	100
98	128
98	133
99	100
99	101
99	103
99	104
99	128
100	101
100	102
100	103
100	104
100	123
101	102
101	103
101	104
101	105
102	103
102	104
102	105
102	106
103	104
103	105
103	106
103	107
104	105
104	106
104	107
104	108
105	106
105	107
105	108
105	109
105	195
106	107
106	108
106	109
106	110
107	108
107	109
107	110
107	111
107	118
107	168
107	169
108	109
108	110
108	111
108	112
108	169
108	198
108	199
109	110
109	111
109	112
109	113
109	198
110	111
110	112
110	113
110	114
110	115
110	118
110	168
111	112
111	113
111	114
111	115
111	168
111	169
111	202
112	113
112	114
112	198
112	199
112	201
112	202
113	114
113	115
114	115
114	116
115	116
115	117
115	118
116	117
117	118
117	119
117	165
117	166
117	167
117	168
118	119
118	120
118	165
118	166
118	167
118	168
119	120
119	121
119	163
119	164
119	165
119	166
120	121
120	122
120	163
120	164
120	165
121	122
121	163
121	164
122	123
122	124
122	164
123	124
123	125
123	126
123	128
123	129
124	125
124	126
124	129
125	126
125	127
125	129
126	127
126	128
126	129
126	130
127	128
127	129
127	130
127	131
128	129
128	130
128	131
129	130
129	131
130	131
131	132
131	133
132	133
132	134
132	135
132	149
133	134
133	135
134	135
134	136
134	138
134	139
135	136
135	137
135	138
135	139
136	137
136	138
136	139
136	140
136	147
136	148
137	138
137	139
137	140
138	139
138	140
138	141
138	142
139	140
139	141
139	142
139	145
139	146
139	147
140	141
140	142
140	147
141	142
141	143
142	143
142	144
142	145
143	144
143	145
144	145
144	146
145	146
145	147
146	147
146	148
146	149
147	148
147	149
148	149
148	150
149	150
149	166
150	151
150	152
150	164
150	165
150	166
150	167
151	152
151	153
151	164
151	165
151	166
152	153
152	154
152	162
152	163
152	164
152	165
153	154
153	155
153	162
153	163
153	164
153	165
154	155
154	156
154	161
154	162
154	163
155	156
155	157
155	158
155	159
155	161
155	162
155	163
156	157
156	158
156	159
157	158
157	159
158	159
158	160
158	161
159	160
159	161
160	161
160	162
161	162
161	163
162	163
162	164
163	164
163	165
164	165
164	166
165	166
165	167
166	167
166	168
167	168
167	169
168	169
168	170
169	170
169	171
170	171
170	172
171	172
171	173
171	174
171	202
171	203
171	204
172	173
172	174
172	203
172	204
172	205
173	174
173	175
173	203
173	204
173	205
173	206
174	175
174	176
174	199
174	200
174	203
174	205
174	206
174	207
175	176
175	206
175	207
175	208
176	177
176	178
176	196
176	207
176	208
176	209
177	178
177	208
177	209
177	210
177	243
178	179
178	180
178	187
178	188
178	189
178	209
178	210
178	211
179	180
179	188
179	189
179	190
179	210
179	211
179	212
180	181
180	187
180	188
180	189
180	210
180	211
180	212
180	213
180	214
181	182
181	183
181	185
181	186
181	187
181	188
181	210
181	212
181	213
181	214
182	183
182	184
182	185
182	186
182	187
182	213
182	214
182	215
182	216
182	219
183	184
183	185
183	215
183	216
183	236
184	185
184	186
184	216
184	230
185	186
185	187
185	229
185	230
185	233
185	234
185	236
186	187
186	188
186	226
186	228
186	229
186	230
187	188
187	189
187	226
187	227
187	228
187	229
188	189
188	190
188	225
188	226
188	227
189	190
189	191
189	193
189	227
190	191
190	192
190	249
191	192
191	193
191	249
192	193
192	194
193	194
193	195
193	196
193	197
194	195
194	196
195	196
195	197
195	198
195	199
196	197
196	198
196	199
196	200
197	198
197	199
197	200
197	201
197	228
198	199
198	200
198	201
198	202
199	200
199	201
199	202
199	203
200	201
200	202
200	203
200	206
200	232
201	202
201	203
201	232
202	203
202	204
203	204
203	205
203	206
204	205
204	206
205	206
205	207
205	234
206	207
206	208
206	232
206	233
206	234
206	235
207	208
207	209
207	233
207	234
207	235
207	236
208	209
208	210
208	235
208	236
208	237
209	210
209	236
209	237
209	238
209	239
210	211
210	212
210	213
210	237
210	238
210	239
210	240
211	212
211	238
211	239
211	240
211	241
211	242
212	213
212	214
212	238
213	214
213	215
213	238
214	215
214	216
214	218
214	219
215	216
215	217
215	218
215	219
216	217
216	218
216	219
216	220
217	218
217	219
217	220
217	221
218	219
218	220
218	221
219	220
219	221
219	222
220	221
220	222
220	223
221	222
221	223
222	223
222	224
222	225
223	224
223	225
223	226
224	225
224	226
225	226
225	227
226	227
226	228
227	228
228	229
228	230
229	230
229	231
229	232
230	231
230	232
230	233
231	232
231	233
232	233
232	234
233	234
233	235
234	235
234	236
235	236
235	237
236	237
236	238
237	238
237	239
238	239
238	240
239	240
239	241
239	242
240	241
240	242
241	242
241	243
241	244
242	243
242	244
243	244
243	245
243	246
243	247
243	248
244	245
244	246
244	247
245	246
245	247
245	254
245	255
245	258
245	259
246	247
246	248
246	253
246	254
246	255
247	248
247	249
247	252
247	253
247	254
248	249
248	250
248	251
248	252
248	253
249	250
249	251
249	252
250	251
250	252
250	303
250	308
251	252
251	302
251	303
252	253
252	254
252	301
252	302
252	303
252	309
253	254
253	255
253	301
253	302
253	303
253	309
253	310
254	255
254	256
255	256
255	257
255	258
255	259
255	301
256	257
256	258
256	259
256	260
257	258
257	259
257	260
257	261
258	259
258	260
258	261
258	262
259	260
259	261
259	262
259	263
260	261
260	262
260	263
260	264
261	262
261	263
261	264
261	265
262	263
262	264
262	265
262	266
263	264
263	265
263	266
264	265
264	266
264	267
265	266
265	267
265	268
265	271
265	272
265	275
266	267
266	268
266	269
266	271
266	272
267	268
268	269
268	270
268	271
268	272
269	270
269	271
269	272
269	273
270	271
270	272
270	273
270	274
271	272
271	273
271	274
271	275
272	273
272	274
272	275
272	276
273	274
273	275
273	276
273	277
274	275
274	276
274	277
274	278
275	276
275	277
275	278
275	279
276	277
276	278
276	279
276	280
276	281
277	278
277	279
277	280
277	281
277	282
278	279
278	280
278	281
278	282
279	280
279	281
279	282
279	283
280	281
280	282
280	283
281	282
281	283
282	283
282	284
283	284
283	285
283	288
283	289
284	285
284	288
285	286
285	287
285	288
285	289
286	287
286	288
286	289
286	290
287	288
287	289
287	290
287	291
288	289
288	290
288	291
288	292
289	290
289	291
289	292
289	293
290	291
290	292
290	293
290	294
291	292
291	293
291	294
292	293
292	294
293	294
293	297
294	295
294	296
294	297
294	298
295	296
295	297
295	298
295	299
296	297
296	298
296	299
296	300
297	298
297	299
297	300
297	301
298	299
298	300
298	301
299	300
299	301
299	302
300	301
300	302
301	302
301	303
301	310
302	303
302	304
302	310
303	304
303	305
303	308
303	309
303	310
304	305
304	306
304	307
304	308
304	309
304	310
304	311
305	306
305	307
305	308
306	307
306	308
307	308
307	309
308	309
309	310
309	311
310	311
310	312
311	312
311	313
312	313
312	314
312	315
313	314
313	315
313	316
314	315
314	316
315	316
