0	1
0	2
0	3
0	4
1	2
1	3
1	4
1	5
2	3
2	4
2	5
2	6
2	89
2	92
2	93
2	144
2	145
3	4
3	5
3	6
3	7
3	89
4	5
4	6
4	7
4	8
5	6
5	7
5	8
5	9
5	141
5	144
6	7
6	8
6	9
6	10
6	85
6	88
6	89
6	141
7	8
7	9
7	10
7	11
7	85
8	9
8	10
8	11
8	12
9	10
9	11
9	12
9	13
9	137
9	138
9	141
10	11
10	12
10	13
10	14
10	85
11	12
11	13
11	14
12	13
12	14
12	133
12	134
12	137
13	14
13	15
13	16
13	17
13	133
13	134
13	137
14	15
14	16
14	17
14	18
14	81
15	16
15	17
15	18
15	19
15	130
16	17
16	18
16	19
16	20
16	130
16	131
16	134
17	18
17	19
17	20
17	78
18	19
18	20
18	78
19	20
19	21
19	126
20	21
20	22
20	76
20	126
21	22
21	23
21	24
21	76
22	23
22	24
22	76
22	77
22	78
23	24
23	25
23	76
23	77
23	199
24	25
24	26
24	27
25	26
25	27
25	28
26	27
26	28
26	29
27	28
27	29
28	29
28	30
28	191
29	30
29	31
29	191
30	31
30	32
30	33
30	34
31	32
31	33
31	114
31	115
31	118
32	33
32	34
32	114
32	115
33	34
33	35
34	35
34	36
35	36
35	37
35	38
35	39
36	37
36	38
36	39
36	40
36	186
37	38
37	39
37	40
37	41
38	39
38	40
38	41
38	42
38	113
39	40
39	41
39	42
39	43
39	113
40	41
40	42
40	43
40	44
41	42
41	43
41	44
41	45
41	109
42	43
42	44
42	45
42	46
42	106
42	109
42	110
43	44
43	45
43	46
43	47
44	45
44	46
44	47
44	48
44	229
45	46
45	47
45	48
45	49
45	105
45	106
46	47
46	48
46	49
46	50
46	106
47	48
47	49
47	50
47	51
47	225
47	229
48	49
48	50
48	51
48	52
48	229
49	50
49	51
49	52
49	53
49	98
49	102
50	51
50	52
50	53
51	52
51	53
51	222
51	225
51	226
52	53
52	54
52	98
52	153
52	154
53	54
53	55
53	94
53	97
53	98
54	55
54	56
54	57
54	58
54	94
54	97
55	56
55	57
55	58
55	59
55	218
56	57
56	58
56	59
56	60
56	218
57	58
57	59
57	60
57	61
57	93
57	94
58	59
58	60
58	61
58	62
58	94
59	60
59	61
59	62
59	63
59	214
60	61
60	62
60	63
60	64
60	90
61	62
61	63
61	64
61	65
61	87
61	90
61	91
62	63
62	64
62	65
62	66
62	210
62	214
63	64
63	65
63	66
63	67
63	211
63	214
64	65
64	66
64	67
64	68
64	86
64	87
65	66
65	67
65	68
65	69
65	87
66	67
66	68
66	69
66	70
66	207
66	210
66	211
67	68
67	69
67	70
68	69
68	70
68	71
68	72
68	79
68	83
69	70
69	71
69	72
69	79
70	71
70	72
71	72
71	73
71	79
71	80
72	73
72	77
72	78
72	79
72	80
73	74
73	75
73	77
73	78
73	79
74	75
74	76
74	77
74	78
75	76
75	77
76	77
76	78
77	78
77	79
78	79
78	80
79	80
79	81
79	83
79	84
80	81
80	82
80	83
80	84
81	82
81	83
81	84
81	85
82	83
82	84
82	85
82	86
83	84
83	85
83	86
83	87
84	85
84	86
84	87
84	88
85	86
85	87
85	88
85	89
86	87
86	88
86	89
86	90
87	88
87	89
87	90
87	91
88	89
88	90
88	91
88	92
89	90
89	91
89	92
89	93
90	91
90	92
90	93
90	94
91	92
91	93
91	94
91	95
92	93
92	94
92	95
92	96
92	145
93	94
93	95
93	96
93	97
94	95
94	96
94	97
95	96
95	97
95	98
96	97
96	98
96	145
96	146
96	148
96	149
96	150
97	98
97	99
97	149
97	150
98	99
98	100
98	102
98	149
98	150
98	153
99	100
99	101
99	102
99	103
99	149
99	150
99	151
99	152
99	153
100	101
100	102
100	103
100	104
101	102
101	103
101	104
101	105
102	103
102	104
102	105
102	106
103	104
103	105
103	106
103	107
104	105
104	106
104	107
104	108
105	106
105	107
105	108
105	109
106	107
106	108
106	109
106	110
107	108
107	109
107	110
107	111
108	109
108	110
108	111
108	112
109	110
109	111
109	112
110	111
110	112
110	113
110	114
111	112
111	113
111	114
112	113
112	114
113	114
113	115
114	115
114	116
114	118
115	116
115	117
115	118
116	117
116	118
117	118
117	119
117	120
117	121
118	119
118	120
118	121
118	122
119	120
119	121
119	122
119	123
120	121
120	122
120	123
120	124
121	122
121	123
121	124
121	125
122	123
122	124
122	125
123	124
123	125
123	126
123	128
123	131
124	125
124	126
125	126
126	127
126	128
127	128
127	129
127	130
127	131
128	129
128	130
128	131
128	132
129	130
129	131
129	132
129	133
130	131
130	132
130	133
130	134
131	132
131	133
131	134
131	135
132	133
132	134
132	135
132	136
133	134
133	135
133	136
133	137
134	135
134	136
134	137
134	138
135	136
135	137
135	138
135	139
136	137
136	138
136	139
136	140
137	138
137	139
137	140
137	141
138	139
138	140
138	141
138	142
139	140
139	141
139	142
139	143
140	141
140	142
140	143
141	142
141	143
141	144
141	145
142	143
142	144
142	145
142	146
143	144
143	145
143	146
143	147
144	145
144	146
144	147
144	148
145	146
145	147
145	148
145	149
146	147
146	148
146	149
147	148
147	149
148	149
148	150
149	150
149	151
150	151
150	152
151	152
152	153
152	154
153	154
153	155
154	155
154	156
155	156
155	157
156	157
156	158
157	158
157	159
157	219
157	222
157	223
158	159
158	160
159	160
159	161
159	223
160	161
160	162
160	163
161	162
161	163
161	166
162	163
162	164
162	166
162	167
163	164
163	165
163	166
163	167
164	165
164	166
164	167
164	168
165	166
165	167
165	168
165	169
165	251
165	254
165	255
165	306
165	307
166	167
166	168
166	169
166	170
166	251
167	168
167	169
167	170
167	171
168	169
168	170
168	171
168	172
168	303
169	170
169	171
169	172
169	173
169	247
169	250
169	251
169	303
170	171
170	172
170	173
170	174
170	247
171	172
171	173
171	174
171	175
172	173
172	174
172	175
172	176
172	299
172	300
172	303
173	174
173	175
173	176
173	177
173	246
173	247
174	175
174	176
174	177
175	176
175	177
175	295
175	296
175	299
176	177
176	178
176	179
176	180
176	295
176	296
177	178
177	179
177	180
177	181
177	243
178	179
178	180
178	181
178	182
178	292
179	180
179	181
179	182
179	183
179	292
179	293
179	296
180	181
180	182
180	183
181	182
181	183
181	240
182	183
182	184
182	288
183	184
183	185
183	288
184	185
184	186
184	187
185	186
185	187
185	239
186	187
186	188
187	188
187	189
187	190
188	189
188	190
188	191
189	190
189	191
189	192
190	191
190	192
191	192
191	193
192	193
192	194
193	194
193	195
194	195
194	196
194	197
194	276
194	277
195	196
195	197
195	277
196	197
196	198
197	198
197	199
197	201
197	202
197	275
198	199
198	200
198	201
198	202
199	200
199	201
199	202
199	203
200	201
200	202
200	203
200	204
201	202
201	203
201	204
201	205
202	203
202	204
202	205
202	206
203	204
203	205
203	206
203	207
204	205
204	206
204	207
204	208
205	206
205	207
205	208
205	268
205	271
205	272
206	207
206	208
206	209
206	210
207	208
207	209
207	210
207	211
208	209
208	210
208	211
208	212
208	267
208	268
209	210
209	211
209	212
209	213
209	268
210	211
210	212
210	213
210	214
211	212
211	213
211	214
211	215
212	213
212	214
212	215
212	216
212	264
213	214
213	215
213	216
214	215
214	216
215	216
215	217
215	260
216	217
216	218
216	256
216	259
216	260
217	218
217	219
217	220
217	221
217	256
217	259
218	219
218	220
218	221
218	222
219	220
219	221
219	222
219	223
220	221
220	222
220	223
220	224
220	252
220	255
220	256
221	222
221	223
221	224
221	225
221	256
222	223
222	224
222	225
222	226
223	224
223	225
223	226
223	227
223	252
224	225
224	226
224	227
224	228
224	249
224	252
224	253
225	226
225	227
225	228
225	229
226	227
226	228
226	229
226	230
227	228
227	229
227	230
227	231
227	248
227	249
228	229
228	230
228	231
228	232
228	249
229	230
229	231
229	232
229	233
230	231
230	232
230	233
230	245
231	232
231	233
231	234
231	235
231	241
231	245
231	246
232	233
232	234
232	235
232	241
233	234
233	235
234	235
234	236
234	241
234	242
235	236
235	237
235	239
235	240
235	241
235	242
236	237
236	238
236	239
236	240
236	241
237	238
237	239
238	239
238	240
239	240
239	241
240	241
240	242
241	242
241	243
241	245
241	246
242	243
242	244
242	245
242	246
243	244
243	245
243	246
243	247
244	245
244	246
244	247
244	248
245	246
245	247
245	248
245	249
246	247
246	248
246	249
246	250
247	248
247	249
247	250
247	251
248	249
248	250
248	251
248	252
249	250
249	251
249	252
249	253
250	251
250	252
250	253
250	254
251	252
251	253
251	254
251	255
252	253
252	254
252	255
252	256
253	254
253	255
253	256
253	257
254	255
254	256
254	257
254	258
254	307
255	256
255	257
255	258
255	259
256	257
256	258
256	259
257	258
257	259
257	260
258	259
258	260
258	307
258	308
258	310
258	311
259	260
259	261
259	311
260	261
260	262
260	264
261	262
261	263
261	264
261	265
261	311
262	263
262	264
262	265
262	266
263	264
263	265
263	266
263	267
264	265
264	266
264	267
264	268
265	266
265	267
265	268
265	269
266	267
266	268
266	269
266	270
267	268
267	269
267	270
267	271
268	269
268	270
268	271
268	272
269	270
269	271
269	272
269	273
270	271
270	272
270	273
270	274
271	272
271	273
271	274
271	275
272	273
272	274
272	275
272	276
273	274
273	275
273	276
274	275
274	276
275	276
275	277
276	277
276	278
276	280
277	278
277	279
277	280
278	279
278	280
278	281
278	282
279	280
279	281
279	282
279	283
280	281
280	282
280	283
280	284
281	282
281	283
281	284
281	285
282	283
282	284
282	285
282	286
283	284
283	285
283	286
283	287
284	285
284	286
284	287
285	286
285	287
285	288
285	290
285	293
286	287
286	288
287	288
288	289
288	290
289	290
289	291
289	292
289	293
290	291
290	292
290	293
290	294
291	292
291	293
291	294
291	295
292	293
292	294
292	295
292	296
293	294
293	295
293	296
293	297
294	295
294	296
294	297
294	298
295	296
295	297
295	298
295	299
296	297
296	298
296	299
296	300
297	298
297	299
297	300
297	301
298	299
298	300
298	301
298	302
299	300
299	301
299	302
299	303
300	301
300	302
300	303
300	304
301	302
301	303
301	304
301	305
302	303
302	304
302	305
303	304
303	305
303	306
303	307
304	305
304	306
304	307
304	308
305	306
305	307
305	308
305	309
306	307
306	308
306	309
306	310
307	308
307	309
307	310
307	311
308	309
308	310
308	311
309	310
309	311
310	311
