0	1
0	2
1	2
1	3
2	3
2	25
2	26
2	225
3	4
3	5
3	23
3	24
3	25
3	26
3	225
4	5
4	6
4	23
4	24
4	25
5	6
5	7
5	22
5	23
5	24
6	7
6	8
6	22
6	23
6	24
7	8
7	9
7	21
7	22
8	9
8	10
8	401
9	10
9	11
9	401
10	11
10	12
10	20
10	21
10	400
10	401
10	402
11	12
11	13
11	401
11	402
11	404
11	405
12	13
12	14
12	16
12	404
12	405
13	14
13	15
13	16
13	376
13	377
14	15
14	16
15	16
15	17
16	17
16	18
17	18
17	19
18	19
18	20
18	34
18	35
18	36
19	20
19	21
19	34
19	35
19	36
20	21
20	22
20	33
20	34
20	35
21	22
21	23
21	32
21	33
21	34
22	23
22	24
22	30
22	31
22	32
22	33
22	400
23	24
23	25
23	30
23	31
23	32
24	25
24	26
24	28
24	29
24	30
24	31
25	26
25	27
25	28
25	29
25	30
25	225
25	229
26	27
26	28
26	229
27	28
27	29
27	204
27	205
27	229
27	232
27	233
28	29
28	30
28	204
28	205
28	233
29	30
29	31
29	204
29	205
29	206
29	207
29	208
30	31
30	32
30	207
30	208
30	209
31	32
31	33
31	208
31	209
31	210
32	33
32	34
32	209
32	210
32	211
33	34
33	35
33	210
33	211
33	212
33	217
33	220
33	221
34	35
34	36
34	211
34	212
34	213
35	36
35	37
35	212
35	213
35	214
35	215
35	216
35	217
36	37
36	38
36	39
36	213
36	214
37	38
37	39
37	214
37	215
38	39
38	40
38	214
39	40
39	41
39	42
39	213
39	214
40	41
40	42
41	42
41	43
41	108
41	109
41	110
41	111
42	43
42	108
42	109
42	110
42	111
42	114
42	212
42	213
43	44
43	107
43	108
43	109
43	211
43	212
43	213
43	384
43	385
43	388
44	45
44	106
44	107
44	108
44	118
44	210
44	211
44	212
44	388
45	46
45	47
45	105
45	106
45	107
45	209
45	210
45	211
45	388
45	389
45	392
46	47
46	48
46	104
46	105
46	106
46	207
46	208
46	209
46	210
46	392
47	48
47	49
47	102
47	103
47	104
47	105
47	207
47	208
47	209
47	392
47	393
48	49
48	50
48	102
48	103
48	104
48	202
48	206
48	207
48	208
49	50
49	51
49	101
49	102
49	103
49	206
49	207
49	396
50	51
50	54
50	101
50	102
50	103
50	201
51	52
51	53
51	54
51	63
51	98
51	99
51	100
51	101
51	102
51	103
52	53
52	54
52	55
52	61
52	62
52	63
52	64
52	98
52	99
52	100
52	101
52	175
53	54
53	55
53	100
53	101
53	170
53	171
54	55
54	56
55	56
55	57
55	59
55	60
55	61
55	62
55	63
56	57
56	58
56	59
56	60
57	58
57	59
57	60
58	59
58	60
59	60
59	61
59	62
59	181
59	182
60	61
60	62
60	173
60	174
60	175
60	177
60	181
61	62
61	63
61	64
61	65
61	174
61	175
61	176
61	177
61	182
62	63
62	64
62	65
62	66
62	177
62	194
63	64
63	65
63	66
63	67
63	98
64	65
64	66
64	67
64	68
64	98
64	176
65	66
65	67
65	68
65	69
65	139
65	142
66	67
66	68
66	69
66	70
66	194
67	68
67	69
67	70
68	69
68	70
68	71
68	138
69	70
69	71
69	72
69	130
69	138
70	71
70	72
70	73
70	124
70	125
70	128
70	130
71	72
71	73
71	80
71	81
71	124
72	73
72	79
72	80
72	81
72	134
73	74
73	77
73	78
73	79
73	80
73	81
73	82
73	124
73	128
73	129
74	75
74	76
74	77
74	78
74	123
74	124
74	127
74	128
74	129
75	76
75	77
75	78
75	127
75	128
75	129
76	77
76	78
76	123
77	78
77	79
77	82
78	79
78	80
79	80
79	81
79	82
80	81
80	82
81	82
81	83
81	84
81	85
82	83
82	84
82	85
82	86
83	84
83	85
83	86
83	87
83	117
83	120
83	121
84	85
84	86
84	87
84	88
84	93
84	94
85	86
85	87
85	88
85	89
86	87
86	88
86	89
86	90
87	88
87	89
87	90
87	91
87	92
87	93
87	109
87	117
88	89
88	90
88	91
88	92
88	93
89	90
89	91
90	91
90	92
90	109
90	110
90	113
91	92
91	109
91	110
92	93
92	108
92	109
92	110
93	94
93	107
93	108
93	109
94	95
94	106
94	107
94	108
95	96
95	97
95	105
95	106
95	107
96	97
96	98
96	104
96	105
96	106
97	98
97	99
97	103
97	104
97	105
98	99
98	100
98	102
98	103
98	104
99	100
99	101
99	102
99	103
100	101
100	102
100	320
100	321
100	322
101	102
101	320
101	321
101	322
102	103
102	104
103	104
104	105
104	106
105	106
106	107
106	385
106	389
107	108
107	109
107	385
108	109
108	384
108	385
109	110
109	111
109	113
109	114
110	111
110	112
110	113
110	114
111	112
111	113
111	114
111	213
111	214
112	113
112	114
113	114
113	115
113	116
113	117
114	115
114	116
114	117
114	118
115	116
115	117
115	118
115	119
115	223
116	117
116	118
116	119
116	120
117	118
117	119
117	120
117	121
118	119
118	120
118	121
118	122
118	227
119	120
119	121
119	122
119	123
119	227
120	121
120	122
120	123
120	124
121	122
121	123
121	124
121	125
122	123
122	124
122	125
122	126
122	227
122	228
122	231
123	124
123	125
123	126
123	127
124	125
124	126
124	127
124	128
125	126
125	127
125	128
125	231
126	127
126	128
126	230
126	231
126	232
127	128
127	129
128	129
128	130
129	130
129	131
130	131
130	132
130	191
130	195
131	132
131	133
132	133
132	134
132	135
132	191
133	134
133	135
134	135
134	136
134	137
134	138
135	136
135	137
135	138
135	139
136	137
136	138
136	139
136	140
137	138
137	139
137	140
137	141
138	139
138	140
138	141
138	142
139	140
139	141
139	142
139	143
139	179
139	182
140	141
140	142
140	143
140	144
140	179
141	142
141	143
141	144
141	145
142	143
142	144
142	145
142	146
142	177
142	178
143	144
143	145
143	146
143	147
143	177
143	178
143	179
144	145
144	146
144	147
144	148
145	146
145	147
145	148
145	149
146	147
146	148
146	149
146	150
146	176
147	148
147	149
147	150
148	149
148	150
148	151
149	150
149	151
149	152
149	155
150	151
150	152
150	155
150	156
150	448
151	152
151	153
151	260
151	448
152	153
152	154
152	155
152	156
152	260
153	154
153	155
153	156
153	157
153	259
153	260
154	155
154	156
154	157
154	158
155	156
155	157
155	158
155	159
156	157
156	158
156	159
156	160
156	448
156	450
157	158
157	159
157	160
157	161
158	159
158	160
158	161
158	162
159	160
159	161
159	162
159	163
159	445
160	161
160	162
160	163
160	164
160	445
161	162
161	163
161	164
161	165
162	163
162	164
162	165
162	171
162	172
162	173
163	164
163	165
163	172
164	165
164	166
164	250
165	166
165	167
165	172
165	245
165	246
165	250
166	167
166	168
166	169
166	245
166	246
166	247
166	250
167	168
167	169
167	172
168	169
168	170
169	170
169	171
169	172
169	243
169	244
169	245
170	171
170	172
170	173
171	172
171	173
171	321
172	173
172	174
173	174
173	175
174	175
174	176
174	177
175	176
175	177
176	177
176	178
177	178
177	181
177	182
178	179
178	180
178	181
178	182
179	180
179	181
179	182
179	183
180	181
180	182
180	183
181	182
181	183
182	183
182	184
183	184
183	185
184	185
184	186
184	189
184	190
185	186
185	187
185	188
185	189
185	190
186	187
186	188
186	189
187	188
187	189
188	189
188	190
189	190
189	191
189	192
189	193
190	191
190	192
190	193
190	194
191	192
191	193
191	194
191	195
192	193
192	194
192	195
192	196
193	194
193	195
193	196
193	197
194	195
194	196
194	197
194	198
195	196
195	197
195	198
195	199
196	197
196	198
196	199
196	200
197	198
197	199
197	200
197	201
198	199
198	200
198	201
198	202
199	200
199	201
199	202
200	201
200	202
201	202
201	203
201	236
202	203
202	204
203	204
203	205
203	206
203	207
203	232
203	233
203	234
203	235
203	236
204	205
204	206
204	207
204	231
204	232
204	233
205	206
205	207
205	233
205	235
206	207
206	208
206	238
207	208
207	209
208	209
208	392
208	395
208	396
209	210
209	211
209	392
210	211
210	212
210	388
210	392
211	212
211	213
212	213
213	214
213	215
214	215
214	216
215	216
215	217
215	219
215	220
216	217
216	218
216	219
216	220
217	218
217	219
217	220
217	221
218	219
218	220
218	221
218	222
219	220
219	221
219	222
219	223
220	221
220	222
220	223
220	224
221	222
221	223
221	224
221	225
222	223
222	224
222	225
222	226
223	224
223	225
223	226
223	227
224	225
224	226
224	227
224	228
224	229
225	226
225	227
225	228
225	229
226	227
226	228
226	229
226	230
227	228
227	229
227	230
228	229
228	230
228	231
229	230
229	231
230	231
230	232
231	232
231	233
232	233
232	234
233	234
233	235
234	235
234	236
235	236
235	237
236	237
236	238
237	238
237	239
238	239
238	240
239	240
239	241
240	241
240	242
241	242
241	243
241	322
241	323
242	243
242	244
242	323
243	244
243	245
244	245
244	246
244	247
245	246
245	247
246	247
246	248
246	250
246	251
247	248
247	249
247	250
247	251
248	249
248	250
248	251
249	250
249	251
250	251
250	252
250	253
251	252
251	253
251	428
251	429
251	430
251	431
252	253
252	427
252	428
252	429
252	430
252	431
252	456
252	457
253	254
253	255
253	430
253	431
253	432
253	454
253	455
253	456
253	457
254	255
254	256
254	431
254	432
254	433
254	434
254	454
254	455
254	456
254	457
255	256
255	257
255	431
255	432
255	433
255	434
255	452
255	453
255	454
255	455
256	257
256	258
256	433
256	434
256	435
256	439
256	440
256	441
256	452
256	453
256	454
257	258
257	259
257	433
257	434
257	435
257	436
257	439
257	451
257	452
257	453
258	259
258	260
258	435
258	436
258	437
258	438
258	439
258	451
258	452
259	260
259	261
259	262
259	263
259	435
259	436
259	437
260	261
260	262
261	262
261	263
262	263
262	437
263	264
263	265
263	435
263	436
263	437
264	265
264	332
264	333
264	338
264	435
264	436
265	266
265	267
265	331
265	332
265	333
265	434
265	435
265	436
266	267
266	268
266	330
266	331
266	332
266	433
266	434
266	435
267	268
267	269
267	328
267	329
267	330
267	331
267	432
267	433
268	269
268	270
268	328
268	329
268	330
268	430
268	431
268	432
268	433
269	270
269	271
269	326
269	327
269	328
269	329
269	430
269	431
269	432
270	271
270	272
270	326
270	327
270	328
270	425
270	429
270	430
270	431
271	272
271	273
271	324
271	325
271	326
271	327
272	273
272	274
272	318
272	324
272	325
272	326
272	327
273	274
273	275
273	318
273	323
273	324
273	325
274	275
274	276
274	318
274	319
274	323
274	324
274	325
275	276
275	277
275	278
275	318
276	277
276	278
276	279
276	318
276	319
276	397
277	278
277	279
277	398
278	279
278	280
278	281
279	280
279	281
279	282
279	406
280	281
280	282
280	409
280	410
280	411
280	412
281	282
281	283
281	410
281	411
281	412
281	413
281	414
282	283
282	284
282	285
282	286
282	410
283	284
283	285
283	286
283	287
283	414
283	417
283	418
284	285
284	286
284	287
284	288
284	316
285	286
285	287
285	288
285	289
286	287
286	288
286	289
286	290
286	365
286	368
287	288
287	289
287	290
287	291
288	289
288	290
288	291
288	292
288	314
288	315
289	290
289	291
289	292
289	293
290	291
290	292
290	293
291	292
291	293
291	299
291	313
291	314
292	293
292	294
292	300
292	312
292	313
292	314
293	294
293	295
293	300
293	477
294	295
294	296
294	298
294	300
294	301
295	296
295	297
295	298
295	301
295	477
295	478
295	558
296	297
296	298
296	301
297	298
297	299
297	301
297	302
297	474
297	475
298	299
298	300
298	301
298	302
298	474
298	475
298	476
298	477
299	300
299	301
299	302
299	303
299	347
299	348
299	351
299	474
300	301
300	302
300	303
300	304
300	312
301	302
301	303
301	304
301	305
302	303
302	304
302	305
302	306
303	304
303	305
303	306
303	307
303	308
303	309
304	305
304	306
304	307
304	308
304	309
304	310
304	311
305	306
305	307
306	307
306	308
307	308
307	309
307	336
308	309
308	333
308	334
308	336
308	337
309	310
309	311
309	331
309	332
309	333
309	334
309	337
310	311
310	332
310	333
310	334
311	312
311	313
311	331
311	332
312	313
312	330
312	331
312	332
313	314
313	315
313	329
313	330
313	331
314	315
314	328
314	329
314	330
315	316
315	327
315	328
315	329
316	317
316	318
316	326
316	327
316	328
317	318
317	319
317	320
317	325
317	326
317	327
318	319
318	320
318	324
318	325
318	326
319	320
319	321
319	322
319	323
319	324
319	325
320	321
320	322
320	324
320	325
321	322
321	323
321	324
321	325
322	323
322	324
323	324
324	325
325	326
326	327
326	328
327	328
328	329
328	330
329	330
329	331
330	331
330	332
331	332
331	333
332	333
332	334
333	334
333	335
333	337
333	338
334	335
334	336
334	337
334	338
335	336
335	337
335	338
335	339
336	337
336	338
336	339
336	340
337	338
337	339
337	340
337	341
337	344
338	339
338	340
338	341
339	340
339	341
340	341
340	342
340	343
340	344
341	342
341	343
341	344
341	345
342	343
342	344
342	345
342	346
342	465
343	344
343	345
343	346
343	347
343	468
344	345
344	346
344	347
344	348
345	346
345	347
345	348
345	349
346	347
346	348
346	349
346	350
346	465
346	466
346	468
346	469
347	348
347	349
347	350
347	351
347	469
347	472
348	349
348	350
348	351
348	352
349	350
349	351
349	352
349	353
349	469
350	351
350	352
350	353
350	354
350	469
350	470
350	472
351	352
351	353
351	354
351	355
351	474
352	353
352	354
352	355
352	356
353	354
353	355
353	356
353	357
354	355
354	356
354	357
354	358
355	356
355	357
355	358
355	359
355	360
356	357
356	358
356	359
356	422
356	423
357	358
357	359
358	359
358	360
359	360
359	361
360	361
360	362
361	362
361	363
361	364
362	363
362	364
362	365
362	366
363	364
363	365
363	366
363	367
364	365
364	366
364	367
364	368
365	366
365	367
365	368
365	369
366	367
366	368
366	369
366	370
367	368
367	369
367	370
367	371
368	369
368	370
368	371
368	372
369	370
369	371
369	372
369	373
369	410
370	371
370	372
370	373
370	374
370	485
371	372
371	373
371	374
371	483
371	566
372	373
372	374
372	375
372	376
372	408
373	374
373	375
373	376
373	377
373	408
374	375
374	376
374	377
374	378
375	376
375	377
375	378
375	379
376	377
376	378
376	379
376	405
376	408
377	378
377	379
378	379
378	380
379	380
379	381
380	381
380	382
381	382
381	383
382	383
382	384
383	384
383	387
384	385
384	386
384	387
384	388
385	386
385	387
385	388
385	389
386	387
386	388
386	389
386	390
387	388
387	389
387	390
387	391
388	389
388	390
388	391
388	392
389	390
389	391
389	392
389	393
390	391
390	392
390	393
390	394
391	392
391	393
391	394
391	395
391	403
392	393
392	394
392	395
393	394
393	395
393	396
393	397
394	395
394	396
394	397
394	398
394	403
395	396
395	397
395	398
395	399
395	400
395	403
396	397
396	398
397	398
398	399
398	400
398	402
398	403
399	400
399	401
399	402
399	403
400	401
400	402
400	403
401	402
401	403
402	403
402	404
402	405
402	406
403	404
403	405
403	406
404	405
404	406
405	406
405	407
405	408
405	409
406	407
406	408
406	409
407	408
407	409
408	409
408	410
409	410
409	411
410	411
410	412
411	412
411	413
412	413
412	414
413	414
413	415
414	415
414	416
414	417
414	418
415	416
415	417
415	418
415	419
416	417
416	418
416	419
416	420
417	418
417	419
417	420
417	421
418	419
418	420
418	421
418	422
419	420
419	421
419	422
419	423
420	421
420	422
420	423
420	424
421	422
421	423
421	424
421	425
422	423
422	424
422	425
423	424
423	425
424	425
424	426
424	429
425	426
425	427
425	429
426	427
426	428
426	429
426	430
427	428
427	429
427	430
428	429
428	430
429	430
429	431
430	431
430	432
431	432
431	433
432	433
432	434
433	434
433	435
434	435
434	436
435	436
435	439
436	437
436	438
436	439
437	438
437	439
438	439
438	440
439	440
439	441
440	441
440	453
441	442
441	443
441	451
441	452
441	453
442	443
442	452
442	453
443	444
443	445
443	451
443	452
443	453
444	445
444	446
444	449
444	450
444	451
444	452
445	446
445	447
445	448
445	449
445	450
445	451
446	447
446	448
446	449
447	448
447	449
448	449
448	450
449	450
449	451
450	451
450	452
451	452
452	453
452	454
453	454
453	455
454	455
454	456
455	456
455	457
456	457
456	458
457	458
457	459
457	461
458	459
458	460
458	461
458	462
459	460
459	461
459	462
459	463
460	461
460	462
460	463
460	464
461	462
461	463
461	464
461	465
462	463
462	464
462	465
462	466
463	464
463	465
463	466
463	467
464	465
464	466
464	467
464	468
465	466
465	467
465	468
465	469
466	467
466	468
466	469
466	470
467	468
467	469
467	470
467	471
468	469
468	470
468	471
468	472
469	470
469	471
469	472
470	471
470	472
471	472
471	473
472	473
472	474
473	474
473	475
474	475
474	476
475	476
475	477
476	477
476	478
477	478
477	479
478	479
478	480
479	480
479	481
480	481
480	482
480	483
480	562
481	482
481	483
482	483
482	484
482	562
482	563
482	566
482	588
483	484
483	485
483	565
483	566
484	485
484	486
484	566
484	587
484	588
485	486
485	487
486	487
486	488
486	587
487	488
487	489
487	522
488	489
488	490
488	522
489	490
489	491
489	520
489	522
489	683
490	491
490	492
490	683
490	684
490	685
491	492
491	493
491	685
492	493
492	494
492	685
492	686
493	494
494	495
494	496
495	496
495	497
496	497
496	498
496	499
496	513
497	498
498	499
498	500
498	513
498	863
499	500
499	501
499	511
499	512
499	513
500	501
500	502
500	511
500	512
500	513
500	861
501	502
501	503
501	504
501	509
501	510
501	511
501	512
501	861
502	503
502	504
502	510
502	511
502	512
503	504
503	505
503	508
503	509
503	510
504	505
504	506
504	508
504	509
504	510
505	506
505	507
505	508
505	509
506	507
506	508
507	508
507	675
507	676
507	703
508	509
508	510
508	675
508	676
508	677
509	510
509	511
509	676
509	677
509	678
510	511
510	512
510	677
510	678
510	679
510	690
511	512
511	678
511	679
511	680
512	513
512	514
512	679
512	680
512	681
513	514
513	515
513	680
513	681
513	682
514	515
514	516
514	519
514	681
514	682
514	683
515	516
515	517
515	518
515	519
515	681
515	682
516	517
516	518
516	519
517	518
517	519
518	519
518	520
518	521
518	845
519	520
519	521
519	682
519	683
520	521
520	522
521	522
521	523
522	523
522	585
522	586
522	683
523	524
523	584
523	585
523	586
523	682
523	683
524	525
524	526
524	583
524	584
524	585
524	586
524	680
524	681
524	682
524	683
524	684
525	526
525	527
525	582
525	583
525	584
525	680
525	681
525	682
525	845
525	846
525	849
526	527
526	528
526	581
526	582
526	583
526	679
526	680
526	681
527	528
527	529
527	580
527	581
527	582
527	678
527	679
527	680
528	529
528	530
528	579
528	580
528	581
528	676
528	677
528	678
528	679
529	530
529	531
529	577
529	578
529	579
529	580
529	676
529	677
529	678
530	531
530	532
530	577
530	578
530	579
530	671
530	674
530	675
530	676
530	677
531	532
531	533
531	576
531	577
531	674
531	675
531	676
531	707
532	533
532	534
532	535
532	576
532	577
532	670
532	674
532	707
533	534
533	535
533	536
533	537
533	576
533	577
533	707
533	708
534	535
534	536
534	537
535	536
535	537
535	541
535	577
535	670
536	537
536	538
536	541
536	542
536	576
536	577
537	538
537	541
537	644
538	539
538	540
538	541
538	542
539	540
539	541
539	542
539	543
539	646
539	650
539	651
540	541
540	542
540	543
540	544
540	651
540	654
541	542
541	543
541	544
541	545
542	543
542	544
542	545
542	546
543	544
543	545
543	546
543	547
543	651
544	545
544	546
544	547
544	548
544	663
544	666
545	546
545	547
545	548
545	549
546	547
546	548
546	549
546	550
547	548
547	549
547	550
547	551
547	613
547	614
548	549
548	550
548	551
548	552
548	663
548	667
549	550
549	551
549	552
549	553
550	551
550	552
550	553
550	554
550	613
551	552
551	553
551	554
551	555
551	605
551	613
552	553
552	554
552	555
552	556
552	599
552	600
552	603
553	554
553	555
553	556
553	557
554	555
554	556
554	557
555	556
555	557
555	599
555	603
556	557
556	558
556	559
556	560
556	599
557	558
557	559
557	560
557	561
558	559
558	560
558	561
558	562
559	560
559	561
559	562
559	563
560	561
560	562
560	563
560	564
561	562
561	563
561	564
561	565
562	563
562	564
562	565
562	566
563	564
563	565
563	566
563	567
563	568
563	569
564	565
564	566
564	567
564	568
564	569
565	566
565	567
566	567
566	568
567	568
567	569
567	584
567	585
568	569
568	570
568	582
568	583
568	584
568	585
569	570
569	582
569	583
569	584
570	571
570	581
570	582
570	583
571	572
571	573
571	580
571	581
571	582
572	573
572	579
572	580
572	581
573	574
573	575
573	578
573	579
573	580
574	575
574	576
574	577
574	578
574	579
575	576
575	577
575	578
575	579
576	577
576	578
577	578
577	579
577	670
578	579
578	580
579	580
579	581
580	581
580	582
581	582
581	583
582	583
582	584
582	593
583	584
583	846
584	585
584	586
585	586
585	587
585	589
586	587
586	588
586	589
586	683
587	588
587	589
588	589
588	590
588	591
588	592
589	590
589	591
589	592
589	593
590	591
590	592
590	593
590	594
590	692
591	592
591	593
591	594
591	595
592	593
592	594
592	595
592	596
593	594
593	595
593	596
593	597
594	595
594	596
594	597
594	598
594	696
595	596
595	597
595	598
595	599
596	597
596	598
596	599
596	600
597	598
597	599
597	600
597	601
598	599
598	600
598	601
598	602
599	600
599	601
599	602
599	603
600	601
600	602
600	603
601	602
601	603
601	667
602	603
602	604
603	604
603	605
604	605
604	606
605	606
605	607
605	609
605	610
606	607
606	608
606	609
607	608
607	609
607	610
607	611
607	660
608	609
608	610
608	611
608	612
609	610
609	611
609	612
609	613
610	611
610	612
610	613
610	614
610	660
611	612
611	613
611	614
611	615
612	613
612	614
612	615
612	616
613	614
613	615
613	616
613	617
614	615
614	616
614	617
614	618
615	616
615	617
615	618
615	619
616	617
616	618
616	619
616	620
617	618
617	619
617	620
617	621
618	619
618	620
618	621
618	622
619	620
619	621
619	622
619	623
620	621
620	622
620	623
620	624
621	622
621	623
621	624
621	648
622	623
622	624
622	625
623	624
623	625
623	626
624	625
624	626
625	626
625	627
625	632
626	627
626	628
627	628
627	629
627	728
628	629
628	630
628	631
628	632
629	630
629	631
629	632
629	633
629	727
629	731
629	732
629	733
629	795
629	901
630	631
630	632
630	633
630	634
630	733
630	734
630	793
630	794
630	795
631	632
631	633
631	634
631	635
632	633
632	634
632	635
633	634
633	635
633	636
633	733
633	734
633	735
633	899
633	900
633	901
634	635
634	636
634	637
634	638
634	735
634	899
635	636
635	637
635	638
635	639
636	637
636	638
636	639
636	640
636	923
637	638
637	639
637	640
638	639
638	640
638	641
639	640
639	641
639	642
639	645
640	641
640	642
640	784
640	923
640	927
641	642
641	643
641	712
641	713
641	784
641	785
642	643
642	644
642	645
643	644
643	645
643	711
643	712
644	645
644	646
645	646
645	647
645	924
646	647
646	648
646	650
646	651
646	924
647	648
647	649
647	650
647	651
647	924
648	649
648	650
648	651
648	652
649	650
649	651
649	652
649	653
650	651
650	652
650	653
650	654
651	652
651	653
651	654
651	655
652	653
652	654
652	655
653	654
653	655
654	655
654	656
654	657
655	656
655	657
655	658
656	657
656	658
657	658
657	659
658	659
658	660
658	662
659	660
659	661
659	662
659	663
660	661
660	662
660	663
660	664
661	662
661	663
661	664
661	665
662	663
662	664
662	665
662	666
663	664
663	665
663	666
663	667
664	665
664	666
664	667
664	668
665	666
665	667
665	668
665	669
666	667
666	668
666	669
666	670
667	668
667	669
667	670
668	669
668	670
668	671
668	672
669	670
669	671
669	672
670	671
670	672
670	674
671	672
671	673
671	674
671	700
671	702
672	673
672	674
672	702
672	703
672	704
673	674
673	675
673	702
673	703
673	704
673	705
673	706
673	707
674	675
674	676
674	702
674	703
674	704
674	706
674	707
675	676
675	677
675	702
675	703
675	707
676	677
676	678
676	697
676	702
677	678
677	679
678	679
678	680
678	693
679	680
679	681
680	681
680	682
680	689
681	682
681	849
682	683
682	684
683	684
683	685
684	685
684	686
684	688
684	689
685	686
685	687
685	688
685	689
686	687
686	688
686	689
686	690
687	688
687	689
687	690
687	691
688	689
688	690
688	691
688	692
689	690
689	691
689	692
689	693
690	691
690	692
690	693
690	694
691	692
691	693
691	694
691	695
692	693
692	694
692	695
692	696
693	694
693	695
693	696
693	697
694	695
694	696
694	697
694	698
695	696
695	697
695	698
695	699
696	697
696	698
696	699
696	700
697	698
697	699
697	700
697	701
697	702
698	699
698	700
698	701
699	700
699	701
700	701
700	702
701	702
701	703
702	703
702	704
703	704
703	705
704	705
704	706
705	706
705	707
706	707
706	708
707	708
708	709
708	710
709	710
709	711
709	934
709	935
710	711
710	712
710	934
710	935
711	712
711	713
711	932
711	933
711	934
711	935
712	713
712	714
712	785
712	786
712	932
712	933
712	934
713	714
713	715
713	785
713	930
713	931
713	932
713	933
714	715
714	716
714	785
714	930
714	931
714	932
714	933
715	716
715	717
715	741
715	894
715	895
716	717
716	741
717	718
717	719
717	741
717	893
717	894
718	719
718	720
718	893
718	894
718	895
719	720
719	721
719	894
719	895
719	896
720	721
720	722
720	895
720	896
720	897
720	916
720	917
720	918
721	722
721	723
721	896
721	897
721	898
721	917
721	918
721	919
721	920
722	723
722	724
722	897
722	898
722	899
722	917
722	918
722	919
722	920
723	724
723	725
723	898
723	899
723	900
723	919
723	920
724	725
724	726
724	899
724	900
724	901
725	726
725	727
725	900
725	901
725	902
726	727
726	728
726	901
726	902
726	903
726	904
727	728
727	729
727	731
727	732
727	901
727	902
727	903
727	904
728	729
728	903
728	904
729	730
729	731
729	903
729	904
730	731
730	732
730	797
730	903
730	904
730	905
731	732
731	733
731	795
731	796
731	797
731	798
731	903
732	733
732	795
732	796
732	797
732	799
732	800
732	801
732	901
732	902
732	903
733	734
733	735
733	794
733	795
733	796
733	801
733	900
733	901
733	902
734	735
734	736
734	793
734	794
734	795
734	801
734	804
734	898
734	899
734	900
734	901
735	736
735	737
735	791
735	792
735	793
735	794
735	898
735	899
735	900
736	737
736	738
736	791
736	792
736	793
736	897
736	898
736	899
737	738
737	739
737	790
737	791
737	792
737	896
737	897
737	898
738	739
738	740
738	789
738	790
738	791
738	888
738	889
738	895
738	896
738	897
739	740
739	741
739	783
739	784
739	787
739	788
739	789
739	790
739	888
739	894
739	895
739	896
740	741
740	742
740	789
740	887
740	888
740	892
740	893
740	894
740	895
741	742
741	743
741	893
741	894
742	743
742	744
743	744
743	745
743	747
743	748
744	745
744	746
744	747
744	748
744	787
745	746
745	747
745	748
745	749
745	786
745	787
745	788
746	747
746	748
746	749
746	750
746	868
746	869
747	748
747	749
747	750
747	751
747	869
747	872
748	749
748	750
748	751
748	752
748	787
748	788
748	789
749	750
749	751
749	752
749	753
749	788
749	869
750	751
750	752
750	753
750	754
750	869
750	872
750	873
751	752
751	753
751	754
751	755
751	881
752	753
752	754
752	755
752	756
752	781
752	788
752	789
752	790
753	754
753	755
753	756
753	757
753	781
754	755
754	756
754	757
754	758
754	831
754	834
755	756
755	757
755	758
755	759
756	757
756	758
756	759
756	760
756	779
756	780
756	781
757	758
757	759
757	760
758	759
758	760
758	761
759	760
759	761
759	762
759	763
759	779
760	761
760	762
760	763
760	764
760	778
760	779
760	780
761	762
761	763
761	764
762	763
762	764
762	765
763	764
763	765
763	766
763	778
763	779
764	765
764	766
764	767
764	768
764	777
764	778
765	766
765	767
765	768
765	769
765	770
766	767
766	768
766	769
766	770
766	771
766	772
767	768
767	769
767	770
767	771
767	772
767	773
767	774
767	777
768	769
768	770
768	771
769	770
769	771
770	771
770	772
771	772
771	773
772	773
772	796
772	798
773	774
773	775
773	776
773	777
773	794
773	795
773	796
774	775
774	776
775	776
775	777
776	777
776	778
776	794
776	795
777	778
777	793
777	794
777	795
778	779
778	780
778	792
778	793
778	794
779	780
779	791
779	792
779	793
780	781
780	782
780	790
780	791
780	792
781	782
781	788
781	789
781	790
781	791
782	783
782	788
782	789
782	790
782	791
783	784
783	785
783	786
783	787
783	788
783	789
784	785
784	786
784	787
784	788
785	786
785	787
786	787
786	788
787	788
787	789
788	789
789	790
789	888
790	791
790	792
791	792
791	793
792	793
792	794
793	794
794	795
794	796
795	796
795	797
796	797
796	798
796	799
797	798
797	799
798	799
798	800
799	800
799	801
799	803
799	804
800	801
800	802
800	803
800	804
800	902
801	802
801	803
801	804
801	805
801	900
801	901
801	902
801	911
801	912
802	803
802	804
802	805
802	806
802	910
802	911
802	912
803	804
803	805
803	806
803	807
804	805
804	806
804	807
804	808
805	806
805	807
805	808
805	809
806	807
806	808
806	809
806	810
807	808
807	809
807	810
807	811
808	809
808	810
808	811
808	812
809	810
809	811
809	812
810	811
810	812
810	813
811	812
811	813
811	814
811	815
812	813
812	814
812	815
812	816
812	890
813	814
813	815
813	816
813	817
813	890
814	815
814	816
814	817
814	818
815	816
815	817
815	818
815	819
816	817
816	818
816	819
816	820
816	882
816	885
816	886
817	818
817	819
817	820
817	821
818	819
818	820
818	821
818	822
819	820
819	821
819	822
819	878
819	882
820	821
820	822
820	878
820	879
820	882
821	822
821	823
822	823
822	824
822	826
822	827
822	878
823	824
823	825
823	826
823	827
824	825
824	826
824	827
824	828
825	826
825	827
825	828
825	829
826	827
826	828
826	829
826	830
827	828
827	829
827	830
827	831
828	829
828	830
828	831
828	832
829	830
829	831
829	832
829	833
830	831
830	832
830	833
830	834
831	832
831	833
831	834
831	835
831	873
831	874
832	833
832	834
832	835
832	836
833	834
833	835
833	836
833	837
834	835
834	836
834	837
834	838
835	836
835	837
835	838
835	839
835	870
836	837
836	838
836	839
836	840
837	838
837	839
837	840
838	839
838	840
839	840
839	841
840	841
840	842
841	842
841	843
842	843
842	844
842	847
842	848
843	844
843	847
844	845
844	846
844	847
844	848
845	846
845	847
845	848
845	849
846	847
846	848
846	849
846	850
847	848
847	849
847	850
847	851
848	849
848	850
848	851
848	852
849	850
849	851
849	852
849	853
850	851
850	852
850	853
851	852
851	853
852	853
852	854
852	855
852	856
853	854
853	855
853	856
853	857
854	855
854	856
854	857
854	858
855	856
855	857
855	858
855	859
855	860
855	861
855	863
855	865
856	857
856	858
856	859
856	860
856	861
857	858
857	859
858	859
858	860
858	935
859	860
859	861
860	861
860	862
860	863
861	862
861	863
862	863
862	864
863	864
863	865
864	865
864	866
864	867
864	868
865	866
865	867
865	868
865	869
866	867
866	868
866	869
866	870
867	868
867	869
867	870
867	871
868	869
868	870
868	871
868	872
869	870
869	871
869	872
869	873
870	871
870	872
870	873
870	874
871	872
871	873
871	874
871	875
872	873
872	874
872	875
872	876
873	874
873	875
873	876
874	875
874	876
875	876
875	877
876	877
876	880
876	881
877	878
877	879
877	880
877	881
878	879
878	880
878	881
878	882
879	880
879	881
879	882
879	883
880	881
880	882
880	883
880	884
881	882
881	883
881	884
881	885
882	883
882	884
882	885
882	886
883	884
883	885
883	886
883	887
884	885
884	886
884	887
884	888
885	886
885	887
885	888
885	889
885	890
886	887
886	888
886	889
886	890
886	891
887	888
887	889
887	890
887	891
887	892
887	893
888	889
888	890
888	891
888	892
888	893
888	894
889	890
889	891
889	892
890	891
890	892
891	892
891	893
892	893
892	894
892	896
893	894
894	895
894	896
895	896
895	897
896	897
896	898
897	898
897	899
898	899
898	900
899	900
899	901
900	901
900	902
901	902
901	903
902	903
902	904
902	909
902	910
902	911
903	904
903	905
903	909
904	905
904	906
904	909
905	906
905	907
905	908
905	909
906	907
906	908
906	909
907	908
907	909
908	909
908	910
909	910
909	911
910	911
910	912
911	912
911	913
912	913
912	914
913	914
913	915
914	915
914	916
914	917
915	916
915	917
916	917
916	918
917	918
917	919
918	919
918	920
919	920
919	921
920	921
920	922
920	926
921	922
921	925
922	923
922	924
922	925
922	926
923	924
923	925
923	926
923	927
924	925
924	926
924	927
924	928
925	926
925	927
925	928
926	927
926	928
926	929
926	930
927	928
927	929
927	930
928	929
928	930
929	930
929	931
930	931
930	932
931	932
931	933
932	933
933	934
933	935
934	935
934	936
935	936
