0	1
0	2
0	4
0	5
1	2
1	3
1	4
1	5
1	47
2	3
2	4
2	5
2	6
2	45
2	46
2	47
3	4
3	5
3	6
3	7
3	17
3	45
4	5
4	6
4	7
4	8
4	17
5	6
5	7
5	8
5	9
6	7
6	8
6	9
7	8
7	9
7	12
7	13
7	15
7	16
7	17
8	9
8	10
8	12
8	13
9	10
9	11
9	12
10	11
10	12
10	13
11	12
11	13
11	131
11	132
12	13
12	14
12	15
13	14
13	15
13	89
14	15
14	16
14	89
14	90
15	16
15	17
16	17
16	18
16	81
17	18
17	19
18	19
18	20
18	69
18	72
19	20
19	21
19	22
19	23
20	21
20	22
20	23
20	24
20	46
21	22
21	23
21	24
21	25
22	23
22	24
22	25
22	28
23	24
23	25
23	26
23	28
23	29
24	25
24	26
25	26
25	27
25	28
26	27
26	28
26	29
27	28
27	29
27	30
28	29
28	30
29	30
29	31
29	32
29	68
30	31
30	32
31	32
31	33
31	34
31	35
32	33
32	34
32	35
32	36
33	34
33	35
33	36
33	39
34	35
34	36
35	36
36	37
36	38
36	39
36	61
36	64
37	38
37	39
37	61
38	39
38	40
38	41
38	42
38	58
38	61
39	40
39	41
39	42
39	43
40	41
40	42
40	43
40	44
41	42
41	43
41	44
41	50
41	58
42	43
42	44
42	45
42	58
42	59
42	61
42	62
43	44
43	45
43	46
43	62
44	45
44	46
44	47
44	48
44	50
45	46
45	47
45	62
46	47
46	48
47	48
47	49
48	49
48	50
49	50
49	51
50	51
52	53
52	54
52	55
52	56
53	54
53	55
53	56
54	55
54	56
54	57
54	58
55	56
55	57
55	58
55	59
56	57
56	58
56	59
56	60
57	58
57	59
57	60
57	61
58	59
58	60
58	61
58	62
59	60
59	61
59	62
59	63
60	61
60	62
60	63
61	62
61	63
61	64
62	63
62	64
62	65
63	64
63	65
63	66
64	65
64	66
64	67
64	68
65	66
65	67
65	68
65	69
66	67
66	68
66	69
66	70
66	139
67	68
67	69
67	70
67	71
67	139
68	69
68	70
68	71
68	72
69	70
69	71
69	72
69	73
69	139
69	140
70	71
70	72
70	73
70	138
70	139
70	140
70	141
71	72
71	73
71	74
72	73
72	74
72	75
72	78
73	74
73	75
73	78
73	79
73	144
74	75
74	76
74	78
74	79
74	144
75	76
75	77
75	78
75	79
76	77
76	78
76	79
76	80
77	78
77	79
77	80
77	81
78	79
78	80
78	81
79	80
79	81
79	82
79	147
80	81
80	82
80	83
81	82
81	83
81	84
82	83
82	84
82	85
82	86
83	84
83	85
83	86
83	87
84	85
84	86
84	87
84	88
84	89
85	86
85	87
85	88
85	89
85	90
85	102
85	103
86	87
86	88
87	88
87	89
88	89
88	90
88	91
88	92
88	102
89	90
89	91
90	91
90	92
90	103
90	104
91	92
91	93
91	102
92	93
92	94
92	100
92	101
92	102
93	94
93	95
93	98
93	100
93	101
93	102
93	119
94	95
94	96
94	100
95	96
95	97
95	98
96	97
96	98
96	99
97	98
97	99
98	99
98	100
98	101
98	121
98	122
99	100
99	101
100	101
100	102
101	102
101	121
102	119
103	104
103	105
103	117
103	118
103	119
103	145
104	105
104	115
104	116
104	117
104	118
104	140
105	106
105	107
105	115
105	116
105	117
105	118
105	137
105	140
105	141
105	142
105	144
105	145
106	107
106	108
106	109
106	115
106	116
106	137
106	138
106	140
106	141
106	142
107	108
107	114
107	137
107	142
108	109
108	110
108	113
108	114
108	137
108	138
108	141
108	142
109	110
109	111
109	138
109	141
109	142
110	111
110	112
110	113
110	138
111	112
111	113
111	136
111	138
112	113
112	114
112	136
113	114
114	115
114	136
114	137
115	116
115	117
115	135
115	136
115	137
116	117
116	118
116	124
116	125
116	126
116	127
116	137
117	118
117	119
117	124
117	125
117	126
117	127
118	119
118	120
118	123
118	124
118	125
119	120
119	121
119	122
119	123
119	124
120	121
120	122
120	154
120	155
121	122
121	155
121	157
122	123
123	124
123	125
124	125
125	126
125	127
126	127
126	128
127	128
127	129
127	132
128	129
128	130
129	130
129	131
129	132
130	131
130	132
130	133
131	132
131	133
132	133
132	134
132	135
133	134
133	135
134	135
134	136
135	136
135	137
136	137
136	138
136	139
137	138
137	139
137	140
137	141
138	139
138	140
138	141
139	140
139	141
140	141
140	144
141	142
141	143
141	144
142	143
142	144
143	144
143	145
143	146
144	145
144	146
144	147
145	146
145	147
145	148
146	147
146	148
147	148
147	149
147	150
148	149
148	150
148	151
148	153
148	154
149	150
149	151
150	151
150	152
150	153
151	152
151	153
151	154
152	153
152	154
153	154
153	155
154	155
154	156
155	156
155	157
156	157
156	158
157	158
