0	1
0	2
1	2
1	3
2	3
2	4
2	8
3	4
3	5
3	6
4	5
4	6
4	7
4	8
4	9
5	6
5	7
6	7
6	8
7	8
7	9
7	17
7	18
7	19
8	9
8	15
8	16
8	17
8	18
9	10
9	11
9	15
9	16
9	17
9	18
10	11
10	12
10	13
10	14
10	15
10	16
11	12
11	13
11	14
11	15
11	16
12	13
12	14
13	14
13	15
14	15
14	16
15	16
16	17
16	18
17	18
17	19
18	19
18	20
19	20
19	23
19	24
20	21
20	22
20	23
21	22
21	23
22	23
22	40
22	41
22	42
23	24
23	38
23	39
23	40
23	41
24	25
24	26
24	38
24	39
24	40
24	41
25	26
25	27
25	36
25	37
25	38
25	39
26	27
26	28
26	29
26	36
26	37
26	38
26	39
27	28
27	29
27	32
27	33
27	36
28	29
28	30
28	32
29	30
29	31
29	32
29	36
30	31
30	32
31	32
31	33
31	34
31	35
32	33
32	34
32	35
32	36
33	34
33	35
33	36
34	35
34	36
35	36
35	37
36	37
36	38
37	38
37	39
38	39
38	40
39	40
39	41
40	41
40	42
41	42
42	43
42	46
43	44
43	45
43	46
44	45
44	46
45	46
45	47
45	56
45	57
46	47
46	54
46	55
46	56
46	57
47	48
47	49
47	54
47	55
47	56
47	57
48	49
48	50
48	52
48	53
48	54
48	55
49	50
49	51
49	52
49	53
49	54
49	55
50	51
50	52
51	52
51	53
52	53
52	54
53	54
53	55
54	55
55	56
55	57
56	57
56	58
57	58
57	59
58	59
58	62
58	63
59	60
59	61
59	62
60	61
60	62
60	78
60	79
61	62
61	72
61	73
61	74
61	78
61	80
62	63
62	70
62	71
62	72
62	73
62	74
63	64
63	65
63	70
63	71
63	72
63	73
63	74
64	65
64	66
64	68
64	69
64	70
64	71
65	66
65	67
65	68
65	69
65	70
65	71
66	67
66	68
67	68
67	69
68	69
68	70
69	70
69	71
70	71
71	72
71	73
72	73
73	74
73	75
74	75
74	76
74	77
74	78
75	76
75	77
75	164
76	77
76	78
76	163
76	164
77	78
77	79
77	162
77	163
77	164
78	79
78	80
78	81
78	161
78	162
78	163
79	80
79	81
79	161
79	162
80	81
80	82
80	107
80	108
81	82
81	83
81	105
81	106
81	107
81	108
81	161
81	162
82	83
82	105
82	106
82	107
82	160
82	161
82	162
83	84
83	85
83	104
83	105
83	106
83	159
83	160
83	161
83	162
84	85
84	86
84	88
84	103
84	104
84	105
84	158
84	159
84	160
85	86
85	87
85	88
85	165
85	166
85	167
86	87
86	88
86	103
86	165
87	88
87	89
88	89
88	90
88	91
88	101
88	102
88	103
89	90
89	91
89	101
90	91
90	92
90	98
90	99
90	100
90	101
91	92
91	98
91	100
91	101
91	102
91	154
91	155
92	93
92	94
92	98
92	99
92	100
92	101
92	102
92	153
92	154
92	155
93	94
93	95
93	96
93	97
93	98
93	99
93	100
93	153
93	154
94	95
94	96
94	99
94	100
94	129
94	136
94	137
94	138
94	153
95	96
95	129
95	130
96	97
96	98
96	99
97	98
97	99
98	99
98	100
99	100
99	121
99	122
99	123
100	101
100	102
100	119
100	120
100	121
100	122
101	102
101	103
101	119
101	120
101	121
101	122
102	103
102	104
102	118
102	119
102	120
103	104
103	105
103	117
103	118
103	119
104	105
104	106
104	116
104	117
104	118
105	106
105	107
105	115
105	116
105	117
106	107
106	108
106	113
106	114
106	115
107	108
107	109
107	113
107	114
107	115
108	109
108	110
108	112
108	113
108	114
108	178
109	110
109	111
109	112
109	113
109	114
110	111
110	112
111	112
111	260
111	261
111	263
112	113
112	114
112	258
112	259
112	260
112	261
113	114
113	115
113	178
113	258
113	259
113	260
113	261
114	115
114	257
114	258
114	259
115	116
115	117
115	256
115	257
115	258
116	117
116	254
116	255
116	256
116	257
117	118
117	254
117	255
117	256
118	119
118	252
118	253
118	254
118	255
119	120
119	121
119	251
119	252
120	121
120	122
120	250
120	251
120	252
121	122
121	123
121	124
121	249
121	250
121	251
122	123
122	124
123	124
124	125
124	126
124	128
124	249
125	126
125	127
125	128
125	246
125	247
125	248
125	249
125	250
126	127
126	128
126	129
126	130
126	245
126	246
126	247
126	248
126	249
126	250
127	128
127	129
127	130
127	131
127	246
127	247
128	129
128	130
129	130
129	131
130	131
130	132
130	133
130	134
130	135
131	132
131	133
132	133
132	134
133	134
133	135
134	135
134	239
134	240
134	241
134	242
135	136
135	137
135	237
135	238
135	239
135	240
136	137
136	138
136	237
136	238
136	239
137	138
137	139
137	235
137	236
137	237
137	238
138	139
138	153
138	235
138	236
138	237
139	140
139	141
139	152
139	153
139	234
139	235
139	236
140	141
140	142
140	148
140	152
140	153
140	154
140	233
140	234
140	235
141	142
141	143
141	148
141	149
141	151
141	152
141	222
141	223
141	230
141	232
141	233
141	234
142	143
142	144
142	146
142	147
142	148
142	149
142	230
142	231
142	232
142	233
143	144
143	145
143	146
143	147
143	148
143	149
143	230
143	231
143	232
144	145
144	146
144	231
145	146
145	147
145	173
145	174
145	175
145	176
146	147
146	148
146	174
146	175
146	176
146	179
147	148
147	149
147	173
147	174
147	175
148	149
148	150
148	156
149	150
149	151
149	152
150	151
150	152
151	152
151	153
152	153
152	154
153	154
153	155
154	155
154	156
155	156
155	157
156	157
156	158
156	159
157	158
157	159
158	159
158	160
158	167
159	160
160	161
160	162
160	167
160	168
160	171
160	172
161	162
161	163
161	167
161	168
162	163
162	164
162	166
162	167
162	168
163	164
163	165
163	166
163	167
163	168
164	165
164	166
165	166
166	167
167	168
167	169
168	169
168	170
168	171
169	170
169	171
170	171
170	172
171	172
171	173
172	173
172	174
173	174
174	175
174	176
175	176
175	177
175	178
175	179
176	177
176	178
176	179
176	262
176	263
177	178
177	179
177	261
177	262
177	263
178	179
178	180
178	261
178	262
179	180
179	181
179	232
179	261
179	262
180	181
180	182
180	185
180	217
180	218
180	232
180	259
180	260
180	261
180	262
181	182
181	183
181	184
181	185
181	260
181	261
181	262
182	183
182	184
182	185
182	186
182	187
182	262
183	184
183	185
183	186
184	185
184	186
185	186
185	187
185	194
185	195
185	217
185	218
185	219
186	187
186	188
186	218
186	219
187	188
187	218
187	219
187	220
187	222
188	189
188	190
188	219
188	220
189	190
189	191
189	219
189	220
190	191
190	192
190	220
191	192
191	193
191	220
192	193
192	194
192	195
193	194
193	195
193	196
194	195
194	196
195	196
195	216
195	217
195	218
195	219
196	197
196	198
196	214
196	215
196	216
196	217
197	198
197	199
197	214
197	215
197	216
198	199
198	212
198	213
198	214
198	215
199	200
199	201
199	212
199	213
199	214
200	201
200	202
200	210
200	211
200	212
200	213
201	202
201	203
201	210
201	211
201	212
201	213
202	203
202	204
202	205
202	206
202	207
202	209
202	210
202	211
203	204
203	205
203	206
203	209
203	210
203	211
203	251
203	252
204	205
204	206
204	251
204	252
204	253
205	206
205	207
205	253
206	207
206	208
206	209
207	208
207	209
207	210
208	209
208	210
209	210
209	211
210	211
210	212
211	212
211	213
211	238
211	239
211	240
212	213
212	214
212	238
212	239
212	240
213	214
213	215
213	237
213	238
213	239
214	215
214	216
214	236
214	237
214	238
215	216
215	217
215	235
215	236
215	237
216	217
216	218
216	220
216	221
216	234
216	235
216	236
217	218
217	219
217	221
217	233
217	234
217	235
218	219
218	220
218	221
218	222
218	232
218	233
218	234
219	220
219	221
219	222
220	221
220	222
221	222
221	223
221	233
221	234
221	235
222	223
222	224
222	230
222	232
222	233
223	224
223	225
223	228
223	229
223	230
224	225
224	226
224	228
224	229
224	230
225	226
225	227
225	228
225	229
226	227
226	228
226	229
227	228
227	229
228	229
228	230
229	230
229	231
230	231
230	232
230	233
231	232
231	233
232	233
233	234
233	235
234	235
235	236
235	237
236	237
236	238
237	238
237	239
238	239
239	240
240	241
240	242
241	242
241	243
241	244
242	243
242	244
243	244
243	245
243	246
244	245
244	246
245	246
245	247
245	248
246	247
246	248
247	248
247	249
248	249
248	250
249	250
249	251
250	251
250	252
251	252
251	253
252	253
252	254
253	254
253	255
254	255
254	256
255	256
255	257
256	257
257	258
258	259
259	260
259	261
260	261
260	262
261	262
261	263
262	263
