0	1
0	2
0	98
0	99
0	210
0	211
1	2
1	3
1	97
1	98
1	99
1	211
2	3
2	4
2	96
2	97
2	98
2	214
2	215
3	4
3	95
3	96
3	97
3	214
3	215
3	216
3	217
4	5
4	6
4	94
4	95
4	96
4	214
4	215
4	216
4	217
5	6
5	7
5	93
5	94
5	95
5	216
5	217
5	218
6	7
6	8
6	92
6	93
6	94
7	8
7	9
7	10
7	92
7	93
8	9
8	10
9	10
9	11
10	11
10	12
11	12
11	13
11	15
11	16
12	13
12	14
12	15
12	16
13	14
13	15
13	16
13	17
14	15
14	16
14	17
14	18
15	16
15	17
15	18
15	19
16	17
16	18
16	19
16	20
17	18
17	19
17	20
17	21
18	19
18	20
18	21
19	20
19	21
19	22
19	48
20	21
20	22
20	23
20	28
21	22
21	23
22	23
22	24
22	62
22	63
23	24
23	25
23	27
23	28
23	63
24	25
24	26
24	27
24	28
25	26
25	27
25	28
25	29
26	27
26	28
26	29
26	30
27	28
27	29
27	30
27	31
28	29
28	30
28	31
28	32
29	30
29	31
29	32
29	33
30	31
30	32
30	33
30	34
31	32
31	33
31	34
31	40
31	43
31	44
32	33
32	34
32	40
33	34
33	35
34	35
34	36
34	37
34	39
34	40
35	36
35	37
36	37
36	38
36	39
36	40
37	38
37	39
37	40
37	41
38	39
38	40
38	41
38	42
39	40
39	41
39	42
39	43
40	41
40	42
40	43
40	44
41	42
41	43
41	44
41	45
42	43
42	44
42	45
42	46
42	89
42	94
43	44
43	45
43	46
43	47
44	45
44	46
44	47
44	48
45	46
45	47
45	48
45	49
45	94
46	47
46	48
46	49
46	50
46	87
46	94
47	48
47	49
47	50
47	51
48	49
48	50
48	51
48	52
49	50
49	51
49	52
49	53
49	222
50	51
50	52
50	53
50	54
51	52
51	53
51	54
51	55
51	62
51	65
52	53
52	54
52	55
52	56
52	62
52	222
53	54
53	55
53	56
53	57
54	55
54	56
54	57
54	58
54	83
55	56
55	57
55	58
55	59
55	60
55	61
55	62
55	65
56	57
56	58
56	59
56	60
57	58
57	59
58	59
58	60
59	60
59	61
60	61
60	62
60	64
61	62
61	63
61	64
61	227
62	63
62	64
62	65
63	64
63	65
64	65
64	66
65	66
65	67
66	67
66	68
66	77
67	68
67	75
67	76
67	77
67	78
68	69
68	70
68	75
68	76
68	77
68	78
69	70
69	71
69	73
69	74
69	75
69	76
70	71
70	72
70	73
70	74
70	75
71	72
71	73
72	73
72	74
72	157
72	158
72	159
73	74
73	75
74	75
74	76
74	157
75	76
76	77
76	78
76	84
77	78
77	79
77	80
77	81
78	79
78	80
78	81
79	80
79	81
80	81
80	82
80	83
81	82
81	83
82	83
82	84
82	100
82	101
83	84
83	85
83	99
83	100
84	85
84	98
84	99
84	100
84	101
84	102
84	103
85	86
85	87
85	96
85	97
85	98
85	99
85	102
85	103
86	87
86	88
86	96
86	97
86	98
86	103
86	104
86	105
87	88
87	89
87	95
87	96
87	97
87	105
88	89
88	90
88	94
88	95
88	96
88	105
88	106
88	107
89	90
89	91
89	93
89	94
89	95
89	107
90	91
90	92
90	93
90	94
90	107
90	108
90	109
91	92
91	93
91	109
92	93
92	94
93	94
93	95
94	95
95	96
96	97
96	98
96	105
97	98
97	99
97	103
97	105
98	99
99	100
99	101
99	102
99	103
100	101
101	102
101	103
101	206
102	103
102	155
102	205
102	206
103	104
103	105
103	155
103	204
103	205
103	206
104	105
104	151
104	152
104	154
104	155
104	203
104	204
104	205
105	106
105	107
105	151
105	154
105	202
105	203
105	204
106	107
106	108
106	147
106	150
106	151
106	201
106	202
106	203
107	108
107	109
107	147
107	199
107	200
107	201
107	202
108	109
108	110
108	143
108	147
108	199
108	200
108	201
109	110
109	111
109	198
109	199
109	200
110	111
110	139
110	140
110	143
110	198
110	199
110	200
111	112
111	113
111	139
112	113
112	114
112	139
113	114
113	115
113	139
114	115
114	116
114	118
115	116
115	117
115	118
115	119
116	117
116	118
116	119
116	120
117	118
117	119
117	120
117	121
117	122
118	119
118	120
118	121
118	122
118	127
119	120
119	121
119	122
119	127
120	121
120	122
121	122
121	123
122	123
122	124
122	126
122	127
123	124
123	125
123	126
123	127
124	125
124	126
124	127
124	128
125	126
125	127
125	128
125	129
126	127
126	128
126	129
126	130
127	128
127	129
127	130
127	131
128	129
128	130
128	131
128	132
129	130
129	131
129	132
129	133
130	131
130	132
130	133
130	138
130	141
130	142
131	132
131	133
132	133
132	134
133	134
133	135
133	137
133	138
134	135
134	136
134	137
134	138
135	136
135	137
135	138
136	137
136	138
136	139
137	138
137	139
137	140
137	141
138	139
138	140
138	141
138	142
139	140
139	141
139	142
139	143
140	141
140	142
140	143
140	144
141	142
141	143
141	144
141	145
142	143
142	144
142	145
142	146
143	144
143	145
143	146
143	147
143	200
144	145
144	146
144	147
144	148
144	200
145	146
145	147
145	148
145	149
146	147
146	148
146	149
146	150
147	148
147	149
147	150
147	151
147	200
147	201
147	202
148	149
148	150
148	151
148	152
148	202
149	150
149	151
149	152
149	153
150	151
150	152
150	153
150	154
151	152
151	153
151	154
151	155
151	202
151	203
151	204
152	153
152	154
152	155
152	156
152	204
153	154
153	155
153	156
153	157
153	159
153	160
154	155
154	156
154	157
155	156
155	157
155	204
155	205
156	157
156	158
157	158
157	159
158	159
158	160
158	161
158	162
159	160
159	161
160	161
160	162
161	162
161	163
162	163
162	164
162	166
163	164
163	165
164	165
164	166
165	166
165	167
166	167
166	181
166	182
166	183
167	168
167	169
167	179
167	180
167	181
167	182
167	183
168	169
168	170
168	179
168	180
168	181
169	170
169	171
169	177
169	178
169	179
169	180
170	171
170	172
170	177
170	178
170	179
170	180
171	172
171	173
171	175
171	176
171	177
171	178
172	173
172	174
172	175
172	176
172	177
173	174
173	175
173	176
174	175
174	176
175	176
175	177
176	177
176	178
177	178
177	179
178	179
178	180
179	180
179	181
180	181
180	182
180	183
181	182
181	183
182	183
182	184
182	186
182	187
183	184
183	185
183	186
183	187
184	185
184	186
184	187
185	186
185	187
186	187
186	188
187	188
187	189
187	206
188	189
188	190
188	204
188	205
188	206
188	207
189	190
189	191
189	204
189	205
189	206
189	207
189	208
190	191
190	192
190	202
190	203
190	204
190	205
191	192
191	193
191	202
191	203
191	204
192	193
192	194
192	201
192	202
192	203
193	194
193	195
193	201
193	202
194	195
194	196
194	197
194	200
194	201
195	196
195	197
196	197
196	198
196	199
197	198
197	199
198	199
199	200
199	201
200	201
201	202
202	203
202	204
203	204
203	205
204	205
205	206
205	207
205	208
206	207
207	208
207	209
208	209
208	210
209	210
209	211
210	211
210	212
211	212
211	213
212	213
213	214
213	215
214	215
214	216
215	216
215	217
216	217
216	218
217	218
217	219
217	221
218	219
218	220
218	221
218	222
219	220
219	221
219	222
219	223
220	221
220	222
220	223
220	224
221	222
221	223
221	224
222	223
222	224
223	224
223	225
224	225
224	226
225	226
225	227
226	227
