0	1
0	2
0	37
1	2
1	3
1	37
1	38
1	39
2	3
2	4
2	37
2	38
2	39
3	4
3	38
3	39
3	40
4	5
4	6
4	38
4	39
4	40
5	6
5	7
5	40
5	41
6	7
6	8
6	40
6	41
6	42
7	8
7	9
7	40
8	9
8	10
8	12
8	33
8	40
9	10
9	11
9	12
10	11
10	12
11	12
11	13
12	13
12	14
12	33
12	34
12	35
12	56
13	14
13	15
13	33
13	34
13	35
13	55
13	56
13	57
13	113
13	116
13	117
14	15
14	16
14	32
14	33
14	34
14	55
14	56
14	57
14	113
15	16
15	31
15	32
15	33
15	57
15	109
15	110
15	112
15	113
16	17
16	18
16	30
16	31
16	32
16	109
16	112
17	18
17	19
17	28
17	29
17	30
17	31
17	107
17	109
18	19
18	20
18	21
18	26
18	27
18	28
18	29
19	20
19	26
19	27
19	28
19	29
20	21
20	22
20	26
21	22
21	23
21	26
22	23
22	24
22	25
22	26
23	24
23	25
23	26
23	62
23	63
23	65
23	66
24	25
24	26
24	65
24	66
24	69
25	26
25	27
26	27
26	28
27	28
27	29
28	29
28	30
28	45
28	46
29	30
30	31
30	32
30	45
30	109
31	32
31	41
31	42
31	45
31	109
32	33
32	40
32	41
32	42
32	109
32	110
32	113
33	34
33	35
33	39
33	40
33	41
33	110
33	113
34	35
34	38
34	39
34	40
34	113
34	114
34	117
35	36
35	37
35	38
35	39
36	37
36	38
37	38
38	39
39	40
39	41
39	110
39	114
40	41
40	42
41	42
41	43
41	110
42	43
42	44
42	45
42	48
43	44
43	45
44	45
44	46
44	47
44	48
45	46
45	47
45	48
45	49
46	47
46	48
46	49
47	48
47	49
47	50
48	49
48	50
48	51
49	50
49	51
49	52
50	51
50	52
51	52
51	53
52	53
52	54
53	54
53	74
54	55
54	56
54	74
54	75
54	76
54	77
55	56
55	57
55	60
55	64
55	74
55	75
55	76
55	77
56	57
56	60
56	76
56	77
56	78
56	79
57	58
57	59
57	60
57	78
57	79
57	80
57	113
57	116
57	117
58	59
58	60
58	79
58	80
58	81
58	116
59	60
59	61
59	62
59	63
59	79
60	61
60	62
60	63
60	64
60	76
60	77
60	79
61	62
61	63
61	64
61	65
61	76
61	145
61	146
61	149
62	63
62	64
62	65
62	66
63	64
63	65
63	66
63	67
64	65
64	66
64	67
64	68
64	74
64	75
64	76
64	149
65	66
65	67
65	68
65	69
65	149
65	150
65	152
65	153
66	67
66	68
66	69
66	70
67	68
67	69
67	70
67	71
67	72
67	73
67	74
68	69
68	70
68	71
68	72
68	73
68	153
69	70
69	71
69	153
70	71
70	72
71	72
71	73
72	73
72	74
73	74
73	75
74	75
74	76
75	76
75	77
75	146
76	77
76	145
76	146
77	78
77	79
77	142
78	79
78	80
78	142
79	80
79	81
79	82
80	81
80	82
80	83
80	84
80	116
80	119
80	120
80	123
81	82
81	83
81	84
81	85
81	94
82	83
82	84
82	85
82	86
82	141
82	274
83	84
83	85
83	86
83	87
83	123
83	124
83	137
84	85
84	86
84	87
84	88
84	91
84	97
84	123
85	86
85	87
85	88
85	89
85	90
85	91
85	92
85	274
86	87
86	88
86	89
86	133
86	433
87	88
87	89
88	89
88	90
88	91
88	434
88	435
89	90
89	91
89	92
89	276
89	277
89	435
90	91
90	92
90	277
91	92
91	93
91	96
91	97
92	93
92	274
92	275
93	94
93	95
93	96
93	97
94	95
94	96
94	97
94	98
94	105
95	96
95	97
95	98
95	99
95	104
95	105
96	97
96	98
96	99
96	100
97	98
97	99
97	100
97	101
98	99
98	100
98	101
98	102
98	103
98	104
98	105
99	100
99	101
99	102
99	103
99	104
100	101
100	102
101	102
101	103
101	119
102	103
102	119
103	104
103	105
103	115
104	105
104	106
105	106
105	112
106	107
106	108
106	111
106	112
107	108
107	109
108	109
108	110
108	111
108	112
109	110
109	111
109	112
109	113
110	111
110	112
110	113
110	114
111	112
111	113
111	114
111	115
112	113
112	114
112	115
112	116
113	114
113	115
113	116
113	117
114	115
114	116
114	117
114	118
115	116
115	117
115	118
115	119
116	117
116	118
116	119
116	120
117	118
117	119
117	120
117	121
118	119
118	120
118	121
118	122
119	120
119	121
119	122
119	123
120	121
120	122
120	123
120	124
121	122
121	123
121	124
121	125
122	123
122	124
122	125
122	126
123	124
123	125
123	126
123	127
124	125
124	126
124	127
124	128
125	126
125	127
125	128
126	127
126	128
127	128
127	129
127	130
127	134
128	129
128	130
129	130
129	131
130	131
130	132
130	133
130	134
131	132
131	133
131	134
131	135
132	133
132	134
132	135
132	136
132	431
132	432
133	134
133	135
133	136
133	137
133	432
133	433
134	135
134	136
134	137
134	138
135	136
135	137
135	138
135	139
136	137
136	138
136	139
136	140
136	141
137	138
137	139
137	140
137	141
137	142
138	139
138	140
138	141
138	142
138	143
139	140
139	141
139	143
140	141
140	142
140	143
140	144
140	469
140	470
140	473
141	142
141	143
141	144
141	145
142	143
142	144
142	145
143	144
143	145
143	146
143	147
143	473
144	145
144	146
144	147
144	148
144	469
144	473
145	146
145	147
145	148
145	149
146	147
146	148
146	149
146	150
147	148
147	149
147	150
147	151
147	473
147	476
148	149
148	150
148	151
148	152
148	271
149	150
149	151
149	152
149	153
150	151
150	152
150	153
150	154
151	152
151	153
151	154
151	155
151	486
151	487
151	488
152	153
152	154
152	155
152	268
152	269
152	270
152	271
153	154
153	155
153	268
154	155
154	156
154	487
155	156
155	157
155	266
155	267
155	268
155	269
155	487
156	157
156	158
156	266
156	267
156	268
156	487
157	158
157	159
157	265
157	266
157	267
157	305
157	306
157	307
157	308
158	159
158	160
158	266
158	267
158	304
158	305
158	306
159	160
159	161
159	162
159	163
159	304
159	305
159	306
160	161
160	162
160	163
160	164
160	257
161	162
161	163
161	164
161	165
162	163
162	164
162	165
162	166
162	304
163	164
163	165
163	166
163	167
163	253
164	165
164	166
164	167
165	166
165	167
165	168
165	169
166	167
166	168
166	169
166	170
167	168
167	169
167	170
167	171
167	249
167	253
167	254
168	169
168	170
168	171
168	172
169	170
169	171
169	172
169	173
170	171
170	172
170	173
170	174
170	245
171	172
171	173
171	174
171	175
172	173
172	174
172	175
172	176
173	174
173	175
173	176
173	177
174	175
174	176
174	177
174	178
174	242
174	245
175	176
175	177
175	178
175	179
176	177
176	178
176	179
176	180
177	178
177	179
177	180
177	181
177	238
177	242
178	179
178	180
178	181
178	182
178	242
179	180
179	181
179	182
179	183
180	181
180	182
180	183
180	184
181	182
181	183
181	184
181	185
181	235
181	238
181	239
182	183
182	184
182	185
182	186
182	187
182	188
183	184
183	185
183	186
183	187
184	185
184	186
184	235
185	186
185	187
185	200
186	187
187	188
187	189
188	189
189	190
189	191
189	196
190	191
190	192
190	193
190	196
191	192
191	193
191	197
192	193
192	194
193	194
193	195
193	196
193	197
194	195
194	196
194	197
194	198
194	221
195	196
195	197
195	198
195	199
196	197
196	198
196	199
196	200
197	198
197	199
197	200
197	201
198	199
198	200
198	201
198	202
198	219
198	221
199	200
199	201
199	202
199	203
199	204
200	201
200	202
200	203
200	204
200	205
201	202
201	203
201	204
201	205
201	206
201	207
202	203
202	204
202	205
202	206
202	207
202	208
202	209
203	204
203	205
203	206
204	205
204	206
205	206
205	207
206	207
206	208
207	208
207	209
208	209
208	210
209	210
209	211
209	219
210	211
210	225
211	212
211	219
211	220
211	225
212	213
212	214
212	217
212	218
212	219
212	220
213	214
213	215
213	216
213	217
213	218
213	219
213	220
214	215
214	216
214	217
215	216
215	217
216	217
216	218
217	218
217	219
218	219
218	220
219	220
219	221
220	221
220	222
220	225
221	222
221	223
221	225
221	226
222	223
222	224
222	225
222	226
223	224
223	225
223	226
223	227
223	240
224	225
224	226
224	227
224	228
225	226
225	227
225	228
225	229
226	227
226	228
226	229
226	230
226	236
227	228
227	229
227	230
228	229
228	230
229	230
229	231
229	232
229	233
229	236
230	231
230	232
230	233
230	236
230	237
231	232
231	233
232	233
233	234
233	235
233	236
234	235
234	236
234	237
235	236
235	237
235	238
235	239
236	237
236	238
236	239
236	240
237	238
237	239
237	240
237	241
238	239
238	240
238	241
238	242
239	240
239	241
239	242
239	243
240	241
240	242
240	243
240	244
241	242
241	243
241	244
241	245
242	243
242	244
242	245
242	246
243	244
243	245
243	246
243	247
244	245
244	246
244	247
244	248
245	246
245	247
245	248
245	249
246	247
246	248
246	249
246	250
247	248
247	249
247	250
247	251
248	249
248	250
248	251
248	252
248	253
249	250
249	251
249	252
249	253
249	254
250	251
250	252
250	253
250	254
250	255
251	252
251	253
251	254
251	255
252	253
252	254
252	255
252	256
253	254
253	255
253	256
254	255
254	256
254	257
255	256
255	257
255	258
255	259
256	257
256	258
256	259
257	258
257	259
257	260
258	259
258	260
259	260
259	261
259	267
260	261
260	262
260	265
260	266
260	267
261	262
261	263
261	264
261	265
261	266
261	267
262	263
262	264
262	265
263	264
263	265
264	265
264	266
265	266
266	267
266	268
267	268
267	269
268	269
268	270
269	270
269	271
269	283
269	284
269	285
269	286
269	287
269	288
270	271
270	272
270	283
270	284
270	285
271	272
271	273
271	281
271	282
271	283
271	284
272	273
272	274
272	275
272	281
272	282
272	283
273	274
273	275
273	281
274	275
274	276
275	276
275	281
275	282
276	277
276	278
276	279
276	280
276	281
277	278
277	279
277	435
278	279
278	280
278	435
278	458
278	461
278	462
279	280
279	281
279	462
279	465
280	281
280	282
280	462
280	465
280	491
281	282
282	283
282	284
283	284
283	286
283	287
283	288
283	289
284	285
284	286
284	287
285	286
285	287
286	287
286	288
287	288
287	289
287	290
288	289
288	290
288	291
289	290
289	291
289	490
290	291
290	292
291	292
291	293
291	302
292	293
292	294
292	298
292	299
292	301
292	302
293	294
293	295
293	298
293	299
293	302
294	295
294	296
294	298
294	299
295	296
295	297
295	298
295	299
296	297
296	298
296	299
296	300
297	298
297	299
297	300
297	301
298	299
298	300
298	301
298	302
299	300
299	301
299	302
299	303
299	535
300	301
300	302
300	303
301	302
301	303
301	304
302	303
302	304
302	305
302	534
302	535
303	304
303	305
303	533
303	534
303	535
304	305
304	306
304	533
305	306
305	533
305	534
306	307
306	308
306	532
306	533
306	534
307	308
307	309
307	311
307	312
307	313
307	497
307	532
307	533
308	309
308	310
308	311
309	310
309	311
310	311
310	499
310	500
311	312
311	313
311	497
311	498
311	499
311	500
312	313
312	314
312	497
312	498
312	499
312	500
312	503
312	530
312	531
312	532
313	314
313	315
313	495
313	496
313	497
313	498
313	530
313	531
313	532
313	533
313	534
313	537
314	315
314	316
314	495
314	496
314	497
314	507
314	529
314	530
314	531
314	537
315	316
315	317
315	494
315	495
315	496
315	528
315	529
315	530
315	537
315	538
316	317
316	318
316	493
316	494
316	495
316	511
316	526
316	527
316	528
316	529
317	318
317	319
317	492
317	493
317	494
317	526
317	527
317	528
318	319
318	320
318	321
318	492
318	493
318	524
318	525
318	526
318	527
319	320
319	321
319	525
319	526
319	527
320	321
320	322
320	323
320	324
321	322
321	323
321	324
321	325
321	464
322	323
322	324
322	325
322	326
322	460
322	461
322	464
323	324
323	325
323	326
323	327
324	325
324	326
324	327
324	328
324	522
325	326
325	327
325	328
325	329
325	460
325	464
326	327
326	328
326	329
326	330
326	460
327	328
327	329
327	330
327	331
327	332
327	335
327	336
328	329
328	330
328	331
328	520
328	521
328	522
329	330
329	331
330	331
330	332
330	409
330	410
330	413
331	332
331	333
331	409
332	333
332	334
332	335
332	336
332	407
332	408
332	409
332	410
333	334
333	335
333	336
333	337
334	335
334	336
334	337
334	338
334	407
335	336
335	337
335	338
335	339
335	407
336	337
336	338
336	339
336	340
336	522
337	338
337	339
337	340
337	341
338	339
338	340
338	341
338	342
338	343
339	340
339	341
339	342
339	343
339	522
340	341
340	342
340	522
341	342
341	343
342	343
342	344
343	344
343	345
344	345
344	346
344	347
344	348
345	346
345	347
345	348
345	349
346	347
346	348
346	349
346	350
346	366
346	369
346	370
346	373
347	348
347	349
347	350
347	351
347	358
347	361
347	366
348	349
348	350
348	351
348	352
348	358
349	350
349	351
349	352
349	353
349	369
350	351
350	352
350	353
350	354
350	361
350	365
350	366
350	369
351	352
351	353
351	354
351	355
351	356
351	357
351	358
351	361
352	353
352	354
352	355
352	356
353	354
353	355
354	355
354	356
355	356
355	357
356	357
356	358
356	360
356	361
357	358
357	359
357	360
358	359
358	360
358	361
359	360
359	361
360	361
360	362
361	362
361	363
361	365
361	366
362	363
362	364
362	365
362	366
363	364
363	365
363	366
363	367
364	365
364	366
364	367
364	368
365	366
365	367
365	368
365	369
366	367
366	368
366	369
366	370
367	368
367	369
367	370
368	369
368	370
368	371
368	372
369	370
369	371
369	372
369	373
370	371
370	372
370	373
370	374
371	372
371	373
371	374
371	375
372	373
372	374
372	375
372	376
373	374
373	375
373	376
373	377
374	375
374	376
374	377
374	378
375	376
375	377
375	378
375	379
375	380
376	377
376	378
376	379
376	380
376	400
377	378
377	379
378	379
378	380
378	453
378	457
379	380
379	381
379	453
380	381
380	382
380	384
380	385
381	382
381	383
381	384
381	385
382	383
382	384
382	385
382	386
382	393
382	396
382	397
383	384
383	385
383	386
383	387
383	393
384	385
384	386
384	387
384	388
385	386
385	387
385	388
385	389
385	396
386	387
386	388
386	389
386	390
386	391
386	392
386	393
386	396
387	388
387	389
387	390
387	391
388	389
388	390
389	390
389	391
390	391
390	392
391	392
391	393
391	395
391	396
392	393
392	394
392	395
392	396
393	394
393	395
393	396
393	397
394	395
394	396
394	397
394	398
395	396
395	397
395	398
395	399
396	397
396	398
396	399
396	400
397	398
397	399
397	400
397	401
398	399
398	400
398	401
398	402
399	400
399	401
399	402
399	403
400	401
400	402
400	403
400	404
401	402
401	403
401	404
401	405
402	403
402	404
402	405
402	406
403	404
403	405
403	406
403	407
404	405
404	406
404	407
404	408
404	411
405	406
405	407
405	408
406	407
406	408
407	408
407	409
407	410
408	409
408	410
408	411
409	410
409	411
409	412
409	413
410	411
410	412
410	413
410	414
411	412
411	413
411	414
411	415
412	413
412	414
412	415
412	416
413	414
413	415
413	416
413	417
414	415
414	416
414	417
414	418
414	456
415	416
415	417
415	418
415	419
416	417
416	418
416	419
416	420
417	418
417	419
417	420
417	421
417	427
417	456
418	419
418	420
418	421
418	422
418	452
418	456
419	420
419	421
419	422
419	423
420	421
420	422
420	423
420	424
421	422
421	423
421	424
421	425
421	426
421	427
422	423
422	424
422	425
422	440
422	441
423	424
423	425
424	425
424	426
425	426
425	436
425	437
425	438
426	427
426	428
426	434
426	435
426	436
426	437
427	428
427	434
427	435
427	436
427	455
427	459
428	429
428	430
428	432
428	433
428	434
428	435
428	459
429	430
429	431
429	432
429	433
429	434
429	459
429	462
429	463
430	431
430	432
430	463
431	432
431	433
432	433
432	434
433	434
434	435
434	436
435	436
435	437
436	437
436	438
437	438
437	439
437	440
437	451
437	455
438	439
438	440
438	441
439	440
439	441
439	442
439	447
439	448
439	451
440	441
440	442
440	448
440	451
440	452
441	442
441	443
441	448
442	443
442	444
442	447
442	448
443	444
443	445
443	448
444	445
444	446
444	447
444	448
445	446
445	447
445	448
445	449
446	447
446	448
446	449
446	450
447	448
447	449
447	450
447	451
448	449
448	450
448	451
448	452
449	450
449	451
449	452
449	453
450	451
450	452
450	453
450	454
451	452
451	453
451	454
451	455
452	453
452	454
452	455
452	456
453	454
453	455
453	456
453	457
454	455
454	456
454	457
454	458
455	456
455	457
455	458
456	457
456	458
456	459
457	458
457	459
457	460
457	461
458	459
458	460
458	461
458	462
459	460
459	461
459	462
459	463
460	461
460	462
460	463
460	464
461	462
461	463
461	464
461	465
462	463
462	464
462	465
462	466
463	464
463	465
463	466
463	467
464	465
464	466
464	467
464	468
465	466
465	467
465	468
465	469
465	491
466	467
466	468
466	469
466	470
467	468
467	469
467	470
467	471
467	517
468	469
468	470
468	471
468	472
468	492
469	470
469	471
469	472
469	473
470	471
470	472
470	473
470	474
470	517
471	472
471	473
471	474
471	475
471	513
471	514
471	517
472	473
472	474
472	475
472	476
473	474
473	475
473	476
474	475
474	476
474	477
475	476
475	477
475	478
475	479
475	510
475	513
476	477
476	478
476	479
476	480
477	478
477	479
477	480
477	481
478	479
478	480
478	481
478	482
479	480
479	481
479	482
479	483
479	484
479	485
480	481
480	482
480	483
480	484
480	485
481	482
481	483
482	483
482	484
483	484
483	485
484	485
484	497
484	498
484	499
485	486
485	487
485	496
485	497
485	498
486	487
486	488
486	495
486	496
486	497
487	488
487	495
487	496
487	497
488	489
488	490
488	494
488	495
488	496
489	490
489	491
489	493
489	494
489	495
490	491
490	492
490	493
490	494
491	492
491	493
492	493
492	494
493	494
493	495
494	495
494	496
495	496
495	497
496	497
496	498
497	498
498	499
498	500
498	502
498	503
498	506
499	500
499	501
499	502
499	503
500	501
500	502
500	503
501	502
501	503
502	503
502	504
502	505
502	506
503	504
503	505
503	506
503	507
504	505
504	506
504	507
504	508
505	506
505	507
505	508
505	509
506	507
506	508
506	509
506	510
507	508
507	509
507	510
507	511
507	528
508	509
508	510
508	511
508	512
509	510
509	511
509	512
509	513
510	511
510	512
510	513
510	514
511	512
511	513
511	514
511	515
511	526
511	528
512	513
512	514
512	515
512	516
513	514
513	515
513	516
513	517
514	515
514	516
514	517
515	516
515	517
515	524
515	525
515	526
516	517
516	518
516	519
517	518
517	519
518	519
518	520
519	520
519	523
520	521
520	522
520	523
521	522
521	523
522	523
522	524
523	524
523	525
524	525
524	526
525	526
525	527
526	527
526	528
527	528
527	529
528	529
529	530
529	531
529	537
529	538
530	531
530	536
530	537
531	532
531	533
531	536
531	537
532	533
532	536
533	534
533	535
533	536
533	537
534	535
534	536
534	537
534	538
535	536
535	537
535	538
536	537
536	538
537	538
