0	1
0	2
0	98
1	2
1	3
1	98
1	106
2	3
2	4
2	106
2	107
2	126
3	4
3	5
3	106
3	107
3	108
3	109
3	125
3	126
3	127
4	5
4	6
4	107
4	108
4	109
4	125
4	126
4	127
4	128
5	6
5	7
5	108
5	109
5	110
5	125
5	127
5	128
5	129
6	7
6	33
6	108
6	109
6	110
6	128
6	129
6	130
7	8
7	9
7	110
7	111
7	129
7	130
7	131
8	9
8	16
8	130
8	131
8	132
8	133
9	10
9	11
9	14
9	15
9	16
9	131
9	132
9	133
9	144
10	11
10	12
10	13
10	14
10	15
10	16
10	132
10	133
10	134
10	135
10	136
11	12
11	13
11	14
11	132
11	133
11	134
12	13
12	14
12	136
13	14
13	15
14	15
14	16
14	143
14	144
15	16
15	17
15	140
15	142
15	143
15	144
16	17
16	22
16	23
16	142
16	143
16	144
17	18
17	19
17	20
17	21
17	22
17	23
17	140
17	141
17	142
17	143
18	19
18	20
18	21
18	22
18	23
18	139
18	140
18	141
18	142
19	20
19	21
19	141
20	21
20	58
21	22
21	23
21	58
22	23
22	24
22	25
23	24
24	25
24	26
25	26
25	27
26	27
26	28
26	29
26	30
26	162
27	28
27	29
27	30
27	31
28	29
28	30
28	31
28	32
29	30
29	31
29	32
29	33
30	31
30	32
30	33
30	34
31	32
31	33
31	34
31	35
32	33
32	34
32	35
32	36
33	34
33	35
33	36
33	37
34	35
34	36
34	37
34	38
35	36
35	37
35	38
35	39
36	37
36	38
36	39
37	38
37	39
37	47
37	108
38	39
38	40
38	47
38	67
39	40
40	41
40	42
41	42
41	43
42	43
42	44
42	45
43	44
43	45
44	45
45	46
45	47
45	103
45	104
45	105
46	47
46	48
46	66
46	67
46	68
46	103
46	104
46	105
47	48
47	49
47	67
47	68
47	104
47	105
47	106
47	107
48	49
48	50
48	67
48	68
48	69
48	70
48	104
48	106
48	107
48	108
49	50
49	51
49	68
49	69
49	70
49	107
49	108
49	109
49	110
50	51
50	69
50	70
50	71
50	108
50	109
50	110
51	52
51	53
51	55
51	56
51	70
51	71
51	72
51	109
51	110
51	111
51	112
51	115
52	53
52	54
52	55
52	56
52	71
52	72
52	73
52	111
52	112
52	115
53	54
53	55
53	56
53	57
53	71
53	72
53	73
54	55
54	56
54	57
54	58
55	56
55	57
55	58
55	59
55	111
55	112
56	57
56	58
56	59
56	60
56	61
56	71
57	58
57	59
57	60
57	61
58	59
58	60
59	60
59	61
59	62
60	61
60	62
61	62
61	63
62	63
62	64
63	64
63	65
63	69
63	84
63	85
64	65
64	66
64	67
65	66
65	67
66	67
67	68
67	69
67	84
68	69
68	70
68	84
68	85
69	70
69	71
69	84
69	85
69	86
70	71
70	72
70	85
70	86
70	87
71	72
71	73
71	86
71	87
71	88
72	73
72	87
72	88
72	89
72	90
72	91
73	74
73	75
73	76
73	87
73	88
73	89
73	90
74	75
74	76
74	89
75	76
75	77
76	77
76	78
77	78
77	79
78	79
78	80
78	86
78	87
79	80
79	81
79	82
79	86
80	81
80	82
80	83
81	82
81	83
82	83
82	84
82	85
83	84
83	85
83	86
84	85
84	86
85	86
85	87
86	87
86	88
87	88
87	89
88	89
88	90
88	93
88	94
89	90
90	91
90	92
90	93
90	94
91	92
91	93
91	94
91	95
92	93
92	94
92	95
93	94
93	95
93	96
94	95
94	96
94	97
95	96
95	97
95	98
96	97
96	98
96	99
96	100
97	98
97	99
97	100
97	101
97	104
98	99
98	100
99	100
100	101
100	102
101	102
101	103
101	104
102	103
102	104
102	105
103	104
103	105
104	105
104	106
105	106
106	107
106	108
107	108
107	109
108	109
108	110
109	110
109	111
109	116
110	111
111	112
111	113
111	115
111	116
112	113
112	114
112	115
112	116
113	114
113	115
113	116
113	117
113	142
113	143
113	144
114	115
114	116
114	117
114	118
115	116
115	117
115	118
115	119
116	117
116	118
116	119
116	120
116	144
117	118
117	119
117	120
117	121
117	145
118	119
118	120
118	121
118	122
119	120
119	121
119	122
119	123
119	124
119	125
120	121
120	122
120	123
120	124
120	125
121	122
121	123
122	123
122	124
123	124
123	125
124	125
124	126
125	126
125	127
126	127
126	173
126	174
127	128
127	129
127	172
127	173
127	174
128	129
128	130
128	171
128	172
128	173
129	130
129	131
129	170
129	171
129	172
130	131
130	132
130	169
130	170
130	171
131	132
131	133
131	167
131	168
131	169
131	170
132	133
132	134
132	167
132	168
132	169
133	134
133	135
133	166
133	167
133	168
134	135
134	136
134	165
134	166
134	167
134	480
134	505
135	136
135	137
135	165
135	505
136	137
136	138
137	138
137	139
138	139
138	140
139	140
139	141
140	141
140	142
141	142
141	143
142	143
143	144
143	145
144	145
144	146
145	146
145	147
146	147
146	148
147	148
147	149
147	151
148	149
148	150
148	151
149	150
149	151
150	151
150	152
150	174
150	175
150	176
151	152
151	153
151	172
151	173
151	174
151	175
152	153
152	154
152	172
152	173
152	174
152	175
152	225
153	154
153	155
153	171
153	172
153	173
153	225
153	226
154	155
154	171
154	172
154	173
154	225
154	226
154	227
154	229
155	156
155	157
155	170
155	171
155	226
155	229
155	230
156	157
156	158
156	168
156	169
156	170
156	171
156	229
156	230
156	231
156	232
157	158
157	159
157	168
157	169
157	170
157	231
157	232
158	159
158	160
158	168
158	231
158	232
158	233
159	160
159	161
159	166
159	167
159	168
159	232
159	273
159	274
159	480
159	481
160	161
160	162
160	166
160	167
160	168
160	273
160	274
161	162
161	163
161	164
161	165
161	166
161	167
161	273
161	274
162	163
162	164
162	165
162	166
163	164
163	165
164	165
164	166
164	483
164	504
165	166
165	167
165	505
166	167
166	480
166	481
166	482
166	483
166	505
167	168
167	480
168	169
168	170
168	480
169	170
169	171
170	171
170	172
171	172
171	173
172	173
172	174
173	174
173	175
174	175
174	176
175	176
175	177
176	177
176	178
177	178
177	179
178	179
178	180
179	180
179	181
180	181
180	182
181	182
181	183
182	183
182	184
183	184
183	185
183	218
183	224
183	227
184	185
184	186
184	187
184	215
185	186
185	187
185	227
185	228
186	187
186	188
186	189
187	188
187	189
187	194
188	189
188	190
188	191
188	194
189	190
189	191
190	191
190	192
190	193
190	194
191	192
191	193
191	194
191	195
192	193
192	194
192	195
192	196
193	194
193	195
193	196
193	197
194	195
194	196
194	197
194	198
195	196
195	197
195	198
195	199
196	197
196	198
196	199
196	200
197	198
197	199
197	200
197	201
198	199
198	200
198	201
198	202
199	200
199	201
199	202
199	203
200	201
200	202
200	203
200	204
201	202
201	203
201	204
201	205
201	208
201	211
202	203
202	204
202	205
203	204
203	205
204	205
204	206
204	207
204	208
205	206
205	207
205	208
205	211
206	207
206	208
206	209
206	211
206	212
207	208
207	209
208	209
208	210
208	211
209	210
209	211
209	212
209	213
210	211
210	212
210	213
210	214
211	212
211	213
211	214
212	213
212	214
213	214
213	215
213	247
214	215
214	216
214	246
214	247
215	216
215	217
215	243
216	217
216	218
216	220
216	221
216	242
216	243
216	246
217	218
217	219
217	220
217	221
218	219
218	220
218	221
218	224
219	220
219	221
220	221
220	222
220	242
221	222
221	223
221	224
221	239
221	242
222	223
222	224
222	238
222	474
222	475
222	477
223	224
223	225
223	226
223	477
224	225
224	226
224	227
225	226
225	227
226	227
226	228
226	229
226	230
227	228
227	229
227	230
228	229
228	230
229	230
229	231
230	231
230	232
230	235
231	232
231	233
232	233
232	234
232	235
233	234
233	235
233	236
233	269
234	235
234	236
234	237
234	238
234	278
234	478
235	236
235	237
235	238
235	239
236	237
236	238
236	239
236	240
236	267
236	268
237	238
237	239
237	240
237	241
237	267
238	239
238	240
238	241
238	242
238	474
239	240
239	241
239	242
239	243
240	241
240	242
240	243
240	244
241	242
241	243
241	244
241	245
241	424
242	243
242	244
242	245
242	246
243	244
243	245
243	246
243	247
244	245
244	246
244	247
244	248
244	260
244	261
244	262
244	461
245	246
245	247
245	248
246	247
246	248
247	248
247	249
247	262
248	249
248	250
248	260
248	261
248	262
249	250
249	251
249	260
249	261
249	262
250	251
250	259
250	260
250	261
251	252
251	253
251	258
251	259
251	260
252	253
252	258
252	259
253	254
253	255
253	256
253	258
254	255
254	256
255	256
255	257
255	517
255	518
256	257
256	258
257	258
257	259
257	463
257	464
257	517
258	259
258	463
258	464
259	260
259	261
259	461
259	462
259	463
259	464
260	261
260	461
260	462
260	463
260	464
261	262
261	263
261	459
261	460
261	461
261	462
262	263
262	264
262	459
262	460
262	461
263	264
263	265
263	458
263	459
263	460
264	265
264	456
264	457
264	458
264	459
265	266
265	456
265	457
265	458
265	460
266	267
266	268
266	455
266	456
266	457
267	268
267	269
267	454
267	455
267	456
268	269
268	270
268	453
268	454
268	455
269	270
269	271
269	276
269	452
269	453
269	454
270	271
270	272
270	273
270	274
270	451
270	452
270	453
271	272
271	273
271	274
271	275
271	450
271	451
271	452
271	453
272	273
272	274
272	450
272	451
273	274
274	275
274	276
274	481
274	482
274	483
275	276
275	277
275	481
275	482
275	483
275	484
276	277
276	278
276	432
276	433
276	481
277	278
277	279
277	433
277	481
277	482
278	279
278	280
278	281
278	283
278	429
279	280
279	281
279	282
279	478
279	479
279	481
279	507
279	508
279	509
280	281
280	282
280	473
280	476
280	477
280	478
280	508
280	509
281	282
281	283
281	473
281	508
281	509
281	510
281	511
281	512
282	283
282	284
282	508
282	509
282	510
282	511
283	284
283	285
283	511
284	285
284	286
284	287
284	288
285	286
285	287
285	288
285	289
286	287
286	288
286	289
286	290
287	288
287	289
287	290
287	291
287	310
288	289
288	290
288	291
288	292
288	430
288	434
289	290
289	291
289	292
289	293
289	434
290	291
290	292
290	293
290	294
291	292
291	293
291	294
291	295
292	293
292	294
292	295
292	296
292	434
293	294
293	295
293	296
293	297
293	494
294	295
294	296
294	297
294	298
294	299
295	296
295	297
295	298
295	299
295	339
295	340
296	297
296	298
296	340
296	494
297	298
297	299
297	340
297	494
298	299
298	300
298	340
298	341
298	343
298	344
299	300
299	301
299	340
299	341
300	301
300	302
300	334
300	335
300	336
300	337
300	338
300	341
300	353
301	302
301	303
301	304
301	333
301	334
301	335
301	353
302	303
302	304
302	305
302	306
302	313
302	317
302	333
302	334
302	335
303	304
303	305
303	306
303	307
303	333
304	305
304	306
304	307
304	308
305	306
305	307
305	308
305	309
305	310
305	311
306	307
306	308
306	309
306	310
306	311
307	308
307	309
308	309
308	310
309	310
309	311
310	311
310	312
311	312
311	313
311	314
312	313
312	314
313	314
313	315
313	316
313	317
314	315
314	316
314	317
314	318
315	316
315	317
315	318
315	518
316	317
316	318
316	321
316	395
316	396
316	518
317	318
317	319
317	321
317	322
317	332
317	333
317	335
317	395
318	319
318	320
318	321
318	322
318	332
318	333
319	320
319	321
319	322
319	323
319	328
319	332
320	321
320	322
320	323
320	324
321	322
321	323
321	324
321	325
322	323
322	324
322	325
322	326
322	327
322	328
322	330
322	395
323	324
323	325
323	326
323	327
323	328
324	325
324	326
325	326
325	327
326	327
326	328
327	328
327	329
327	330
328	329
328	330
329	330
329	331
330	331
330	332
330	334
331	332
331	333
331	334
332	333
332	334
333	334
333	335
334	335
334	336
334	352
334	353
335	336
335	338
335	394
335	395
336	337
336	338
336	393
336	394
336	395
337	338
337	339
337	341
337	342
337	350
337	390
337	393
337	394
338	339
338	340
338	341
338	342
338	394
338	398
339	340
339	341
339	342
339	343
339	385
339	398
340	341
340	342
340	343
340	344
341	342
341	343
341	344
341	345
341	346
342	343
342	344
342	345
342	346
342	347
342	385
343	344
343	345
343	346
343	363
343	364
343	365
343	385
344	345
344	346
344	362
344	363
344	364
344	365
345	346
345	347
345	348
345	360
345	361
345	362
345	363
346	347
346	348
346	361
346	362
346	363
347	348
347	349
347	361
347	362
348	349
348	350
348	360
348	361
349	350
349	351
350	351
350	352
351	352
351	355
352	353
352	354
352	355
353	354
353	355
354	355
354	356
355	356
355	357
356	357
356	358
357	358
357	359
357	360
358	359
358	360
359	360
359	361
360	361
360	362
361	362
361	363
362	363
362	364
363	364
363	365
363	366
363	367
364	365
364	366
364	367
364	368
364	383
365	366
365	367
365	368
365	369
366	367
366	368
366	369
366	370
367	368
367	369
367	370
367	371
368	369
368	370
368	371
368	372
368	381
368	382
369	370
369	371
369	372
369	373
369	442
369	446
370	371
370	372
370	373
370	374
371	372
371	373
371	374
371	375
371	376
371	381
372	373
372	374
372	375
372	376
372	381
372	446
373	374
373	375
373	376
373	446
374	375
374	376
375	376
375	377
375	378
376	377
376	378
376	407
377	378
377	379
377	407
378	379
378	380
378	381
379	380
379	381
380	381
380	382
381	382
381	404
381	405
381	406
382	383
382	384
382	403
382	404
382	405
383	384
383	402
383	403
383	404
384	385
384	386
384	401
384	402
384	403
385	386
385	387
385	398
385	401
385	402
386	387
386	388
386	398
386	401
387	388
387	389
387	390
387	391
388	389
388	390
388	391
389	390
389	391
390	391
390	392
390	393
390	394
391	392
391	393
391	394
391	397
392	393
392	394
393	394
393	395
394	395
394	396
394	397
395	396
395	397
396	397
396	398
397	398
397	399
398	399
398	400
398	401
399	400
399	401
399	419
399	420
399	421
400	401
400	402
400	417
400	418
400	419
400	420
401	402
401	418
401	419
401	420
402	403
402	404
402	417
402	418
403	404
403	405
403	416
403	417
403	418
404	405
404	406
404	415
404	416
404	417
405	406
405	407
405	413
405	414
405	415
405	416
406	407
406	408
406	413
406	414
406	415
407	408
407	409
407	411
407	412
407	413
407	414
408	409
408	410
408	411
408	412
408	413
409	410
409	411
410	411
410	412
411	412
411	413
411	448
411	449
412	413
412	414
412	448
412	449
412	450
412	451
413	414
413	415
413	443
413	448
413	449
413	450
413	451
414	415
414	450
414	451
414	452
414	453
415	416
415	417
415	439
415	452
415	453
415	454
416	417
416	418
416	453
416	454
416	455
417	418
417	419
417	454
417	455
417	456
418	419
418	420
418	455
418	456
418	457
419	420
419	421
419	422
419	456
419	457
419	458
420	421
420	422
420	457
420	458
420	459
421	422
421	423
421	457
421	458
421	459
421	460
422	423
422	424
422	427
422	428
422	457
422	459
422	460
422	461
423	424
423	425
423	426
423	427
423	428
423	460
423	461
423	462
424	425
424	426
424	427
424	428
424	460
424	461
424	462
425	426
425	427
425	428
425	462
425	466
425	470
426	427
426	428
426	429
427	428
427	429
427	430
427	431
428	429
428	430
428	431
428	432
429	430
429	431
429	432
429	433
430	431
430	432
430	433
430	434
431	432
431	433
431	434
431	435
432	433
432	434
432	435
432	436
433	434
433	435
433	436
433	437
434	435
434	436
434	437
434	438
435	436
435	437
435	438
435	439
436	437
436	438
436	439
436	440
436	453
437	438
437	439
437	440
437	441
438	439
438	440
438	441
438	442
439	440
439	441
439	442
439	443
439	450
440	441
440	442
440	443
440	444
440	449
440	450
441	442
441	443
441	444
441	445
441	493
442	443
442	444
442	445
442	446
443	444
443	445
443	446
443	447
443	448
443	449
443	450
444	445
444	446
444	447
444	448
444	449
445	446
445	447
445	491
445	492
445	493
446	447
446	448
447	448
448	449
448	450
449	450
449	451
450	451
450	452
451	452
452	453
452	454
453	454
453	455
454	455
454	456
455	456
455	457
456	457
456	458
457	458
457	459
457	460
458	459
458	460
459	460
459	461
460	461
461	462
461	463
462	463
462	464
462	466
463	464
463	465
463	466
464	465
464	466
464	467
465	466
465	467
466	467
466	468
466	469
466	470
466	514
467	468
467	469
467	470
467	471
468	469
468	470
468	471
468	472
469	470
469	471
469	472
469	473
469	512
470	471
470	472
470	473
470	474
471	472
471	473
471	474
471	475
472	473
472	474
472	475
473	474
473	475
473	476
474	475
474	476
475	476
475	477
476	477
476	478
477	478
477	479
478	479
478	480
479	480
479	481
480	481
480	482
481	482
481	483
481	506
482	483
482	484
482	503
482	504
482	505
482	506
483	484
483	485
483	503
483	504
483	505
484	485
484	501
484	502
484	503
484	504
485	486
485	487
485	501
485	502
485	503
486	487
486	488
486	500
486	501
486	502
487	488
487	500
487	501
487	502
488	489
488	490
488	500
489	490
489	491
490	491
490	492
490	493
490	495
490	496
491	492
491	493
492	493
492	494
492	495
493	494
493	495
493	496
494	495
494	496
495	496
495	497
496	497
496	498
496	500
497	498
497	499
497	500
498	499
498	500
498	501
499	500
499	501
500	501
500	502
501	502
501	503
502	503
502	504
503	504
503	505
503	506
504	505
504	506
505	506
505	507
506	507
506	508
507	508
507	509
508	509
508	510
509	510
509	511
510	511
510	512
511	512
511	513
512	513
512	514
513	514
513	515
514	515
514	516
515	516
515	517
516	517
516	518
517	518
