0	1
0	2
0	3
0	4
1	2
1	3
1	4
1	5
2	3
2	4
2	5
2	6
3	4
3	5
3	6
3	7
3	33
3	34
3	35
3	60
4	5
4	6
4	7
4	8
4	33
5	6
5	7
5	8
5	9
6	7
6	8
6	9
6	10
6	64
7	8
7	9
7	10
7	11
7	33
7	58
8	9
8	10
8	11
8	12
9	10
9	11
9	12
9	13
10	11
10	12
10	13
10	14
11	12
11	13
11	14
11	15
11	16
11	18
12	13
12	14
12	15
12	16
12	17
12	18
13	14
13	15
14	15
14	16
15	16
15	17
16	17
16	18
16	27
17	18
17	19
17	27
18	19
18	20
18	25
18	26
18	27
19	20
19	21
19	25
19	26
19	27
20	21
20	22
20	24
20	25
20	26
21	22
21	23
21	24
21	25
21	26
22	23
22	24
23	24
23	32
24	25
24	26
24	30
24	31
24	32
25	26
25	27
25	30
25	31
25	32
26	27
26	28
26	29
26	30
26	31
27	28
27	29
27	30
28	29
28	30
29	30
29	31
29	54
29	55
30	31
30	32
30	55
30	56
31	32
31	33
31	55
31	56
31	57
31	58
32	33
32	34
32	56
32	57
32	58
33	34
33	57
33	58
33	59
34	35
34	36
34	38
34	58
34	59
34	60
35	36
35	37
35	38
35	59
35	60
35	61
36	37
36	38
36	59
36	60
36	61
36	210
36	211
37	38
37	39
38	39
38	40
39	40
39	207
39	208
39	209
39	210
40	41
40	42
40	207
40	208
40	209
41	42
41	43
41	44
41	45
41	205
41	206
41	207
41	208
42	43
42	44
42	45
42	46
42	204
42	205
42	231
43	44
43	45
43	46
43	47
43	231
44	45
44	46
44	47
44	48
45	46
45	47
45	48
45	49
46	47
46	48
46	49
46	50
46	236
47	48
47	49
47	50
48	49
48	50
49	50
49	51
49	52
49	55
50	51
50	52
51	52
51	53
52	53
52	54
52	55
53	54
53	55
53	72
54	55
54	56
54	70
54	71
55	56
55	57
55	70
55	71
56	57
56	58
56	68
56	69
56	70
56	71
57	58
57	59
57	68
57	69
57	70
57	71
58	59
58	60
58	66
58	67
58	68
58	69
59	60
59	61
59	66
59	67
59	68
60	61
60	62
60	64
60	65
60	66
60	67
61	62
61	63
61	64
61	65
61	66
62	63
62	64
63	64
63	65
64	65
64	66
65	66
65	67
66	67
66	68
67	68
67	69
68	69
68	70
68	240
68	241
68	242
68	243
69	70
69	71
69	238
69	239
69	240
69	241
70	71
70	72
70	238
70	239
70	240
70	241
71	72
71	237
71	238
71	239
72	73
72	74
72	236
72	237
72	238
73	74
73	75
73	235
73	236
73	237
74	75
74	76
74	236
74	237
75	76
75	77
76	77
76	78
76	167
77	78
77	79
77	167
77	168
77	185
78	79
78	80
78	167
78	168
78	169
78	185
78	186
79	80
79	81
79	168
79	169
79	185
79	186
80	81
80	82
80	168
80	169
80	170
80	185
80	186
81	82
81	83
81	168
82	83
82	84
83	84
83	85
84	85
84	86
84	132
85	86
85	87
85	132
86	87
86	132
86	133
87	88
87	89
87	100
87	132
87	133
87	134
88	89
88	98
88	133
88	134
88	135
88	136
89	90
89	91
89	96
89	97
89	98
89	133
89	134
89	135
89	136
90	91
90	92
90	96
90	97
90	98
90	135
90	136
90	137
91	92
91	93
91	95
91	96
91	97
91	135
91	137
91	138
92	93
92	94
92	95
92	96
93	94
93	95
94	95
94	121
94	146
95	96
95	97
95	118
95	119
95	120
95	121
96	97
96	98
96	118
96	119
96	120
96	121
96	124
97	98
97	116
97	117
97	118
97	119
98	99
98	100
98	101
98	116
98	117
98	118
99	100
99	101
99	115
99	116
99	117
100	101
100	102
100	103
101	102
101	103
101	104
101	105
101	115
101	116
101	117
102	103
102	104
102	105
102	106
102	107
103	104
103	105
103	106
103	107
103	108
103	109
104	105
104	106
104	107
104	108
104	109
104	110
104	111
104	112
104	117
105	106
105	107
105	108
106	107
106	108
107	108
107	109
108	109
108	110
109	110
109	111
109	119
110	111
110	112
110	117
110	118
110	119
110	120
111	112
111	113
111	117
111	118
111	119
112	113
112	114
112	116
112	117
112	118
113	114
113	115
113	116
113	117
114	115
114	116
115	116
115	117
116	117
116	118
117	118
117	119
118	119
118	120
119	120
119	121
119	123
119	124
120	121
120	122
120	123
120	124
121	122
121	123
121	124
121	125
121	147
122	123
122	124
122	125
122	126
122	158
123	124
123	125
123	126
123	127
124	125
124	126
124	127
124	128
125	126
125	127
125	128
125	129
126	127
126	128
126	129
126	130
127	128
127	129
127	130
127	131
127	132
127	133
128	129
128	130
128	131
128	132
128	133
128	134
129	130
129	131
130	131
130	132
131	132
131	133
132	133
132	134
133	134
133	135
134	135
134	136
135	136
135	137
135	138
135	139
136	137
136	138
137	138
138	139
138	140
138	142
138	143
139	140
139	141
139	142
139	143
140	141
140	142
140	143
140	144
141	142
141	143
141	144
141	145
142	143
142	144
142	145
142	146
143	144
143	145
143	146
143	147
144	145
144	146
144	147
144	148
145	146
145	147
145	148
145	149
146	147
146	148
146	149
146	150
147	148
147	149
147	150
147	151
147	154
148	149
148	150
148	151
148	152
148	154
149	150
149	151
150	151
150	152
151	152
151	153
151	154
152	153
152	154
153	154
153	155
153	156
153	157
154	155
154	156
154	157
154	158
155	156
155	157
155	158
155	159
156	157
156	158
156	159
156	160
157	158
157	159
157	160
157	161
158	159
158	160
158	161
158	162
159	160
159	161
159	162
159	163
160	161
160	162
160	163
160	164
161	162
161	163
161	164
161	165
162	163
162	164
162	165
162	166
163	164
163	165
163	166
163	167
164	165
164	166
164	167
164	168
164	169
165	166
165	167
165	168
165	169
165	170
165	171
166	167
166	168
167	168
167	169
168	169
169	170
169	171
169	183
169	184
169	185
169	186
170	171
170	172
170	183
170	184
170	185
170	186
171	172
171	181
171	182
171	183
171	184
172	173
172	174
172	181
172	182
172	183
173	174
173	175
173	180
173	181
173	182
174	175
174	176
174	177
174	178
174	179
174	180
174	181
174	182
174	199
175	176
175	177
175	178
175	179
175	180
176	177
176	178
177	178
177	179
178	179
179	180
179	181
179	199
179	200
179	201
180	181
180	200
180	201
181	182
181	183
181	199
181	200
181	201
182	183
182	184
182	196
182	198
182	199
182	200
183	184
183	185
183	196
183	197
183	198
183	199
184	185
184	186
184	187
184	196
184	197
184	198
185	186
186	187
186	188
187	188
187	189
187	192
188	189
188	192
189	190
189	191
189	192
190	191
190	192
190	193
191	192
191	193
192	193
192	194
192	195
193	194
193	195
193	196
194	195
194	196
195	196
195	197
196	197
196	198
197	198
197	225
197	226
198	199
198	200
198	225
198	226
198	227
198	228
199	200
199	201
199	225
199	226
199	227
199	228
200	201
200	202
200	227
200	228
200	229
200	230
201	202
201	203
201	228
201	229
201	230
202	203
202	204
202	229
202	230
202	231
203	204
203	205
203	206
203	229
203	230
203	231
204	205
204	206
204	230
204	231
204	232
205	206
205	207
205	231
206	207
206	208
207	208
207	209
208	209
208	210
209	210
209	211
209	212
209	213
210	211
210	212
210	213
210	214
211	212
211	213
211	214
211	215
212	213
212	214
212	215
212	216
213	214
213	215
213	216
213	217
214	215
214	216
214	217
214	218
215	216
215	217
215	218
215	219
216	217
216	218
216	219
216	220
216	227
217	218
217	219
217	220
217	221
217	227
217	238
217	239
218	219
218	220
218	221
218	222
219	220
219	221
219	222
219	223
220	221
220	222
220	223
220	224
220	225
220	226
220	227
221	222
221	223
221	224
221	225
221	226
222	223
222	224
223	224
223	225
224	225
225	226
225	227
226	227
226	228
226	237
227	228
227	229
227	237
227	238
228	229
228	230
228	235
228	236
228	237
228	238
229	230
229	231
229	235
229	236
229	237
230	231
230	232
230	233
230	234
230	235
230	236
231	232
231	233
231	234
231	235
232	233
232	234
233	234
234	235
235	236
235	237
236	237
236	238
237	238
237	239
238	239
238	240
239	240
239	241
240	241
240	242
241	242
241	243
242	243
