0	1
0	52
0	53
1	2
1	53
2	3
2	4
3	4
3	269
3	270
4	5
4	6
4	31
4	32
4	33
4	270
5	6
5	7
5	32
5	33
5	34
5	56
5	274
6	7
6	8
6	33
6	34
6	35
6	55
6	56
6	57
7	8
7	9
7	34
7	35
7	36
7	55
7	56
7	57
7	58
8	9
8	10
8	35
8	36
8	37
8	55
8	57
8	58
8	59
9	10
9	11
9	13
9	15
9	36
9	37
9	58
9	59
9	60
10	11
10	12
10	13
10	37
10	41
11	12
11	13
11	37
12	13
12	14
12	228
13	14
13	15
13	228
13	295
14	15
14	16
14	17
14	18
14	291
14	294
14	295
15	16
15	17
15	18
15	19
15	35
16	17
16	18
16	19
16	20
16	294
17	18
17	19
17	20
17	21
17	290
17	291
17	293
17	294
18	19
18	20
18	21
18	22
18	290
18	291
19	20
19	21
19	22
19	23
19	35
20	21
20	22
20	23
20	24
20	290
21	22
21	23
21	24
21	25
21	281
21	282
21	287
21	290
22	23
22	24
22	25
22	26
22	33
23	24
23	25
23	26
23	27
23	33
24	25
24	26
24	27
24	28
25	26
25	27
25	28
25	29
25	277
26	27
26	28
26	29
26	30
26	31
26	32
26	33
27	28
27	29
27	30
28	29
28	30
29	30
29	31
30	31
30	32
31	32
31	33
32	33
32	34
33	34
33	35
34	35
34	36
35	36
36	37
36	38
37	38
37	39
38	39
38	40
38	41
39	40
39	41
40	41
40	42
40	43
40	44
41	42
41	43
41	44
41	45
42	43
42	44
42	45
43	44
43	45
43	46
44	45
44	46
44	47
44	48
45	46
45	47
45	48
45	49
45	54
46	47
46	48
46	49
46	50
46	68
47	48
47	49
47	50
47	51
48	49
48	50
48	51
48	52
48	53
48	54
49	50
49	51
49	52
49	53
49	54
49	73
50	51
50	52
50	53
50	73
51	52
51	53
52	53
52	54
52	267
53	54
54	55
54	56
55	56
55	57
55	58
55	265
56	57
56	58
56	264
56	265
56	268
57	58
57	59
57	262
57	263
57	264
57	265
57	274
58	59
58	60
58	262
58	263
58	264
59	60
59	260
59	261
59	262
59	263
60	61
60	62
60	260
60	261
60	262
61	62
61	63
61	64
61	258
61	259
61	260
61	261
62	63
62	64
62	65
62	94
62	95
62	258
62	259
62	260
62	261
62	330
63	64
63	65
63	66
63	328
63	329
63	330
63	331
63	334
64	65
64	66
64	67
64	68
64	330
65	66
65	67
65	68
65	69
65	330
66	67
66	68
66	69
66	70
66	97
66	330
66	331
66	332
67	68
67	69
67	70
67	71
67	331
67	332
68	69
68	70
68	71
68	72
68	73
68	74
69	70
69	71
69	72
69	73
69	74
69	102
70	71
70	72
71	72
71	73
72	73
72	74
72	266
73	74
73	75
73	265
73	266
74	75
74	76
74	102
74	263
74	264
74	265
74	266
75	76
75	77
75	102
75	264
75	265
75	266
76	77
76	78
76	100
76	101
76	102
77	78
77	79
77	101
77	102
77	103
78	79
78	80
79	80
79	81
79	83
79	84
80	81
80	82
80	83
80	84
81	82
81	83
81	84
81	85
82	83
82	84
82	85
83	84
83	85
83	86
84	85
84	86
84	87
85	86
85	87
86	87
86	88
86	302
86	303
87	88
87	89
87	301
87	302
87	303
88	89
88	90
88	91
88	92
88	301
88	302
88	303
89	90
89	91
89	92
89	93
90	91
90	92
90	93
90	94
91	92
91	93
91	94
91	95
91	105
91	259
91	301
92	93
92	94
92	95
92	96
92	105
93	94
93	95
93	96
94	95
94	96
94	259
95	96
95	97
95	101
95	102
95	103
95	105
96	97
96	98
96	99
96	100
96	101
96	102
97	98
97	99
97	100
97	101
97	102
98	99
98	100
99	100
99	101
100	101
100	102
101	102
101	103
102	103
102	263
103	104
103	105
103	261
103	262
103	263
103	264
104	105
104	106
104	261
104	262
104	263
105	106
105	107
105	259
105	260
105	261
105	262
105	301
106	107
106	259
106	260
106	261
106	300
106	301
107	108
107	109
107	259
107	260
107	297
107	298
107	299
107	300
107	301
108	109
108	110
108	258
108	259
108	260
108	298
108	299
108	300
108	301
109	110
109	111
109	226
109	257
109	258
109	259
109	298
109	299
110	111
110	112
110	226
110	255
110	257
110	258
110	318
110	321
110	322
111	112
111	224
111	225
111	226
111	255
111	318
112	113
112	114
112	224
112	225
112	226
112	242
112	243
112	244
112	245
112	317
112	318
112	321
113	114
113	115
113	223
113	224
113	225
113	242
113	243
113	244
113	245
114	115
114	222
114	223
114	224
114	225
114	240
114	241
114	242
114	243
115	116
115	117
115	120
115	221
115	222
115	223
115	240
115	241
115	242
116	117
116	118
116	119
116	120
116	221
116	222
116	239
116	240
116	241
117	118
117	119
117	120
117	121
117	239
117	240
117	241
118	119
118	120
118	121
118	239
119	120
119	121
119	221
120	121
120	122
120	123
120	221
121	122
121	123
122	123
122	124
123	124
123	125
124	125
124	126
124	129
124	130
124	246
125	126
125	246
125	247
126	127
126	128
126	129
126	246
126	247
126	248
127	128
127	129
127	130
127	246
127	247
127	248
128	129
128	130
128	131
128	248
129	130
129	131
129	132
129	133
130	131
130	132
130	133
130	134
130	144
131	132
131	133
131	134
131	135
131	196
131	201
132	133
132	134
132	135
132	136
133	134
133	135
133	136
133	137
133	144
134	135
134	136
134	137
134	138
134	143
134	144
134	201
135	136
135	137
135	138
135	139
136	137
136	138
136	139
137	138
137	139
137	140
137	141
137	142
137	143
137	144
138	139
138	140
138	141
138	142
138	143
139	140
139	141
140	141
140	142
141	142
142	143
142	144
142	219
142	220
143	144
143	145
143	219
143	220
143	221
144	145
144	220
144	221
144	222
145	146
145	147
145	220
145	221
145	222
145	223
146	147
146	202
146	211
146	220
146	222
146	223
147	148
147	149
147	206
147	207
147	208
147	211
147	223
147	224
148	149
148	150
148	151
148	154
148	206
148	207
148	208
148	211
149	150
149	151
149	152
149	154
149	155
149	204
149	205
149	206
149	207
150	151
150	152
150	207
150	346
151	152
151	153
151	154
151	342
152	153
152	154
152	155
152	156
152	341
152	342
152	345
153	154
153	155
153	156
154	155
154	156
154	157
155	156
155	157
155	158
155	159
156	157
156	158
156	159
156	160
156	255
157	158
157	159
157	160
157	161
157	253
157	254
157	255
157	256
158	159
158	160
158	161
158	189
158	248
158	253
158	254
159	160
159	161
159	162
159	164
159	186
159	189
159	190
160	161
160	162
160	163
160	164
160	165
160	186
160	253
160	254
161	162
161	163
161	164
161	248
161	251
161	252
161	253
161	254
162	163
162	164
162	185
162	186
162	189
162	248
162	249
162	251
163	164
163	165
163	185
163	186
164	165
164	180
164	181
164	183
164	185
164	186
165	166
165	167
165	179
165	180
165	181
166	167
166	168
166	179
166	180
166	181
167	168
167	169
167	174
167	175
167	176
167	178
167	179
167	180
168	169
168	170
168	174
168	175
168	178
168	179
169	170
169	171
169	172
169	173
169	174
169	175
170	171
170	172
170	173
170	174
170	175
171	172
171	173
172	173
173	174
173	175
174	175
174	176
175	176
175	177
175	178
176	177
176	178
176	179
176	367
177	178
177	179
177	367
178	179
178	180
179	180
179	181
179	363
179	367
180	181
180	182
180	183
181	182
181	183
181	186
181	359
181	362
181	363
182	183
182	184
182	186
182	187
182	359
182	360
182	363
183	184
183	185
183	186
183	187
184	185
184	186
184	187
184	188
185	186
185	187
185	188
185	189
186	187
186	188
186	189
186	190
187	188
187	189
187	190
187	191
187	355
188	189
188	190
188	191
188	192
189	190
189	191
189	192
189	193
190	191
190	192
190	193
190	194
190	355
191	192
191	193
191	194
191	195
191	355
192	193
192	194
192	195
192	196
193	194
193	195
193	196
193	197
194	195
194	196
194	197
194	198
194	348
194	349
195	196
195	197
195	198
195	199
196	197
196	198
196	199
196	200
196	201
196	202
197	198
197	199
197	200
197	201
197	202
197	203
197	204
197	349
198	199
198	200
199	200
199	201
200	201
200	202
200	203
201	202
202	203
202	204
203	204
203	205
203	206
204	205
204	206
204	349
204	350
205	206
205	207
206	207
206	210
206	211
207	208
207	209
207	210
207	211
208	209
208	210
208	211
208	212
209	210
209	211
209	212
209	213
210	211
210	212
210	213
210	214
211	212
211	213
211	214
211	215
212	213
212	214
212	215
212	216
213	214
213	215
213	216
213	217
214	215
214	216
214	217
214	218
214	219
214	220
215	216
215	217
215	218
215	219
215	220
215	221
215	222
215	223
216	217
216	218
216	233
216	236
216	238
217	218
217	219
218	219
218	220
218	221
218	238
219	220
219	221
220	221
220	222
221	222
222	223
223	224
223	225
224	225
225	226
225	229
226	227
226	228
226	229
227	228
227	229
227	230
227	296
227	297
227	298
228	229
228	230
228	231
228	295
228	296
228	297
229	230
229	231
229	232
229	233
230	231
230	232
230	233
230	234
231	232
231	233
231	234
231	235
231	295
232	233
232	234
232	235
232	236
233	234
233	235
233	236
233	237
233	238
234	235
234	236
234	237
234	238
235	236
235	237
236	237
236	238
237	238
237	239
238	239
238	240
239	240
240	241
240	242
241	242
241	243
242	243
242	314
242	317
243	244
243	245
243	317
244	245
244	246
244	317
244	320
244	321
245	246
245	247
245	253
245	321
246	247
246	248
246	252
246	253
247	248
247	249
247	250
247	251
247	252
247	253
248	249
248	250
248	251
248	252
248	253
249	250
249	251
250	251
250	252
251	252
251	253
252	253
252	254
252	324
253	254
253	255
253	324
253	325
254	255
254	256
254	324
254	325
254	326
255	256
255	257
255	322
255	325
255	326
256	257
256	258
256	325
256	326
256	327
256	328
257	258
257	259
257	322
257	325
257	326
257	327
257	328
258	259
258	260
258	327
258	328
259	260
259	261
260	261
261	262
261	263
262	263
262	264
263	264
263	265
264	265
264	266
264	271
265	266
265	267
265	268
266	267
266	268
267	268
267	269
268	269
268	270
268	271
269	270
269	271
270	271
270	272
270	273
270	274
271	272
271	273
271	274
271	275
272	273
272	274
272	275
272	276
273	274
273	275
273	276
273	277
274	275
274	276
274	277
274	278
275	276
275	277
275	278
275	279
276	277
276	278
276	279
276	280
277	278
277	279
277	280
277	281
277	282
278	279
278	280
278	281
278	282
278	283
279	280
279	281
279	282
279	283
280	281
280	282
280	283
280	284
281	282
281	283
281	284
281	287
282	283
282	284
282	287
282	288
283	284
283	285
283	287
283	288
283	302
284	285
284	286
284	287
284	288
285	286
285	287
285	288
285	289
285	304
285	305
286	287
286	288
286	289
286	290
287	288
287	289
287	290
287	291
288	289
288	290
288	291
288	292
289	290
289	291
289	292
289	293
290	291
290	292
290	293
290	294
291	292
291	293
291	294
291	295
292	293
292	294
292	295
292	296
292	297
293	294
293	295
293	296
294	295
294	296
295	296
295	297
296	297
296	298
297	298
297	299
297	300
298	299
298	300
298	315
299	300
299	301
299	306
299	315
300	301
300	302
300	306
301	302
301	303
301	306
302	303
302	304
302	305
302	306
303	304
303	305
303	306
303	307
304	305
304	306
304	307
305	306
305	307
305	308
305	309
306	307
306	308
306	309
306	310
307	308
307	309
307	310
308	309
308	310
308	311
309	310
309	311
309	312
310	311
310	312
310	315
310	316
311	312
311	313
312	313
312	314
312	315
312	316
313	314
313	315
313	316
313	317
314	315
314	316
314	317
314	318
315	316
315	317
315	318
315	319
316	317
316	318
316	319
316	320
317	318
317	319
317	320
317	321
318	319
318	320
318	321
318	322
319	320
319	321
319	322
319	323
320	321
320	322
320	323
320	324
321	322
321	323
321	324
321	325
322	323
322	324
322	325
322	326
323	324
323	325
324	325
324	326
325	326
326	327
326	328
327	328
327	329
328	329
328	330
329	330
329	331
330	331
330	332
330	334
331	332
331	333
331	334
332	333
332	334
332	335
333	334
333	335
333	336
333	337
334	335
334	336
334	337
334	338
335	336
335	337
335	338
335	339
336	337
336	338
336	339
336	340
336	365
336	366
337	338
337	339
337	340
337	341
337	366
338	339
338	340
338	341
338	342
339	340
339	341
339	342
339	343
340	341
340	342
340	343
340	344
340	362
340	365
340	366
341	342
341	343
341	344
341	345
341	362
342	343
342	344
342	345
342	346
343	344
343	345
343	346
343	347
344	345
344	346
344	347
344	348
344	358
344	359
344	362
345	346
345	347
345	348
345	349
346	347
346	348
346	349
346	350
347	348
347	349
347	350
347	351
347	352
347	353
348	349
348	350
348	351
348	352
348	353
348	354
348	355
348	358
349	350
349	351
350	351
350	352
351	352
351	353
351	354
352	353
353	354
353	355
353	357
353	358
354	355
354	356
354	357
354	358
355	356
355	357
355	358
355	359
356	357
356	358
356	359
356	360
357	358
357	359
357	360
357	361
358	359
358	360
358	361
358	362
359	360
359	361
359	362
359	363
360	361
360	362
360	363
360	364
361	362
361	363
361	364
361	365
362	363
362	364
362	365
362	366
363	364
363	365
363	366
363	367
364	365
364	366
364	367
364	368
365	366
365	367
365	368
366	367
366	368
367	368
367	369
368	369
368	370
369	370
369	371
370	371
370	372
371	372
371	373
372	373
372	374
372	375
373	374
373	375
373	376
374	375
374	376
375	376
375	377
375	380
376	377
377	378
377	379
377	380
378	379
378	380
379	380
379	381
380	381
380	382
380	496
381	382
381	383
381	494
381	495
381	496
382	383
382	384
382	386
382	387
382	494
382	495
382	496
383	384
383	385
383	386
383	387
383	493
383	494
383	495
384	385
384	386
384	387
384	388
384	490
384	491
384	493
384	494
384	495
385	386
385	387
385	388
385	389
385	490
385	491
386	387
386	388
386	389
386	390
387	388
387	389
387	390
387	391
388	389
388	390
388	391
388	392
388	393
389	390
389	391
389	392
389	393
389	394
389	395
389	396
389	397
390	391
390	392
390	393
390	394
390	395
391	392
391	393
391	394
392	393
392	394
392	410
393	394
393	395
394	395
395	396
395	397
396	397
396	398
397	398
397	401
398	399
398	400
398	401
398	471
399	400
399	401
399	471
399	473
400	401
400	402
400	473
401	402
401	403
401	474
402	403
402	404
402	405
402	473
402	474
403	404
403	405
403	406
403	407
403	474
403	475
404	405
404	406
404	407
405	406
405	407
406	407
406	408
406	409
406	410
407	408
407	409
407	410
407	411
408	409
408	410
408	411
409	410
409	411
409	412
409	413
410	411
410	412
410	413
410	414
411	412
411	413
411	414
411	415
411	438
411	439
412	413
412	414
412	415
413	414
413	415
414	415
414	416
414	417
414	436
414	437
414	438
415	416
415	417
415	436
415	437
415	438
416	417
416	418
416	435
416	436
416	437
417	418
417	419
417	435
417	436
418	419
418	433
418	434
418	435
418	436
418	495
419	420
419	421
419	433
419	434
419	435
419	436
419	493
419	494
419	495
420	421
420	422
420	431
420	432
420	433
420	434
420	493
420	494
420	495
421	422
421	423
421	431
421	432
421	433
421	492
421	493
421	494
422	423
422	424
422	430
422	431
422	432
422	492
422	493
423	424
423	425
423	427
423	429
423	430
423	431
423	492
424	425
424	426
424	427
425	426
425	427
425	428
426	427
426	428
427	428
427	429
428	429
428	430
429	430
430	431
430	432
431	432
432	433
432	434
433	434
433	435
434	435
434	436
434	479
435	436
435	437
435	479
436	437
436	438
436	477
436	478
436	479
437	438
437	478
437	479
437	480
438	439
438	440
438	477
438	478
439	440
439	441
439	475
439	476
439	477
439	478
440	441
440	442
440	475
440	476
440	477
440	478
440	487
441	442
442	443
442	444
442	446
442	447
442	475
443	444
443	445
443	446
443	447
443	472
443	473
443	474
443	475
443	476
444	445
444	446
444	447
444	457
444	458
444	459
444	472
444	473
444	474
444	475
444	476
444	489
445	446
445	447
445	457
445	458
445	459
445	460
445	472
445	473
446	447
446	448
446	457
447	448
447	457
447	458
448	449
448	455
448	456
448	457
448	458
449	450
449	455
449	456
449	457
450	451
450	453
450	454
450	455
450	456
451	452
451	453
451	454
451	455
452	453
452	454
453	454
453	455
454	455
454	456
455	456
456	457
456	458
456	460
456	461
457	458
457	459
457	460
457	461
458	459
458	460
458	461
458	462
459	460
459	461
459	462
459	463
459	469
459	472
460	461
460	462
460	463
460	464
461	462
461	463
461	464
461	465
462	463
462	464
462	465
462	466
462	467
462	468
462	469
463	464
463	465
463	466
463	467
463	468
464	465
464	466
465	466
465	467
466	467
466	468
467	468
467	469
468	469
468	470
469	470
469	471
469	472
470	471
470	472
471	472
471	473
471	474
472	473
472	474
473	474
473	475
474	475
474	476
475	476
475	477
476	477
476	478
476	487
476	488
476	489
476	490
477	478
477	479
477	487
477	488
477	489
477	490
478	479
478	480
478	485
478	486
478	487
478	488
479	480
479	481
479	485
479	486
479	487
480	481
480	482
480	483
480	484
480	485
480	486
481	482
481	483
481	484
481	485
482	483
482	484
482	485
483	484
483	485
484	485
484	486
485	486
485	487
486	487
486	488
487	488
487	489
488	489
488	490
489	490
489	491
489	492
490	491
490	492
490	493
491	492
491	493
492	493
493	494
494	495
494	496
495	496
