1	1
2	1
3	4
4	4
5	4
6	4
7	4
8	4
9	1
10	4
11	4
12	4
13	4
14	4
15	4
16	4
17	4
18	4
19	4
20	4
21	4
22	4
23	4
24	4
25	4
26	4
27	4
28	4
29	4
30	4
31	4
32	4
33	4
34	4
35	4
36	4
37	4
38	4
39	4
40	1
41	1
42	1
43	1
44	1
45	1
46	1
47	1
48	1
49	1
50	1
51	1
52	1
53	1
54	1
55	1
56	1
57	1
58	1
59	1
60	1
61	5
62	5
63	5
64	1
65	1
66	1
67	1
68	1
69	1
70	1
71	1
72	1
73	1
74	1
75	1
76	1
77	1
78	1
79	5
80	5
81	5
82	5
83	5
84	5
85	5
86	5
87	5
88	5
89	5
90	5
91	5
92	5
93	5
94	5
95	5
96	5
97	5
98	5
99	5
100	5
101	5
102	5
103	1
104	5
105	5
106	5
107	5
108	5
109	5
110	5
111	2
112	2
113	2
114	2
115	2
116	2
117	2
118	2
119	3
120	3
121	2
122	3
123	2
124	2
125	2
126	2
127	2
128	2
129	2
130	2
131	2
132	2
133	2
134	2
135	2
136	2
137	3
138	3
139	3
140	3
141	3
142	3
143	3
144	3
145	3
146	2
147	2
148	2
149	2
150	2
151	2
152	2
153	2
154	2
155	2
156	2
157	2
158	2
159	2
160	2
161	2
162	2
163	2
164	2
165	2
166	2
167	2
168	2
169	2
170	2
171	2
172	2
173	2
174	2
175	2
176	2
177	2
178	2
179	2
180	2
181	2
182	2
183	2
184	2
185	2
186	2
187	2
188	2
189	2
190	2
191	2
192	2
193	2
194	2
195	2
196	2
197	2
198	2
199	2
200	2
201	2
202	2
203	2
204	2
205	2
206	2
207	2
208	2
209	2
210	3
211	3
212	2
213	3
214	3
215	3
216	3
217	3
218	3
219	3
220	3
221	3
222	3
223	2
224	2
225	2
226	2
227	2
228	4
229	4
230	3
231	3
232	3
233	3
234	3
235	3
236	3
237	3
238	3
239	3
240	3
241	2
242	2
243	2
244	2
245	2
246	2
247	2
248	2
249	2
250	2
251	2
252	2
253	2
254	2
255	2
256	2
257	2
258	2
259	5
260	5
261	5
262	5
263	1
264	1
265	1
266	1
267	1
268	1
269	1
270	4
271	4
272	4
273	4
274	4
275	4
276	4
277	4
278	4
279	4
280	4
281	4
282	4
283	4
284	4
285	4
286	4
287	4
288	4
289	4
290	4
291	4
292	4
293	4
294	4
295	4
296	4
297	4
298	4
299	5
300	5
301	5
302	5
303	5
304	5
305	4
306	4
307	5
308	5
309	5
310	5
311	5
312	5
313	2
314	2
315	2
316	2
317	2
318	2
319	2
320	2
321	2
322	2
323	2
324	2
325	2
326	2
327	2
328	2
329	2
330	1
331	1
332	1
333	1
334	1
335	1
336	2
337	2
338	2
339	2
340	2
341	2
342	2
343	2
344	2
345	2
346	2
347	2
348	2
349	2
350	2
351	2
352	2
353	2
354	2
355	2
356	2
357	2
358	2
359	2
360	2
361	2
362	2
363	2
364	2
365	2
366	2
367	2
368	2
369	2
370	2
371	2
372	6
373	6
374	6
375	6
376	6
377	6
378	6
379	6
380	6
381	6
382	6
383	6
384	6
385	6
386	6
387	6
388	6
389	6
390	6
391	6
392	6
393	6
394	6
395	6
396	6
397	6
398	6
399	6
400	6
401	6
402	6
403	6
404	6
405	6
406	6
407	6
408	6
409	6
410	6
411	6
412	6
413	6
414	6
415	6
416	6
417	6
418	6
419	6
420	6
421	6
422	6
423	6
424	6
425	6
426	6
427	6
428	6
429	6
430	6
431	6
432	6
433	6
434	6
435	6
436	6
437	6
438	6
439	6
440	6
441	6
442	6
443	6
444	6
445	6
446	6
447	6
448	6
449	6
450	6
451	6
452	6
453	6
454	6
455	6
456	6
457	6
458	6
459	6
460	6
461	6
462	6
463	6
464	6
465	6
466	6
467	6
468	6
469	6
470	6
471	6
472	6
473	6
474	6
475	6
476	6
477	6
478	6
479	6
480	6
481	6
482	6
483	6
484	6
485	6
486	6
487	6
488	6
489	6
490	6
491	6
492	6
493	6
494	6
495	6
496	6
497	6
***
1	2
2	1
3	1
4	2
5	2
6	1
