0	1
0	2
1	2
1	3
2	3
2	4
2	152
2	153
3	4
3	5
3	27
3	28
4	5
4	6
4	27
4	28
4	29
4	51
5	6
5	7
5	28
5	29
5	30
5	49
5	50
5	51
5	52
6	7
6	8
6	28
6	29
6	30
6	31
6	50
6	51
6	52
6	53
7	8
7	9
7	30
7	31
7	32
7	50
7	52
7	53
7	54
8	9
8	10
8	31
8	32
8	33
8	53
8	54
8	55
9	10
9	11
9	32
9	33
9	34
9	35
9	39
9	54
9	55
9	56
10	11
10	12
10	16
10	33
10	34
10	55
10	56
11	12
11	13
11	34
11	59
12	13
12	14
12	15
12	16
13	14
13	15
13	16
13	17
14	15
14	16
14	17
14	18
15	16
15	17
15	18
15	19
15	101
16	17
16	18
16	19
16	20
17	18
17	19
17	20
17	21
18	19
18	20
18	21
18	22
18	104
18	105
19	20
19	21
19	22
19	23
19	104
20	21
20	22
20	23
20	24
21	22
21	23
21	24
22	23
22	24
22	104
22	105
22	107
22	108
23	24
23	25
23	28
23	107
23	108
24	25
24	26
24	28
25	26
25	27
25	28
26	27
26	28
27	28
27	29
28	29
28	30
29	30
29	31
30	31
30	32
31	32
31	33
32	33
32	34
33	34
33	35
33	38
33	39
34	35
34	38
35	36
35	37
35	38
35	39
36	37
36	38
36	39
36	40
36	65
37	38
37	39
37	40
37	41
38	39
38	40
38	41
38	42
39	40
39	41
39	42
39	43
40	41
40	42
40	43
40	44
40	69
41	42
41	43
41	44
41	45
42	43
42	44
42	45
42	46
43	44
43	45
43	46
43	47
43	74
44	45
44	46
44	47
45	46
45	47
46	47
46	48
46	49
46	50
47	48
47	49
47	50
47	74
48	49
48	50
49	50
49	51
50	51
50	52
51	52
51	76
51	77
52	53
52	54
52	76
52	77
52	78
52	115
53	54
53	55
53	76
53	77
53	78
53	79
54	55
54	56
54	78
54	79
54	80
55	56
55	57
55	79
55	80
55	81
56	57
56	58
56	59
56	80
56	81
56	82
57	58
57	59
57	62
57	80
57	81
57	82
57	83
57	84
57	85
58	59
58	60
58	62
58	82
58	83
58	84
58	85
59	60
59	61
59	62
60	61
60	62
61	62
61	63
61	64
61	65
62	63
62	64
62	65
62	66
63	64
63	65
63	66
63	67
63	85
64	65
64	66
64	67
64	68
65	66
65	67
65	68
65	69
66	67
66	68
66	69
66	70
66	92
67	68
67	69
67	70
67	71
67	128
68	69
68	70
68	71
68	72
69	70
69	71
69	72
69	73
69	74
70	71
70	72
70	73
70	74
70	75
70	128
70	129
71	72
71	73
72	73
72	74
73	74
73	75
73	135
73	139
74	75
74	76
75	76
76	77
76	78
77	78
77	95
77	96
77	114
77	115
77	118
78	79
78	80
78	96
78	97
78	114
79	80
79	81
79	96
79	97
79	98
79	99
79	114
80	81
80	82
80	96
80	97
80	98
80	99
81	82
81	83
81	86
81	98
81	99
81	100
81	101
82	83
82	86
82	87
82	99
82	100
82	101
83	84
83	85
83	86
83	87
84	85
86	87
86	88
86	98
86	99
86	100
87	88
87	89
87	98
88	89
89	90
89	91
90	91
90	92
90	93
90	94
90	127
91	92
91	93
91	127
92	93
92	96
92	126
92	127
92	128
93	94
93	95
93	96
93	124
93	125
93	126
93	127
94	95
94	96
94	124
94	125
94	126
95	96
95	97
95	117
95	118
95	121
95	124
96	97
96	98
96	114
97	98
97	99
97	114
98	99
98	100
99	100
99	101
99	103
100	101
100	102
100	103
101	102
101	103
101	104
102	103
102	104
103	104
103	105
103	106
104	105
104	106
104	107
105	106
105	107
106	107
106	108
106	109
106	110
107	108
107	109
107	110
107	111
108	109
108	110
108	111
108	112
109	110
109	111
109	112
109	113
110	111
110	112
110	113
110	114
111	112
111	113
111	114
111	115
112	113
112	114
112	115
112	116
113	114
113	115
113	116
113	117
114	115
114	116
114	117
114	118
115	116
115	117
115	118
115	119
116	117
116	118
116	119
116	120
117	118
117	119
117	120
117	121
118	119
118	120
118	121
118	122
119	120
119	121
119	122
119	146
120	121
120	122
121	122
121	123
121	124
122	123
122	124
122	142
122	143
122	146
123	124
123	125
123	140
123	142
123	143
124	125
124	126
125	126
125	127
125	130
126	127
126	128
126	129
126	130
127	128
127	129
127	130
127	131
128	129
128	130
129	130
129	131
130	131
130	132
131	132
132	133
132	134
133	134
135	136
135	137
135	138
135	139
136	137
136	138
136	139
136	140
137	138
137	139
137	140
138	139
138	140
138	141
139	140
139	141
139	142
140	141
140	142
140	143
140	144
141	142
141	143
141	144
141	145
142	143
142	144
142	145
142	146
143	144
143	145
143	146
143	147
144	145
144	146
144	147
144	148
145	146
145	147
145	148
145	149
146	147
146	148
146	149
146	150
147	148
147	149
147	150
147	151
148	149
148	150
148	151
148	152
149	150
149	151
149	152
149	153
150	151
150	152
150	153
150	154
151	152
151	153
151	154
152	153
152	154
153	154
153	155
154	155
155	156
155	157
156	157
157	158
157	159
157	270
158	159
158	160
158	270
159	160
159	161
160	161
160	162
161	162
161	163
162	163
162	164
162	214
163	164
163	165
163	166
163	167
164	165
164	166
164	167
165	166
165	167
165	170
165	171
166	167
166	168
166	170
166	171
166	215
167	168
167	169
167	170
167	171
167	215
167	216
168	169
168	170
168	171
168	176
168	215
168	216
168	217
169	170
169	171
170	171
170	172
171	172
171	173
171	175
171	176
172	173
172	174
172	175
172	176
173	174
173	175
173	176
173	177
174	175
174	176
174	177
174	178
175	176
175	177
175	178
175	179
176	177
176	178
176	179
176	180
177	178
177	179
177	180
177	181
178	179
178	180
178	181
178	182
179	180
179	181
179	182
179	183
180	181
180	182
180	183
180	184
181	182
181	183
181	184
181	185
182	183
182	184
182	185
182	186
183	184
183	185
183	186
183	187
183	208
184	185
184	186
184	187
184	188
184	225
185	186
185	187
185	188
185	189
186	187
186	188
186	189
186	190
186	204
186	208
187	188
187	189
187	190
187	191
187	208
188	189
188	190
188	191
188	192
188	229
189	190
189	191
189	192
189	193
189	204
190	191
190	192
190	193
190	194
190	201
190	204
190	205
191	192
191	193
191	194
191	253
192	193
192	194
193	194
193	195
193	196
193	199
193	201
194	195
194	196
194	201
194	253
195	196
195	197
196	197
196	198
196	199
197	198
197	199
198	199
198	200
199	200
199	201
200	201
200	202
200	203
200	204
201	202
201	203
201	204
201	205
202	203
202	204
202	205
202	206
203	204
203	205
203	206
203	207
204	205
204	206
204	207
204	208
205	206
205	207
205	208
205	209
205	257
206	207
206	208
206	209
206	210
207	208
207	209
207	210
207	211
208	209
208	210
208	211
208	212
209	210
209	211
209	212
209	213
209	260
209	261
210	211
210	212
210	213
210	214
211	212
211	213
211	214
211	215
212	213
212	214
212	215
212	216
212	217
213	214
213	215
213	216
213	217
213	261
214	215
214	216
215	216
215	217
216	217
216	218
217	218
217	219
217	221
218	219
218	220
218	221
219	220
219	221
219	222
219	223
220	221
220	222
220	223
220	224
221	222
221	223
221	224
221	225
222	223
222	224
222	225
222	226
223	224
223	225
223	226
223	227
224	225
224	226
224	227
224	228
225	226
225	227
225	228
225	229
226	227
226	228
226	229
226	230
226	254
227	228
227	229
227	230
227	231
228	229
228	230
228	231
228	232
229	230
229	231
229	232
229	233
230	231
230	232
230	233
230	234
230	247
231	232
231	233
231	234
231	235
232	233
232	234
232	235
232	236
233	234
233	235
233	236
233	237
234	235
234	236
234	237
234	238
234	244
235	236
235	237
235	238
235	239
236	237
236	238
236	239
236	240
237	238
237	239
237	240
237	241
237	242
237	243
237	244
238	239
238	240
238	241
238	242
238	243
238	244
239	240
239	241
240	241
240	242
241	242
241	243
242	243
242	244
243	244
243	245
243	246
244	245
244	246
244	247
245	246
245	247
245	248
246	247
246	248
246	249
247	248
247	249
247	250
248	249
248	250
248	251
249	250
249	251
249	252
250	251
250	252
250	253
250	254
251	252
251	253
251	254
251	255
252	253
252	254
252	255
252	256
253	254
253	255
253	256
253	257
254	255
254	256
254	257
254	258
255	256
255	257
255	258
255	259
256	257
256	258
256	259
256	260
257	258
257	259
257	260
257	261
258	259
258	260
258	261
258	262
259	260
259	261
259	262
259	263
260	261
260	262
260	263
260	264
261	262
261	263
261	264
261	265
262	263
262	264
262	265
262	266
263	264
263	265
263	266
263	267
264	265
264	266
264	267
264	268
265	266
265	267
265	268
266	267
266	268
266	269
267	268
267	269
268	269
268	270
269	270
269	271
270	271
