1	1
2	1
3	1
4	1
5	1
6	3
7	3
8	3
9	3
10	3
11	3
12	3
13	2
14	2
15	2
16	2
17	2
18	2
19	2
20	2
21	2
22	2
23	2
24	2
25	2
26	2
27	2
28	2
29	2
30	2
31	2
32	2
33	2
34	2
35	2
36	2
37	2
38	2
39	2
40	2
41	2
42	2
43	2
44	2
45	2
46	2
47	2
48	2
49	2
50	2
51	2
52	2
53	2
54	2
55	2
56	2
57	2
58	2
59	2
60	2
61	2
62	2
63	2
64	2
65	2
66	2
67	2
68	2
69	2
70	2
71	2
72	2
73	2
74	2
75	2
76	2
77	2
78	2
79	2
80	2
81	2
82	1
83	1
84	1
85	1
86	1
87	1
88	3
89	3
90	3
91	3
92	2
93	2
94	2
95	2
96	2
97	2
98	2
99	2
100	2
101	2
102	2
103	2
104	2
105	2
106	2
107	2
108	3
109	3
110	3
111	3
112	2
113	2
114	2
115	2
116	2
117	2
118	2
119	2
120	2
121	2
122	2
123	2
124	2
125	2
126	2
127	2
128	2
129	2
130	2
131	4
132	4
133	4
134	4
135	4
136	4
137	4
138	4
139	4
140	4
141	4
142	4
143	4
144	4
145	4
146	1
147	1
148	1
149	1
150	3
151	5
152	5
153	5
154	5
155	5
156	5
157	5
158	4
159	4
160	4
161	4
162	4
163	4
164	4
165	4
166	4
167	5
168	5
169	5
170	5
171	5
172	5
173	5
174	2
175	2
176	2
177	2
178	2
179	2
180	5
181	5
182	5
183	5
184	5
185	5
186	5
187	5
188	2
189	2
190	2
191	2
192	2
193	2
194	2
195	2
196	2
197	2
198	2
199	2
200	2
201	2
202	2
203	2
204	2
205	2
206	2
***
1	1
2	1
3	1
4	1
5	1
