0	1
0	2
1	2
1	3
2	3
2	4
3	4
3	5
3	131
4	5
4	6
4	7
5	6
5	7
6	7
6	8
7	8
7	129
7	130
8	9
8	10
8	128
8	129
8	130
9	10
9	11
9	127
9	128
9	129
10	11
10	12
10	13
10	127
10	128
10	129
11	12
11	13
12	13
12	14
13	14
13	15
13	124
13	125
13	126
13	127
14	15
14	16
14	83
14	84
14	124
14	125
14	126
15	16
15	17
15	123
15	124
15	125
16	17
16	18
16	80
16	123
16	124
17	18
17	19
17	76
17	80
18	19
18	20
18	22
18	24
19	20
19	21
19	22
20	21
20	22
21	22
21	23
21	95
22	23
22	24
22	93
22	94
22	95
22	120
23	24
23	25
23	93
23	94
23	95
23	119
23	120
24	25
24	26
24	92
24	93
24	94
24	118
24	119
24	120
25	26
25	27
25	91
25	92
25	93
25	117
25	118
25	119
26	27
26	90
26	91
26	92
26	115
26	116
26	117
26	118
27	28
27	29
27	89
27	90
27	91
27	113
27	114
27	115
27	116
27	117
28	29
28	30
28	88
28	89
28	90
28	113
28	114
28	115
29	30
29	31
29	32
29	88
29	89
29	90
29	112
29	113
29	114
30	31
30	32
30	112
30	113
31	32
31	33
32	33
32	34
33	34
33	57
34	35
34	36
34	37
35	36
35	37
35	38
35	39
35	55
35	65
35	66
36	37
36	38
36	39
36	40
37	38
37	39
37	40
37	41
38	39
38	40
38	41
38	42
39	40
39	41
39	42
39	43
39	67
40	41
40	42
40	43
41	42
41	43
41	108
42	43
42	44
42	45
42	46
42	105
42	108
43	44
43	45
43	46
43	47
44	45
44	46
44	47
45	46
45	47
45	101
45	104
45	105
46	47
46	48
46	49
46	101
47	48
47	49
48	49
49	50
49	51
49	95
49	96
49	97
50	51
50	69
50	70
50	94
50	95
50	96
51	52
51	53
51	68
51	69
51	70
51	73
51	93
51	94
51	95
52	53
52	54
52	67
52	68
52	69
52	70
52	73
52	74
52	77
52	92
52	93
52	94
53	54
53	55
53	66
53	67
53	68
53	74
53	77
53	91
53	92
53	93
54	55
54	56
54	64
54	65
54	66
54	67
54	77
54	78
54	81
54	90
54	91
54	92
55	56
55	57
55	64
55	65
55	66
55	81
55	88
55	89
55	90
55	91
56	57
56	58
56	63
56	64
56	65
56	81
56	86
56	87
56	88
56	89
56	90
57	58
57	59
57	62
57	63
57	64
57	65
57	87
57	88
58	59
58	62
58	87
58	88
59	60
59	61
59	62
60	61
60	62
61	62
61	63
62	63
62	64
63	64
63	65
64	65
64	66
64	78
65	66
66	67
66	74
67	68
67	74
68	69
68	70
68	74
69	70
69	71
70	71
70	72
70	73
70	74
71	72
71	73
71	74
71	75
72	73
72	74
72	75
72	76
73	74
73	75
73	76
73	77
73	93
74	75
74	76
74	77
74	78
75	76
75	77
75	78
75	79
76	77
76	78
76	79
76	80
77	78
77	79
77	80
77	81
77	91
77	92
77	93
78	79
78	80
78	81
78	82
79	80
79	81
79	82
79	83
80	81
80	82
80	83
80	84
81	82
81	83
81	84
81	85
81	91
82	83
82	84
82	85
83	84
83	85
84	85
84	86
84	127
85	86
85	87
85	133
85	134
86	87
86	88
86	89
86	133
86	134
86	135
86	136
87	88
87	89
88	89
88	90
89	90
89	91
90	91
90	92
91	92
91	93
92	93
92	94
93	94
93	95
94	95
94	96
94	97
95	96
95	97
96	97
96	98
97	98
97	99
97	101
97	102
98	99
98	100
98	101
98	102
99	100
99	101
99	102
99	103
100	101
100	102
100	103
100	104
101	102
101	103
101	104
101	105
102	103
102	104
102	105
102	106
103	104
103	105
103	106
103	107
104	105
104	106
104	107
104	108
105	106
105	107
105	108
105	109
106	107
106	108
106	109
106	110
107	108
107	109
107	110
107	111
108	109
108	110
108	111
109	110
109	111
109	112
109	113
110	111
110	112
110	113
110	114
110	115
111	112
111	113
112	113
113	114
113	115
114	115
114	116
115	116
115	117
116	117
116	138
116	139
117	118
117	119
117	139
118	119
119	120
119	121
120	121
120	122
121	122
121	123
121	141
121	142
122	123
122	141
122	142
123	124
123	125
123	140
123	141
123	142
124	125
124	126
124	139
124	140
124	141
125	126
125	127
125	138
125	139
125	140
126	127
126	128
126	136
126	137
126	138
126	139
127	128
127	129
127	134
127	135
127	136
127	137
128	129
128	130
128	134
128	135
128	136
128	137
129	130
129	133
129	134
129	135
130	131
130	132
130	133
130	134
131	132
131	133
132	133
133	134
133	135
134	135
134	136
135	136
135	137
136	137
136	138
137	138
138	139
139	140
139	141
140	141
140	142
141	142
141	143
142	143
143	144
143	145
144	145
144	146
145	146
145	147
146	147
147	148
147	149
148	149
148	150
149	150
