0	1
0	2
1	2
1	3
1	5
2	3
2	4
2	5
2	6
3	4
3	5
3	6
3	7
4	5
4	6
4	7
4	8
5	6
5	7
5	8
5	9
6	7
6	8
6	9
6	10
7	8
7	9
7	10
7	11
8	9
8	10
8	11
8	12
9	10
9	11
9	12
9	13
10	11
10	12
10	13
10	18
11	12
11	13
12	13
12	14
13	14
13	15
13	17
14	15
14	16
14	17
14	18
15	16
15	17
15	18
15	19
16	17
16	18
16	19
16	20
17	18
17	19
17	20
17	21
18	19
18	20
18	21
18	22
19	20
19	21
19	22
19	23
20	21
20	22
20	23
20	24
21	22
21	23
21	24
21	25
22	23
22	24
22	25
22	26
23	24
23	25
23	26
23	27
24	25
24	26
24	27
24	28
25	26
25	27
25	28
25	29
26	27
26	28
26	29
26	30
26	31
26	32
27	28
27	29
27	30
27	31
28	29
28	30
29	30
29	31
30	31
30	32
31	32
32	33
32	34
33	34
33	35
34	35
34	36
35	36
35	37
36	37
37	38
37	39
38	39
38	40
39	40
40	41
41	42
41	43
42	43
42	44
43	44
44	45
45	46
45	47
46	47
46	48
47	48
47	49
48	49
48	50
49	50
49	51
50	51
50	52
51	52
51	53
51	97
51	98
51	99
52	53
52	54
52	96
52	97
52	98
52	99
53	54
53	55
53	95
53	96
53	97
53	98
53	99
53	102
53	119
54	55
54	56
54	94
54	95
54	96
54	97
54	118
54	119
55	56
55	57
55	92
55	93
55	94
55	95
55	102
55	117
55	118
55	119
56	57
56	58
56	91
56	92
56	93
56	94
56	116
56	117
56	118
57	58
57	59
57	89
57	90
57	91
57	92
57	93
57	115
57	116
57	117
58	59
58	60
58	89
58	90
58	91
58	115
58	116
58	117
59	60
59	61
59	89
59	90
59	114
59	115
59	116
60	61
60	62
60	63
60	64
60	67
60	86
60	114
60	115
61	62
61	63
61	64
61	113
61	114
61	115
62	63
62	64
62	113
63	64
63	65
63	66
63	67
63	112
63	113
63	114
64	65
64	66
64	67
64	68
65	66
65	67
65	68
65	69
66	67
66	68
66	69
66	70
66	112
67	68
67	69
67	70
67	71
67	109
68	69
68	70
68	71
68	72
68	82
68	83
69	70
69	71
69	72
69	73
70	71
70	72
70	73
70	74
70	105
71	72
71	73
71	74
71	75
71	82
71	93
72	73
72	74
72	75
72	76
72	77
72	79
72	82
73	74
73	75
73	76
74	75
74	76
75	76
75	77
76	77
76	78
77	78
77	79
77	81
77	82
78	79
78	80
78	81
78	82
79	80
79	81
79	82
79	83
80	81
80	82
80	83
80	84
81	82
81	83
81	84
81	85
82	83
82	84
82	85
82	86
83	84
83	85
83	86
83	87
84	85
84	86
84	87
84	88
85	86
85	87
85	88
85	89
85	91
86	87
86	88
86	89
86	91
87	88
87	89
88	89
88	90
88	91
89	90
89	91
90	91
90	92
91	92
91	93
92	93
92	94
93	94
94	95
94	96
94	97
95	96
95	97
96	97
96	98
97	98
97	99
97	101
97	102
98	99
98	100
98	101
98	102
99	100
99	101
99	102
99	103
100	101
100	102
100	103
100	104
101	102
101	103
101	104
101	105
102	103
102	104
102	105
102	106
103	104
103	105
103	106
103	107
104	105
104	106
104	107
104	108
105	106
105	107
105	108
105	109
106	107
106	108
106	109
106	110
106	116
107	108
107	109
107	110
107	111
108	109
108	110
108	111
108	112
109	110
109	111
109	112
109	113
109	114
109	116
110	111
110	112
110	113
110	114
111	112
111	113
112	113
112	114
113	114
114	115
114	116
115	116
115	117
116	117
116	118
117	118
117	119
118	119
