0	1
0	2
1	2
1	3
1	4
2	3
2	4
2	5
2	6
2	79
2	125
3	4
3	5
3	6
3	7
4	5
4	6
4	7
4	8
5	6
5	7
5	8
5	9
5	31
5	76
6	7
6	8
6	9
6	10
6	76
7	8
7	9
7	10
7	11
8	9
8	10
8	11
8	12
8	25
9	10
9	11
9	12
9	13
9	74
9	75
10	11
10	12
10	13
10	14
11	12
11	13
11	14
11	15
12	13
12	14
12	15
12	16
13	14
13	15
13	16
13	17
14	15
14	16
14	17
14	18
15	16
15	17
15	18
15	19
15	20
15	23
16	17
16	18
16	19
16	20
17	18
17	19
18	19
18	20
19	20
19	21
20	21
20	22
21	22
21	61
21	62
22	23
22	59
22	60
22	61
22	62
23	24
23	25
23	59
23	60
23	61
24	25
24	26
24	57
24	58
24	59
24	60
25	26
25	27
25	57
25	58
25	59
26	27
26	28
26	56
26	57
26	58
27	28
27	31
27	32
27	56
27	57
27	58
28	29
28	30
28	31
28	32
29	30
29	31
29	32
29	33
30	31
30	32
30	33
30	34
31	32
31	33
31	34
31	35
32	33
32	34
32	35
32	36
33	34
33	35
33	36
33	37
33	109
34	35
34	36
34	37
34	38
35	36
35	37
35	38
35	39
35	47
36	37
36	38
36	39
36	40
37	38
37	39
37	40
37	41
38	39
38	40
38	41
38	42
38	43
38	44
39	40
39	41
39	42
39	43
39	44
39	45
39	46
40	41
40	42
41	42
41	43
42	43
42	44
43	44
43	45
43	63
43	70
43	71
44	45
44	46
44	61
44	62
44	63
45	46
45	61
45	62
45	63
46	47
46	60
46	61
47	48
47	58
47	59
47	60
47	61
48	49
48	50
48	58
48	59
48	60
49	50
49	56
49	57
49	58
49	59
50	51
50	52
50	56
50	57
50	58
51	52
51	53
51	54
51	55
51	56
51	57
52	53
52	54
52	55
52	56
52	57
53	54
53	55
54	55
54	56
55	56
55	57
56	57
56	58
57	58
57	59
58	59
58	60
59	60
59	61
60	61
60	62
61	62
61	63
62	63
62	64
63	64
63	65
63	70
64	65
64	66
64	67
64	68
64	69
64	70
65	66
65	67
65	68
65	69
65	70
66	67
66	68
67	68
67	69
68	69
68	70
69	70
69	71
69	72
70	71
70	72
71	72
71	73
71	129
72	73
72	129
73	74
73	75
73	128
73	129
74	75
74	127
74	128
74	129
75	76
75	77
75	126
75	127
75	128
76	77
76	78
76	125
76	126
76	127
77	78
77	79
77	124
77	125
77	126
77	127
78	79
78	82
78	83
78	84
78	123
78	124
78	125
79	80
79	81
79	82
79	83
80	81
80	82
80	83
81	82
81	83
82	83
82	84
83	84
83	85
84	85
84	86
84	123
84	124
85	86
85	87
85	122
85	123
85	124
86	87
86	88
86	90
86	91
86	121
86	122
86	123
87	88
87	89
87	90
87	91
87	121
87	122
88	89
88	90
88	91
88	116
88	119
88	120
88	121
89	90
89	91
90	91
90	92
91	92
91	93
91	112
91	116
91	121
92	93
92	94
92	112
93	94
93	95
94	95
94	96
94	98
94	99
94	100
95	96
95	97
95	98
96	97
96	98
97	98
97	99
98	99
98	129
99	100
99	101
99	128
99	129
100	101
100	102
100	111
100	112
100	127
100	128
100	129
101	102
101	103
101	111
101	112
101	124
101	126
101	127
101	128
102	103
102	109
102	110
102	111
102	112
102	124
102	125
102	126
102	127
103	104
103	105
103	109
103	110
103	111
103	112
103	122
103	123
103	124
103	125
103	126
104	105
104	108
104	109
104	110
104	122
104	123
104	124
104	125
105	106
105	107
105	108
105	109
105	120
105	121
105	122
105	123
106	107
106	108
107	108
108	109
108	110
109	110
110	111
110	112
110	114
110	115
111	112
111	113
111	114
111	115
112	113
112	114
112	115
112	116
113	114
113	115
113	116
113	117
114	115
114	116
114	117
114	118
115	116
115	117
115	118
115	119
115	120
115	121
116	117
116	118
116	119
116	120
117	118
117	119
118	119
118	120
119	120
120	121
120	122
121	122
122	123
122	124
123	124
123	125
124	125
124	126
125	126
126	127
126	128
127	128
127	129
128	129
