0	1
0	2
0	3
0	4
0	17
0	18
1	2
1	3
1	4
1	5
1	6
1	12
1	17
1	18
1	19
2	3
2	4
2	5
2	12
2	14
2	17
3	4
3	5
4	5
4	6
5	6
5	12
6	7
6	8
6	10
6	11
6	12
6	19
7	8
7	9
7	10
8	9
8	10
9	10
9	22
10	11
10	19
10	20
10	21
10	22
10	23
11	12
11	13
11	19
11	20
11	21
11	22
11	23
12	13
12	14
12	17
12	18
12	19
12	20
12	21
13	14
13	15
13	16
13	17
13	18
13	19
13	20
13	21
13	40
13	41
14	15
14	16
14	17
14	40
14	41
14	68
14	69
15	16
15	17
15	39
15	40
15	68
15	69
16	17
16	18
17	18
17	19
18	19
18	20
19	20
19	21
20	21
20	22
21	22
21	23
21	41
22	23
22	24
23	24
23	25
23	42
23	43
24	25
24	26
24	42
24	43
24	44
25	26
25	44
26	27
26	28
26	44
27	28
27	29
28	29
28	30
29	30
29	31
30	31
30	32
30	33
30	34
30	46
31	32
31	33
32	33
32	34
32	46
32	47
32	48
32	49
32	50
33	34
33	35
33	46
33	47
34	35
34	36
34	42
34	43
34	44
34	45
34	46
34	47
35	36
35	37
35	42
35	43
35	45
35	46
35	47
36	37
36	38
36	40
36	41
36	42
36	43
37	38
37	39
37	40
37	41
37	42
38	39
38	40
38	91
38	92
38	93
38	94
38	95
39	40
39	41
39	91
39	95
40	41
40	42
40	69
41	42
41	43
42	43
42	44
43	44
43	45
44	45
44	46
45	46
45	47
46	47
46	48
47	48
47	49
47	50
48	49
49	50
49	51
50	51
50	52
51	52
51	53
51	70
52	53
52	54
52	70
52	71
53	54
53	71
54	55
54	56
54	71
55	56
55	57
55	66
55	71
55	72
56	57
56	58
56	59
56	66
57	58
57	59
57	60
57	65
57	66
58	59
58	60
59	60
59	61
60	61
60	62
60	64
60	65
60	73
61	62
61	63
61	64
62	63
62	64
63	64
63	76
63	77
64	65
64	73
64	74
64	75
64	76
64	77
65	66
65	67
65	73
65	74
65	75
65	76
65	77
66	67
66	68
66	71
66	72
66	73
66	74
66	75
67	68
67	69
67	70
67	71
67	72
67	73
67	74
67	75
67	94
67	95
67	96
68	69
68	70
68	71
69	70
69	71
69	94
69	95
70	71
70	72
70	94
71	72
71	73
72	73
72	74
73	74
73	75
74	75
74	76
74	94
75	76
75	77
75	96
76	77
76	78
76	79
77	78
77	79
78	79
78	80
79	80
79	81
79	98
79	99
80	81
80	82
81	82
81	83
81	99
82	83
82	84
83	84
83	85
84	85
84	86
85	86
85	87
85	88
85	89
85	101
86	87
86	88
87	88
87	89
87	101
87	102
88	89
88	90
88	101
88	102
89	90
89	91
89	97
89	98
89	99
89	100
89	101
89	102
90	91
90	92
90	97
90	98
90	100
90	101
90	102
91	92
91	93
91	95
91	96
91	97
91	98
92	93
92	94
92	95
92	96
92	97
93	94
93	95
94	95
94	96
95	96
95	97
96	97
96	98
97	98
97	99
98	99
98	100
99	100
99	101
100	101
100	102
101	102
101	103
102	103
