0	1
0	2
0	148
0	149
1	2
1	3
1	148
1	149
1	150
2	3
2	4
2	148
2	149
2	150
2	172
3	4
3	5
3	149
3	150
3	170
3	171
3	172
3	173
4	5
4	6
4	96
4	170
4	171
4	172
5	6
5	7
5	96
5	168
5	169
5	170
5	171
6	7
6	8
6	18
6	96
6	168
6	169
6	170
7	8
7	18
7	167
7	168
7	169
8	9
8	10
8	16
8	17
8	18
8	165
8	166
8	167
8	168
9	10
9	11
9	16
9	17
9	18
9	164
9	165
9	166
9	167
10	11
10	12
10	13
10	15
10	16
10	161
10	164
10	166
10	167
11	12
11	13
11	14
11	15
11	16
12	13
12	14
12	15
12	161
13	14
13	15
13	160
13	161
14	15
14	16
14	223
15	16
15	17
15	223
16	17
16	32
16	166
17	18
17	30
17	31
17	32
17	33
17	120
18	19
18	20
18	30
18	31
18	32
19	20
19	21
19	28
19	29
19	30
19	31
20	21
20	22
20	28
20	29
20	30
20	94
20	95
21	22
21	23
21	26
21	27
21	28
21	29
21	93
21	94
21	95
22	23
22	26
22	27
22	28
22	91
22	92
22	93
22	94
23	24
23	25
23	26
23	27
23	65
23	67
23	68
23	91
23	92
23	93
24	25
24	26
24	65
24	66
24	67
25	26
25	27
25	65
26	27
26	28
27	28
27	29
27	60
28	29
28	30
29	30
29	31
29	58
29	121
30	31
30	120
30	121
30	122
31	32
31	33
31	120
31	121
31	122
31	123
31	124
32	33
32	34
32	120
32	122
32	123
32	124
32	221
33	34
33	35
33	123
33	124
33	125
33	126
33	220
33	221
34	35
34	36
34	37
34	123
34	124
34	125
34	126
34	219
34	220
34	221
35	36
35	37
35	125
35	126
35	127
35	194
35	219
35	220
35	221
36	37
36	125
36	127
36	219
36	220
36	221
37	38
37	39
37	125
37	126
37	127
37	131
38	39
38	40
38	125
38	126
38	127
38	128
38	129
38	131
38	132
38	138
39	40
39	41
39	104
39	124
39	125
39	132
39	133
39	138
40	41
40	104
40	105
40	123
40	124
40	125
41	42
41	43
41	104
41	105
41	106
41	107
41	122
41	123
41	124
42	43
42	44
42	60
42	105
42	106
42	107
42	121
42	122
42	123
43	44
43	45
43	47
43	54
43	59
43	60
43	106
43	107
43	108
43	121
43	122
44	45
44	46
44	47
44	59
44	60
44	61
44	106
44	107
44	108
45	46
45	47
45	59
45	60
45	61
46	47
46	48
46	108
47	48
47	49
47	54
47	107
47	108
47	109
48	49
48	50
48	51
48	108
49	50
49	51
49	52
50	51
50	52
51	52
51	53
51	54
51	109
51	110
51	111
51	112
52	53
52	54
52	55
52	112
53	54
53	55
53	56
53	110
53	111
53	112
53	115
53	116
54	55
54	56
54	57
55	56
55	57
56	57
57	58
57	59
57	121
58	59
58	60
58	121
59	60
59	61
60	61
60	62
61	62
61	63
61	64
62	63
62	64
62	65
62	68
63	64
63	65
64	65
64	66
65	66
65	67
65	68
66	67
66	68
67	68
67	69
67	91
67	92
68	69
68	70
68	90
68	91
69	70
69	71
69	89
69	90
69	91
70	71
70	72
70	89
70	90
71	72
71	73
71	88
71	89
71	90
72	73
72	74
72	87
72	88
72	89
73	74
73	75
73	87
73	88
74	75
74	76
74	86
74	87
74	88
75	76
75	77
75	85
75	86
75	87
75	88
75	105
76	77
76	78
76	84
76	85
76	86
77	78
77	79
77	83
77	84
77	85
77	133
78	79
78	80
78	82
78	83
78	84
79	80
79	81
79	82
79	83
80	81
80	82
80	295
81	82
82	83
82	84
83	84
83	85
84	85
84	107
84	109
84	110
85	86
85	107
85	108
85	109
86	87
86	105
86	106
86	107
86	108
86	109
87	88
87	89
87	105
87	106
87	107
88	89
88	90
88	103
88	104
88	105
88	106
89	90
89	91
89	103
89	104
89	105
89	106
90	91
90	102
90	103
90	104
91	92
91	93
91	101
91	102
91	103
92	93
92	94
92	99
92	100
92	101
92	102
93	94
93	95
93	99
93	100
93	101
93	102
94	95
94	96
94	97
94	98
94	99
94	100
95	96
95	97
95	98
95	99
96	97
96	98
97	98
97	99
98	99
98	100
99	100
99	101
100	101
100	102
100	142
100	143
101	102
102	103
102	104
102	139
103	104
103	136
104	105
104	106
105	106
105	107
106	107
106	108
107	108
107	109
107	110
108	109
108	110
109	110
109	111
110	111
110	112
110	115
111	112
111	113
111	114
111	115
112	113
112	114
112	115
112	116
113	114
113	115
113	116
114	115
114	116
114	117
114	118
115	116
115	117
115	118
116	117
116	118
117	118
117	119
118	119
118	120
119	120
119	121
120	121
120	122
121	122
122	123
123	124
123	125
124	125
124	126
125	126
125	127
126	127
126	140
127	128
127	129
127	131
127	193
127	194
128	129
128	130
128	131
128	192
128	193
129	130
129	131
129	132
129	135
129	137
129	138
130	131
130	132
130	192
131	132
131	133
132	133
132	134
132	135
132	136
132	138
133	134
133	135
133	136
134	135
134	136
135	136
135	137
136	137
136	138
137	138
137	139
137	141
137	142
138	139
138	140
138	141
138	142
139	140
139	141
139	142
139	143
140	141
140	142
140	143
140	144
141	142
141	143
141	144
141	145
142	143
142	144
142	145
142	146
143	144
143	145
143	146
143	147
144	145
144	146
144	147
144	152
145	146
145	147
146	147
146	148
147	148
147	149
148	149
148	150
149	150
149	151
149	152
149	171
149	172
150	151
150	172
151	152
151	153
151	172
151	173
152	153
152	154
152	172
152	318
152	319
152	320
153	154
153	155
153	171
153	172
153	173
153	316
153	317
153	318
153	319
154	155
154	170
154	171
154	172
154	173
154	316
154	317
154	318
155	156
155	157
155	169
155	170
155	171
155	173
155	174
155	315
155	316
155	317
156	157
156	158
156	168
156	169
156	170
156	314
156	315
156	316
157	158
157	159
157	167
157	168
157	169
157	178
157	314
157	315
158	159
158	160
158	166
158	167
158	168
158	310
158	311
159	160
159	161
159	165
159	166
159	167
159	311
160	161
160	162
160	311
161	162
161	163
162	163
162	164
163	164
163	165
163	166
164	165
164	166
165	166
165	167
166	167
167	168
168	169
168	170
169	170
169	171
170	171
170	172
170	173
170	174
171	172
171	173
172	173
173	174
173	175
174	175
174	176
174	316
175	176
175	177
175	178
176	177
176	178
176	179
177	178
177	179
178	179
178	180
178	329
178	330
179	180
179	181
179	314
179	327
179	328
179	329
179	330
180	181
180	182
180	327
180	328
180	329
180	330
181	182
181	183
181	327
181	328
182	183
182	184
182	327
183	184
183	185
183	325
183	326
183	327
184	185
184	186
184	325
184	326
184	327
185	186
185	187
185	323
185	324
185	325
185	326
186	187
186	188
186	267
186	323
186	324
186	325
187	188
187	189
187	196
187	322
187	323
187	324
188	189
188	190
188	191
188	194
188	195
188	196
188	322
188	323
189	190
189	191
189	195
189	196
189	197
190	191
190	192
190	193
190	195
191	192
191	193
192	193
193	194
193	195
194	195
194	196
194	217
194	218
195	196
195	215
195	216
195	217
195	218
196	197
196	198
196	215
196	216
196	217
197	198
197	199
197	213
197	214
197	215
197	216
198	199
198	200
198	210
198	213
198	214
198	215
198	216
198	264
198	265
198	266
199	200
199	210
199	211
199	212
199	213
199	214
199	265
199	266
200	201
200	202
200	208
200	209
200	210
200	211
200	213
200	264
200	265
201	202
201	203
201	208
201	209
201	210
201	263
201	264
201	265
202	203
202	204
202	205
202	206
202	207
202	208
202	209
202	262
202	263
202	264
203	204
203	205
203	206
203	207
203	208
203	235
203	238
203	260
203	261
203	262
203	263
204	205
204	206
204	260
204	261
204	262
205	206
206	207
206	208
207	208
207	209
207	238
208	209
209	210
209	211
210	211
210	212
210	213
210	214
211	212
211	213
212	213
212	214
213	214
213	215
214	215
214	216
215	216
215	217
215	302
215	303
216	217
216	218
216	302
216	303
216	304
216	305
217	218
217	219
217	303
217	304
217	305
218	219
218	220
218	304
218	305
218	306
219	220
219	221
219	222
219	304
219	305
219	306
220	221
220	222
220	306
220	307
221	222
221	223
221	306
222	223
222	224
222	306
222	307
223	224
223	306
223	307
223	308
224	225
224	226
224	289
224	290
224	291
224	306
224	307
224	308
225	226
225	289
225	290
225	291
225	304
225	305
225	306
225	308
226	227
226	228
226	290
226	291
226	292
226	293
226	303
226	304
226	305
227	228
227	229
227	231
227	232
227	291
227	292
227	293
227	302
227	303
227	304
228	229
228	230
228	231
228	232
228	292
228	293
228	294
228	301
228	302
228	303
229	230
229	231
229	232
229	233
229	292
229	293
229	294
230	231
230	232
230	233
230	234
231	232
231	233
231	234
231	235
232	233
232	234
232	235
232	236
232	291
232	292
233	234
233	235
233	236
233	237
234	235
234	236
234	237
234	238
235	236
235	237
235	238
235	239
236	237
236	238
236	239
236	240
236	241
237	238
237	239
237	240
237	241
238	239
238	240
239	240
239	241
239	259
240	241
240	242
241	242
241	243
241	249
241	250
241	251
242	243
242	244
242	249
242	250
242	251
243	244
243	245
243	246
243	247
243	248
243	249
243	250
244	245
244	246
244	248
244	249
244	250
245	246
245	247
245	248
246	247
246	248
247	248
247	249
247	291
247	292
248	249
248	250
249	250
249	287
249	288
250	251
250	252
250	285
250	286
250	287
250	288
251	252
251	253
251	285
251	286
251	287
251	288
252	253
252	254
252	255
252	284
252	285
252	286
253	254
253	255
253	256
253	282
253	283
253	284
253	285
253	286
254	255
254	256
254	284
255	256
255	257
255	258
255	259
256	257
256	258
256	259
256	275
256	276
256	282
257	258
257	259
257	275
258	259
258	260
259	260
259	261
259	275
260	261
260	262
260	274
260	275
261	262
261	263
261	272
261	273
261	274
261	275
262	263
262	272
262	273
262	274
263	264
263	265
263	270
263	271
263	272
263	273
264	265
264	266
264	270
264	271
264	272
265	266
265	267
265	268
265	269
265	270
265	271
266	267
266	268
266	269
266	270
267	268
267	269
268	269
268	270
269	270
269	271
270	271
270	272
271	272
271	273
272	273
272	274
273	274
273	275
273	277
273	278
274	275
274	276
274	277
274	278
275	276
275	277
275	278
275	279
275	282
276	277
276	278
276	279
276	282
277	278
277	279
277	308
278	279
278	280
278	288
278	289
278	308
279	280
279	281
279	282
279	286
279	287
279	288
279	289
280	281
280	282
280	286
280	287
280	288
280	289
281	282
281	286
283	284
283	285
284	285
284	286
285	286
285	287
286	287
286	288
287	288
287	289
288	289
288	290
289	290
289	291
289	308
290	291
291	292
291	293
292	293
292	294
293	294
293	295
294	295
294	296
294	301
295	296
295	297
295	299
295	300
295	301
295	302
296	297
296	298
296	299
296	300
296	301
297	298
297	299
297	300
297	301
298	299
298	300
299	300
299	301
300	301
300	302
301	302
302	303
302	304
303	304
303	305
304	305
304	306
305	306
305	309
306	307
306	308
306	309
306	310
307	308
307	309
307	310
307	311
308	309
308	310
308	311
309	310
309	311
309	312
309	313
310	311
310	312
310	313
310	314
310	315
311	312
311	313
312	313
312	314
312	328
312	329
313	314
313	315
313	326
313	327
313	328
313	329
314	315
314	316
314	326
314	327
314	328
314	329
315	316
315	317
315	324
315	325
315	326
315	327
316	317
316	318
316	324
316	325
316	326
317	318
317	319
317	323
317	324
317	325
318	319
318	320
318	321
318	322
318	323
318	324
319	320
319	321
319	322
320	321
320	322
321	322
321	323
322	323
323	324
323	325
324	325
324	326
325	326
325	327
326	327
326	328
327	328
327	329
328	329
328	330
329	330
