0	1
0	2
1	2
1	3
1	76
1	77
1	78
2	3
2	4
2	77
2	78
3	4
3	77
3	78
3	79
3	80
4	5
4	6
4	8
4	9
4	78
4	79
4	80
5	6
5	7
5	8
5	9
5	79
5	80
5	82
6	7
6	8
6	9
6	10
6	79
7	8
7	9
7	10
7	11
8	9
8	10
8	11
9	10
9	11
9	12
9	20
9	49
9	50
10	11
10	12
10	13
10	49
10	50
11	12
11	13
11	49
12	13
12	14
12	17
12	18
12	19
12	20
12	49
13	14
13	17
13	18
13	19
13	20
13	48
13	49
14	15
14	16
14	17
14	18
14	19
15	16
15	17
15	18
15	19
15	31
16	17
16	18
17	18
17	19
18	19
18	20
18	29
18	31
19	20
19	21
19	29
19	30
19	31
19	48
19	49
20	21
20	27
20	28
20	29
20	30
20	48
20	49
21	22
21	27
21	28
21	29
21	47
21	48
21	49
21	50
21	51
21	52
22	23
22	24
22	25
22	26
22	27
22	28
22	50
22	51
22	52
23	24
23	25
23	26
23	27
23	51
23	52
23	53
24	25
24	26
25	26
25	27
25	78
25	79
26	27
26	28
26	75
26	77
26	78
26	79
27	28
27	29
27	75
27	76
27	77
27	78
27	79
28	29
28	30
28	74
28	75
28	76
28	77
29	30
29	31
29	74
29	75
29	76
30	31
30	32
30	33
30	34
30	74
31	32
31	33
31	34
32	33
32	34
32	35
33	34
33	35
33	36
33	37
34	35
34	36
34	37
34	41
35	36
35	37
35	40
35	41
36	37
36	38
37	38
37	39
37	40
37	41
38	39
38	40
39	40
40	41
40	42
41	42
41	43
41	44
41	45
42	43
42	44
42	45
43	44
43	45
43	46
44	45
44	46
44	47
45	46
45	47
45	48
46	47
46	48
46	102
47	48
47	49
47	50
47	51
47	52
47	102
48	49
48	50
49	50
49	101
50	51
50	52
50	100
50	101
51	52
51	53
52	53
52	54
52	55
52	56
53	54
53	55
53	56
53	57
54	55
54	56
54	57
54	58
54	127
54	129
55	56
55	57
55	58
55	59
56	57
56	58
56	59
56	60
56	62
56	63
57	58
57	59
57	60
57	127
58	59
58	60
58	122
58	123
59	60
59	61
59	62
60	61
60	62
60	63
61	62
61	63
61	64
62	63
62	64
62	67
62	68
63	64
63	65
63	67
63	68
64	65
64	66
64	67
64	68
65	66
65	67
65	68
65	69
66	67
66	68
66	69
66	70
67	68
67	69
67	70
67	71
68	69
68	70
68	71
68	72
69	70
69	71
69	72
70	71
70	72
70	73
71	72
71	73
71	74
72	73
72	74
72	75
73	74
73	75
74	75
74	76
75	76
75	77
76	77
77	78
78	79
78	80
79	80
79	81
80	81
80	82
81	82
81	83
82	83
82	84
83	84
83	85
84	85
85	86
86	87
86	88
86	89
87	88
87	89
87	94
87	95
88	89
88	90
88	91
88	92
88	94
89	90
89	91
90	91
90	94
91	92
91	93
91	94
92	93
92	94
92	138
93	94
93	95
93	96
93	109
93	138
94	95
94	96
95	96
95	97
96	97
96	98
96	138
96	139
97	98
97	99
97	277
97	278
98	99
99	100
99	101
100	101
100	102
100	103
100	129
101	102
101	103
102	103
102	104
103	104
103	105
103	113
103	114
103	115
103	116
103	130
104	105
104	106
104	113
104	114
104	115
104	116
105	106
105	107
105	108
105	112
105	113
105	114
106	107
106	108
106	112
106	113
106	198
106	199
107	108
107	109
107	110
107	111
107	112
107	113
108	109
108	110
108	111
108	112
109	110
109	111
110	111
110	112
110	135
110	136
110	137
110	138
111	112
111	113
111	134
111	135
112	113
112	133
112	134
112	135
113	114
113	115
113	132
113	133
113	134
114	115
114	116
114	132
114	133
114	203
114	204
115	116
115	117
115	120
115	130
115	131
115	132
115	203
116	117
116	118
116	119
116	120
117	118
117	119
117	120
117	202
117	203
117	348
118	119
118	120
118	348
118	349
119	120
119	121
119	122
120	121
120	122
120	203
120	348
121	122
121	123
121	124
121	348
121	365
121	366
121	408
122	123
122	124
123	124
123	125
123	126
124	125
124	126
125	126
125	127
125	207
125	208
126	127
126	128
126	130
126	131
126	206
126	207
126	208
127	128
127	129
127	130
127	131
128	129
128	130
128	131
129	130
129	131
130	131
130	132
131	132
131	133
131	206
132	133
132	134
132	203
132	204
132	205
132	206
133	134
133	135
133	278
134	135
134	136
135	136
135	137
136	137
137	138
137	139
137	240
137	241
137	242
138	139
138	140
138	240
139	140
139	141
139	240
139	278
140	141
140	142
140	239
140	240
141	142
141	143
142	143
142	144
142	147
143	144
143	145
143	146
143	147
144	145
144	146
144	147
144	163
145	146
145	147
146	147
146	148
147	148
147	149
147	162
147	163
148	149
148	150
148	160
148	161
148	162
148	163
149	150
149	151
149	160
149	161
149	162
149	299
149	300
149	301
150	151
150	152
150	159
150	160
150	161
150	300
150	301
150	302
151	152
151	158
151	159
151	160
151	301
151	302
151	303
152	153
152	156
152	157
152	158
152	159
152	302
152	303
152	304
153	154
153	155
153	156
153	303
153	304
153	305
154	155
154	156
154	304
155	156
155	223
155	224
156	157
156	158
156	222
156	223
156	224
157	158
157	159
157	222
157	223
158	159
158	160
159	160
159	161
159	222
160	161
160	162
161	162
161	163
161	165
161	166
162	163
162	164
162	165
162	166
163	164
163	165
163	166
163	167
164	165
164	166
164	167
164	168
165	166
165	167
165	168
165	169
166	167
166	168
166	169
166	170
166	213
167	168
167	169
167	170
168	169
168	170
169	170
169	171
170	171
170	172
170	213
170	217
171	172
171	173
171	213
172	173
172	174
172	211
172	212
172	213
173	174
173	175
173	211
173	212
173	213
173	214
174	175
174	176
174	209
174	210
174	211
174	212
175	176
175	177
175	209
175	210
175	211
175	263
176	177
176	208
176	209
176	210
176	404
176	405
177	178
177	179
177	207
177	208
177	209
177	288
177	404
177	405
178	179
178	180
178	205
178	206
178	207
178	208
178	404
178	405
178	406
179	180
179	181
179	205
179	206
179	207
179	291
179	292
180	181
180	182
180	184
180	204
180	205
180	206
180	291
180	292
181	182
181	183
181	184
181	204
181	205
181	291
181	292
181	293
182	183
182	184
182	291
182	292
182	318
182	448
182	449
183	184
183	185
183	186
183	200
183	447
183	448
183	449
184	185
184	186
184	200
184	201
184	202
184	203
184	204
184	205
184	450
185	186
185	187
185	188
185	200
185	201
185	202
185	450
186	187
186	188
186	189
186	190
186	199
186	200
186	201
186	447
186	448
186	450
187	188
187	189
187	190
187	191
187	199
187	200
187	201
188	189
188	190
188	191
189	190
189	191
189	192
189	193
189	439
189	443
189	447
189	450
190	191
190	192
190	193
190	194
190	195
191	192
191	193
192	193
192	440
193	194
193	195
194	195
195	196
195	197
195	445
195	446
195	447
196	197
196	445
196	446
196	447
197	198
197	199
197	446
198	199
198	200
199	200
199	201
200	201
200	202
200	203
200	204
201	202
201	203
202	203
202	204
202	346
203	204
203	205
204	205
204	206
205	206
206	207
206	208
207	208
207	405
208	209
208	210
208	270
208	271
209	210
209	211
209	270
209	271
210	211
210	212
210	267
210	269
210	270
210	271
211	212
211	267
211	268
211	269
211	270
212	213
212	214
212	265
212	266
212	267
212	268
212	269
213	214
213	215
213	265
213	266
213	267
214	215
214	216
214	217
214	218
214	263
214	264
214	265
214	266
215	216
215	217
215	218
215	219
215	257
215	264
215	265
215	266
216	217
216	218
216	219
216	220
216	257
216	258
216	259
216	260
217	218
217	219
217	220
217	221
218	219
218	220
218	221
218	222
219	220
219	221
219	222
219	223
219	224
220	221
220	222
220	223
220	224
220	225
221	222
221	223
222	223
222	224
223	224
223	225
224	225
224	226
225	226
225	227
225	228
226	227
226	258
227	228
227	229
228	229
228	230
228	232
229	230
229	231
230	231
230	232
231	232
231	233
231	306
232	233
232	253
232	254
232	305
232	306
232	307
233	234
233	235
233	251
233	252
233	253
233	254
233	304
233	305
233	306
233	307
233	308
234	235
234	236
234	251
234	252
234	253
234	254
234	257
234	302
234	303
234	304
234	305
235	236
235	237
235	250
235	251
235	252
235	302
235	303
235	304
235	309
236	237
236	238
236	249
236	250
236	251
236	296
236	301
236	302
236	303
237	238
237	239
237	247
237	248
237	249
237	250
237	296
237	299
237	300
237	301
237	302
238	239
238	240
238	247
238	248
238	249
238	296
238	297
238	298
238	299
238	300
238	301
239	240
239	241
239	247
239	298
239	299
239	300
240	241
240	247
240	248
241	242
241	243
241	245
241	246
241	247
241	248
242	243
242	244
242	245
242	246
242	247
243	244
243	245
244	245
244	246
245	246
245	247
246	247
246	248
247	248
247	249
248	249
249	250
249	296
249	309
249	311
249	313
250	251
250	294
250	296
250	309
250	311
250	313
250	314
251	252
251	253
251	294
251	308
251	309
252	253
252	254
252	256
252	257
253	254
253	255
253	256
253	257
254	255
254	256
254	257
254	258
255	256
255	257
255	258
255	259
256	257
256	258
256	259
256	262
257	258
257	259
257	264
258	259
258	260
259	260
259	261
259	262
260	261
260	262
260	263
261	262
261	263
262	263
262	264
262	288
263	264
263	265
263	288
264	265
264	286
264	287
264	288
265	266
265	267
265	285
265	286
265	287
266	267
266	268
266	283
266	284
266	285
266	286
267	268
267	269
267	283
267	284
267	285
267	286
268	269
268	270
268	274
268	275
268	282
268	283
268	284
269	270
269	271
269	272
269	273
269	274
269	275
270	271
270	272
270	273
270	274
270	275
271	272
271	273
272	273
273	274
273	275
274	275
274	276
275	276
275	277
275	279
275	280
275	281
275	282
276	277
276	278
276	279
276	280
276	281
277	278
277	279
277	280
277	281
278	279
278	280
279	280
279	281
279	297
280	281
280	282
280	283
280	284
280	297
280	298
281	282
281	283
281	298
282	283
282	298
283	284
283	285
283	297
283	298
283	299
284	285
284	286
284	295
284	296
284	297
284	298
284	299
285	286
285	287
285	295
285	296
285	297
286	287
286	288
286	295
287	288
287	289
287	290
287	294
287	295
288	289
288	290
288	404
289	290
289	291
289	340
289	370
289	371
289	372
289	404
290	291
290	292
290	339
290	340
290	341
290	370
290	371
291	292
291	293
291	294
291	338
291	339
291	340
291	341
292	293
292	294
292	295
293	294
293	295
294	295
294	296
295	296
295	297
296	297
296	298
296	299
297	298
297	299
298	299
298	300
299	300
299	301
300	301
301	302
301	303
302	303
303	304
303	305
304	305
305	306
305	307
306	307
307	308
307	309
308	309
308	310
309	310
309	311
309	314
310	311
310	312
310	314
310	315
311	312
311	313
311	314
311	315
312	313
312	314
312	315
312	316
312	317
313	314
313	315
313	316
313	317
313	318
314	315
314	316
314	317
314	337
315	316
315	317
315	332
315	337
316	317
316	332
317	318
317	319
318	319
318	320
318	337
318	338
319	320
319	321
319	335
319	336
319	337
319	338
320	321
320	335
320	444
321	322
321	323
321	325
321	335
321	444
322	323
322	324
322	325
322	444
323	324
323	325
323	441
323	442
323	443
323	444
324	325
324	326
325	326
325	327
325	329
325	330
326	327
326	328
326	329
326	330
326	445
327	328
327	329
327	330
328	329
328	330
329	330
329	331
330	331
330	332
331	332
331	333
331	334
332	333
332	334
332	335
333	334
333	335
334	335
335	336
335	337
336	337
336	338
337	338
337	339
338	339
338	340
339	340
339	341
340	341
340	342
340	370
340	371
341	342
341	343
341	369
341	370
342	343
342	344
342	369
342	370
343	344
343	368
343	369
343	370
343	427
343	428
343	429
343	433
343	434
343	435
344	345
344	367
344	368
344	369
344	427
344	435
344	451
345	346
345	366
345	367
345	368
345	425
345	426
345	427
346	347
346	348
346	365
346	366
346	367
346	425
346	454
347	348
347	349
347	364
347	365
347	366
347	425
347	454
348	349
348	350
348	351
348	364
348	365
349	350
349	351
349	363
349	364
349	365
350	351
350	352
350	354
350	363
351	352
351	353
351	354
351	456
352	353
352	354
352	456
352	457
352	458
353	354
353	355
353	457
353	458
354	355
354	356
354	458
354	459
355	356
355	357
355	458
355	459
355	460
355	461
356	357
356	358
356	459
356	460
356	461
357	358
357	359
357	460
357	461
358	359
358	360
358	415
358	416
358	417
358	460
358	461
358	462
359	360
359	361
359	414
359	415
359	416
360	361
360	362
360	412
360	413
360	414
360	415
361	362
361	363
361	412
361	413
361	414
361	415
362	363
362	364
362	410
362	411
362	412
362	413
363	364
363	410
363	411
363	412
364	365
364	409
364	410
364	411
365	366
365	367
365	408
365	409
365	410
366	367
366	368
366	406
366	407
366	408
366	409
367	368
367	375
367	406
367	407
367	408
367	427
368	369
368	370
368	375
368	406
368	407
369	370
369	371
369	372
369	373
369	374
369	375
369	429
370	371
370	372
370	373
371	372
371	373
372	373
372	374
372	401
372	402
372	403
372	404
373	374
373	375
373	401
373	402
373	403
373	429
373	430
374	375
374	376
374	403
374	429
374	430
375	376
375	377
375	407
375	427
375	428
375	429
375	430
376	377
376	428
376	429
376	430
377	378
377	379
377	427
377	428
378	379
378	380
378	390
378	391
378	425
378	426
378	427
378	428
379	380
379	381
379	388
379	389
379	390
379	391
379	425
379	426
379	427
380	381
380	382
380	388
380	389
380	390
380	391
380	424
380	425
380	426
381	382
381	383
381	384
381	385
381	387
381	388
381	389
381	423
381	424
381	425
382	383
382	384
382	421
382	422
382	423
382	424
383	384
383	385
383	386
383	387
383	421
383	422
383	423
384	385
384	386
384	422
384	423
384	424
385	386
385	387
385	388
385	424
386	387
386	388
387	388
388	389
388	390
389	390
389	391
390	391
390	392
391	392
391	393
391	409
391	410
391	411
392	393
392	394
392	409
392	410
392	411
393	394
393	395
393	407
393	408
393	409
393	410
394	395
394	407
394	408
394	409
395	396
395	397
395	407
396	397
396	398
397	398
397	399
398	399
398	400
398	402
398	403
399	400
399	401
399	402
399	403
400	401
400	402
401	402
401	403
402	403
402	404
403	404
403	405
404	405
404	406
405	406
405	407
406	407
406	408
407	408
407	409
408	409
409	410
410	411
410	412
411	412
411	413
412	413
413	414
413	415
414	415
414	416
415	416
415	417
416	417
416	418
416	419
416	460
417	418
417	419
417	460
417	461
417	462
418	419
418	420
418	460
418	461
418	462
419	420
419	421
419	459
419	460
420	421
420	422
420	458
420	459
420	460
421	422
421	423
421	457
421	458
421	459
422	423
422	424
422	455
422	456
422	457
422	458
423	424
423	425
423	455
423	456
423	457
424	425
424	426
424	453
424	454
424	455
424	456
425	426
425	427
425	453
425	454
426	427
426	435
426	453
427	428
427	429
427	434
427	435
428	429
428	432
428	433
428	434
429	430
429	431
429	432
429	433
429	434
430	431
430	432
431	432
431	433
432	433
432	434
433	434
434	435
434	436
435	436
435	437
435	451
435	452
435	453
436	437
436	438
436	452
436	453
437	438
437	452
437	453
438	439
438	440
438	441
438	452
438	453
439	440
439	441
439	442
439	443
439	452
440	441
440	442
440	443
441	442
441	443
442	443
442	444
443	444
443	447
444	445
444	446
444	447
444	448
445	446
445	447
446	447
446	448
447	448
447	449
447	450
448	449
448	450
449	450
449	451
450	451
450	452
451	452
451	453
452	453
452	454
453	454
453	455
454	455
454	456
455	456
455	457
456	457
456	458
457	458
458	459
458	460
459	460
459	461
460	461
460	462
461	462
