0	1
0	2
0	3
0	4
1	2
1	3
1	4
1	5
1	74
1	77
2	3
2	4
2	5
2	6
3	4
3	5
3	6
3	7
4	5
4	6
4	7
4	8
4	77
5	6
5	7
5	8
5	9
5	35
5	36
6	7
6	8
6	9
6	10
7	8
7	9
7	10
7	11
7	93
8	9
8	10
8	11
8	12
8	93
8	94
9	10
9	11
9	12
9	13
9	30
9	31
10	11
10	12
10	13
11	12
11	13
11	14
11	15
12	13
12	14
12	15
12	16
12	26
12	30
12	31
13	14
13	15
13	16
13	17
14	15
14	16
14	17
14	18
15	16
15	17
15	18
15	19
16	17
16	18
16	19
16	20
16	22
16	23
16	26
17	18
17	19
17	20
18	19
18	20
19	20
19	21
19	22
19	23
20	21
20	22
20	23
21	22
21	23
22	23
22	24
22	25
22	26
23	24
23	25
23	26
23	27
24	25
24	26
24	27
24	28
25	26
25	27
25	28
25	29
26	27
26	28
26	29
26	30
26	31
27	28
27	29
27	30
27	31
27	32
28	29
28	30
28	31
28	32
29	30
29	31
29	32
29	39
29	42
29	43
30	31
30	32
30	33
30	39
31	32
31	33
32	33
32	34
33	34
33	35
33	38
33	39
34	35
34	38
35	36
35	37
35	38
35	39
36	37
36	38
36	39
36	40
36	73
37	38
37	39
37	40
37	41
37	66
37	73
38	39
38	40
38	41
38	42
39	40
39	41
39	42
39	43
40	41
40	42
40	43
40	44
41	42
41	43
41	44
41	45
41	59
41	62
41	63
42	43
42	44
42	45
42	46
42	59
43	44
43	45
43	46
43	47
44	45
44	46
44	47
44	48
44	108
45	46
45	47
45	48
45	49
45	55
45	58
45	59
46	47
46	48
46	49
46	55
47	48
47	49
47	134
48	49
48	50
48	130
48	131
48	134
49	50
49	51
49	53
49	54
49	55
50	51
50	52
50	53
50	54
51	52
51	53
51	54
52	53
52	54
53	54
53	55
53	57
53	58
54	55
54	56
54	57
54	58
55	56
55	57
55	58
55	59
56	57
56	58
56	59
57	58
57	59
57	60
57	61
58	59
58	60
58	61
58	62
59	60
59	61
59	62
59	63
60	61
60	62
60	63
60	64
61	62
61	63
61	64
61	65
62	63
62	64
62	65
62	66
62	111
63	64
63	65
63	66
63	67
64	65
64	66
64	67
64	68
65	66
65	67
65	68
65	69
65	114
66	67
66	68
66	69
66	70
66	72
66	73
67	68
67	69
67	70
68	69
68	70
69	70
69	71
69	72
70	71
70	72
70	73
70	74
71	72
71	73
71	74
71	75
72	73
72	74
72	75
72	76
72	110
73	74
73	75
73	76
73	77
74	75
74	76
74	77
74	78
75	76
75	77
75	78
75	79
75	147
75	148
76	77
76	78
76	79
76	80
76	107
77	78
77	79
77	80
77	81
78	79
78	80
78	81
78	82
78	147
78	148
79	80
79	81
79	82
79	83
79	147
79	148
79	149
79	150
80	81
80	82
80	83
80	84
80	93
80	96
80	97
81	82
81	83
81	84
81	85
82	83
82	84
82	85
82	86
82	148
82	149
82	150
83	84
83	85
83	86
83	87
83	150
84	85
84	86
84	87
84	90
84	91
84	93
85	86
85	87
86	87
86	88
87	88
87	89
87	90
88	89
88	90
89	90
89	91
90	91
90	92
90	95
91	92
91	93
92	93
92	94
92	95
93	94
93	95
93	96
94	95
94	96
94	97
94	98
95	96
95	97
95	98
95	99
95	100
96	97
96	98
96	99
96	100
96	103
97	98
97	99
97	100
98	99
98	100
99	100
99	101
100	101
100	102
100	103
100	104
101	102
101	103
101	104
101	105
101	135
102	103
102	104
102	105
102	106
102	151
102	152
102	153
102	154
103	104
103	105
103	106
103	107
103	150
103	151
104	105
104	106
104	107
104	108
105	106
105	107
105	108
105	109
105	131
105	135
105	137
106	107
106	108
106	109
106	110
107	108
107	109
107	110
107	111
108	109
108	110
108	111
108	112
108	131
109	110
109	111
109	112
109	113
109	139
109	141
110	111
110	112
110	113
110	114
111	112
111	113
111	114
111	115
112	113
112	114
112	115
112	116
112	124
112	127
112	128
112	141
113	114
113	115
113	116
113	117
113	141
113	142
114	115
114	116
114	117
114	118
115	116
115	117
115	118
115	119
115	120
115	121
115	124
116	117
116	118
116	119
116	120
116	121
116	124
116	141
116	142
117	118
117	119
118	119
118	120
119	120
119	121
120	121
120	122
120	123
120	124
121	122
121	123
121	124
121	125
122	123
122	124
122	125
122	126
123	124
123	125
123	126
123	127
124	125
124	126
124	127
124	128
124	141
125	126
125	127
125	128
125	129
126	127
126	128
126	129
126	130
127	128
127	129
127	130
127	131
128	129
128	130
128	131
128	132
128	138
128	139
128	140
128	141
129	130
129	131
129	132
129	133
130	131
130	132
130	133
130	134
131	132
131	133
131	134
131	135
131	136
131	137
131	138
132	133
132	134
132	135
132	136
132	137
132	138
133	134
133	135
133	136
134	135
134	136
135	136
135	137
136	137
136	138
136	155
136	156
137	138
137	139
137	154
137	155
137	156
137	157
137	158
138	139
138	140
138	157
138	158
138	159
139	140
139	141
139	143
139	158
139	159
139	160
140	141
140	142
140	143
140	159
140	160
140	161
141	142
141	143
142	143
142	144
142	161
142	162
143	144
143	145
143	160
143	161
143	162
143	163
143	164
144	145
144	146
144	163
144	164
144	165
145	146
145	147
145	164
145	165
145	166
146	147
146	149
146	165
146	166
146	167
147	148
147	149
147	167
147	168
148	149
148	150
148	167
148	168
148	169
149	150
149	151
149	167
149	168
149	169
149	170
150	151
150	152
150	169
150	170
150	171
151	152
151	153
151	154
151	170
151	171
151	172
152	153
152	154
152	171
152	172
152	173
153	154
153	155
153	172
153	173
154	155
154	156
154	157
154	172
154	173
154	174
155	156
155	157
155	173
155	174
156	157
156	158
156	173
156	174
156	175
157	158
157	159
157	173
157	174
157	175
157	176
158	159
158	160
158	175
158	176
158	177
159	160
159	163
159	176
159	177
159	178
160	161
160	162
160	163
160	177
160	178
160	188
161	162
161	163
162	163
162	164
162	186
162	187
162	188
163	164
163	165
163	177
163	188
163	189
163	190
164	165
164	166
164	189
164	190
164	191
165	166
165	167
165	169
165	190
165	191
165	192
166	167
166	168
166	169
166	191
166	192
166	193
167	168
167	169
167	193
167	194
168	169
168	170
168	193
168	194
169	170
169	171
169	193
169	194
169	195
169	196
170	171
170	172
170	195
170	196
170	197
171	172
171	175
171	196
171	197
171	198
172	173
172	174
172	175
172	197
172	198
172	199
173	174
173	175
173	199
173	200
174	175
174	176
174	199
174	200
174	201
175	176
175	177
175	199
175	200
175	201
175	202
176	177
176	178
176	201
176	202
176	203
177	178
177	188
177	189
177	202
177	203
177	204
178	179
178	188
178	189
178	203
178	204
178	205
179	180
179	181
179	187
179	188
179	204
179	205
179	206
180	181
180	187
180	204
180	205
181	182
181	183
182	183
182	184
183	184
183	185
184	185
184	186
185	186
185	187
186	187
186	188
186	206
187	188
187	205
187	206
188	189
188	190
188	204
188	205
188	206
188	207
189	190
189	191
189	203
189	204
189	205
189	206
189	207
189	208
190	191
190	192
190	206
190	207
190	208
190	209
191	192
191	193
191	195
191	208
191	209
191	210
192	193
192	194
192	195
192	209
192	210
192	211
193	194
193	195
193	211
193	212
194	195
194	196
194	211
194	212
195	196
195	197
195	211
195	212
195	213
195	214
196	197
196	198
196	212
196	213
196	214
196	215
197	198
197	199
197	201
197	214
197	215
197	216
198	199
198	200
198	201
198	215
198	216
198	217
199	200
199	201
199	217
199	218
200	201
200	202
200	217
200	218
201	202
201	203
201	216
201	217
201	218
201	219
201	220
202	203
202	204
202	218
202	219
202	220
202	221
203	204
203	205
203	220
203	221
203	222
204	205
204	221
204	222
205	206
205	207
205	222
206	207
206	208
207	208
207	209
207	223
207	224
208	209
208	210
208	224
208	225
209	210
209	211
209	224
209	225
209	226
210	211
210	212
210	213
210	225
210	226
210	227
210	228
211	212
211	213
211	227
211	228
212	213
212	214
212	227
212	228
213	214
213	215
213	227
213	228
213	229
213	230
214	215
214	216
214	229
214	230
214	231
215	216
215	217
215	219
215	230
215	231
215	232
216	217
216	218
216	219
216	231
216	232
217	218
217	219
218	219
218	220
219	220
219	221
219	232
219	233
219	234
219	235
219	236
220	221
220	222
220	233
220	234
220	235
220	236
221	222
221	223
221	235
221	236
222	223
222	224
222	235
223	224
223	225
224	225
224	226
225	226
225	227
225	229
225	231
226	227
226	228
226	229
227	228
227	229
228	229
228	230
229	230
229	231
229	238
230	231
230	232
230	238
230	239
231	232
231	236
231	237
231	238
231	239
232	233
232	236
232	237
232	238
232	239
233	234
233	235
233	236
233	237
234	235
234	236
235	236
235	237
236	237
236	238
237	238
237	239
238	239
238	240
239	240
