0	1
0	2
0	20
1	2
1	3
1	18
1	19
1	20
2	3
2	4
2	17
2	18
3	4
3	5
3	15
3	16
3	17
3	18
4	5
4	6
4	15
4	16
4	17
5	6
5	7
5	14
5	15
5	16
6	7
6	8
6	13
6	14
6	15
7	8
7	9
7	12
7	13
7	14
8	9
8	10
8	12
8	13
9	10
9	11
9	12
10	11
10	12
11	12
11	13
11	110
11	111
11	112
11	113
12	13
12	14
12	109
12	110
12	111
13	14
13	15
13	108
13	109
13	110
14	15
14	16
14	106
14	107
14	108
14	109
15	16
15	17
15	106
15	107
15	108
16	17
16	18
16	105
16	106
16	107
17	18
17	19
17	104
17	105
17	106
18	19
18	20
18	102
18	103
18	104
18	105
19	20
19	21
19	23
19	102
19	103
19	104
20	21
20	22
20	23
20	102
20	103
21	22
21	23
21	24
21	25
21	100
21	101
21	102
21	103
22	23
22	24
22	25
22	26
23	24
23	25
23	26
23	27
24	25
24	26
24	27
24	28
25	26
25	27
25	28
25	29
25	100
26	27
26	28
26	29
26	30
27	28
27	29
27	30
27	31
27	66
28	29
28	30
28	31
28	32
28	62
28	63
28	66
29	30
29	31
29	32
29	33
30	31
30	32
30	33
30	34
31	32
31	33
31	34
31	35
32	33
32	34
32	35
32	36
32	54
32	55
33	34
33	35
33	36
33	37
34	35
34	36
34	37
34	38
35	36
35	37
35	38
35	39
36	37
36	38
36	39
36	40
36	48
36	49
36	54
37	38
37	39
37	47
37	48
38	39
39	40
39	41
40	41
40	42
40	45
40	46
40	47
41	42
41	43
41	44
42	43
42	44
43	44
44	45
44	46
44	49
45	46
45	47
46	47
47	48
47	49
48	49
49	50
49	51
49	53
50	51
50	52
50	53
50	54
51	52
51	53
51	54
51	55
52	53
52	54
52	55
52	56
53	54
53	55
53	56
53	57
54	55
54	56
54	57
54	58
55	56
55	57
55	58
55	59
56	57
56	58
56	59
57	58
57	59
58	59
58	60
58	61
58	62
59	60
59	61
59	62
59	63
60	61
60	62
60	63
60	64
61	62
61	63
61	64
61	65
62	63
62	64
62	65
62	66
63	64
63	65
63	66
63	67
64	65
64	66
64	67
64	68
65	66
65	67
65	68
65	69
66	67
66	68
66	69
66	70
67	68
67	69
67	70
67	71
68	69
68	70
68	71
68	72
69	70
69	71
69	72
69	73
70	71
70	72
70	73
70	74
71	72
71	73
71	74
71	75
72	73
72	74
72	75
72	76
73	74
73	75
73	76
73	77
74	75
74	76
74	77
74	78
75	76
75	77
75	78
75	79
75	107
76	77
76	78
76	79
76	80
76	320
77	78
77	79
77	80
77	81
78	79
78	80
78	81
78	82
79	80
79	81
79	82
79	83
79	84
80	81
80	82
80	83
80	84
80	329
80	330
81	82
81	83
82	83
82	84
83	84
83	85
83	333
84	85
84	86
85	86
85	87
85	111
85	112
85	333
86	87
86	88
86	109
86	110
86	111
86	112
87	88
87	110
87	111
87	112
88	89
88	90
88	109
88	110
88	318
88	319
89	90
89	91
89	109
89	318
89	319
90	91
90	92
90	107
90	108
90	109
90	319
91	92
91	93
91	107
91	108
91	109
92	93
92	94
92	105
92	106
92	107
92	108
93	94
93	95
93	105
93	106
93	107
94	95
94	96
94	97
94	104
94	105
94	106
95	96
95	97
95	104
95	105
96	97
96	98
96	103
96	104
96	105
97	98
97	99
97	103
97	104
98	99
98	100
98	101
99	100
99	101
100	101
100	102
101	102
101	103
102	103
102	104
103	104
103	105
104	105
105	106
105	107
106	107
106	108
107	108
107	109
108	109
109	110
109	111
110	111
110	112
111	112
111	113
112	113
112	114
112	375
113	114
113	115
113	375
114	115
114	116
115	116
115	117
115	373
115	374
116	117
116	118
116	121
117	118
117	119
117	120
117	121
118	119
118	120
118	121
119	120
119	121
120	121
120	122
120	123
121	122
121	123
122	123
122	124
122	125
122	296
123	124
123	125
123	295
123	296
123	297
124	125
124	126
124	296
124	297
124	298
124	299
124	339
124	343
125	126
125	127
125	296
125	297
125	298
125	299
126	127
126	128
126	298
126	299
126	300
126	301
127	128
127	129
127	298
127	299
127	300
127	301
128	129
129	130
131	132
131	133
131	135
131	136
132	133
132	134
132	135
132	136
133	134
133	135
133	136
133	137
133	302
134	135
134	136
134	137
134	138
134	260
135	136
135	137
135	138
135	139
136	137
136	138
136	139
136	140
136	300
137	138
137	139
137	140
137	141
137	300
138	139
138	140
138	141
138	142
139	140
139	141
139	142
139	143
140	141
140	142
140	143
140	144
141	142
141	143
141	144
141	145
141	267
142	143
142	144
142	145
142	146
142	242
142	243
143	144
143	145
143	146
143	242
144	145
144	146
144	270
145	146
145	147
145	242
145	243
146	147
146	148
146	240
146	241
146	242
146	243
147	148
147	149
147	240
147	241
147	242
148	149
148	150
148	238
148	239
148	240
148	241
149	150
149	151
149	238
149	239
150	151
150	236
150	237
150	238
150	239
151	152
151	153
151	237
151	238
151	239
152	153
153	154
153	155
153	203
153	237
154	155
154	156
154	201
154	202
154	203
155	156
155	159
155	161
155	200
155	201
155	202
155	203
155	237
156	157
156	158
156	159
156	186
156	200
156	201
157	158
157	159
157	186
157	187
158	159
158	160
158	185
158	186
158	187
159	160
159	161
159	185
159	186
159	237
159	238
159	239
160	161
160	162
160	183
160	184
160	185
160	186
160	237
160	238
160	239
161	162
161	163
161	183
161	184
161	185
161	234
161	236
161	237
161	238
162	163
162	181
162	182
162	183
162	184
162	234
162	235
162	236
162	237
163	164
163	165
163	180
163	181
163	182
163	183
163	232
163	233
163	234
163	235
164	165
164	179
164	180
164	181
164	182
164	232
164	233
164	234
164	235
165	166
165	167
165	178
165	179
165	180
165	230
165	231
165	232
165	233
166	167
166	168
166	173
166	177
166	178
166	179
166	230
166	231
166	232
167	168
167	169
167	173
167	174
167	177
167	178
167	228
167	229
167	230
167	231
168	169
168	170
168	171
168	172
168	173
168	174
168	177
168	228
168	229
168	230
169	170
169	171
169	172
169	173
169	174
169	227
169	228
169	229
170	171
170	172
171	172
171	173
172	173
172	174
173	174
173	175
174	175
174	176
174	177
175	176
175	177
176	177
176	178
176	287
176	288
176	289
177	178
177	179
177	288
177	289
177	290
178	179
178	288
179	180
179	181
179	182
179	288
180	181
180	182
181	182
181	183
182	183
182	184
183	184
183	185
184	185
184	186
185	186
185	187
185	188
186	187
186	188
186	196
187	188
187	189
188	189
188	190
189	190
189	191
190	191
190	192
190	291
190	292
190	293
191	192
191	193
191	195
191	290
191	291
191	292
191	293
192	193
192	194
192	195
192	214
192	290
192	291
192	292
193	194
193	195
194	195
194	196
194	197
194	198
194	212
195	196
195	197
195	198
195	212
196	197
196	198
196	199
196	200
197	198
197	199
197	200
198	199
198	200
198	210
199	200
199	201
199	202
200	201
200	202
201	202
201	203
202	203
202	206
203	204
203	205
203	206
203	234
203	237
204	205
204	206
204	234
204	235
204	236
204	237
205	206
205	207
205	233
205	234
205	235
206	207
206	208
206	233
206	234
207	208
207	232
207	233
207	234
208	209
208	231
208	232
208	233
209	210
209	229
209	230
209	231
209	232
210	211
210	212
210	229
210	230
210	231
211	212
211	228
211	229
211	230
212	213
212	214
212	227
212	228
212	229
213	214
213	215
213	225
213	226
213	227
213	228
214	215
214	216
214	218
214	223
214	224
214	225
214	226
214	227
215	216
215	217
215	218
215	224
215	225
216	217
216	218
216	224
216	225
217	218
217	219
217	224
218	219
218	220
218	224
219	220
219	221
220	221
220	222
220	223
220	224
221	222
221	223
221	224
222	223
222	224
223	224
223	225
223	226
224	225
224	226
225	226
225	227
226	227
226	228
227	228
228	229
228	230
229	230
229	231
230	231
230	232
231	232
231	233
232	233
232	234
233	234
233	235
234	235
234	236
235	236
236	237
236	238
237	238
237	239
238	239
238	240
239	240
239	241
240	241
240	242
241	242
241	243
242	243
242	244
243	244
243	245
244	245
244	246
244	249
245	246
245	249
246	247
246	248
246	249
246	250
247	248
247	249
247	250
247	251
248	249
248	250
248	251
249	250
249	251
250	251
250	252
250	253
250	254
251	252
251	253
251	254
252	253
252	254
252	257
252	258
253	254
253	255
253	257
253	258
253	259
253	260
253	262
253	263
254	255
254	256
254	257
254	258
254	259
255	256
255	257
255	258
255	259
256	257
256	258
256	259
257	258
257	259
258	259
258	260
258	261
258	262
259	260
259	261
259	262
259	263
260	261
260	262
260	263
260	264
261	262
261	263
261	264
261	265
262	263
262	264
262	265
262	266
263	264
263	265
263	266
263	267
264	265
264	266
264	267
264	268
265	266
265	267
265	268
265	269
266	267
266	268
266	269
266	270
267	268
267	269
267	270
267	271
268	269
268	270
268	271
268	272
269	270
269	271
269	272
270	271
270	272
270	273
270	274
271	272
271	273
271	274
271	275
272	273
272	274
272	275
272	276
272	346
272	349
272	350
273	274
273	275
273	276
273	277
274	275
274	276
274	277
274	278
274	297
275	276
275	277
275	278
275	279
275	297
276	277
276	278
276	279
276	280
277	278
277	279
277	280
277	281
278	279
278	280
278	281
278	282
278	295
278	296
278	297
279	280
279	281
279	282
279	283
280	281
280	282
280	283
280	284
281	282
281	283
281	284
281	285
282	283
282	284
282	285
282	286
282	295
283	284
283	285
283	286
284	285
284	286
285	286
285	287
285	288
286	287
286	288
287	288
287	289
288	289
288	290
288	291
289	290
289	291
290	291
290	292
291	292
291	293
292	293
292	294
293	294
293	295
294	295
294	296
295	296
296	297
296	298
297	298
297	299
298	299
298	300
299	300
299	301
299	303
300	301
300	302
300	303
300	304
301	302
301	303
301	304
301	305
302	303
302	304
302	305
302	306
303	304
303	305
303	306
303	307
304	305
304	306
304	307
304	308
304	338
304	339
305	306
305	307
305	308
305	309
306	307
306	308
306	309
306	310
307	308
307	309
307	310
307	311
307	338
307	341
308	309
308	310
308	311
308	312
308	334
308	335
308	338
309	310
309	311
309	312
309	313
310	311
310	312
310	313
310	314
311	312
311	313
311	314
311	315
311	334
312	313
312	314
312	315
312	316
312	326
313	314
313	315
313	316
313	317
313	326
314	315
314	316
314	317
314	318
315	316
315	317
315	318
315	319
315	320
315	326
316	317
316	318
316	319
316	320
316	321
316	322
316	323
316	325
316	326
317	318
317	319
317	320
317	321
318	319
318	320
319	320
319	321
320	321
320	322
320	325
320	326
321	322
321	323
321	325
322	323
322	324
322	325
323	324
323	325
323	326
323	327
324	325
324	326
324	327
325	326
325	327
325	328
326	327
326	328
326	329
327	328
327	329
328	329
328	330
329	330
329	331
330	331
330	332
330	333
331	332
331	333
331	334
331	335
332	333
332	334
332	335
333	334
333	335
334	335
334	336
334	337
334	338
335	336
335	337
335	338
335	339
336	337
336	338
336	339
336	340
337	338
337	339
337	340
337	341
337	372
337	373
338	339
338	340
338	341
338	342
339	340
339	341
339	342
339	343
340	341
340	342
340	343
340	344
340	372
341	342
341	343
341	344
341	345
341	368
341	369
341	372
342	343
342	344
342	345
342	346
343	344
343	345
343	346
343	347
344	345
344	346
344	347
344	348
344	368
344	372
345	346
345	347
345	348
345	349
345	368
346	347
346	348
346	349
346	350
347	348
347	349
347	350
347	351
348	349
348	350
348	351
348	352
349	350
349	351
349	352
349	353
350	351
350	352
350	353
350	354
351	352
351	353
351	354
351	355
352	353
352	354
352	355
352	356
352	357
353	354
353	355
353	356
353	357
354	355
354	356
355	356
355	357
356	357
356	358
357	358
357	359
358	359
359	360
359	361
360	361
360	362
360	363
360	364
361	362
361	363
361	364
361	365
362	363
362	364
362	365
362	366
363	364
363	365
363	366
363	367
364	365
364	366
364	367
364	368
365	366
365	367
365	368
365	369
366	367
366	368
366	369
366	370
367	368
367	369
367	370
367	371
368	369
368	370
368	371
368	372
369	370
369	371
369	372
369	373
370	371
370	372
370	373
370	374
370	375
371	372
371	373
371	374
372	373
372	374
373	374
373	375
374	375
