0	1
0	2
1	2
1	3
1	22
2	3
2	22
2	23
2	24
2	25
2	26
2	29
3	4
3	21
3	22
3	23
3	26
3	29
4	5
4	6
4	20
4	21
4	22
4	29
5	6
5	7
5	18
5	19
5	20
5	21
6	7
6	18
6	19
6	20
6	21
6	38
6	39
6	42
7	8
7	9
7	17
7	18
7	19
7	39
7	42
8	9
8	10
8	16
8	17
8	18
8	39
8	42
8	43
9	10
9	11
9	13
9	15
9	16
9	17
10	11
10	12
10	13
10	14
10	15
10	16
11	12
11	13
12	13
12	14
13	14
13	15
14	15
14	16
14	138
14	139
15	16
15	46
15	137
15	138
15	139
16	17
16	46
16	136
16	137
16	138
17	18
17	19
17	42
17	45
17	46
17	134
17	135
17	136
17	137
18	19
18	20
18	42
18	134
18	135
18	136
19	20
19	21
19	42
19	133
19	134
19	135
20	21
20	22
20	131
20	132
20	133
20	134
21	22
21	23
21	38
21	130
21	131
21	132
22	23
22	129
22	130
22	131
22	132
23	24
23	25
23	29
23	127
23	128
23	129
23	130
24	25
24	127
24	128
25	26
25	27
25	28
25	29
26	27
26	28
26	29
26	30
27	28
27	29
27	30
27	31
28	29
28	30
28	31
28	34
29	30
29	31
29	34
29	35
30	31
30	32
30	35
31	32
31	33
31	34
31	35
32	33
32	34
32	35
32	36
33	34
33	35
33	36
33	37
34	35
34	36
34	37
34	38
35	36
35	37
35	38
35	39
36	37
36	38
36	39
36	40
37	38
37	39
37	40
37	41
38	39
38	40
38	41
38	42
39	40
39	41
39	42
39	43
40	41
40	42
40	43
40	44
41	42
41	43
41	44
41	45
42	43
42	44
42	45
42	46
43	44
43	45
43	46
43	47
44	45
44	46
44	47
44	48
44	106
44	107
45	46
45	47
45	48
45	49
45	50
46	47
46	48
46	49
46	136
47	48
47	49
48	49
48	50
49	50
49	51
50	51
50	52
50	98
50	99
50	100
50	101
51	52
51	99
51	100
52	53
52	54
52	57
52	99
52	100
52	101
53	54
53	100
53	101
53	102
53	133
54	55
54	56
54	57
54	100
54	101
54	102
55	56
55	57
55	58
55	100
56	57
56	58
57	58
57	59
58	59
58	60
58	62
58	63
59	60
59	61
59	62
59	63
60	61
60	62
60	63
60	64
61	62
61	63
61	64
61	65
62	63
62	64
62	65
62	66
63	64
63	65
63	66
63	67
64	65
64	66
64	67
64	68
65	66
65	67
65	68
65	69
66	67
66	68
66	69
66	70
67	68
67	69
67	70
67	71
67	88
67	92
68	69
68	70
68	71
68	72
69	70
69	71
69	72
69	73
70	71
70	72
70	73
70	74
70	88
70	91
71	72
71	73
71	74
71	75
71	84
71	85
71	88
72	73
72	74
72	75
72	76
73	74
73	75
73	76
73	77
74	75
74	76
74	77
74	78
74	79
74	84
75	76
75	77
75	78
75	79
75	80
75	81
75	84
76	77
76	78
77	78
77	79
78	79
78	80
79	80
79	81
79	83
79	84
80	81
80	82
80	83
80	84
81	82
81	83
81	84
81	85
82	83
82	84
82	85
82	86
83	84
83	85
83	86
83	87
84	85
84	86
84	87
84	88
85	86
85	87
85	88
85	89
86	87
86	88
86	89
86	90
87	88
87	89
87	90
87	91
88	89
88	90
88	91
88	92
89	90
89	91
89	92
89	93
90	91
90	92
90	93
90	94
91	92
91	93
91	94
91	95
92	93
92	94
92	95
92	96
93	94
93	95
93	96
93	97
94	95
94	96
94	97
94	98
95	96
95	97
95	98
95	99
96	97
96	98
96	99
96	100
96	103
97	98
97	99
97	100
97	103
97	104
98	99
98	100
98	104
99	100
99	101
100	101
100	102
100	103
100	104
101	102
101	103
101	104
101	114
102	103
102	104
102	113
102	114
102	115
103	104
103	105
103	113
103	114
103	115
104	105
104	106
104	113
104	114
105	106
105	107
105	110
105	111
105	112
105	113
105	114
106	107
106	108
106	109
106	110
106	112
106	113
106	114
107	108
107	109
107	110
108	109
108	110
109	110
109	111
109	112
110	111
110	112
110	113
111	112
111	113
112	113
112	114
112	116
112	117
113	114
113	115
113	116
113	117
114	115
114	116
114	117
114	118
115	116
115	117
115	118
115	119
116	117
116	118
116	119
116	120
117	118
117	119
117	120
117	121
118	119
118	120
118	121
118	122
119	120
119	121
119	122
119	123
120	121
120	122
120	123
120	124
121	122
121	123
121	124
121	125
122	123
122	124
122	125
122	126
122	127
122	128
122	129
123	124
123	125
123	126
124	125
124	126
125	126
125	127
126	127
126	128
127	128
127	129
128	129
128	130
129	130
129	131
130	131
130	132
131	132
131	133
132	133
133	134
134	135
134	136
135	136
135	137
136	137
136	138
137	138
137	139
138	139
138	140
138	141
139	140
139	141
140	141
