0	1
0	2
0	23
0	24
0	72
1	2
1	3
1	23
1	24
1	25
1	71
1	72
1	73
2	3
2	4
2	24
2	25
2	26
2	71
2	72
2	73
2	74
3	4
3	5
3	25
3	26
3	27
3	67
3	68
3	71
3	73
3	74
3	75
4	5
4	6
4	11
4	26
4	27
4	28
4	74
4	75
4	76
4	77
5	6
5	7
5	27
5	28
5	29
5	75
5	76
5	77
6	7
6	8
6	28
6	29
6	30
6	76
6	77
6	78
7	8
7	9
7	11
7	12
7	27
7	28
7	29
7	33
7	36
7	77
8	9
8	10
8	11
8	12
8	77
8	78
9	10
9	11
9	12
9	13
9	48
9	49
9	140
10	11
10	12
10	13
10	14
10	77
10	140
11	12
11	13
11	14
11	15
11	77
12	13
12	14
12	15
13	14
13	15
13	16
13	140
13	141
13	143
13	144
14	15
14	16
14	17
14	18
14	144
15	16
15	17
15	18
15	19
15	25
16	17
16	18
16	19
16	20
16	53
16	144
17	18
17	19
17	20
17	21
17	168
17	169
17	170
17	173
18	19
18	20
18	21
18	22
18	23
18	167
18	168
19	20
19	21
19	22
19	23
19	25
19	55
20	21
20	22
21	22
21	23
21	167
21	168
21	169
21	170
22	23
23	24
23	25
24	25
24	26
25	26
25	27
25	55
25	56
25	57
26	27
26	28
26	56
26	57
26	58
26	67
27	28
27	29
27	56
27	57
27	58
27	59
28	29
28	30
28	58
28	59
28	60
28	61
28	64
28	67
29	30
29	31
29	33
29	34
29	37
29	59
29	60
29	61
30	31
30	32
30	33
30	61
31	32
31	33
31	34
31	61
32	33
32	34
33	34
33	35
33	36
33	37
34	35
34	36
34	37
34	38
35	36
35	37
35	38
35	39
36	37
36	38
36	39
36	40
36	46
37	38
37	39
37	40
37	41
37	58
38	39
38	40
38	41
38	42
39	40
39	41
39	42
39	43
39	44
39	45
39	46
40	41
40	42
40	43
40	44
40	45
40	46
40	53
41	42
41	43
41	58
42	43
42	44
43	44
43	45
43	52
44	45
44	46
44	52
45	46
45	47
45	50
45	51
45	52
46	47
46	48
46	49
46	50
46	51
46	52
47	48
47	49
47	50
48	49
48	50
49	50
49	51
49	140
49	141
49	144
50	51
51	52
51	53
51	144
52	53
52	54
53	54
53	55
53	56
54	55
54	56
55	56
55	57
56	57
56	58
57	58
57	59
58	59
58	60
59	60
59	61
59	63
59	67
60	61
60	62
60	63
61	62
61	63
61	64
62	63
62	64
63	64
63	65
63	66
63	67
64	65
64	66
64	67
64	68
65	66
65	67
65	68
65	69
65	93
66	67
66	68
66	69
67	68
67	69
68	69
68	70
68	71
69	70
69	71
70	71
70	72
71	72
71	73
71	97
72	73
72	74
72	97
72	98
73	74
73	75
73	97
73	98
73	99
74	75
74	76
74	97
74	98
74	99
74	100
75	76
75	77
75	99
75	100
75	101
76	77
76	78
76	83
76	100
76	101
76	102
77	78
77	102
78	79
78	80
78	82
78	83
78	103
79	80
79	81
79	82
79	83
79	103
80	81
80	82
80	83
80	103
80	104
80	105
80	106
81	82
81	83
82	83
82	84
82	85
82	86
83	84
83	85
83	86
83	87
84	85
84	86
84	87
84	88
85	86
85	87
85	88
85	89
86	87
86	88
86	89
86	90
87	88
87	89
87	90
87	91
88	89
88	90
88	91
89	90
89	91
89	92
90	91
90	92
90	93
90	94
91	92
91	93
91	94
92	93
92	94
93	94
93	95
94	95
94	96
95	96
95	97
96	97
96	98
97	98
97	99
98	99
98	100
98	130
98	131
99	100
99	101
99	130
99	131
99	132
100	101
100	102
100	131
100	132
100	133
101	102
101	103
101	132
101	133
101	134
102	103
102	104
102	133
102	134
103	104
103	105
104	105
104	188
104	189
105	106
105	107
105	116
105	189
105	292
106	107
106	108
106	113
106	114
106	115
106	116
106	189
106	292
106	295
107	108
107	109
107	113
107	114
107	115
107	116
107	119
108	109
108	110
108	111
108	112
108	113
108	114
109	110
109	111
109	112
109	113
109	114
109	119
110	111
110	112
111	112
111	113
112	113
112	114
113	114
113	295
113	299
114	115
114	116
114	118
114	119
115	116
115	117
115	118
115	119
115	185
116	117
116	118
116	119
116	120
117	118
117	119
117	120
117	121
118	119
118	120
118	121
118	122
119	120
119	121
119	122
120	121
120	122
120	123
121	122
121	123
121	124
121	127
121	128
122	123
122	124
123	124
124	125
124	126
124	127
125	126
125	127
126	127
126	128
126	129
127	128
127	129
127	130
127	131
128	129
128	130
128	131
128	156
129	130
129	131
129	156
129	157
130	131
130	132
130	160
131	132
131	133
131	155
132	133
132	134
132	153
132	154
132	155
132	160
132	161
133	134
133	135
133	153
133	154
133	155
134	135
134	151
134	152
134	153
134	154
135	136
135	137
135	151
135	152
135	153
135	184
135	188
135	245
136	137
136	138
136	151
136	152
136	244
136	245
136	248
136	249
137	138
137	139
137	149
137	150
137	151
137	244
137	248
137	249
137	252
138	139
138	140
138	143
138	151
139	140
139	141
139	142
139	143
140	141
140	142
140	143
140	144
141	142
141	143
141	144
141	145
142	143
142	144
142	145
142	146
142	147
143	144
143	145
143	146
143	147
144	145
144	146
145	146
145	147
146	147
146	148
146	172
147	148
147	149
147	172
148	149
148	172
148	173
149	150
149	151
149	172
149	173
149	174
150	151
150	152
150	173
150	174
150	175
151	152
151	153
151	174
151	175
151	176
151	244
152	153
152	154
152	175
152	176
152	177
152	245
153	154
153	155
153	161
153	175
153	176
153	177
153	178
154	155
154	161
154	177
154	178
154	179
154	180
154	181
155	156
155	157
155	158
155	160
155	161
155	178
155	179
155	180
155	181
156	157
156	158
156	179
156	181
157	158
157	159
157	160
157	161
157	179
158	159
158	160
158	161
158	162
158	178
158	179
159	160
159	161
159	162
159	163
160	161
160	162
160	163
160	164
161	162
161	163
161	164
161	165
161	177
162	163
162	164
162	165
162	166
162	177
163	164
163	165
163	166
163	167
164	165
164	166
164	167
164	168
165	166
165	167
165	168
165	169
165	175
166	167
166	168
166	169
167	168
167	169
168	169
168	170
169	170
169	173
169	174
169	175
170	171
170	172
170	173
170	174
171	172
171	173
171	174
172	173
172	174
173	174
173	175
174	175
174	176
175	176
175	177
176	177
176	178
177	178
178	179
178	180
179	180
179	181
180	181
180	182
180	183
180	184
180	236
180	237
181	182
181	183
181	184
181	185
182	183
182	184
182	185
182	186
182	236
183	184
183	185
183	186
183	187
183	231
183	236
183	237
183	240
184	185
184	186
184	187
184	188
184	240
184	245
185	186
185	187
185	188
185	189
186	187
186	188
186	189
186	190
186	231
187	188
187	189
187	190
187	191
187	227
187	241
187	245
187	246
188	189
188	190
188	191
188	245
188	246
189	190
189	191
189	192
190	191
190	192
190	193
190	194
191	192
191	193
191	194
191	195
191	250
192	193
192	194
192	195
192	196
192	256
192	259
192	289
193	194
193	195
193	196
193	289
193	290
193	292
193	293
194	195
194	196
194	197
194	198
194	223
195	196
195	197
195	198
195	199
195	254
195	256
195	259
195	260
196	197
196	198
196	199
196	200
196	259
196	260
196	262
196	263
197	198
197	199
197	200
197	263
197	313
198	199
198	200
198	201
198	216
198	219
198	220
199	200
199	201
199	202
199	203
199	255
199	260
199	263
199	264
200	201
200	202
200	203
200	204
200	263
200	264
200	266
200	267
201	202
201	203
201	204
201	205
201	212
201	216
201	267
202	203
202	204
202	205
202	206
202	264
203	204
203	205
203	206
203	207
203	264
203	265
203	267
203	268
204	205
204	206
204	207
204	208
204	267
204	268
205	206
205	207
205	208
205	209
205	210
205	211
205	212
206	207
206	208
206	209
206	268
207	208
207	209
207	268
208	209
208	210
209	210
210	211
210	212
211	212
211	213
212	213
212	214
212	215
212	216
213	214
213	215
213	216
213	217
214	215
214	216
214	217
214	218
215	216
215	217
215	218
215	219
215	331
216	217
216	218
216	219
216	220
217	218
217	219
217	220
217	221
218	219
218	220
218	221
218	222
218	331
219	220
219	221
219	222
219	223
219	330
219	331
220	221
220	222
220	223
220	224
221	222
221	223
221	224
221	225
222	223
222	224
222	225
222	226
222	309
223	224
223	225
223	226
223	227
223	309
224	225
224	226
224	227
224	228
224	241
224	242
224	247
225	226
225	227
225	228
225	229
226	227
226	228
226	229
226	230
226	307
227	228
227	229
227	230
227	231
227	241
228	229
228	230
228	231
228	232
228	238
228	239
228	241
229	230
229	231
229	232
229	233
229	238
230	231
230	232
230	233
230	234
230	305
231	232
231	233
231	234
231	235
231	236
231	237
231	238
232	233
232	234
232	235
232	236
232	237
232	238
233	234
233	235
234	235
234	236
235	236
236	237
236	238
237	238
237	239
237	240
238	239
238	240
238	241
239	240
239	241
239	242
239	243
240	241
240	242
240	243
240	245
240	246
241	242
241	243
241	245
241	246
241	247
242	243
242	246
242	247
243	244
243	245
243	246
243	247
243	248
244	245
244	246
244	247
244	248
244	249
245	246
245	247
245	248
245	249
246	247
246	248
246	249
246	250
247	248
247	249
247	250
247	251
248	249
248	250
248	251
248	252
249	250
249	251
249	252
249	253
250	251
250	252
250	253
250	254
251	252
251	253
251	254
252	253
252	254
253	254
253	255
253	256
254	255
254	256
255	256
255	257
255	260
256	257
256	258
256	259
256	260
257	258
257	259
257	260
257	261
258	259
258	260
258	261
258	262
258	287
259	260
259	261
259	262
259	263
259	287
259	289
260	261
260	262
260	263
260	264
261	262
261	263
261	264
261	265
262	263
262	264
262	265
262	266
262	275
263	264
263	265
263	266
263	267
264	265
264	266
264	267
264	268
265	266
265	267
265	268
265	269
265	270
265	275
266	267
266	268
266	269
266	270
266	271
266	272
266	275
266	323
267	268
267	269
267	323
268	269
268	270
269	270
269	271
270	271
270	272
270	274
270	275
271	272
271	273
271	274
271	275
272	273
272	274
272	275
272	276
272	317
273	274
273	275
273	276
273	277
274	275
274	276
274	277
274	278
275	276
275	277
275	278
275	279
276	277
276	278
276	279
276	280
277	278
277	279
277	280
277	281
278	279
278	280
278	281
278	282
279	280
279	281
279	282
279	283
279	284
280	281
280	282
280	283
280	284
281	282
281	283
282	283
282	284
283	284
283	285
284	285
284	286
285	286
285	287
286	287
286	288
287	288
287	289
287	290
288	289
288	290
288	291
288	292
289	290
289	291
289	292
289	293
290	291
290	292
290	293
290	294
291	292
291	293
291	294
291	295
292	293
292	294
292	295
292	296
293	294
293	295
293	296
293	297
293	314
294	295
294	296
294	297
294	298
294	314
295	296
295	297
295	298
295	299
296	297
296	298
296	299
296	300
297	298
297	299
297	300
297	301
297	310
297	311
297	314
298	299
298	300
298	301
298	302
299	300
299	301
299	302
299	303
300	301
300	302
300	303
300	304
300	305
301	302
301	303
301	304
301	305
302	303
302	304
303	304
303	305
304	305
304	306
305	306
305	307
306	307
306	308
307	308
307	309
307	310
307	311
308	309
308	310
308	311
308	312
309	310
309	311
309	312
309	313
309	330
310	311
310	312
310	313
310	314
311	312
311	313
311	314
311	315
312	313
312	314
312	315
312	316
313	314
313	315
313	316
313	317
314	315
314	316
314	317
314	318
315	316
315	317
315	318
315	319
315	320
315	321
316	317
316	318
316	319
316	320
316	321
316	322
316	323
317	318
317	319
317	320
318	319
318	320
319	320
319	321
320	321
320	322
321	322
321	323
322	323
322	324
322	325
323	324
323	325
323	326
323	327
324	325
324	326
324	327
325	326
325	327
326	327
326	328
326	329
326	330
327	328
327	329
327	330
327	331
328	329
328	330
328	331
328	332
329	330
329	331
329	332
329	333
329	334
330	331
330	332
330	333
330	334
331	332
331	333
332	333
332	334
333	334
