0	1
0	2
0	90
1	2
1	3
1	90
1	91
2	3
2	4
2	90
2	91
2	329
3	4
3	5
3	329
4	5
4	6
4	329
4	362
4	363
5	6
5	7
5	326
5	327
5	361
5	362
5	363
6	7
6	8
6	324
6	325
6	326
6	327
6	360
6	361
6	362
7	8
7	9
7	324
7	325
7	326
7	358
7	359
7	360
7	361
8	9
8	10
8	323
8	324
8	325
8	358
8	359
8	360
9	10
9	11
9	322
9	323
9	324
9	357
9	358
9	359
10	11
10	306
10	310
10	320
10	321
10	322
10	323
10	357
10	358
11	12
11	13
11	15
11	320
11	321
11	322
11	357
12	13
12	14
12	15
12	314
12	319
12	320
12	321
13	14
13	15
13	319
13	320
13	321
14	15
14	16
15	16
15	17
16	17
16	18
16	25
17	18
17	19
17	20
17	21
17	25
17	342
17	343
18	19
18	20
18	21
18	342
18	343
19	20
19	21
19	341
19	342
20	21
20	22
20	23
21	22
21	23
22	23
22	24
23	24
23	25
23	28
24	25
24	26
24	27
24	28
25	26
25	27
25	28
25	29
26	27
26	28
26	29
26	30
27	28
27	29
27	30
27	31
28	29
28	30
28	31
28	32
28	33
29	30
29	31
29	32
29	33
29	40
30	31
30	32
30	33
30	36
30	40
31	32
31	33
31	35
31	36
32	33
32	34
32	35
32	36
33	34
33	35
33	36
33	338
34	35
34	36
34	37
34	38
34	335
35	36
35	37
36	37
36	38
37	38
37	39
38	39
38	40
38	325
38	326
38	327
38	328
39	40
39	41
39	325
39	326
39	327
40	41
40	323
40	324
40	325
40	326
41	42
41	43
41	107
41	323
41	324
41	325
42	43
42	44
42	322
42	323
42	324
43	44
43	45
43	109
43	322
43	323
43	324
44	45
44	46
44	109
44	110
44	322
45	46
45	47
45	303
46	47
46	48
47	48
47	49
48	49
48	50
48	118
48	122
49	50
49	51
49	119
49	120
49	121
49	122
50	51
50	52
50	53
50	121
50	122
51	52
51	53
51	121
51	122
52	53
52	54
52	55
53	54
53	55
53	56
54	55
54	56
55	56
55	57
55	58
55	59
56	57
56	58
56	59
56	60
56	308
57	58
57	59
57	60
57	61
58	59
58	60
58	61
58	62
59	60
59	61
59	62
59	63
59	123
60	61
60	62
60	63
60	64
60	305
60	308
60	309
61	62
61	63
61	64
61	65
62	63
62	64
62	65
62	66
63	64
63	65
63	66
63	67
63	301
63	305
64	65
64	66
64	67
64	68
65	66
65	67
65	68
65	69
66	67
66	68
66	69
66	70
66	130
67	68
67	69
67	70
67	71
67	298
67	301
67	302
68	69
68	70
68	71
68	72
69	70
69	71
69	72
69	73
70	71
70	72
70	73
70	74
70	133
70	298
71	72
71	73
71	74
71	75
72	73
72	74
72	75
72	76
73	74
73	75
73	76
73	77
73	137
74	75
74	76
74	77
74	78
74	291
74	294
74	295
75	76
75	77
75	78
75	79
76	77
76	78
76	79
76	80
77	78
77	79
77	80
77	81
77	287
77	291
78	79
78	80
78	81
78	82
79	80
79	81
79	82
79	83
80	81
80	82
80	83
80	84
81	82
81	83
81	84
81	85
81	86
81	87
81	284
81	287
82	83
82	84
82	85
82	86
82	87
82	88
82	89
83	84
83	85
84	85
84	86
85	86
85	87
85	88
86	87
87	88
87	93
88	89
88	90
88	91
88	92
88	93
89	90
89	91
89	92
89	93
90	91
91	92
91	93
92	93
92	94
93	94
94	95
94	96
95	96
95	97
96	97
96	98
96	99
96	100
96	101
96	102
97	98
97	99
97	100
97	101
97	102
97	105
97	292
98	99
98	100
99	100
99	101
100	101
100	102
100	104
100	105
101	102
101	103
101	104
101	105
102	103
102	104
102	105
102	106
103	104
103	105
103	106
103	107
104	105
104	106
104	107
104	108
105	106
105	107
105	108
105	109
106	107
106	108
106	109
107	108
107	109
108	109
108	110
109	110
109	111
110	111
110	112
111	112
111	113
111	300
112	113
112	114
112	115
112	116
113	114
113	115
113	116
113	117
113	118
114	115
114	116
114	117
115	116
115	117
116	117
116	118
116	125
117	118
117	119
117	120
118	119
118	120
119	120
119	121
120	121
120	122
120	124
120	125
121	122
121	123
121	124
121	125
122	123
122	124
122	125
122	126
123	124
123	125
123	126
123	127
124	125
124	126
124	127
124	128
125	126
125	127
125	128
125	129
126	127
126	128
126	129
126	130
127	128
127	129
127	130
127	131
128	129
128	130
128	131
128	132
129	130
129	131
129	132
129	133
129	297
130	131
130	132
130	133
130	134
131	132
131	133
131	134
131	135
132	133
132	134
132	135
132	136
133	134
133	135
133	136
133	137
133	294
133	297
134	135
134	136
134	137
134	138
135	136
135	137
135	138
135	139
136	137
136	138
136	139
136	140
136	290
137	138
137	139
137	140
137	141
138	139
138	140
138	141
138	142
139	140
139	141
139	142
139	143
140	141
140	142
140	143
140	144
140	286
140	287
141	142
141	143
141	144
141	145
142	143
142	144
142	145
142	146
143	144
143	145
143	146
143	147
143	283
144	145
144	146
144	147
144	148
144	283
145	146
145	147
145	148
145	149
146	147
146	148
146	149
146	150
147	148
147	149
147	150
147	151
147	276
147	279
147	280
148	149
148	150
148	151
148	152
149	150
149	151
149	152
149	153
150	151
150	152
150	153
150	154
150	272
150	275
150	276
151	152
151	153
151	154
151	155
151	276
152	153
152	154
152	155
152	156
153	154
153	155
153	156
153	157
153	272
154	155
154	156
154	157
154	158
154	269
154	272
154	273
154	276
155	156
155	157
155	158
155	159
156	157
156	158
156	159
156	160
157	158
157	159
157	160
157	268
157	269
158	159
158	160
158	161
159	160
159	161
159	162
160	161
160	162
160	168
160	169
161	162
161	163
161	168
161	169
162	163
162	164
162	168
163	164
163	165
163	167
163	168
164	165
164	166
164	167
164	168
164	223
165	166
165	167
165	168
165	192
165	223
165	226
165	228
166	167
166	168
166	192
166	251
167	168
167	169
168	169
168	170
169	170
169	171
170	171
170	172
170	173
170	174
171	172
171	173
171	174
171	262
172	173
172	174
173	174
173	175
174	175
174	176
174	178
175	176
175	177
175	178
176	177
176	178
176	179
177	178
177	179
178	179
178	230
179	180
179	181
179	188
180	181
180	182
180	183
180	186
180	187
180	188
181	182
181	183
181	187
182	183
182	184
183	184
183	185
183	186
183	187
184	185
184	186
185	186
185	187
185	234
185	235
186	187
186	233
186	234
186	235
187	188
187	189
187	232
187	233
187	234
187	235
188	189
188	190
188	230
188	231
188	232
188	233
189	190
189	191
189	230
189	231
189	232
189	252
190	191
190	192
190	228
190	229
190	230
190	231
190	252
190	253
191	192
191	193
191	228
191	229
191	230
191	250
191	251
191	252
191	253
192	193
192	194
192	226
192	227
192	228
192	229
192	250
192	251
192	252
192	253
193	194
193	195
193	197
193	198
193	226
193	227
193	228
193	250
193	251
194	195
194	196
194	197
194	198
194	225
194	226
194	227
194	250
195	196
195	197
195	198
195	225
195	226
195	227
196	197
196	198
197	198
197	199
197	200
197	201
198	199
198	200
198	201
198	202
199	200
199	201
199	202
199	203
200	201
200	202
200	203
200	204
201	202
201	203
201	204
201	205
202	203
202	204
202	205
203	204
203	205
204	205
204	206
204	207
204	208
205	206
205	207
205	208
206	207
206	208
206	212
206	214
207	208
207	209
207	210
208	209
208	241
208	244
208	245
209	210
209	211
209	212
209	237
209	240
209	241
210	211
210	212
210	237
211	212
211	213
211	233
211	234
211	237
212	213
212	214
212	232
212	233
212	234
213	214
213	215
213	216
213	232
213	233
214	215
214	216
215	216
215	217
216	217
216	218
216	231
216	232
217	218
217	219
217	229
217	230
217	231
218	219
218	220
218	229
218	230
219	220
219	221
219	227
219	228
219	229
219	230
220	221
220	228
220	229
220	230
221	222
221	227
221	228
222	223
222	226
222	227
222	228
223	224
223	225
223	226
223	227
224	225
224	226
225	226
226	227
226	228
227	228
227	229
228	229
228	230
229	230
229	231
230	231
230	232
231	232
231	233
232	233
233	234
233	235
234	235
234	236
234	237
234	238
235	236
235	237
235	238
236	237
236	238
237	238
237	239
237	240
237	241
238	239
238	240
238	241
238	242
239	240
239	241
239	242
239	243
240	241
240	242
240	243
240	244
241	242
241	243
241	244
241	245
242	243
242	244
242	245
242	246
242	252
243	244
243	245
243	246
243	247
244	245
244	246
244	247
244	248
245	246
245	247
245	248
245	249
245	250
245	251
245	252
246	247
246	248
246	249
246	250
246	251
247	248
247	249
248	249
248	250
249	250
249	251
250	251
250	252
251	252
251	253
252	253
252	254
253	254
253	255
254	255
254	256
255	256
255	257
256	257
256	258
257	258
257	259
258	259
258	260
258	261
258	262
259	260
259	261
259	262
259	263
260	261
260	262
260	263
260	264
261	262
261	263
261	264
261	265
262	263
262	264
262	265
262	266
263	264
263	265
263	266
263	267
264	265
264	266
264	267
264	268
265	266
265	267
265	268
265	269
266	267
266	268
266	269
266	270
267	268
267	269
267	270
267	271
268	269
268	270
268	271
268	272
269	270
269	271
269	272
269	273
270	271
270	272
270	273
270	274
271	272
271	273
271	274
271	275
272	273
272	274
272	275
272	276
273	274
273	275
273	276
273	277
274	275
274	276
274	277
274	278
275	276
275	277
275	278
275	279
276	277
276	278
276	279
276	280
277	278
277	279
277	280
277	281
278	279
278	280
278	281
278	282
279	280
279	281
279	282
279	283
280	281
280	282
280	283
280	284
281	282
281	283
281	284
281	285
282	283
282	284
282	285
282	286
283	284
283	285
283	286
283	287
284	285
284	286
284	287
284	288
285	286
285	287
285	288
285	289
286	287
286	288
286	289
286	290
287	288
287	289
287	290
287	291
288	289
288	290
288	291
288	292
289	290
289	291
289	292
289	293
290	291
290	292
290	293
290	294
291	292
291	293
291	294
291	295
292	293
292	294
292	295
292	296
293	294
293	295
293	296
293	297
294	295
294	296
294	297
294	298
295	296
295	297
295	298
295	299
296	297
296	298
296	299
296	300
297	298
297	299
297	300
297	301
298	299
298	300
298	301
298	302
299	300
299	301
299	302
299	303
300	301
300	302
300	303
300	304
301	302
301	303
301	304
301	305
302	303
302	304
302	305
302	306
303	304
303	305
303	306
303	307
304	305
304	306
304	307
304	308
305	306
305	307
305	308
305	309
306	307
306	308
306	309
306	310
306	357
307	308
307	309
307	310
307	311
308	309
308	310
308	311
308	312
309	310
309	311
309	312
309	313
309	357
310	311
310	312
310	313
310	314
310	357
311	312
311	313
311	314
311	315
311	316
311	318
312	313
312	314
312	315
313	314
313	315
314	315
314	316
315	316
315	317
315	318
316	317
316	318
317	318
317	319
318	319
318	320
319	320
320	321
320	322
321	322
321	323
322	323
323	324
323	325
324	325
324	326
325	326
325	327
326	327
326	328
327	328
327	329
327	331
327	332
328	329
328	330
328	331
329	330
329	331
330	331
330	332
331	332
331	333
331	334
331	335
332	333
332	334
332	335
332	336
333	334
333	335
333	336
333	337
334	335
334	336
334	337
334	338
335	336
335	337
335	338
335	339
336	337
336	338
336	339
336	340
337	338
337	339
337	340
337	341
338	339
338	340
338	341
338	342
339	340
339	341
339	342
339	343
340	341
340	342
340	343
340	344
341	342
341	343
341	344
342	343
342	344
343	344
343	345
343	346
344	345
344	346
344	347
344	355
344	356
345	346
345	347
345	348
345	349
346	347
346	348
346	355
346	356
347	348
347	349
347	351
347	355
347	356
348	349
348	350
348	351
349	350
349	351
349	352
350	351
350	352
351	352
351	355
353	354
353	355
354	355
354	356
354	357
354	358
355	356
356	357
356	358
357	358
357	359
358	359
358	360
359	360
359	361
360	361
360	362
361	362
361	363
362	363
