1	1
2	1
3	1
4	1
5	1
6	1
7	3
8	5
9	5
10	5
11	5
12	5
13	5
14	5
15	4
16	2
17	2
18	4
19	2
20	2
21	2
22	2
23	2
24	4
25	2
26	1
27	1
28	1
29	1
30	1
31	1
32	1
33	1
34	1
35	1
36	1
37	5
38	5
39	5
40	5
41	5
42	5
43	5
44	5
45	5
46	5
47	5
48	5
49	5
50	5
51	5
52	5
53	5
54	2
55	2
56	2
57	2
58	2
59	2
60	2
61	2
62	5
63	5
64	5
65	5
66	5
67	5
68	5
69	5
70	5
71	5
72	5
73	5
74	5
75	5
76	5
77	5
78	5
79	5
80	5
81	5
82	5
83	1
84	5
85	1
86	3
87	3
88	3
89	3
90	3
91	3
92	3
93	3
94	3
95	4
96	4
97	4
98	2
99	2
100	4
101	4
102	2
103	4
104	4
105	4
106	4
107	1
108	1
109	1
110	1
111	1
112	3
113	3
114	3
115	3
116	3
117	5
118	5
119	5
120	5
121	3
122	3
123	3
124	3
125	3
126	3
127	3
128	3
129	3
130	3
131	3
132	3
133	3
134	3
135	4
136	3
137	3
138	3
139	3
140	3
141	3
142	3
143	3
144	4
145	4
146	4
147	4
148	4
149	4
150	4
151	4
152	4
153	4
154	4
155	4
156	4
157	2
158	4
159	2
160	2
161	2
162	2
163	2
164	2
165	2
166	2
167	2
168	2
169	2
170	2
171	2
172	2
173	2
174	2
175	2
176	2
177	2
178	2
179	2
180	2
181	2
182	2
183	2
184	2
185	2
186	2
187	2
188	2
189	2
190	2
191	2
192	2
193	2
194	2
195	2
196	2
197	2
198	2
199	2
200	2
201	2
202	2
203	2
204	2
205	2
206	2
207	2
208	2
209	2
210	2
211	2
212	2
213	2
214	2
215	2
216	2
217	2
218	2
219	2
220	2
221	2
222	2
223	2
224	2
225	2
226	2
227	2
228	2
229	2
230	2
231	2
232	2
233	2
234	2
235	2
236	2
237	2
238	2
239	2
240	2
241	2
242	2
243	2
***
1	1
2	2
3	1
4	2
5	1
