0	1
0	2
1	2
1	3
1	6
1	7
1	21
1	22
1	23
2	3
2	7
2	22
2	23
3	4
3	5
3	6
3	7
3	9
3	10
3	11
3	12
3	18
3	22
3	23
4	5
4	6
4	7
4	8
4	9
4	10
4	11
4	18
4	22
4	36
5	6
5	7
5	8
5	9
6	7
6	8
6	9
6	22
7	8
7	9
7	10
8	9
8	10
9	10
9	11
10	11
10	12
11	12
11	13
11	18
11	37
12	13
12	14
12	15
12	16
12	17
12	18
12	24
13	14
13	15
13	16
14	15
14	16
15	16
15	17
15	38
15	41
16	17
16	18
16	24
16	25
16	26
16	38
16	41
17	18
17	19
17	24
17	25
17	26
17	30
17	31
17	35
17	37
17	38
17	39
17	41
18	19
18	20
18	22
18	23
18	24
18	25
18	30
18	31
18	35
18	36
18	37
18	38
19	20
19	21
19	22
19	23
19	24
19	29
19	30
19	31
19	34
19	35
19	36
20	21
20	22
20	34
20	35
20	36
21	22
21	23
22	23
22	24
23	24
23	25
24	25
24	30
25	26
25	27
25	30
26	27
26	28
26	30
26	31
26	41
27	28
27	29
27	30
27	31
28	29
28	30
28	31
28	32
29	30
29	31
29	32
30	31
30	32
30	35
31	32
31	33
31	35
31	39
32	33
32	34
32	35
33	34
33	35
34	35
34	36
35	36
35	37
35	39
36	37
37	38
37	39
38	39
38	40
38	41
39	40
39	41
40	41
40	42
40	43
41	42
41	43
42	43
42	44
42	53
42	64
42	65
43	44
43	48
43	63
43	64
43	65
44	45
44	48
44	50
44	51
44	52
44	53
44	59
44	63
44	64
44	65
45	46
45	47
45	48
45	49
45	50
45	51
45	52
45	59
45	63
45	77
46	47
46	48
46	49
46	50
47	48
47	49
47	50
48	49
48	50
48	51
49	50
49	51
50	51
50	52
51	52
51	53
52	53
52	54
52	78
53	54
53	55
53	56
53	57
53	58
53	59
53	65
54	55
54	56
54	57
55	56
55	57
56	57
56	58
56	79
56	82
57	58
57	59
57	65
57	66
57	67
57	79
57	82
58	59
58	60
58	65
58	66
58	67
58	71
58	72
58	76
58	78
58	79
58	80
58	82
59	60
59	61
59	63
59	64
59	65
59	66
59	71
59	72
59	76
59	77
59	78
59	79
60	61
60	62
60	63
60	64
60	65
60	70
60	71
60	72
60	75
60	76
60	77
61	62
61	63
61	75
61	76
61	77
62	63
62	64
63	64
63	65
64	65
64	66
65	66
65	71
66	67
66	68
66	71
67	68
67	69
67	71
67	72
68	69
68	70
68	71
68	72
69	70
69	71
69	72
69	73
70	71
70	72
70	73
71	72
71	73
71	76
72	73
72	74
72	76
72	80
73	74
73	75
73	76
74	75
74	76
75	76
75	77
76	77
76	78
76	80
77	78
78	79
78	80
79	80
79	81
79	82
80	81
80	82
81	82
81	83
81	84
82	83
82	84
83	84
83	85
83	105
83	106
84	85
84	89
84	104
84	105
84	106
85	86
85	89
85	91
85	92
85	93
85	94
85	100
85	104
85	105
85	106
86	87
86	88
86	89
86	90
86	91
86	92
86	93
86	100
86	104
86	118
87	88
87	89
87	90
87	91
88	89
88	90
88	91
88	104
89	90
89	91
89	92
90	91
90	92
91	92
91	93
92	93
92	94
93	94
93	95
94	95
94	96
94	97
94	98
94	99
94	100
94	106
95	96
95	97
95	98
96	97
96	98
97	98
97	99
97	120
98	99
98	100
98	106
98	107
98	108
98	120
99	100
99	101
99	106
99	107
99	108
99	112
99	113
99	117
99	119
99	120
99	121
100	101
100	102
100	104
100	105
100	106
100	107
100	112
100	113
100	117
100	118
100	119
100	120
101	102
101	103
101	104
101	105
101	106
101	112
101	113
101	116
101	117
101	118
102	103
102	104
102	116
102	117
102	118
103	104
103	105
104	105
104	106
105	106
105	107
106	107
107	108
107	109
107	112
108	109
108	110
108	112
108	113
109	110
109	111
109	112
109	113
110	111
110	112
110	113
110	114
111	112
111	113
111	114
112	113
112	114
112	117
113	114
113	115
113	117
113	121
113	123
114	115
114	116
114	117
115	116
115	117
116	117
116	118
117	118
117	119
117	121
118	119
119	120
119	121
120	121
120	122
121	122
121	123
122	123
122	124
123	124
123	125
124	125
