0	1
0	2
0	3
0	4
0	140
1	2
1	3
1	4
1	77
1	78
1	79
2	3
2	4
2	78
2	79
2	80
2	143
3	4
3	5
3	78
3	79
3	80
3	81
3	140
4	5
4	6
4	78
4	80
4	81
4	82
4	140
5	6
5	7
5	81
5	82
5	83
5	133
5	137
6	7
6	8
6	12
6	81
6	82
6	83
7	8
7	9
7	83
7	84
7	87
8	9
8	10
8	11
8	12
9	10
9	11
9	12
9	13
9	89
10	11
10	12
10	13
10	14
11	12
11	13
11	14
11	56
12	13
12	14
12	15
12	83
13	14
13	15
14	15
14	16
15	16
15	17
15	19
15	20
16	17
16	18
16	19
16	20
17	18
17	19
17	20
17	21
18	19
18	20
18	21
18	22
19	20
19	21
19	22
19	23
19	49
20	21
20	22
20	23
20	24
21	22
21	23
21	24
21	25
22	23
22	24
22	25
22	26
22	35
23	24
23	25
23	26
23	27
23	76
24	25
24	26
24	27
25	26
25	27
25	28
26	27
26	28
26	29
26	30
26	75
26	76
27	28
27	29
27	79
28	29
29	30
29	75
30	73
30	74
30	75
31	32
31	33
31	34
31	35
31	71
31	72
31	73
31	74
32	33
32	34
32	35
32	36
32	43
32	46
32	47
33	34
33	35
33	36
33	37
33	43
34	35
34	36
34	37
34	38
35	36
35	37
35	38
35	39
36	37
36	38
36	39
36	40
36	41
36	42
36	43
36	46
37	38
37	39
37	40
37	41
38	39
38	40
39	40
39	41
40	41
40	42
41	42
41	43
41	45
41	46
42	43
42	44
42	45
42	46
43	44
43	45
43	46
43	47
44	45
44	46
44	47
44	48
45	46
45	47
45	48
45	49
46	47
46	48
46	49
46	50
47	48
47	49
47	50
47	51
48	49
48	50
48	51
48	52
49	50
49	51
49	52
49	53
50	51
50	52
50	53
50	54
51	52
51	53
51	54
51	55
52	53
52	54
52	55
52	56
53	54
53	55
53	56
53	57
53	58
53	59
54	55
54	56
54	57
54	58
54	59
54	60
55	56
55	57
56	57
56	58
57	58
57	59
57	77
58	59
58	76
58	77
59	60
59	74
59	75
59	76
59	77
60	61
60	62
60	74
60	75
60	76
60	77
61	62
61	63
61	72
61	73
61	74
61	75
62	63
62	73
62	74
62	75
63	64
63	65
63	72
63	73
64	65
64	70
64	71
64	72
64	73
65	66
65	70
65	71
65	72
66	67
66	68
66	69
66	70
66	71
67	68
67	69
68	69
68	70
69	70
69	71
70	71
71	72
71	73
72	73
72	74
73	74
73	75
74	75
74	76
75	76
75	77
76	77
76	78
76	79
77	78
78	79
78	80
78	81
79	80
79	81
80	81
80	82
81	82
81	83
82	83
82	133
83	84
83	85
84	85
84	86
84	87
84	129
84	130
84	133
85	86
85	87
85	92
85	93
85	96
86	87
86	88
86	89
86	93
86	126
87	88
87	89
88	89
88	90
89	90
89	91
89	92
89	93
90	91
90	92
90	93
90	94
91	92
91	93
91	94
91	95
92	93
92	94
92	95
92	96
93	94
93	95
93	96
93	97
94	95
94	96
94	97
94	98
95	96
95	97
95	98
95	99
96	97
96	98
96	99
96	100
97	98
97	99
97	100
97	101
97	123
98	99
98	100
98	101
98	102
99	100
99	101
99	102
99	103
100	101
100	102
100	103
100	104
100	120
101	102
101	103
101	104
101	105
101	120
102	103
102	104
102	105
102	106
103	104
103	105
103	106
103	107
104	105
104	106
104	107
104	108
105	106
105	107
105	108
105	109
106	107
106	108
106	109
106	110
107	108
107	109
107	110
107	111
107	112
108	109
108	110
108	111
108	112
108	113
109	110
109	111
110	111
110	112
111	112
111	113
112	113
112	114
112	183
112	184
113	114
114	115
114	116
114	182
115	116
115	117
115	118
115	119
116	117
116	118
116	119
116	120
117	118
117	119
117	120
117	121
118	119
118	120
118	121
118	122
119	120
119	121
119	122
119	182
120	121
120	122
120	123
121	122
121	123
121	124
122	123
122	124
122	175
122	179
123	124
123	125
123	126
124	125
124	126
124	127
125	126
125	127
125	128
125	129
126	127
126	128
126	129
126	130
127	128
127	129
127	130
127	131
128	129
128	130
128	131
128	132
128	166
129	130
129	131
129	132
129	133
130	131
130	132
130	133
130	134
131	132
131	133
131	134
131	135
131	162
131	165
131	166
132	133
132	134
132	135
132	136
132	158
132	162
133	134
133	135
133	136
133	137
134	135
134	136
134	137
134	138
135	136
135	137
135	138
135	139
135	158
135	162
136	137
136	138
136	139
136	140
136	158
137	138
137	139
137	140
137	141
138	139
138	140
138	141
138	142
139	140
139	141
139	142
139	143
140	141
140	142
140	143
141	142
141	143
142	143
142	144
142	145
143	144
143	145
143	146
143	147
144	145
144	146
144	147
145	146
145	147
146	147
146	148
146	149
147	148
147	149
148	149
149	150
149	151
149	153
149	154
150	151
150	152
150	153
150	154
151	152
151	153
151	154
151	155
152	153
152	154
152	155
152	156
153	154
153	155
153	156
153	157
154	155
154	156
154	157
154	158
155	156
155	157
155	158
155	159
156	157
156	158
156	159
156	160
157	158
157	159
157	160
157	161
158	159
158	160
158	161
158	162
159	160
159	161
159	162
159	163
160	161
160	162
160	163
160	164
161	162
161	163
161	164
161	165
162	163
162	164
162	165
162	166
163	164
163	165
163	166
163	167
164	165
164	166
164	167
164	168
165	166
165	167
165	168
166	167
166	168
166	169
166	172
167	168
167	169
167	173
168	169
168	170
169	170
169	171
169	172
169	173
170	171
170	172
170	173
170	174
171	172
171	173
171	174
171	175
172	173
172	174
172	175
172	176
173	174
173	175
173	176
173	177
174	175
174	176
174	177
174	178
175	176
175	177
175	178
175	179
176	177
176	178
176	179
176	180
177	178
177	179
177	180
177	181
178	179
178	180
178	181
178	182
179	180
179	181
179	182
179	183
180	181
180	182
180	183
181	182
181	183
182	183
182	184
183	184
