1	1
2	1
3	1
4	1
5	1
6	1
7	3
8	3
9	3
10	3
11	3
12	3
13	3
14	3
15	3
16	3
17	3
18	4
19	1
20	1
21	1
22	1
23	2
24	2
25	2
26	2
27	2
28	2
29	2
30	2
31	2
32	2
33	2
34	2
35	2
36	5
37	2
38	2
39	2
40	2
41	2
42	2
43	2
44	2
45	1
46	1
47	1
48	3
49	3
50	3
51	3
52	3
53	3
54	3
55	3
56	3
57	3
58	3
59	3
60	3
61	4
62	4
63	4
64	4
65	4
66	5
67	5
68	5
69	5
70	5
71	5
72	5
73	5
74	5
75	5
76	5
77	5
78	6
79	6
80	6
81	6
82	6
83	6
84	6
85	6
86	6
87	6
88	6
89	6
90	6
91	6
92	6
93	6
94	6
95	6
96	6
97	6
98	6
99	6
100	6
101	6
102	6
103	6
104	6
105	6
106	6
107	6
108	6
109	6
110	6
111	6
112	6
113	6
114	6
115	6
116	5
117	5
118	5
119	5
120	5
121	5
122	5
123	5
124	5
125	5
126	5
127	5
128	5
129	4
130	4
131	4
132	4
133	4
134	3
135	3
136	3
137	3
138	3
139	3
140	1
141	1
142	1
143	1
144	2
145	2
146	2
147	2
148	2
149	2
150	2
151	2
152	2
153	5
154	5
155	5
156	5
157	5
158	5
159	5
160	5
161	5
162	5
163	4
164	4
165	4
166	4
167	4
168	3
169	3
170	3
171	3
172	3
173	4
174	4
175	4
176	1
177	1
178	1
179	5
180	5
181	5
182	5
183	5
184	5
***
1	2
2	1
3	2
4	2
5	1
6	1
