0	1
0	2
0	3
0	4
1	2
1	3
1	4
1	5
2	3
2	4
2	5
2	6
2	40
3	4
3	5
3	6
3	9
4	5
4	6
4	9
4	10
5	6
5	7
5	21
5	22
5	25
6	7
6	8
6	9
6	10
6	20
6	21
6	22
7	8
7	9
7	10
7	11
7	20
7	21
7	22
8	9
8	10
8	11
9	10
9	11
10	11
10	12
10	13
11	12
11	13
12	13
13	14
13	15
13	22
14	15
14	16
14	22
14	23
15	16
15	17
15	18
15	19
15	20
15	21
15	22
15	23
16	17
16	18
16	23
17	18
17	19
17	195
17	196
18	19
18	20
18	195
18	196
19	20
19	21
19	194
19	195
20	21
20	22
21	22
21	23
21	25
21	26
22	23
22	24
22	25
22	26
23	24
23	25
23	26
24	25
24	26
25	26
25	27
26	27
26	28
27	28
27	29
28	29
28	30
28	37
29	30
29	31
29	37
29	38
30	31
30	32
30	33
30	35
30	36
30	37
30	38
31	32
31	33
31	38
31	45
32	33
32	34
32	44
32	45
32	46
32	47
33	34
33	35
33	47
33	307
33	308
34	35
34	36
34	47
34	48
34	49
34	307
34	308
34	309
35	36
35	37
35	49
35	194
35	310
36	37
36	38
36	40
36	41
37	38
37	39
37	40
37	41
38	39
38	40
38	41
38	44
39	40
39	41
40	41
40	42
41	42
41	43
41	44
42	43
42	44
42	51
42	58
42	59
42	60
43	44
43	45
43	46
43	48
43	59
43	60
43	62
43	63
44	45
44	46
45	46
45	47
46	47
46	48
46	62
46	63
47	48
47	49
47	308
48	49
48	50
48	51
48	62
48	168
49	50
49	51
49	166
49	167
49	168
49	308
49	309
49	310
50	51
50	52
50	166
50	167
50	168
51	52
51	53
51	60
52	53
52	54
52	60
52	61
52	118
53	54
53	55
53	56
53	59
53	60
53	61
54	55
54	56
54	61
54	67
54	68
54	81
55	56
55	57
55	67
55	68
55	69
56	57
56	58
57	58
57	59
58	59
58	60
59	60
59	61
59	63
59	64
60	61
60	62
60	63
60	64
61	62
61	63
61	64
61	67
62	63
62	64
63	64
63	65
64	65
64	66
64	67
65	66
65	67
65	73
65	74
66	67
66	68
66	69
66	71
66	72
66	73
66	74
67	68
67	69
67	74
67	80
67	81
68	69
68	70
68	80
68	81
68	82
68	83
69	70
69	71
69	83
70	71
70	72
70	83
70	84
70	85
71	72
71	73
71	85
72	73
72	74
72	76
72	77
72	85
73	74
73	75
73	76
73	77
74	75
74	76
74	77
74	80
75	76
75	77
76	77
76	78
77	78
77	79
77	80
78	79
78	80
78	87
78	94
78	95
78	96
79	80
79	81
79	82
79	84
79	95
79	96
79	98
79	99
79	103
80	81
80	82
81	82
81	83
81	103
81	104
82	83
82	84
82	98
82	99
82	104
83	84
83	85
84	85
84	86
84	87
84	98
85	86
85	87
86	87
86	88
87	88
87	89
87	96
88	89
88	90
88	96
88	97
89	90
89	91
89	92
89	94
89	95
89	96
89	97
90	91
90	92
90	97
91	92
91	93
92	93
92	94
93	94
93	95
94	95
94	96
95	96
95	97
95	100
96	97
96	98
96	99
96	100
97	98
97	99
97	100
98	99
98	100
99	100
99	101
99	102
99	103
100	101
100	102
100	103
101	102
101	103
101	109
101	110
102	103
102	104
102	105
102	107
102	108
102	109
102	110
103	104
103	105
103	110
103	116
103	117
104	105
104	106
104	116
104	117
104	118
104	119
105	106
105	107
105	119
106	107
106	108
106	119
107	108
107	109
108	109
108	110
108	112
108	113
108	122
109	110
109	111
109	112
109	113
110	111
110	112
110	113
110	116
111	112
111	113
112	113
112	114
113	114
113	115
113	116
113	122
113	123
114	115
114	116
114	122
114	123
114	330
114	331
115	116
115	117
115	118
115	121
115	122
115	330
115	331
116	117
116	118
117	118
117	119
118	119
118	120
118	121
119	120
119	121
120	121
120	122
121	122
121	123
122	123
123	124
123	125
124	125
124	126
124	328
124	329
125	126
125	127
125	128
126	127
126	128
126	129
126	163
127	128
127	129
128	129
128	163
128	164
129	130
129	131
129	161
129	162
129	163
130	131
130	132
130	161
130	162
130	163
131	132
131	133
131	160
131	161
131	162
132	133
132	134
132	159
132	160
132	161
133	134
133	135
133	136
133	143
133	144
133	158
133	159
133	160
134	135
134	136
134	158
134	159
134	236
134	237
134	241
135	136
135	137
135	138
135	157
135	158
135	236
135	237
135	238
135	241
136	137
136	138
136	236
136	237
137	138
137	139
137	237
137	238
138	139
138	140
138	237
138	238
139	140
139	141
139	142
140	141
141	142
141	143
141	156
141	157
142	143
142	144
142	156
142	157
143	144
143	145
143	156
143	157
144	145
144	146
144	152
144	154
144	156
144	157
144	159
145	146
145	147
145	152
145	153
145	154
146	147
146	151
146	152
146	153
147	148
147	150
147	151
147	152
148	149
148	150
148	151
149	150
149	151
149	323
149	324
149	325
150	151
150	152
150	323
150	324
150	325
151	152
151	153
151	321
151	322
151	323
151	324
152	153
152	154
152	320
152	321
152	322
152	323
153	154
153	320
153	321
153	322
154	155
154	156
154	319
154	320
154	321
155	156
155	318
155	319
155	320
156	157
156	158
156	317
156	318
156	319
157	158
157	159
157	317
157	318
158	159
158	241
158	316
158	317
158	318
159	160
159	315
159	316
159	317
160	161
160	162
160	313
160	314
160	315
160	316
161	162
161	163
161	313
161	314
161	315
162	163
162	164
162	311
162	312
162	313
162	314
163	164
163	165
163	311
163	312
163	313
164	165
164	166
164	311
165	166
165	167
165	311
166	167
166	310
166	311
167	168
167	169
167	170
167	309
167	310
167	311
167	331
168	169
168	170
168	280
168	308
168	309
168	310
169	170
169	278
169	279
169	280
169	331
169	332
169	333
170	171
170	172
170	277
170	278
170	279
170	329
170	330
170	331
170	332
171	172
171	173
171	276
171	277
171	278
171	329
171	330
171	331
171	332
172	173
172	275
172	276
172	277
172	328
172	329
172	330
173	174
173	273
173	274
173	275
173	276
173	327
173	328
173	329
174	175
174	176
174	273
174	274
174	275
174	325
174	326
174	327
174	328
175	176
175	177
175	271
175	272
175	273
175	274
175	324
175	325
175	326
175	327
176	177
176	178
176	271
176	272
176	273
176	322
176	323
176	324
176	325
177	178
177	179
177	269
177	270
177	271
177	272
177	322
177	323
177	324
178	179
178	180
178	268
178	269
178	270
178	321
178	322
178	323
179	180
179	268
179	269
179	321
179	322
180	181
180	182
180	268
180	269
180	321
181	182
181	183
181	268
182	183
182	184
183	184
183	185
183	319
184	185
184	205
184	206
184	207
185	186
185	205
185	206
185	207
185	317
185	318
185	319
186	187
186	188
186	203
186	204
186	205
186	316
186	317
186	318
186	319
187	188
187	203
187	204
187	315
187	316
187	317
187	319
188	189
188	202
188	203
188	204
188	314
188	315
188	316
189	190
189	201
189	202
189	203
189	313
189	314
189	315
190	191
190	192
190	193
190	199
190	200
190	201
190	202
190	312
190	313
190	314
190	315
191	192
191	193
191	199
191	200
191	201
191	310
191	311
191	312
191	313
192	193
192	194
192	199
192	200
192	307
192	308
192	309
192	310
192	311
192	312
193	194
193	195
193	198
193	199
193	200
193	310
193	311
193	312
194	195
194	198
194	199
194	310
194	311
195	196
195	197
195	198
195	199
196	197
196	198
196	235
196	236
197	198
197	199
197	230
197	231
197	232
197	235
198	199
198	230
198	231
198	232
199	200
199	201
199	229
199	230
200	201
200	202
200	228
200	229
200	230
201	202
201	203
201	227
201	228
201	229
202	203
202	226
202	227
202	228
203	204
203	205
203	225
203	226
203	227
204	205
204	206
204	224
204	225
204	226
204	265
204	266
205	206
205	207
205	222
205	223
205	224
205	225
205	265
205	266
206	207
206	208
206	223
206	224
206	265
206	266
207	208
207	209
207	222
207	223
207	265
208	209
208	221
208	222
208	223
209	210
209	211
209	220
209	221
209	222
210	211
210	212
210	219
210	220
210	221
211	212
211	213
211	214
211	219
211	220
212	213
212	214
213	214
213	215
214	215
214	216
214	217
214	218
215	216
215	217
215	218
216	217
216	238
216	239
217	218
217	219
217	242
218	219
218	220
219	220
219	221
219	242
219	243
219	245
219	246
220	221
220	222
220	245
220	246
220	247
221	222
221	223
221	245
221	246
221	247
222	223
222	224
222	247
222	263
223	224
223	263
223	264
223	265
224	225
224	226
224	259
224	260
224	263
224	264
224	265
225	226
225	259
225	260
226	227
226	228
226	258
226	259
226	260
227	228
227	256
227	257
227	258
227	259
228	229
228	230
228	254
228	255
228	256
228	257
229	230
229	231
229	254
229	255
229	256
230	231
230	232
230	253
230	254
230	255
231	232
231	233
231	252
231	253
231	254
232	233
232	234
232	235
232	240
232	252
232	253
232	254
233	234
233	235
233	252
233	253
234	235
234	236
235	236
235	237
235	240
236	237
236	240
237	238
237	239
237	240
237	241
238	239
238	240
238	241
238	242
239	240
239	241
239	242
239	243
240	241
240	242
240	243
240	244
240	253
241	242
241	243
241	244
241	245
242	243
242	244
242	245
242	246
243	244
243	245
243	246
243	250
243	253
243	254
244	245
244	246
244	254
245	246
245	247
246	247
246	248
247	248
247	256
248	249
248	250
248	255
248	256
249	250
249	251
249	254
249	255
249	256
250	251
250	252
250	253
250	254
250	255
251	252
251	253
251	254
252	253
252	254
253	254
254	255
254	256
255	256
255	257
256	257
256	258
257	258
258	259
258	260
258	299
259	260
259	261
260	261
260	262
260	263
261	262
261	263
262	263
262	264
263	264
263	265
264	265
264	266
265	266
265	267
266	267
266	268
267	268
267	269
267	270
268	269
268	270
269	270
269	271
270	271
270	272
271	272
271	273
271	291
272	273
272	274
272	289
272	290
272	291
272	292
273	274
273	275
273	289
273	290
273	291
274	275
274	276
274	287
274	288
274	289
274	290
275	276
275	277
275	287
275	288
275	289
276	277
276	278
276	286
276	287
276	288
277	278
277	279
277	285
277	286
277	287
278	279
278	280
278	284
278	285
278	286
279	280
279	281
279	282
279	283
279	284
279	285
280	281
280	282
280	283
280	284
280	305
280	308
280	309
281	282
281	283
282	283
282	284
283	284
283	285
283	303
283	304
283	305
284	285
284	286
284	301
284	302
284	303
284	304
285	286
285	287
285	301
285	302
285	303
286	287
286	288
286	299
286	300
286	301
286	302
287	288
287	289
287	298
287	299
288	289
288	290
288	297
288	298
288	299
289	290
289	291
289	295
289	296
289	297
289	298
290	291
290	292
290	293
290	294
290	295
290	296
291	292
291	293
291	294
291	295
291	296
292	293
292	294
293	294
293	295
294	295
294	296
295	296
295	297
296	297
297	298
297	299
298	299
298	300
299	300
299	301
300	301
300	302
301	302
301	303
302	303
302	304
303	304
303	305
304	305
304	306
305	306
305	307
305	308
306	307
306	308
307	308
307	309
308	309
309	310
310	311
310	312
311	312
311	313
312	313
313	314
313	315
314	315
314	316
315	316
315	317
316	317
316	318
316	319
317	318
317	319
318	319
318	320
319	320
319	321
319	322
320	321
320	322
321	322
321	323
322	323
322	324
323	324
323	325
324	325
325	326
325	327
326	327
326	328
327	328
328	329
329	330
329	331
330	331
330	332
331	332
331	333
332	333
332	334
333	334
