0	1
0	2
1	2
1	3
2	3
2	4
3	4
3	5
3	6
3	18
4	5
4	6
4	7
4	10
4	18
4	23
5	6
5	7
5	10
5	16
5	17
5	18
6	7
6	8
7	8
7	9
7	10
8	9
8	10
9	10
9	11
9	12
10	11
10	12
10	16
10	38
11	12
11	13
11	14
11	15
11	16
11	25
11	38
11	39
12	13
12	14
12	38
12	39
12	40
13	14
13	39
13	40
13	90
13	91
14	15
14	16
14	25
14	26
14	27
14	28
14	39
14	40
15	16
15	17
15	25
15	26
15	27
16	17
16	18
16	23
16	24
16	25
16	26
17	18
17	19
17	23
17	24
17	25
18	19
18	20
18	22
18	23
18	24
19	20
19	21
19	22
19	23
19	24
20	21
20	22
21	22
22	23
23	24
23	25
24	25
24	26
25	26
25	27
25	39
26	27
26	28
27	28
27	29
27	31
27	32
27	33
27	40
28	29
28	30
28	31
29	30
29	31
30	31
30	32
30	42
31	32
31	33
31	40
31	41
31	42
32	33
32	34
32	40
32	41
32	42
33	34
33	35
33	37
33	39
33	40
33	41
34	35
34	36
34	37
34	38
34	39
34	40
34	41
34	102
34	103
34	104
35	36
35	37
35	103
36	37
36	38
37	38
37	39
38	39
39	40
39	41
39	105
40	41
41	42
41	43
41	102
42	43
42	44
42	63
43	44
43	45
43	62
43	102
44	45
44	46
44	62
45	46
45	60
45	61
45	62
46	47
46	48
46	59
46	60
46	61
46	62
46	74
46	75
46	76
47	48
47	49
47	56
47	58
47	59
47	60
47	61
47	74
47	75
48	49
48	56
48	57
48	58
48	59
48	66
48	71
48	73
48	74
48	75
49	50
49	51
49	53
49	54
49	55
49	56
49	57
49	71
49	72
49	73
49	74
50	51
50	54
50	55
50	56
50	57
50	71
50	72
50	73
51	52
51	53
51	54
51	55
51	72
51	73
52	53
52	54
52	72
52	73
53	54
53	73
53	78
54	55
54	56
55	56
55	57
56	57
56	58
56	118
57	58
57	116
57	117
57	118
57	119
58	59
58	60
58	61
58	115
58	116
58	117
58	118
59	60
59	61
60	61
60	62
61	62
61	63
61	65
61	66
61	115
62	63
62	64
62	65
62	66
63	64
63	65
63	66
63	67
63	74
64	65
64	66
64	67
64	68
64	91
64	92
64	99
65	66
65	67
65	68
65	69
65	99
65	110
66	67
66	68
66	69
66	70
66	71
66	74
67	68
67	69
67	70
67	71
67	72
67	80
68	69
68	70
68	92
68	95
68	96
68	97
68	98
68	99
69	70
69	71
69	96
69	97
70	71
70	72
71	72
71	73
72	73
72	80
73	74
73	78
73	79
73	80
74	75
74	78
74	79
74	80
75	76
75	77
75	78
75	79
76	77
76	78
77	78
77	79
78	79
79	80
80	81
80	82
81	82
81	83
81	85
81	87
81	88
82	83
82	84
82	85
82	88
83	84
83	85
83	88
84	85
84	86
84	88
85	86
85	87
85	88
85	89
86	87
86	88
86	89
86	90
87	88
87	89
87	90
87	91
88	89
88	90
88	91
88	92
89	90
89	91
89	92
89	93
90	91
90	92
90	93
91	92
91	93
92	93
92	94
92	95
92	96
92	99
93	94
93	95
94	95
94	96
94	98
94	99
94	107
95	96
95	97
95	98
96	97
96	98
97	98
97	109
97	110
97	130
97	131
98	99
98	107
98	108
98	109
98	110
98	130
99	100
99	101
99	107
99	108
99	109
99	110
100	101
100	102
100	105
100	106
100	107
100	108
101	102
101	103
101	104
101	105
101	106
101	107
101	108
102	103
102	104
102	105
103	104
103	105
104	105
104	106
105	106
105	107
106	107
106	108
107	108
107	109
108	109
108	110
109	110
109	111
109	129
109	130
110	111
110	112
111	112
111	113
111	114
111	115
111	127
112	113
112	114
112	115
112	116
112	117
112	127
112	132
113	114
113	115
113	116
113	117
113	125
113	126
113	127
114	115
114	116
114	117
115	116
115	117
116	117
116	118
116	119
117	118
117	119
117	120
117	121
118	119
118	120
118	121
118	147
119	120
119	121
119	147
120	121
120	122
120	123
120	124
120	125
120	134
120	147
120	148
120	149
121	122
121	123
121	147
121	148
121	149
122	123
122	136
122	148
122	149
123	124
123	125
123	134
123	135
123	136
123	137
123	149
124	125
124	126
124	134
124	135
124	136
125	126
125	127
125	132
125	133
125	134
125	135
126	127
126	128
126	132
126	133
126	134
127	128
127	131
127	132
127	133
128	129
128	130
128	131
128	132
129	130
129	131
130	131
131	132
132	133
132	134
133	134
133	135
134	135
134	136
135	136
135	137
136	137
136	138
136	140
136	141
136	142
136	149
137	138
137	139
137	140
138	139
138	140
139	140
139	141
140	141
140	142
140	149
140	150
141	142
141	143
141	149
141	150
142	143
142	144
142	147
142	148
142	149
142	150
143	144
143	145
143	146
143	147
143	148
143	149
143	150
144	145
144	146
144	147
145	146
145	147
146	147
146	148
147	148
147	149
148	149
148	150
149	150
