0	1
0	2
0	3
1	2
1	3
2	3
2	4
2	6
2	7
3	4
3	5
3	6
3	7
4	5
4	6
4	7
4	8
4	197
5	6
5	7
5	8
5	9
6	7
6	8
6	9
6	10
7	8
7	9
7	10
7	11
7	186
8	9
8	10
8	11
8	12
8	195
9	10
9	11
9	12
9	13
10	11
10	12
10	13
10	14
10	75
11	12
11	13
11	14
11	15
11	101
11	102
11	103
11	186
11	187
12	13
12	14
12	15
12	16
13	14
13	15
13	16
13	17
13	76
14	15
14	16
14	17
14	18
14	75
14	76
14	79
15	16
15	17
15	18
15	19
15	101
16	17
16	18
16	19
16	20
17	18
17	19
17	20
17	21
17	27
17	28
17	76
17	79
17	80
18	19
18	20
18	21
18	22
18	79
18	80
18	83
19	20
19	21
19	22
19	23
19	94
20	21
20	22
20	23
20	24
20	26
21	22
21	23
21	24
21	25
21	26
21	27
22	23
22	24
22	25
22	93
22	94
23	24
23	25
24	25
24	26
25	26
25	27
26	27
26	28
27	28
27	29
28	29
28	30
29	30
29	31
30	31
30	32
30	34
30	72
30	73
31	32
31	33
31	34
32	33
32	34
33	34
33	35
34	35
34	36
34	38
35	36
35	37
35	38
36	37
36	38
36	39
37	38
37	39
37	40
38	39
38	40
38	70
38	71
38	72
39	40
39	41
39	70
39	71
39	72
40	41
40	70
40	71
41	67
41	68
41	69
41	70
41	71
42	43
42	64
42	65
42	66
42	67
42	71
42	105
42	106
42	107
43	44
43	45
43	63
43	64
43	65
43	71
43	74
43	75
43	104
43	105
43	106
44	45
44	46
44	61
44	62
44	63
44	64
44	78
44	103
44	104
44	105
45	46
45	47
45	61
45	62
45	63
45	78
45	79
45	82
45	102
45	103
45	104
46	47
46	48
46	60
46	61
46	62
46	82
46	101
46	102
46	103
47	48
47	49
47	58
47	59
47	60
47	61
47	99
47	100
47	101
47	102
48	49
48	50
48	57
48	58
48	59
48	99
48	100
48	101
49	50
49	51
49	52
49	57
49	58
49	59
49	98
49	99
49	100
50	51
50	52
50	98
50	99
50	100
50	190
51	52
51	53
52	53
52	54
52	56
52	57
53	54
53	55
53	56
53	57
54	55
54	56
54	57
55	56
55	57
55	148
56	57
56	58
57	58
57	59
58	59
58	60
59	60
59	89
60	61
60	62
60	82
60	83
60	86
60	89
61	62
61	63
61	82
61	86
62	63
62	78
62	81
62	82
62	86
63	64
63	65
63	78
64	65
64	66
65	66
65	67
66	67
66	68
67	68
67	69
68	69
68	70
69	70
69	71
69	73
69	74
70	71
70	72
70	73
70	74
71	72
71	73
71	74
71	75
72	73
72	74
72	75
72	76
73	74
73	75
73	76
73	77
74	75
74	76
74	77
74	78
75	76
75	77
75	78
75	79
76	77
76	78
76	79
76	80
77	78
77	79
77	80
77	81
78	79
78	80
78	81
78	82
79	80
79	81
79	82
79	83
80	81
80	82
80	83
80	84
81	82
81	83
81	84
81	85
81	86
82	83
82	84
82	85
82	86
83	84
83	85
83	86
83	91
83	92
84	85
84	86
84	91
84	92
85	86
85	87
85	91
86	87
86	88
86	89
87	88
87	89
88	89
89	90
89	91
90	91
90	92
91	92
91	93
92	93
92	94
92	96
93	94
93	95
93	96
94	95
94	96
95	96
95	97
96	97
96	98
96	99
97	98
97	99
97	191
98	99
98	191
99	100
99	101
99	191
100	101
100	102
100	187
100	188
100	190
100	191
101	102
101	103
101	187
101	188
102	103
102	104
102	186
102	187
102	188
103	104
103	105
103	185
103	186
103	187
104	105
104	106
104	183
104	184
104	185
104	186
105	106
105	107
105	183
105	184
105	185
106	107
106	108
106	181
106	182
106	183
106	184
107	108
107	109
107	181
107	182
107	183
108	109
108	110
108	181
109	110
109	111
109	179
109	180
109	181
110	111
110	112
110	179
110	180
110	181
111	112
111	113
111	178
111	179
111	180
112	113
112	119
112	178
112	179
112	180
113	114
114	115
114	116
115	116
115	117
115	118
115	119
116	117
116	118
116	119
116	171
116	172
116	173
116	174
117	118
117	119
117	172
118	119
118	120
118	121
119	120
119	121
119	122
119	123
120	121
120	122
120	123
120	153
120	154
121	122
121	123
122	123
122	124
123	124
123	125
123	128
123	153
124	125
124	126
124	127
124	128
124	153
125	126
125	127
125	128
125	146
125	147
125	152
125	153
126	127
126	128
126	143
126	147
126	200
127	128
127	129
127	143
127	182
128	129
128	130
128	143
128	180
128	181
128	182
129	130
129	141
129	142
129	143
129	180
129	181
129	182
130	131
130	132
130	140
130	141
130	142
130	160
130	179
130	180
130	181
131	132
131	133
131	139
131	140
131	141
131	160
131	178
131	179
131	180
132	133
132	134
132	138
132	139
132	140
132	160
132	161
132	164
132	177
132	178
132	179
133	134
133	135
133	137
133	138
133	139
133	176
133	177
133	178
134	135
134	136
134	137
134	138
134	175
134	176
134	177
135	136
135	137
136	137
136	138
137	138
137	139
137	164
137	165
138	139
138	164
139	140
139	141
139	160
139	161
139	163
139	164
140	141
140	142
140	160
140	163
141	142
141	143
141	145
141	160
142	143
142	144
142	145
143	144
143	145
143	146
143	182
144	145
144	146
144	147
144	148
144	200
145	146
145	147
145	148
145	149
146	147
146	148
146	149
146	150
146	151
146	156
147	148
147	149
147	150
147	151
148	149
148	150
149	150
149	151
150	151
150	152
151	152
151	153
151	155
151	156
152	153
152	154
152	155
152	156
153	154
153	155
153	156
153	157
154	155
154	156
154	157
154	158
155	156
155	157
155	158
155	159
156	157
156	158
156	159
156	160
157	158
157	159
157	160
157	161
157	171
158	159
158	160
158	161
158	162
158	168
158	169
159	160
159	161
159	162
159	163
159	168
160	161
160	162
160	163
160	164
161	162
161	163
161	164
161	165
161	166
161	167
161	168
161	170
161	171
162	163
162	164
162	165
162	166
162	167
162	168
163	164
163	165
164	165
164	166
165	166
165	167
166	167
166	168
166	170
167	168
167	169
167	170
168	169
168	170
169	170
169	171
169	172
170	171
170	172
170	173
170	176
171	172
171	173
171	176
172	173
172	174
173	174
173	175
173	176
174	175
174	176
175	176
175	177
176	177
176	178
177	178
177	179
178	179
178	180
179	180
179	181
180	181
181	182
181	183
182	183
183	184
183	185
184	185
184	186
185	186
185	187
185	197
185	198
185	199
186	187
186	195
186	196
186	197
186	198
187	188
187	189
187	195
187	196
187	197
187	198
188	189
188	190
188	191
188	192
188	193
188	194
188	195
188	196
189	190
189	193
189	194
189	195
189	196
190	191
190	192
190	193
191	192
191	193
192	193
192	194
193	194
193	195
194	195
194	196
195	196
196	197
196	198
197	198
197	199
198	199
198	200
199	200
