1	1
2	1
3	1
4	1
5	1
6	1
7	1
8	1
9	1
10	3
11	3
12	1
13	3
14	3
15	3
16	3
17	3
18	3
19	3
20	3
21	3
22	3
23	3
24	3
25	3
26	3
27	3
28	3
29	3
30	3
31	5
32	5
33	5
34	2
35	5
36	5
37	5
38	5
39	5
40	5
41	5
42	5
43	1
44	5
45	1
46	1
47	4
48	4
49	4
50	4
51	4
52	4
53	4
54	4
55	4
56	2
57	4
58	4
59	4
60	4
61	4
62	4
63	5
64	5
65	1
66	5
67	5
68	5
69	5
70	5
71	5
72	5
73	5
74	5
75	5
76	5
77	5
78	5
79	5
80	6
81	6
82	6
83	6
84	6
85	6
86	6
87	6
88	6
89	6
90	6
91	6
92	6
93	6
94	6
95	6
96	6
97	4
98	4
99	4
100	4
101	4
102	4
103	1
104	1
105	1
106	1
107	1
108	2
109	2
110	2
111	2
112	2
113	2
114	2
115	2
116	2
117	2
118	2
119	2
120	2
121	2
122	2
123	2
124	2
125	2
126	2
127	2
128	2
129	2
130	2
131	2
132	2
133	2
134	2
135	2
136	2
137	2
138	2
139	2
140	2
141	2
142	2
143	2
144	2
145	2
146	2
147	2
148	2
149	2
150	2
151	2
152	2
153	2
154	2
155	2
156	2
157	2
158	2
159	2
160	2
161	2
162	2
163	2
164	2
165	2
166	2
167	2
168	2
169	2
170	2
171	2
172	2
173	2
174	2
175	2
176	2
177	2
178	2
179	2
180	2
181	2
182	2
183	2
184	1
185	1
186	1
187	1
188	1
189	4
190	4
191	4
192	4
193	4
194	4
195	4
196	1
197	1
198	1
199	1
200	1
201	2
***
1	1
2	1
3	2
4	1
5	2
6	2
