0	1
0	2
1	2
1	3
1	58
2	3
2	4
2	5
2	47
3	4
3	5
3	400
3	401
3	402
4	5
4	6
4	47
4	48
4	49
4	401
4	402
4	403
5	6
5	7
5	45
5	46
5	47
5	48
5	416
6	7
6	46
6	47
6	48
6	416
6	417
7	8
7	9
7	45
7	46
7	342
7	346
7	416
8	9
8	43
8	44
8	45
8	46
8	346
9	10
9	11
9	43
9	44
9	45
9	144
9	145
10	11
10	12
10	19
10	42
10	43
10	44
10	144
10	145
11	12
11	13
11	19
11	20
11	44
11	142
11	143
11	144
11	145
12	13
12	14
12	17
12	18
12	19
12	20
12	142
12	143
12	144
12	145
13	14
13	15
13	16
13	17
13	18
13	19
13	125
13	139
13	141
13	142
13	143
14	15
14	16
14	17
14	106
14	138
14	139
14	141
14	142
14	143
15	16
15	17
15	124
15	125
15	138
15	139
16	17
16	18
16	124
16	125
16	126
17	18
17	19
18	19
18	20
18	33
18	34
18	35
18	36
19	20
19	21
19	33
19	34
19	35
19	36
20	21
20	31
20	32
20	33
20	34
20	42
21	22
21	23
21	31
21	32
21	33
21	34
21	42
22	23
22	24
22	27
22	28
22	29
22	30
22	31
22	32
22	41
22	42
22	73
23	24
23	25
23	29
23	30
23	31
24	25
24	26
25	26
25	27
25	39
25	41
26	27
26	28
26	41
26	56
26	57
27	28
27	29
27	41
27	54
27	56
27	57
27	73
28	29
28	57
28	59
28	73
28	74
29	30
29	31
29	72
29	73
29	74
30	31
30	32
30	71
30	72
30	73
31	32
31	71
31	72
31	73
31	128
31	129
32	33
32	34
32	127
32	128
32	129
33	34
33	126
33	127
33	128
34	35
34	36
35	36
35	37
36	37
36	38
37	38
37	39
37	221
38	39
38	40
38	42
38	203
39	40
39	41
39	42
40	41
40	42
40	43
40	55
40	56
41	42
41	43
41	54
41	55
41	56
42	43
42	44
42	54
43	44
43	45
43	54
43	55
44	45
44	46
44	52
44	53
44	54
44	55
45	46
45	47
45	52
45	53
45	54
46	47
46	48
46	51
46	52
46	53
47	48
47	49
47	50
47	51
47	52
48	49
48	50
49	50
49	51
50	51
50	52
50	87
50	88
50	89
51	52
51	53
51	60
51	86
51	87
51	88
52	53
52	60
52	61
53	54
53	58
53	59
53	60
53	61
54	55
54	56
54	57
54	58
54	59
55	56
55	57
55	58
56	57
56	58
57	58
57	59
58	59
58	60
59	60
59	73
59	74
59	75
59	76
60	61
60	62
60	73
60	74
60	75
60	76
60	86
61	62
61	63
61	71
61	72
61	73
61	74
61	86
62	63
62	64
62	71
62	72
62	73
62	74
62	85
62	86
63	64
63	65
63	69
63	70
63	71
63	72
63	85
63	130
64	65
64	66
64	69
64	70
64	71
65	66
65	67
65	69
66	67
66	68
66	69
67	68
67	69
67	114
68	69
68	131
68	132
69	70
69	71
69	130
69	131
70	71
70	72
70	129
70	130
70	131
71	72
71	129
71	130
71	131
72	73
72	74
73	74
74	75
74	76
75	76
75	77
76	77
76	78
77	78
77	79
77	82
77	83
78	79
78	80
78	81
78	82
79	80
79	81
79	82
80	81
81	82
81	83
82	83
82	84
82	86
83	84
83	85
83	86
83	87
84	85
84	86
84	87
84	112
84	113
85	86
85	87
85	111
85	112
85	113
86	87
86	88
87	88
87	111
87	112
88	89
88	109
88	110
88	111
88	112
89	90
89	91
89	109
89	110
89	111
89	112
90	91
90	92
90	107
90	108
90	109
90	110
91	92
91	93
91	107
91	108
91	109
91	110
92	93
92	107
92	108
93	94
93	95
93	105
93	106
93	107
93	108
94	95
94	96
94	105
94	106
94	107
95	96
95	103
95	104
95	105
95	106
96	97
96	98
96	103
96	104
96	105
97	98
97	99
97	101
97	102
97	103
97	104
98	99
98	100
98	101
98	102
98	103
98	104
99	100
99	101
100	101
100	102
100	194
100	195
101	102
101	103
101	194
102	103
102	104
102	147
102	148
102	194
103	104
103	105
104	105
104	106
104	143
104	146
105	106
105	107
105	143
106	107
106	141
106	142
106	143
107	108
107	109
107	141
107	142
107	143
108	109
108	110
108	117
108	140
108	141
108	142
109	110
109	111
109	117
109	118
110	111
110	112
110	115
110	116
110	117
110	118
111	112
111	113
111	114
111	115
111	116
111	117
112	113
112	114
112	115
113	114
113	115
114	115
114	116
115	116
115	117
116	117
116	118
116	131
116	132
116	133
116	134
117	118
117	119
117	131
117	132
117	133
117	134
117	140
118	119
118	130
118	131
118	132
118	140
119	120
119	121
119	129
119	130
119	131
119	132
119	139
119	140
120	121
120	122
120	125
120	126
120	127
120	128
120	129
120	130
120	139
120	140
121	122
121	123
121	127
121	128
121	129
122	123
122	124
123	124
123	125
123	139
124	125
124	126
124	139
125	126
125	127
125	139
126	127
127	128
127	129
128	129
128	130
129	130
130	131
130	132
131	132
132	133
132	134
133	134
133	135
134	135
134	136
135	136
135	137
136	137
136	138
136	140
137	138
137	139
137	140
138	139
138	140
138	141
139	140
139	141
140	141
140	142
141	142
141	143
142	143
142	144
143	144
143	145
144	145
144	146
145	146
145	147
146	147
146	148
146	342
147	148
147	149
147	192
147	193
147	194
148	149
148	150
148	192
148	193
148	194
148	341
149	150
149	151
149	192
149	193
149	330
149	341
150	151
150	152
150	190
150	191
150	192
150	193
150	329
150	330
151	152
151	191
151	192
151	193
151	330
152	153
152	190
152	191
153	154
153	155
153	189
153	190
153	191
153	279
153	326
154	155
154	156
154	188
154	189
154	190
154	279
154	280
154	281
155	156
155	157
155	164
155	187
155	188
155	189
155	279
155	280
155	281
156	157
156	158
156	164
156	165
156	277
156	278
156	279
156	280
157	158
157	159
157	162
157	163
157	164
157	165
157	277
157	278
157	279
157	280
158	159
158	160
158	161
158	162
158	163
158	164
158	260
158	274
158	276
158	277
158	278
159	160
159	161
159	162
159	241
159	273
159	274
159	276
159	277
160	161
160	162
160	259
160	260
160	273
160	274
161	162
161	163
161	259
161	260
161	261
162	163
162	164
163	164
163	165
163	178
163	179
163	180
163	181
164	165
164	166
164	178
164	179
164	180
164	181
164	187
165	166
165	176
165	177
165	178
165	179
165	187
166	167
166	168
166	176
166	177
166	178
166	179
166	186
166	187
167	168
167	169
167	170
167	172
167	173
167	174
167	175
167	176
167	177
167	186
168	169
168	170
168	174
168	175
168	176
169	170
169	171
170	171
170	172
170	186
171	172
171	173
171	186
171	201
171	202
172	173
172	174
172	186
172	199
172	201
172	202
172	219
173	174
173	175
173	202
173	219
173	220
174	175
174	176
174	218
174	219
174	220
175	176
175	177
175	217
175	218
175	219
176	177
176	217
176	218
176	219
176	263
176	264
177	178
177	179
177	262
177	263
177	264
178	179
178	261
178	262
178	263
178	264
179	180
179	181
180	181
180	182
181	182
182	183
182	184
183	184
183	185
184	185
184	186
184	187
185	186
185	187
185	188
185	200
185	201
185	319
186	187
186	188
186	199
186	200
186	201
187	188
187	189
188	189
188	199
188	200
189	190
189	191
189	197
189	198
189	199
189	200
190	191
190	192
190	197
190	198
190	199
191	192
191	195
191	196
191	197
191	198
192	193
192	194
192	195
192	196
192	197
193	194
193	195
194	195
194	196
194	229
195	196
195	197
195	229
195	230
195	231
196	197
196	198
196	205
196	228
196	229
196	230
197	198
197	199
197	205
197	206
198	199
198	200
198	203
198	204
198	205
198	206
199	200
199	201
199	202
199	203
199	204
199	205
200	201
200	202
200	203
201	202
201	203
202	203
202	204
203	204
203	205
204	205
204	219
204	220
204	221
204	222
205	206
205	207
205	219
205	220
205	221
205	222
205	228
206	207
206	217
206	218
206	219
206	220
206	228
207	208
207	209
207	217
207	218
207	219
207	220
207	227
207	228
208	209
208	210
208	211
208	213
208	214
208	215
208	216
208	217
208	218
208	227
208	228
209	210
209	211
209	215
209	216
209	217
210	211
210	212
211	212
211	213
211	227
212	213
212	214
212	227
212	248
212	249
213	214
213	215
213	227
213	246
213	248
213	249
214	215
214	249
214	266
214	267
215	216
215	217
215	265
215	266
216	217
216	218
216	264
216	265
216	266
217	218
217	264
217	265
217	266
218	219
218	220
219	220
220	221
220	222
221	222
221	223
222	223
222	224
223	224
223	225
224	225
224	226
224	228
225	226
225	227
225	228
226	227
226	228
226	229
226	247
226	248
227	228
227	229
227	246
227	247
227	248
228	229
228	230
229	230
229	231
229	246
229	247
230	231
230	232
230	244
230	245
230	246
230	247
231	232
231	233
231	244
231	245
231	246
231	247
232	233
232	234
232	242
232	243
232	244
232	245
233	234
233	235
233	236
234	235
234	236
234	237
235	236
235	237
236	237
236	238
236	242
236	243
237	238
237	239
237	240
237	241
237	242
237	243
238	239
238	240
238	241
238	242
239	240
239	241
240	241
240	242
240	278
241	242
241	276
241	277
241	278
242	243
242	244
242	276
242	277
242	278
243	244
243	245
243	252
243	253
243	275
243	276
243	277
244	245
244	246
244	252
244	253
245	246
245	247
245	250
245	251
245	252
245	253
246	247
246	248
246	249
246	250
246	251
246	252
247	248
247	249
247	250
248	249
248	250
249	250
249	251
250	251
250	252
251	252
251	253
251	266
251	267
251	268
251	269
252	253
252	254
252	266
252	267
252	268
252	269
252	275
253	254
253	265
253	266
253	267
253	275
254	255
254	256
254	264
254	265
254	266
254	267
254	274
254	275
255	256
255	257
255	260
255	262
255	263
255	264
255	265
255	274
255	275
256	257
256	258
256	262
256	263
256	264
257	258
257	259
258	259
258	260
258	274
259	260
259	261
259	274
260	261
260	262
260	274
261	262
262	263
262	264
263	264
263	265
264	265
265	266
265	267
266	267
267	268
267	269
268	269
268	270
269	270
269	271
270	271
270	272
271	272
271	273
271	275
272	273
272	274
272	275
273	274
273	275
273	276
274	275
274	276
275	276
275	277
276	277
277	278
277	279
278	279
278	280
279	280
279	281
280	281
281	282
281	283
282	283
282	284
283	284
283	285
283	388
283	389
284	285
284	286
284	327
284	386
284	387
284	388
284	389
285	286
285	287
285	386
285	387
285	388
285	389
286	287
286	288
286	331
286	332
286	386
287	288
287	289
287	328
287	332
287	333
287	384
287	385
287	386
288	289
288	290
288	332
288	333
288	334
288	384
288	385
288	386
289	290
289	332
289	333
289	334
289	383
289	384
289	385
290	291
290	292
290	334
290	382
290	383
290	384
291	292
291	293
291	380
291	381
291	382
291	383
291	410
291	411
292	293
292	294
292	380
292	381
292	382
292	383
293	294
293	295
293	378
293	379
293	380
293	381
294	295
294	379
294	380
294	381
295	296
295	297
295	302
295	378
295	379
296	297
296	298
296	302
296	377
296	378
296	379
297	298
297	299
297	300
297	301
297	302
297	376
297	377
297	378
298	299
298	300
298	376
298	377
299	300
299	375
299	376
300	301
300	302
300	375
300	376
301	302
301	303
301	364
301	365
301	366
301	374
301	375
301	376
302	303
302	304
302	364
302	365
302	378
302	379
303	304
303	363
303	364
303	365
304	305
304	306
304	362
304	363
304	364
305	306
305	307
305	360
305	361
305	362
305	363
306	307
306	360
306	361
306	362
306	363
306	400
307	308
307	309
307	358
307	359
307	360
307	361
307	400
308	309
308	357
308	358
308	359
308	360
308	398
308	399
308	400
309	310
309	311
309	358
309	397
309	398
309	399
310	311
310	312
310	396
310	397
310	398
311	312
311	313
311	395
311	396
311	397
312	313
312	314
312	394
312	395
312	396
313	314
313	393
314	315
314	316
315	316
315	317
316	317
316	318
316	320
316	321
317	318
317	319
317	320
317	321
318	319
318	320
318	321
318	322
319	320
319	321
319	322
319	323
320	321
320	322
320	323
320	324
321	322
321	323
321	324
321	325
321	352
322	323
322	324
322	325
322	326
323	324
323	325
323	326
323	327
324	325
324	326
324	327
324	328
325	326
325	327
325	328
325	329
325	348
325	351
325	352
326	327
326	328
326	329
326	330
327	328
327	329
327	330
328	329
328	330
328	331
328	332
328	344
328	347
328	348
329	330
329	331
329	344
329	345
329	348
330	331
331	332
331	333
331	338
331	344
332	333
332	334
332	338
332	339
332	344
333	334
333	335
333	336
333	337
333	338
333	339
334	335
334	336
334	337
334	338
334	339
334	414
335	336
335	337
336	337
337	338
337	339
338	339
338	340
339	340
339	341
339	343
339	344
340	341
340	342
340	343
340	344
340	430
341	342
341	343
341	344
341	345
342	343
342	344
342	345
342	346
343	344
343	345
343	346
343	347
343	415
343	416
344	345
344	346
344	347
344	348
345	346
345	347
345	348
345	349
346	347
346	348
346	349
346	350
347	348
347	349
347	350
347	351
348	349
348	350
348	351
348	352
349	350
349	351
349	352
349	353
350	351
350	352
350	353
350	354
351	352
351	353
351	354
352	353
352	354
352	355
353	354
353	355
354	355
354	356
354	357
355	356
355	357
356	357
357	358
357	359
358	359
358	360
359	360
359	361
360	361
361	362
361	363
362	363
362	364
363	364
363	365
364	365
364	366
365	366
365	367
365	374
365	379
365	404
366	367
366	373
366	374
367	368
367	369
367	371
367	372
367	373
367	374
367	404
368	369
368	370
368	371
368	372
368	373
368	374
368	404
368	405
368	406
368	422
369	370
369	371
369	403
369	404
369	405
369	418
369	419
369	422
370	371
370	372
370	418
370	419
370	420
370	421
370	422
371	372
371	373
372	373
372	374
373	374
373	375
374	375
374	376
375	376
376	377
376	406
377	378
377	405
377	406
377	407
377	408
378	379
378	380
378	404
378	405
378	406
378	407
378	408
379	380
379	381
379	402
379	403
379	404
379	405
380	381
380	382
380	402
380	403
380	404
381	382
381	383
381	398
381	400
381	401
381	402
381	403
382	383
382	384
382	398
382	399
382	401
382	402
383	384
383	385
383	396
383	397
383	398
384	385
384	386
384	396
384	397
384	398
385	386
385	395
385	396
385	397
386	387
386	388
386	394
386	395
386	396
387	388
387	389
387	392
387	393
387	394
387	395
388	389
388	390
388	391
388	392
388	393
388	394
389	390
389	391
389	392
390	391
390	392
391	392
391	393
392	393
392	394
393	394
393	395
394	395
394	396
395	396
395	397
396	397
396	398
397	398
397	399
398	399
398	400
399	400
399	401
400	401
400	402
401	402
402	403
402	404
403	404
403	405
404	405
405	406
405	407
405	422
405	423
405	424
406	407
406	422
406	423
407	408
407	409
407	423
408	409
408	410
409	410
409	411
410	411
410	412
411	412
411	413
411	424
411	425
412	413
412	414
412	424
412	425
412	426
413	414
413	415
413	417
413	418
413	419
413	424
413	426
413	427
414	415
414	416
414	417
415	416
415	417
416	417
416	418
417	418
417	419
417	427
417	428
417	429
417	430
418	419
418	420
418	427
418	428
418	429
419	420
419	421
419	424
419	426
419	427
419	428
420	421
420	424
420	426
420	427
420	428
421	422
421	423
421	424
421	425
421	426
422	423
422	424
423	424
423	425
424	425
424	426
425	426
426	427
427	428
427	429
427	430
428	429
428	430
429	430
