1	1
2	1
3	1
4	1
5	1
6	1
7	1
8	1
9	1
10	1
11	1
12	3
13	1
14	1
15	1
16	1
17	1
18	1
19	1
20	1
21	1
22	4
23	4
24	4
25	4
26	4
27	4
28	4
29	4
30	4
31	4
32	4
33	4
34	4
35	4
36	4
37	4
38	1
39	1
40	1
41	1
42	1
43	1
44	4
45	4
46	4
47	4
48	4
49	4
50	4
51	4
52	5
53	5
54	5
55	5
56	5
57	5
58	5
59	5
60	5
61	3
62	5
63	2
64	2
65	2
66	2
67	2
68	2
69	2
70	2
71	2
72	2
73	2
74	2
75	2
76	6
77	6
78	2
79	2
80	2
81	2
82	2
83	5
84	5
85	2
86	5
87	5
88	5
89	5
90	5
91	5
92	5
93	5
94	5
95	5
96	3
97	3
98	2
99	2
100	2
101	2
102	2
103	2
104	2
105	2
106	2
107	2
108	2
109	2
110	2
111	5
112	5
113	3
114	3
115	3
116	3
117	3
118	3
119	3
120	3
121	3
122	3
123	2
124	2
125	2
126	2
127	2
128	2
129	2
130	2
131	2
132	2
133	2
134	2
135	2
136	2
137	2
138	2
139	2
140	2
141	2
142	2
143	2
144	2
145	2
146	2
147	2
148	2
149	2
150	2
151	2
152	2
153	2
154	2
155	6
156	6
157	6
158	2
159	2
160	2
161	2
162	2
163	2
164	2
165	2
166	2
167	2
168	2
169	2
170	2
171	2
172	2
173	2
174	2
175	2
176	2
177	2
178	2
179	2
180	2
181	2
182	2
183	2
184	2
185	2
186	2
187	2
188	2
189	2
190	2
191	2
192	2
193	2
194	2
195	2
196	2
197	2
198	2
199	2
200	2
201	2
202	2
203	2
204	2
205	2
206	2
207	2
208	2
209	2
210	2
211	2
212	2
213	2
214	2
215	2
216	2
217	2
218	2
219	2
220	2
221	2
222	2
223	2
224	2
225	2
226	2
227	2
228	2
229	2
230	3
***
1	2
2	1
3	1
4	2
5	1
6	1
