1	1
2	1
3	1
4	1
5	1
6	1
7	4
8	4
9	4
10	4
11	4
12	4
13	4
14	4
15	4
16	4
17	4
18	4
19	4
20	1
21	1
22	1
23	1
24	1
25	1
26	1
27	1
28	1
29	1
30	1
31	1
32	1
33	3
34	3
35	1
36	1
37	1
38	1
39	1
40	1
41	1
42	1
43	4
44	4
45	4
46	4
47	4
48	4
49	4
50	4
51	4
52	4
53	4
54	4
55	4
56	4
57	7
58	7
59	7
60	7
61	7
62	7
63	7
64	7
65	7
66	7
67	7
68	7
69	7
70	7
71	7
72	7
73	7
74	7
75	7
76	7
77	7
78	4
79	4
80	4
81	4
82	6
83	6
84	6
85	6
86	6
87	6
88	6
89	7
90	7
91	7
92	7
93	7
94	7
95	7
96	7
97	7
98	7
99	7
100	7
101	7
102	7
103	7
104	7
105	6
106	6
107	6
108	6
109	6
110	6
111	6
112	6
113	6
114	6
115	6
116	6
117	6
118	6
119	6
120	6
121	6
122	6
123	6
124	6
125	6
126	6
127	6
128	6
129	6
130	6
131	6
132	5
133	5
134	5
135	5
136	5
137	5
138	5
139	4
140	5
141	5
142	5
143	5
144	5
145	5
146	5
147	5
148	6
149	6
150	5
151	6
152	6
153	6
154	6
155	6
156	5
157	5
158	5
159	5
160	5
161	5
162	5
163	5
164	5
165	5
166	5
167	1
168	5
169	1
170	1
171	1
172	1
173	1
174	1
175	1
176	1
177	1
178	1
179	1
180	1
181	1
182	1
183	1
184	1
185	1
186	1
187	1
188	1
189	1
190	1
191	1
192	1
193	1
194	3
195	3
196	3
197	3
198	3
199	3
200	3
201	3
202	3
203	3
204	3
205	3
206	3
207	3
208	3
209	3
210	3
211	5
212	5
213	5
214	5
215	5
216	5
217	5
218	5
219	5
220	5
221	5
222	5
223	5
224	5
225	1
226	1
227	1
228	1
229	1
230	1
231	5
232	5
233	5
234	5
235	5
236	5
237	5
238	5
239	5
240	3
241	3
242	3
243	3
244	3
245	3
246	3
247	3
248	3
249	3
250	3
251	3
252	3
253	3
254	3
255	3
256	3
257	3
258	3
259	2
260	2
261	2
262	6
263	3
264	3
265	2
266	3
267	3
268	3
269	3
270	3
271	3
272	3
273	3
274	3
275	3
276	3
277	3
278	3
279	3
280	3
281	3
282	3
283	3
284	3
285	3
286	3
287	3
288	3
289	3
290	3
291	3
292	3
293	3
294	3
295	3
296	3
297	3
298	3
299	3
300	3
301	3
302	3
303	3
304	3
305	3
306	3
307	3
308	3
309	3
310	3
311	2
312	2
313	2
314	2
315	2
316	2
317	2
318	2
319	2
320	2
321	2
322	2
323	2
324	2
325	2
326	2
327	2
328	2
329	2
330	2
331	2
332	2
333	2
334	2
335	2
336	2
337	2
338	3
339	3
340	3
341	3
342	3
343	3
344	3
345	3
346	3
347	3
348	3
349	3
350	3
351	3
352	3
353	2
354	2
355	2
356	2
357	2
358	2
359	2
360	2
361	2
362	2
363	2
364	2
365	2
366	2
367	2
368	2
369	2
370	3
371	3
372	3
373	3
374	3
375	3
376	3
377	3
378	3
379	3
380	3
381	2
382	2
383	2
384	2
385	6
386	6
387	6
388	3
389	3
390	3
391	3
392	3
393	3
394	3
395	3
396	3
397	3
398	3
399	3
400	3
401	3
402	3
403	3
404	3
***
1	2
2	3
3	3
4	1
5	2
6	1
7	1
