0	1
0	2
0	3
0	4
0	5
0	16
1	2
1	3
1	16
1	27
1	28
1	29
2	3
2	4
2	27
2	28
2	29
3	4
3	5
3	14
3	15
3	16
3	29
4	5
4	6
4	13
4	14
4	15
5	6
5	15
6	7
6	8
6	15
7	8
7	9
7	15
7	17
8	9
8	10
8	11
8	12
9	10
9	11
9	17
9	18
10	11
10	67
10	68
10	69
11	12
11	13
11	63
11	65
11	66
11	67
11	68
11	69
12	13
12	14
12	63
12	64
12	65
12	66
12	67
12	301
13	14
13	15
13	63
13	64
13	301
13	302
14	15
14	18
14	62
14	63
15	16
15	17
15	18
16	17
16	18
16	19
16	20
17	18
17	19
17	20
18	19
18	20
19	20
19	21
19	22
19	26
20	21
20	22
20	23
21	22
21	23
21	45
22	23
22	24
22	25
22	44
22	45
23	24
23	25
23	44
23	45
24	25
24	26
24	27
25	26
25	27
25	30
25	31
25	32
26	27
26	29
26	30
26	31
27	28
27	29
27	30
28	29
29	219
29	220
30	31
30	32
30	214
30	218
30	219
31	32
31	33
31	218
31	235
32	33
32	34
33	34
33	35
34	35
34	36
34	38
34	39
34	52
35	36
35	37
35	38
35	39
35	41
35	42
36	37
36	38
37	38
37	41
37	180
38	39
38	40
38	41
38	180
38	183
38	184
39	40
39	41
39	51
39	52
39	53
39	183
40	41
40	42
40	51
40	52
40	53
40	178
40	179
40	180
40	183
41	42
41	51
41	52
42	49
42	50
42	51
42	52
43	44
43	45
43	46
43	47
43	48
43	49
44	45
44	46
44	47
44	48
45	46
45	47
46	47
46	48
47	48
47	49
48	49
48	50
49	50
49	51
49	52
49	54
49	55
50	51
50	54
51	52
51	53
51	54
51	55
52	53
52	54
52	55
52	56
53	54
53	55
53	56
53	57
53	169
54	55
54	56
54	57
54	58
55	56
55	57
55	58
55	59
56	57
56	58
56	59
56	60
56	215
57	58
57	59
57	60
57	166
58	59
58	60
58	61
59	60
59	61
59	62
59	214
59	215
60	61
60	62
60	166
60	197
60	213
60	215
61	62
61	63
62	63
62	64
63	64
63	65
64	65
64	66
64	71
64	198
65	66
65	67
65	69
65	70
65	71
66	67
66	68
66	69
66	70
66	71
66	72
66	73
67	68
67	69
68	69
68	70
69	70
69	71
70	71
70	72
71	72
71	73
72	73
72	76
72	77
72	78
72	79
72	296
73	74
73	75
73	76
73	77
73	296
73	297
74	75
74	76
74	77
74	296
74	297
75	76
75	77
75	295
75	296
75	297
76	77
76	78
76	79
76	295
76	296
77	78
77	79
77	296
78	79
78	80
78	81
79	80
79	81
79	84
79	294
80	81
80	82
80	84
80	85
80	161
81	82
81	83
81	84
81	85
82	83
82	84
82	85
82	86
83	84
83	85
83	86
84	85
84	86
84	87
85	86
85	87
85	88
86	87
86	88
86	89
87	88
87	89
87	90
87	91
88	89
88	90
88	91
88	92
89	90
89	91
89	92
89	93
90	91
90	92
90	93
90	94
91	92
91	93
91	94
92	93
92	94
92	95
93	94
93	95
93	96
93	97
94	95
94	96
94	97
95	96
95	97
96	97
96	98
97	98
97	99
97	100
98	99
98	100
98	104
99	100
99	101
99	104
100	101
100	102
100	103
100	104
101	102
101	103
101	104
101	105
101	253
101	267
102	103
102	104
102	105
102	106
102	107
102	141
102	142
103	104
103	105
103	106
103	107
104	105
104	106
105	106
105	107
106	107
106	108
107	108
107	109
107	140
107	141
108	109
108	110
108	140
109	110
109	111
109	139
109	140
110	111
110	112
110	137
110	139
110	263
110	324
111	112
111	113
111	261
111	262
111	263
112	113
112	114
112	116
112	117
112	261
112	262
113	114
113	115
113	116
113	117
113	261
114	115
114	116
114	117
114	118
115	116
115	117
115	118
116	117
116	118
116	119
116	133
117	118
117	119
117	120
117	259
117	260
117	261
118	119
118	120
119	120
119	121
119	122
119	132
119	133
120	121
120	122
121	122
121	123
122	123
122	124
123	124
123	125
123	126
124	125
124	126
125	126
125	127
125	342
125	343
126	127
126	128
126	129
126	341
126	342
126	343
127	128
127	129
127	310
127	313
127	341
127	342
127	343
128	129
128	130
128	341
129	130
129	131
129	313
130	131
130	132
130	312
130	313
130	314
130	316
130	317
131	132
131	133
131	134
131	313
131	314
131	316
132	133
132	134
133	134
133	135
134	135
134	136
134	315
134	316
135	136
135	137
135	314
135	315
135	316
135	318
135	321
136	137
136	138
136	314
136	315
137	138
137	139
137	322
137	323
137	324
138	139
138	140
138	322
138	323
138	324
139	140
139	141
139	142
139	323
139	324
140	141
140	142
140	323
140	324
140	325
141	142
141	143
142	143
142	144
143	144
143	145
143	247
144	145
144	146
144	329
144	330
145	146
145	147
145	226
145	227
145	245
145	246
145	247
146	147
146	148
146	247
147	148
147	149
147	246
147	247
147	248
148	149
148	150
148	205
148	206
149	150
149	151
149	152
149	205
149	206
149	248
149	249
150	151
150	152
150	205
150	249
151	152
151	153
152	153
152	154
152	155
152	203
152	204
152	205
153	154
153	155
153	250
154	155
154	156
154	201
154	203
155	156
155	201
155	202
155	203
155	298
155	299
155	300
156	157
156	158
156	200
156	201
156	202
156	297
156	298
156	299
156	300
157	158
157	159
157	199
157	200
157	201
157	295
157	296
157	297
157	298
157	299
157	300
158	159
158	160
158	198
158	199
158	200
158	293
158	294
158	295
158	296
159	160
159	161
159	198
159	199
159	293
159	294
159	295
159	296
160	161
160	162
160	164
160	196
160	198
160	292
160	293
160	294
161	162
161	292
161	293
161	294
162	163
162	164
162	291
162	292
162	293
163	164
163	165
163	195
163	196
163	290
163	291
163	292
164	165
164	166
164	167
164	195
164	196
164	197
164	291
165	166
165	167
165	168
165	169
165	190
165	195
165	196
165	197
166	167
166	168
166	169
166	170
167	168
167	169
167	170
167	171
168	169
168	170
168	171
168	172
169	170
169	171
169	172
169	173
170	171
170	172
170	173
170	174
171	172
171	173
171	174
171	175
172	173
172	174
172	175
173	174
173	175
173	176
174	175
174	176
175	176
175	177
175	178
176	177
176	178
177	178
177	179
178	179
178	180
178	182
178	183
179	180
179	181
179	182
179	183
180	181
180	182
180	183
180	184
181	182
181	183
181	184
181	185
182	183
182	184
182	185
182	186
183	184
183	185
183	186
183	187
184	185
184	186
184	187
184	188
185	186
185	187
185	188
185	189
186	187
186	188
186	189
186	190
187	188
187	189
187	190
187	191
188	189
188	190
188	191
189	190
189	191
189	194
190	191
190	192
190	194
190	195
191	192
191	193
191	194
191	195
192	193
192	194
192	195
192	216
192	217
193	194
193	195
193	196
193	282
194	195
194	196
194	282
194	289
195	196
195	197
195	291
196	197
196	291
197	198
197	212
197	213
197	216
198	199
198	200
198	212
198	213
199	200
199	201
199	210
199	211
199	212
200	201
200	202
200	210
200	211
200	212
200	300
201	202
201	203
201	208
201	209
201	210
201	211
201	300
202	203
202	204
202	208
202	209
202	210
202	300
202	304
203	204
203	205
203	207
203	208
203	209
204	205
204	206
204	207
204	208
205	206
205	207
206	207
206	208
206	225
206	226
206	246
207	208
207	224
207	225
207	226
208	209
208	210
208	223
208	224
208	225
209	210
209	211
209	221
209	222
209	223
209	224
209	304
209	305
210	211
210	212
210	221
210	222
210	223
211	212
211	220
211	221
211	222
212	213
212	214
212	217
212	220
212	221
213	214
213	215
213	216
213	217
213	220
214	215
214	216
214	217
214	218
214	219
214	220
215	216
215	217
216	217
216	218
216	234
216	235
217	218
217	219
217	220
217	233
217	234
217	235
218	219
218	220
218	233
218	234
218	235
219	220
219	221
219	222
219	233
220	221
220	222
221	222
221	223
222	223
222	224
223	224
223	305
223	306
223	307
223	308
224	225
224	226
224	228
224	230
224	307
224	308
224	309
225	226
225	227
225	228
226	227
226	228
226	244
226	245
226	246
227	228
227	229
227	243
227	244
227	245
227	331
228	229
228	230
228	243
228	309
228	311
229	230
229	231
229	241
229	242
229	243
229	309
229	310
229	311
229	314
230	231
230	232
230	241
230	242
230	243
230	309
230	310
231	232
231	233
231	240
231	241
231	242
231	310
232	233
232	234
232	239
232	240
232	241
233	234
233	235
233	238
233	239
233	240
234	235
234	236
234	237
234	238
234	239
235	236
235	237
236	237
236	238
237	238
237	239
238	239
238	240
238	259
239	240
239	241
239	258
239	259
240	241
240	242
240	256
240	257
240	258
241	242
241	256
241	257
241	258
241	314
242	243
242	255
242	256
242	257
243	244
243	245
243	254
243	255
243	256
244	245
244	246
244	252
244	253
244	254
244	255
245	246
245	247
245	252
245	253
245	254
246	247
246	248
246	251
246	252
246	253
247	248
247	252
248	249
248	250
248	251
249	250
249	251
250	251
250	269
250	270
251	252
251	253
251	267
251	268
251	269
251	270
252	253
252	254
252	267
252	268
252	269
253	254
253	266
253	267
253	268
254	255
254	265
254	266
254	267
255	256
255	257
255	263
255	264
255	265
255	266
256	257
256	258
256	263
256	264
256	265
257	258
257	261
257	262
257	263
257	264
258	259
258	260
258	261
258	262
258	263
259	260
259	261
260	261
260	262
261	262
261	263
262	263
262	264
263	264
263	265
263	284
264	265
264	266
264	282
264	283
264	284
265	266
265	282
265	283
265	284
266	267
266	281
266	282
266	283
267	268
267	269
267	280
267	281
267	282
268	269
268	270
268	279
268	280
268	281
269	270
269	271
269	279
269	280
270	271
270	277
270	278
270	279
271	272
271	273
271	277
271	278
272	273
272	274
272	276
272	277
272	278
273	274
273	275
273	276
273	277
273	278
274	275
274	276
275	276
276	277
276	278
276	295
277	278
277	294
277	295
278	279
278	293
278	294
278	295
279	280
279	281
279	290
279	291
279	292
279	293
280	281
280	282
280	290
280	291
280	292
281	282
281	283
281	288
281	289
281	290
281	291
282	283
282	288
282	289
282	290
283	284
283	285
283	286
283	287
283	288
283	289
284	285
284	286
284	287
284	288
285	286
285	287
286	287
286	288
287	288
287	289
288	289
288	290
289	290
289	291
290	291
290	292
291	292
291	293
292	293
292	294
293	294
293	295
294	295
294	296
295	296
295	297
296	297
297	298
297	299
298	299
298	300
299	300
299	301
300	301
300	302
301	302
301	303
302	303
302	304
303	304
303	305
304	305
304	306
305	306
305	307
306	307
306	308
307	308
307	336
307	337
308	309
308	335
308	336
308	337
309	310
309	311
309	335
309	336
309	337
310	311
310	312
310	313
310	314
310	335
311	312
311	313
311	314
311	315
311	333
311	334
311	335
312	313
312	314
312	315
312	316
312	317
312	333
312	334
312	335
313	314
313	315
313	316
313	317
314	315
314	316
315	316
315	317
315	318
315	321
315	333
316	317
316	318
317	318
317	319
317	333
318	319
318	320
318	321
318	333
319	320
319	321
319	331
319	332
319	333
320	321
320	322
320	328
320	329
320	330
320	331
320	332
321	322
321	328
321	329
322	323
322	324
322	326
322	327
322	328
322	329
323	324
323	325
323	326
323	327
323	328
323	329
324	325
324	326
325	326
325	327
326	327
326	328
327	328
327	329
328	329
328	330
329	330
329	331
330	331
330	332
331	332
331	333
332	333
332	334
333	334
333	335
334	335
334	336
335	336
335	337
335	338
336	337
336	338
337	338
337	339
337	340
338	339
338	340
339	340
339	341
340	341
340	342
341	342
342	343
