0	1
0	2
0	31
1	2
1	3
2	3
2	4
2	5
2	6
2	31
3	4
3	5
3	6
3	7
4	5
4	6
4	7
4	8
5	6
5	7
5	8
5	9
6	7
6	8
6	9
6	10
6	17
6	20
7	8
7	9
7	10
7	11
7	17
8	9
8	10
8	11
8	12
8	36
9	10
9	11
9	12
9	13
9	20
9	39
10	11
10	12
10	13
10	14
10	15
10	16
10	17
10	20
11	12
11	13
11	14
11	15
12	13
12	14
12	40
13	14
13	15
13	50
14	15
15	16
15	17
15	19
16	17
16	18
16	19
17	18
17	19
17	20
18	19
18	20
19	20
19	21
19	50
19	51
20	21
20	22
20	49
20	50
20	51
21	22
21	23
21	48
21	49
21	50
21	51
22	23
22	24
22	47
22	48
22	49
23	24
23	25
23	26
23	47
23	48
24	25
24	26
24	27
25	26
25	27
26	27
26	28
26	29
26	30
26	47
27	28
27	29
27	30
27	31
28	29
28	30
28	31
28	32
29	30
29	31
29	32
29	33
30	31
30	32
30	33
31	32
31	33
32	33
32	34
33	34
33	35
33	38
33	39
34	35
34	36
34	38
35	36
35	37
35	38
35	39
36	37
36	38
36	39
36	40
37	38
37	39
37	40
37	41
38	39
38	40
38	41
38	42
39	40
39	41
39	42
39	43
40	41
40	42
40	43
40	44
41	42
41	43
41	44
41	45
42	43
42	44
42	45
42	46
42	47
42	48
43	44
43	45
43	46
43	47
43	48
43	49
44	45
44	46
45	46
45	47
46	47
46	48
46	49
47	48
47	49
48	49
49	50
49	51
50	51
50	52
51	52
51	53
52	53
52	54
53	54
53	55
54	55
54	56
55	56
55	57
56	57
56	58
57	58
57	59
58	59
58	60
58	61
58	62
59	60
59	61
59	62
59	63
60	61
60	62
60	63
60	64
61	62
61	63
61	64
61	65
62	63
62	64
62	65
62	66
63	64
63	65
63	66
63	67
64	65
64	66
64	67
64	68
65	66
65	67
65	68
65	69
66	67
66	68
66	69
66	70
67	68
67	69
67	70
67	71
67	72
67	73
68	69
68	70
68	71
68	72
68	73
68	74
69	70
69	71
70	71
70	72
71	72
71	73
71	74
72	73
72	74
73	74
73	75
73	78
74	75
74	76
74	78
74	79
75	76
75	77
75	78
75	79
76	77
76	78
76	79
77	78
77	79
78	79
78	80
79	80
79	81
80	81
80	82
81	82
81	83
81	85
81	86
82	83
82	84
82	85
82	86
83	84
83	85
83	86
83	87
84	85
84	86
84	87
84	88
84	89
85	86
85	87
85	88
86	87
86	88
87	88
87	89
88	89
88	90
88	91
88	92
89	90
89	91
89	92
89	93
90	91
90	92
90	93
90	94
91	92
91	93
91	94
91	95
92	93
92	94
92	95
92	96
93	94
93	95
93	96
93	97
94	95
94	96
94	97
94	98
95	96
95	97
95	98
95	99
96	97
96	98
96	99
96	100
96	132
97	98
97	99
97	100
97	101
98	99
98	100
98	101
98	102
99	100
99	101
99	102
99	103
99	133
100	101
100	102
100	103
100	104
100	132
100	133
101	102
101	103
101	104
101	105
101	122
102	103
102	104
102	105
102	106
103	104
103	105
103	106
103	107
104	105
104	106
104	107
104	108
104	118
105	106
105	107
105	108
105	109
106	107
106	108
106	109
106	110
107	108
107	109
107	110
107	111
107	112
107	113
108	109
108	110
108	111
108	112
108	113
108	114
108	115
108	118
109	110
109	111
110	111
110	112
111	112
111	113
111	114
112	113
112	114
113	114
113	115
113	117
113	118
114	115
114	116
114	117
114	118
115	116
115	117
115	118
115	119
116	117
116	118
116	119
116	120
117	118
117	119
117	120
117	121
118	119
118	120
118	121
118	122
119	120
119	121
119	122
119	123
120	121
120	122
120	123
120	124
121	122
121	123
121	124
121	125
122	123
122	124
122	125
122	126
123	124
123	125
123	126
123	127
124	125
124	126
124	127
124	128
124	129
125	126
125	127
125	128
125	129
125	130
126	127
126	128
127	128
127	129
128	129
128	130
129	130
129	131
130	131
130	132
130	135
130	136
131	132
131	135
132	133
132	134
132	135
132	136
133	134
133	135
133	136
133	137
134	135
134	136
134	137
134	138
135	136
135	137
135	138
135	139
136	137
136	138
136	139
136	140
137	138
137	139
137	140
137	141
138	139
138	140
138	141
139	140
139	141
139	142
140	141
140	142
141	142
