0	1
0	2
1	2
1	3
1	4
1	5
1	6
2	3
2	4
3	4
3	5
4	5
4	6
4	7
4	8
5	6
5	7
5	8
5	9
6	7
6	8
6	9
6	10
7	8
7	9
7	10
7	11
8	9
8	10
8	11
9	10
9	11
9	12
10	11
10	12
10	13
11	12
11	13
12	13
12	14
13	14
13	15
14	15
14	16
14	18
15	16
15	17
15	18
15	19
16	17
16	18
16	19
16	20
17	18
17	19
17	20
17	21
18	19
18	20
18	21
18	22
19	20
19	21
19	22
19	23
20	21
20	22
20	23
20	24
20	249
20	250
21	22
21	23
21	24
21	25
22	23
22	24
22	25
22	26
23	24
23	25
23	26
23	27
23	42
24	25
24	26
24	27
24	28
24	42
25	26
25	27
25	28
25	29
26	27
26	28
26	29
26	42
26	43
27	28
27	29
27	42
27	43
27	46
28	29
28	30
29	30
29	31
30	31
30	32
30	54
30	55
30	56
31	32
31	33
31	55
31	56
31	57
32	33
32	34
32	43
32	56
32	57
32	58
33	34
33	35
33	57
33	58
33	59
33	60
34	35
34	36
34	39
34	58
34	59
34	60
34	140
35	36
35	37
35	38
35	59
35	60
35	63
35	140
35	143
36	37
36	38
36	140
36	141
36	142
36	143
36	144
36	351
37	38
37	39
37	351
38	39
38	40
38	351
39	40
39	41
39	43
39	350
39	351
40	41
40	42
40	43
40	44
40	347
41	42
41	43
41	44
41	45
41	242
41	243
41	246
41	347
42	43
42	44
42	45
42	46
42	246
43	44
43	45
43	46
43	47
44	45
44	46
44	47
44	48
44	133
44	136
44	239
44	242
44	243
45	46
45	47
45	48
45	49
45	242
45	243
45	246
46	47
46	48
46	49
47	48
47	49
47	55
47	132
47	133
48	49
48	50
48	129
48	130
48	132
48	133
49	50
49	51
49	129
50	51
50	52
50	129
51	52
51	53
52	53
52	54
53	54
53	55
54	55
54	56
55	56
55	57
56	57
56	58
56	162
57	58
57	59
57	158
57	162
58	59
58	60
59	60
59	61
60	61
60	62
60	63
61	62
61	63
61	64
62	63
62	64
62	65
63	64
63	65
63	66
63	67
63	143
63	144
64	65
64	66
64	67
64	68
64	151
65	66
65	67
65	68
65	69
66	67
66	68
66	69
66	70
66	144
66	145
67	68
67	69
67	70
67	71
67	143
67	144
67	145
67	148
67	149
67	150
67	151
68	69
68	70
68	71
68	72
68	150
68	151
69	70
69	71
69	72
69	73
69	361
70	71
70	72
70	73
70	74
70	145
70	146
70	147
70	148
70	359
70	361
71	72
71	73
71	74
71	75
71	148
71	149
71	150
72	73
72	74
72	75
72	76
73	74
73	75
73	76
73	77
73	361
74	75
74	76
74	77
74	78
74	88
74	148
75	76
75	77
75	78
76	77
76	78
76	79
77	78
77	79
77	80
77	84
77	85
77	87
77	88
78	79
78	80
78	86
78	87
78	88
79	80
79	83
79	84
79	85
80	81
80	82
80	83
80	84
80	85
80	86
80	87
81	82
81	83
81	84
81	85
81	86
82	83
82	84
83	84
83	85
84	85
85	86
85	87
86	87
87	88
87	89
87	93
88	89
88	90
88	366
89	90
89	91
89	93
90	91
90	92
90	225
91	92
91	93
92	93
92	94
93	94
93	95
94	95
95	96
95	97
96	97
96	98
96	101
96	102
96	103
96	104
96	105
97	98
97	99
97	101
97	102
97	103
97	104
97	105
97	224
98	99
98	100
98	101
98	102
98	103
98	223
99	100
99	101
99	102
100	101
100	102
101	102
101	103
102	103
102	104
103	104
103	105
103	106
103	107
103	222
103	223
103	224
104	105
104	106
104	107
104	108
105	106
105	107
105	108
105	109
106	107
106	108
106	109
106	110
106	222
106	224
106	227
107	108
107	109
107	110
107	111
108	109
108	110
108	111
108	112
109	110
109	111
109	112
109	113
109	227
110	111
110	112
110	113
110	114
110	182
110	185
110	186
110	227
111	112
111	113
111	114
112	113
112	114
112	115
113	114
113	115
113	178
113	179
113	182
114	115
114	116
114	179
114	182
114	183
115	116
115	117
115	179
116	117
116	118
116	170
116	173
116	179
117	118
117	119
117	170
118	119
118	120
118	124
118	125
118	170
119	120
119	121
119	124
120	121
120	122
121	122
121	123
122	123
122	124
122	125
123	124
123	125
124	125
124	126
124	170
124	171
125	126
125	127
125	168
125	169
125	170
125	171
126	127
126	128
126	130
126	131
126	169
126	170
126	171
127	128
127	129
127	130
127	131
128	129
128	130
128	131
128	132
128	166
129	130
129	131
129	132
129	133
130	131
130	132
130	133
130	134
130	239
130	240
131	132
131	133
131	134
131	135
132	133
132	134
132	135
132	136
132	161
132	166
133	134
133	135
133	136
133	137
133	239
133	240
134	135
134	136
134	137
134	138
134	235
134	236
134	239
135	136
135	137
135	138
135	139
135	157
136	137
136	138
136	139
136	140
137	138
137	139
137	140
137	141
137	235
137	239
137	350
138	139
138	140
138	141
138	142
138	233
138	235
139	140
139	141
139	142
139	143
139	154
140	141
140	142
140	143
140	351
141	142
141	143
141	144
141	350
141	351
141	352
141	353
141	354
142	143
142	144
142	145
142	147
142	353
143	144
143	145
144	145
144	146
145	146
145	147
146	147
146	148
146	358
146	359
146	360
147	148
147	149
147	229
147	355
147	358
147	359
148	149
148	150
148	225
148	226
148	359
149	150
149	151
149	225
149	226
149	229
150	151
150	152
150	153
151	152
151	153
151	154
151	155
152	153
152	154
152	155
152	156
153	154
153	155
153	156
153	157
154	155
154	156
154	157
154	158
155	156
155	157
155	158
155	159
156	157
156	158
156	159
156	160
156	215
157	158
157	159
157	160
157	161
158	159
158	160
158	161
158	162
159	160
159	161
159	162
159	163
159	213
159	214
159	215
160	161
160	162
160	163
160	164
160	165
160	166
160	213
161	162
161	163
161	164
161	165
162	163
162	164
163	164
163	165
163	213
164	165
164	166
164	198
164	199
165	166
165	167
165	196
165	197
165	198
165	199
165	209
165	213
166	167
166	168
166	196
166	197
166	198
167	168
167	169
167	183
167	184
167	187
167	195
167	196
167	197
168	169
168	170
168	195
168	196
168	197
169	170
169	171
169	180
169	183
170	171
170	172
170	180
171	172
172	173
172	174
173	174
173	179
173	180
174	175
174	176
174	177
174	178
174	179
175	176
175	177
175	463
175	464
175	465
175	466
176	177
176	234
176	237
176	373
176	374
176	463
176	464
176	465
176	466
176	467
177	178
177	179
177	180
177	181
177	231
177	232
177	233
177	234
177	236
178	179
178	180
178	181
178	182
178	231
178	232
179	180
179	181
179	182
180	181
180	182
180	183
181	182
181	183
181	184
181	185
181	230
181	231
182	183
182	184
182	185
182	186
182	231
183	184
183	185
183	186
183	187
183	194
184	185
184	186
184	187
184	188
185	186
185	187
185	188
185	189
185	230
186	187
186	188
186	189
186	190
186	191
186	194
187	188
187	189
187	190
187	191
187	194
187	206
188	189
188	190
188	219
188	220
189	190
189	191
189	219
189	220
189	221
190	191
190	192
190	194
190	206
190	219
191	192
191	193
191	194
192	193
192	194
193	194
193	195
194	195
194	205
194	206
195	196
195	197
195	203
195	204
195	205
195	206
196	197
196	198
196	203
196	204
196	205
196	206
196	209
197	198
197	199
197	201
197	202
197	203
197	204
198	199
198	200
198	201
198	202
198	203
198	204
199	200
199	201
200	201
200	202
201	202
201	203
202	203
202	204
203	204
204	205
204	206
204	208
204	209
205	206
205	207
205	208
205	209
206	207
206	208
206	209
206	210
207	208
207	209
207	210
207	211
208	209
208	210
208	211
208	212
209	210
209	211
209	212
209	213
210	211
210	212
210	213
210	214
210	215
211	212
211	213
211	214
211	215
212	213
212	214
213	214
213	215
214	215
214	216
215	216
215	217
216	217
217	218
217	219
218	219
218	220
219	220
219	221
220	221
220	222
221	222
221	223
222	223
222	224
222	226
222	227
223	224
223	225
223	226
224	225
224	226
225	226
225	227
225	228
225	229
226	227
226	228
226	229
226	230
227	228
227	229
227	230
227	231
228	229
228	230
228	231
228	232
229	230
229	231
229	232
229	355
230	231
230	232
231	232
231	233
232	233
232	355
232	372
233	234
233	235
233	354
233	355
233	372
234	235
234	236
234	237
234	238
234	354
234	372
234	374
235	236
235	237
235	238
235	239
236	237
236	238
236	239
236	240
236	467
237	238
237	239
237	240
237	241
237	377
237	466
237	467
237	470
238	239
238	240
238	241
238	242
238	346
238	349
238	350
238	377
239	240
239	241
239	242
239	243
240	241
240	242
240	243
240	244
240	470
241	242
241	243
241	244
241	245
241	346
241	381
241	470
242	243
242	244
242	245
242	246
242	346
243	244
243	245
243	246
243	247
244	245
244	246
244	247
244	248
244	473
244	474
245	246
245	247
245	248
245	249
245	343
246	247
246	248
246	249
246	250
247	248
247	249
247	250
247	251
248	249
248	250
248	251
248	252
248	477
249	250
249	251
249	252
249	253
249	339
250	251
250	252
250	253
250	254
251	252
251	253
251	254
251	255
252	253
252	254
252	255
252	256
252	336
253	254
253	255
253	256
253	257
254	255
254	256
254	257
254	258
254	673
255	256
255	257
255	258
255	259
256	257
256	258
256	259
256	260
256	289
256	293
257	258
257	259
257	260
257	261
257	293
258	259
258	260
258	261
258	262
259	260
259	261
259	262
259	263
259	328
260	261
260	262
260	263
260	264
260	293
260	296
260	297
261	262
261	263
261	264
261	265
261	629
262	263
262	264
262	265
262	266
262	491
263	264
263	265
263	266
263	267
263	268
263	325
264	265
264	266
264	267
264	268
264	297
264	302
264	303
265	266
265	267
265	494
265	495
266	267
266	268
266	402
266	408
266	409
267	268
267	269
267	313
267	314
267	409
268	269
268	270
268	315
268	316
268	321
269	270
269	271
269	272
269	315
269	316
270	271
270	272
270	273
270	297
271	272
271	273
271	274
272	273
272	274
272	326
273	274
273	275
273	290
273	291
273	293
273	294
274	275
274	276
274	277
275	276
275	277
275	278
275	279
275	291
275	684
275	685
275	687
276	277
276	278
276	279
276	280
276	687
277	278
277	279
277	280
278	279
278	280
278	281
278	282
278	286
278	287
279	280
279	281
279	282
279	287
280	281
280	282
281	282
281	283
282	283
282	284
283	284
283	285
283	286
283	287
284	285
284	286
284	287
284	288
285	286
285	287
285	288
285	289
285	333
285	334
285	336
285	337
286	287
286	288
286	289
286	290
286	329
286	330
286	332
286	333
287	288
287	289
287	290
287	291
288	289
288	290
288	291
288	292
289	290
289	291
289	292
289	293
289	329
289	333
290	291
290	292
290	293
290	294
290	329
291	292
291	293
291	294
291	295
291	683
291	684
292	293
292	294
292	295
292	296
293	294
293	295
293	296
293	297
294	295
294	296
294	297
294	298
295	296
295	297
295	298
295	299
295	680
296	297
296	298
296	299
296	300
296	628
296	629
297	298
297	299
297	300
297	303
298	299
298	300
299	300
299	301
299	627
299	628
300	301
300	302
300	303
300	627
300	628
301	302
301	303
301	304
301	623
301	626
301	627
302	303
302	304
302	305
302	623
303	304
303	305
304	305
304	313
305	306
305	307
305	312
305	313
305	314
306	307
306	308
306	310
306	311
306	312
306	313
306	314
307	308
307	309
307	310
307	313
307	314
307	315
308	309
308	310
308	314
309	310
309	311
309	544
310	311
310	312
310	313
310	314
310	544
311	312
311	313
311	543
311	544
312	313
312	314
313	314
314	315
314	316
315	316
315	317
316	317
316	318
316	319
316	320
316	321
317	318
317	319
317	320
318	319
318	320
319	320
319	321
320	321
320	322
321	322
321	323
321	325
321	326
322	323
322	324
322	325
322	326
323	324
323	325
323	326
323	327
324	325
324	326
324	327
324	328
324	394
324	397
324	398
325	326
325	327
325	328
325	398
326	327
326	328
327	328
327	329
327	330
327	331
328	329
328	330
328	331
328	332
329	330
329	331
329	332
329	333
330	331
330	332
330	333
331	332
331	333
331	334
332	333
332	334
332	335
332	336
332	391
333	334
333	335
333	336
333	337
334	335
334	336
334	337
334	338
335	336
335	337
335	338
335	339
335	387
336	337
336	338
336	339
336	340
337	338
337	339
337	340
337	341
338	339
338	340
338	341
338	342
338	383
338	384
338	387
339	340
339	341
339	342
339	343
339	384
340	341
340	342
340	343
340	344
341	342
341	343
341	344
341	345
342	343
342	344
342	345
342	346
342	380
342	384
343	344
343	345
343	346
343	347
344	345
344	346
344	347
344	348
345	346
345	347
345	348
345	349
345	376
345	380
346	347
346	348
346	349
346	350
346	376
346	377
347	348
347	349
347	350
347	351
348	349
348	350
348	351
348	352
349	350
349	351
349	352
350	351
350	352
351	352
351	353
352	353
352	354
353	354
353	355
354	355
354	356
354	371
354	372
355	356
355	357
355	358
355	371
355	372
356	357
356	358
356	368
356	369
356	370
356	371
357	358
357	359
357	366
357	367
357	368
357	369
358	359
358	360
358	366
358	367
358	368
359	360
359	361
359	365
359	366
359	367
360	361
360	362
360	363
360	364
360	365
360	366
360	367
361	362
361	363
361	364
361	365
362	363
362	364
363	364
363	365
364	365
365	366
365	367
366	367
366	368
367	368
367	369
368	369
369	370
369	371
370	371
370	372
370	373
371	372
371	373
372	373
372	374
373	374
373	375
373	463
373	464
374	375
374	376
374	377
374	378
374	464
374	466
375	376
375	377
375	378
375	379
375	464
375	466
376	377
376	378
376	379
376	380
377	378
377	379
377	380
377	381
377	466
378	379
378	380
378	381
378	382
378	449
378	464
378	465
378	466
378	469
379	380
379	381
379	382
379	383
380	381
380	382
380	383
380	384
381	382
381	383
381	384
381	385
381	469
381	470
381	473
382	383
382	384
382	385
382	386
382	447
382	448
382	469
383	384
383	385
383	386
383	387
384	385
384	386
384	387
384	388
385	386
385	387
385	388
385	389
385	445
385	473
385	476
386	387
386	388
386	389
386	390
386	445
387	388
387	389
387	390
387	391
388	389
388	390
388	391
388	392
388	476
388	477
389	390
389	391
389	392
389	393
389	441
389	442
389	445
390	391
390	392
390	393
390	394
391	392
391	393
391	394
391	395
392	393
392	394
392	395
392	396
392	438
392	480
393	394
393	395
393	396
393	397
393	438
394	395
394	396
394	397
394	398
395	396
395	397
395	398
395	399
396	397
396	398
396	399
396	400
396	434
396	435
396	438
397	398
397	399
397	400
397	401
398	399
398	400
398	401
398	402
399	400
399	401
399	402
399	403
399	487
400	401
400	402
400	403
400	404
401	402
401	403
401	404
401	407
401	408
402	403
402	404
402	408
403	404
403	405
403	408
403	413
403	414
403	415
404	405
404	406
404	407
404	408
404	413
404	414
405	406
405	407
405	408
405	410
405	411
405	412
405	413
406	407
406	408
407	408
407	409
408	409
408	410
408	411
409	410
409	411
410	411
410	412
410	546
410	548
411	412
411	413
411	415
411	548
412	413
412	414
412	415
412	416
412	548
413	414
413	415
413	416
414	415
414	416
414	425
414	426
414	427
414	428
415	416
415	417
415	426
415	427
415	493
415	494
416	417
416	418
416	421
416	424
416	425
416	426
416	646
417	418
417	424
417	426
417	645
417	646
418	419
418	420
418	421
418	424
418	646
418	647
418	648
419	420
419	421
419	552
420	421
420	422
420	423
420	424
420	552
421	422
421	423
421	424
421	425
422	423
422	424
423	424
423	425
423	647
424	425
424	426
424	646
424	647
425	426
425	427
425	428
426	427
426	428
427	428
427	429
427	430
427	431
428	429
428	430
428	431
428	432
429	430
429	431
429	432
429	433
430	431
430	432
430	433
430	434
431	432
431	433
431	434
431	435
432	433
432	434
432	435
432	436
433	434
433	435
433	436
433	437
434	435
434	436
434	437
434	438
434	483
435	436
435	437
435	438
435	439
436	437
436	438
436	439
436	440
437	438
437	439
437	440
437	441
437	479
437	483
438	439
438	440
438	441
438	442
439	440
439	441
439	442
439	443
440	441
440	442
440	443
440	444
441	442
441	443
441	444
441	445
441	476
441	479
442	443
442	444
442	445
443	444
443	445
443	446
444	445
444	446
444	472
444	476
445	446
445	447
446	447
446	448
447	448
447	449
447	450
448	449
448	450
448	451
448	465
448	469
449	450
449	451
449	452
449	464
449	465
450	451
450	452
451	452
451	453
452	453
452	454
452	462
452	463
453	454
453	455
453	461
454	455
454	458
454	460
454	461
454	462
455	456
455	457
455	458
455	459
455	460
455	461
456	457
456	458
456	459
456	460
457	458
457	459
458	459
458	460
458	461
459	460
459	461
460	461
460	462
460	463
461	462
461	463
462	463
462	464
463	464
463	465
464	465
464	466
465	466
465	467
465	468
465	469
466	467
466	468
466	469
466	470
467	468
467	469
467	470
467	471
468	469
468	470
468	471
468	472
469	470
469	471
469	472
469	473
470	471
470	472
470	473
470	474
471	472
471	473
471	474
471	475
472	473
472	474
472	475
472	476
473	474
473	475
473	476
473	477
474	475
474	476
474	477
474	478
475	476
475	477
475	478
475	479
476	477
476	478
476	479
476	480
477	478
477	479
477	480
477	481
478	479
478	480
478	481
478	482
479	480
479	481
479	482
479	483
480	481
480	482
480	483
480	484
481	482
481	483
481	484
481	485
482	483
482	484
482	485
482	486
482	661
483	484
483	485
483	486
483	487
484	485
484	486
484	487
484	488
485	486
485	487
485	488
485	489
485	657
485	660
485	661
486	487
486	488
486	489
486	490
486	657
487	488
487	489
487	490
487	491
488	489
488	490
488	491
488	492
489	490
489	491
489	492
489	493
489	657
490	491
490	492
490	493
490	494
491	492
491	493
491	494
491	495
492	493
492	494
492	495
492	496
492	633
493	494
493	495
493	496
493	497
493	644
494	495
494	496
494	497
494	498
495	496
495	497
495	498
495	499
496	497
496	498
496	499
496	500
497	498
497	499
497	500
497	501
498	499
498	500
498	501
498	502
499	500
499	501
499	502
499	503
499	622
500	501
500	502
500	503
500	504
501	502
501	503
501	504
501	505
501	547
502	503
502	504
502	505
502	506
503	504
503	505
503	506
503	507
503	619
503	620
504	505
504	506
504	507
504	508
504	606
504	609
505	506
505	507
505	508
505	509
505	547
506	507
506	508
506	509
506	510
507	508
507	509
507	510
507	511
507	605
507	606
507	609
508	509
508	510
508	511
508	512
509	510
509	511
509	512
509	513
509	539
509	542
510	511
510	512
510	513
510	514
511	512
511	513
511	514
511	515
511	602
512	513
512	514
512	515
512	516
512	598
513	514
513	515
513	516
513	517
513	535
514	515
514	516
514	517
514	518
515	516
515	517
515	518
515	519
515	594
515	597
515	598
516	517
516	518
516	519
516	520
516	535
516	594
517	518
517	519
517	520
517	521
518	519
518	520
518	521
519	520
519	521
519	522
519	593
519	594
520	521
520	522
520	528
520	531
520	590
521	522
521	523
521	526
521	527
521	528
521	531
522	523
522	524
522	525
522	526
522	527
522	528
523	524
523	525
523	526
523	527
523	528
523	584
523	585
524	525
524	526
524	584
525	526
525	527
526	527
526	528
527	528
527	529
528	529
528	530
528	531
528	585
529	530
529	531
529	585
530	531
530	532
531	532
531	533
531	534
531	535
532	533
532	534
532	535
532	536
533	534
533	535
533	536
533	537
534	535
534	536
534	537
534	538
534	569
534	572
535	536
535	537
535	538
535	539
536	537
536	538
536	539
536	540
537	538
537	539
537	540
537	541
537	568
538	539
538	540
538	541
538	542
538	565
538	568
539	540
539	541
539	542
539	543
540	541
540	542
540	543
540	544
541	542
541	543
541	544
541	545
541	564
541	565
542	543
542	544
542	545
543	544
543	545
544	545
544	546
545	546
545	547
546	547
546	548
546	549
547	548
547	549
547	550
547	551
548	549
548	550
548	551
549	550
549	551
550	551
550	552
550	553
550	554
550	559
550	560
550	561
551	552
551	553
551	554
552	553
552	554
553	554
553	555
553	556
554	555
554	556
554	561
555	556
555	557
555	562
555	599
556	557
556	558
556	559
556	562
557	558
557	559
557	562
557	563
558	559
558	560
558	563
559	560
559	561
559	562
559	563
560	561
560	562
560	563
560	564
561	562
561	563
561	564
561	565
562	563
562	564
562	565
562	566
563	564
563	565
563	566
563	567
564	565
564	566
564	567
564	568
565	566
565	567
565	568
565	569
566	567
566	568
566	569
566	570
566	591
567	568
567	569
567	570
567	571
568	569
568	570
568	571
568	572
569	570
569	571
569	572
569	573
569	587
569	588
569	591
570	571
570	572
570	573
570	574
570	588
571	572
571	573
571	574
571	575
572	573
572	574
572	575
572	576
573	574
573	575
573	576
573	580
573	586
573	587
573	588
574	575
574	576
574	577
575	576
575	577
576	577
576	578
576	579
576	580
577	578
577	579
577	580
578	579
578	580
578	581
579	580
579	581
579	582
579	585
579	586
580	581
580	582
580	585
580	586
580	587
581	582
581	583
581	586
582	583
582	584
582	585
582	586
583	584
583	585
583	586
583	589
584	585
584	586
585	586
585	587
586	587
586	588
586	589
587	588
587	589
587	590
587	591
588	589
588	590
588	591
589	590
589	591
590	591
590	592
590	593
590	594
591	592
591	593
591	594
591	595
592	593
592	594
592	595
592	596
593	594
593	595
593	596
593	597
594	595
594	596
594	597
594	598
595	596
595	597
595	598
595	599
596	597
596	598
596	599
596	600
597	598
597	599
597	600
597	601
598	599
598	600
598	601
598	602
599	600
599	601
599	602
600	601
600	602
601	602
601	603
601	604
601	605
602	603
602	604
602	605
602	606
603	604
603	605
603	606
603	607
604	605
604	606
604	607
604	608
605	606
605	607
605	608
605	609
606	607
606	608
606	609
606	610
607	608
607	609
607	610
607	611
608	609
608	610
608	611
608	612
609	610
609	611
609	612
609	613
610	611
610	612
610	613
610	614
611	612
611	613
611	614
611	615
612	613
612	614
612	615
612	616
612	617
612	618
613	614
613	615
613	616
613	617
613	618
614	615
614	616
615	616
615	617
616	617
616	618
617	618
617	619
618	619
618	620
618	621
619	620
619	621
620	621
620	622
621	622
621	623
622	623
622	624
622	625
623	624
623	625
623	626
623	627
624	625
624	626
624	627
624	630
625	626
625	627
625	630
626	627
626	628
627	628
627	629
627	630
628	629
628	630
628	676
629	630
629	631
629	632
629	633
629	676
630	631
630	632
630	633
630	634
631	632
631	633
631	634
631	635
631	672
631	675
631	676
632	633
632	634
632	635
632	636
632	672
632	673
633	634
633	635
633	636
633	637
634	635
634	636
634	637
634	638
634	639
635	636
635	637
635	638
635	639
635	640
635	672
636	637
636	638
636	639
636	640
636	641
636	642
636	660
637	638
637	639
637	640
637	641
637	642
637	643
638	639
638	640
638	641
639	640
639	641
640	641
640	642
640	659
641	642
641	643
642	643
642	644
642	656
642	659
643	644
643	645
643	656
644	645
644	646
645	646
645	653
646	647
646	648
646	649
647	648
647	649
647	650
648	649
648	650
649	650
649	651
650	651
650	652
651	652
651	653
651	655
652	653
652	654
652	655
653	654
653	655
653	656
653	657
654	655
654	656
654	657
654	658
655	656
655	657
655	658
656	657
656	658
656	659
657	658
657	659
657	660
657	661
658	659
658	660
658	661
658	662
659	660
659	661
659	662
659	663
660	661
660	662
660	663
660	664
661	662
661	663
661	664
661	665
662	663
662	664
662	665
662	666
663	664
663	665
663	666
663	667
663	668
663	669
664	665
664	666
664	667
664	668
664	669
665	666
665	667
666	667
666	668
667	668
667	669
667	670
668	669
668	670
668	671
669	670
669	671
669	672
669	673
670	671
670	672
670	673
670	674
671	672
671	673
671	674
671	675
672	673
672	674
672	675
672	676
673	674
673	675
673	676
674	675
674	676
674	677
674	678
675	676
675	677
675	678
676	677
676	678
677	678
677	679
677	680
678	679
678	680
679	680
679	681
680	681
680	682
681	682
681	683
682	683
682	684
683	684
683	685
684	685
684	686
685	686
685	687
686	687
686	688
687	688
