0	1
0	2
1	2
1	3
2	3
2	4
2	204
2	205
3	4
3	5
4	5
4	6
4	8
5	6
5	7
5	8
5	47
6	7
6	8
6	46
6	47
6	48
6	49
7	8
7	9
7	46
7	287
8	9
8	10
8	46
8	287
9	10
9	44
9	45
9	46
9	145
9	146
10	11
10	12
10	44
10	45
10	46
10	143
10	144
10	145
10	146
11	12
11	13
11	20
11	43
11	44
11	45
11	143
11	144
11	145
12	13
12	14
12	20
12	21
12	141
12	142
12	143
12	144
13	14
13	15
13	18
13	19
13	20
13	141
13	142
13	143
13	144
14	15
14	16
14	17
14	18
14	19
14	20
14	119
14	138
14	140
14	141
14	142
15	16
15	17
15	18
15	138
15	140
15	141
16	17
16	18
16	119
16	120
16	137
16	138
17	18
17	19
17	119
17	120
17	121
18	19
18	20
19	20
19	21
19	33
19	34
19	35
19	36
20	21
20	22
20	33
20	34
20	35
20	36
20	43
21	22
21	23
21	32
21	33
21	34
21	43
22	23
22	24
22	31
22	32
22	33
22	34
22	42
22	43
23	24
23	30
23	31
23	32
23	42
23	43
23	62
23	64
23	65
24	25
24	26
24	30
24	31
24	42
24	64
24	65
25	26
25	27
25	30
25	65
26	27
26	28
26	30
27	28
27	29
27	30
28	29
28	30
29	30
29	31
30	31
30	32
31	32
31	80
32	33
32	34
32	126
32	127
33	34
33	126
33	127
34	35
34	36
35	36
35	37
36	37
36	38
37	38
37	39
37	40
38	39
38	40
39	40
39	41
40	41
40	42
40	43
41	42
41	43
41	44
41	63
41	64
42	43
42	44
42	63
42	64
43	44
43	45
44	45
44	62
44	63
45	46
45	47
45	60
45	61
45	62
45	63
46	47
46	48
46	60
46	61
46	62
47	48
47	49
47	58
47	59
47	60
47	61
48	49
48	50
48	58
48	59
48	60
48	61
49	50
49	51
49	57
49	58
49	59
50	51
50	54
50	55
50	56
50	57
50	58
51	52
51	53
51	54
51	55
52	53
52	54
52	55
53	54
53	55
54	55
54	56
54	57
55	56
55	57
56	57
56	58
57	58
57	92
57	93
57	94
58	59
58	60
58	92
58	93
58	94
59	60
59	61
59	68
59	86
59	91
59	92
59	93
60	61
60	62
60	68
60	69
61	62
61	63
61	66
61	67
61	68
61	69
62	63
62	64
62	65
62	66
62	67
62	68
63	64
63	65
63	66
64	65
64	66
65	66
65	67
66	67
66	68
67	68
67	69
67	81
67	82
67	83
68	69
68	70
68	81
68	82
68	83
68	85
68	86
68	91
69	70
69	80
69	81
69	82
69	91
70	71
70	72
70	79
70	80
70	81
70	90
70	91
71	72
71	78
71	79
71	90
71	91
71	110
71	115
71	129
72	73
72	74
72	75
72	78
72	79
72	90
72	113
72	115
73	74
73	75
73	78
73	113
74	75
74	76
75	76
75	77
75	78
76	77
76	78
77	78
77	79
78	79
78	128
78	129
79	80
79	128
79	129
80	81
80	82
81	82
82	83
82	84
83	84
83	85
84	85
84	86
84	87
85	86
85	87
86	87
86	88
86	91
86	92
87	88
87	89
88	89
88	90
88	91
89	90
89	91
89	92
89	112
90	91
90	92
90	110
91	92
91	93
92	93
92	110
93	94
93	95
93	108
93	109
93	110
93	111
94	95
94	96
94	108
94	109
94	110
95	96
95	97
95	106
95	107
95	108
95	109
96	97
96	98
96	106
96	107
96	108
97	98
97	99
97	103
97	105
97	106
97	107
98	99
98	102
98	103
98	105
98	106
99	100
99	101
99	102
99	103
100	101
100	102
100	103
101	102
101	103
102	103
102	104
102	105
103	104
103	105
104	105
104	106
104	142
105	106
105	140
105	141
105	142
106	107
106	108
106	140
106	141
106	142
107	108
107	109
107	116
107	117
107	139
107	140
107	141
108	109
108	110
108	116
108	117
109	110
109	111
109	115
109	116
109	117
109	132
110	111
110	112
110	113
110	114
110	115
110	116
111	112
111	113
111	114
111	115
112	113
112	114
113	114
113	115
114	115
114	116
114	131
114	132
115	116
115	117
115	129
115	130
115	131
115	132
116	117
116	118
116	129
116	130
116	131
116	132
116	139
117	118
117	119
117	128
117	129
117	130
117	139
118	119
118	120
118	127
118	128
118	129
118	130
118	138
118	139
119	120
119	126
119	127
119	128
119	138
119	139
120	121
120	122
120	123
120	126
120	127
120	138
121	122
121	123
121	126
122	123
123	124
123	125
123	126
124	125
124	126
125	126
125	127
125	128
126	127
126	128
127	128
128	129
129	130
130	131
130	132
131	132
131	133
131	134
132	133
132	134
132	135
133	134
133	135
134	135
134	136
135	136
135	137
136	137
136	138
136	139
137	138
137	139
137	140
138	139
138	140
139	140
139	141
140	141
140	142
141	142
141	143
142	143
142	144
143	144
143	145
144	145
144	146
145	146
145	147
146	147
146	148
147	148
147	149
147	282
147	283
148	149
148	150
148	280
148	281
148	282
148	283
149	150
149	151
149	280
149	281
149	282
149	283
150	151
150	152
150	213
150	278
150	279
150	280
150	281
151	152
151	279
151	280
152	153
152	154
152	278
152	279
153	154
153	155
153	276
153	277
153	278
153	279
154	155
154	156
154	276
154	277
154	278
155	156
155	157
155	274
155	275
155	276
155	277
156	157
156	158
156	159
156	274
156	275
156	276
157	158
157	159
157	160
157	225
157	226
157	274
158	159
158	160
159	160
159	161
159	274
159	275
160	161
160	225
160	273
160	274
161	162
161	163
161	272
161	273
161	274
162	163
162	164
162	271
162	272
162	273
163	164
163	271
163	272
164	165
164	166
164	270
164	271
165	166
165	167
165	268
165	269
165	270
166	167
166	168
166	268
166	269
166	270
167	168
167	169
167	266
167	267
167	268
167	269
168	169
168	170
168	266
168	267
168	268
168	269
169	170
169	171
169	172
169	265
169	266
169	267
170	171
170	172
170	191
170	265
170	266
170	267
171	172
171	173
171	174
171	264
171	265
172	173
172	174
172	263
172	264
172	265
173	174
173	175
174	175
174	176
174	187
174	262
174	263
175	176
175	177
175	261
175	262
175	263
176	177
176	185
176	260
176	261
176	262
177	178
177	179
177	259
177	260
177	261
178	179
178	180
178	182
178	260
179	180
179	258
179	259
179	260
180	181
180	182
180	257
180	258
180	259
181	182
181	183
181	258
182	183
182	184
183	184
183	185
183	254
183	255
184	185
184	186
184	252
184	253
184	254
185	186
185	187
185	252
185	253
185	254
186	187
186	188
186	250
186	251
186	252
186	253
187	188
187	189
187	250
187	251
187	252
188	189
188	190
188	249
188	250
188	251
189	190
189	191
189	247
189	248
189	249
189	250
190	191
190	192
190	246
190	247
190	248
190	249
191	192
191	193
191	246
191	247
191	248
192	193
192	194
192	244
192	245
192	246
192	247
193	194
193	195
193	244
193	245
193	246
194	195
194	196
194	242
194	243
194	244
194	245
195	196
195	197
195	242
195	243
195	244
195	245
195	298
195	299
196	197
196	240
196	241
196	242
196	243
196	297
196	298
196	299
197	198
197	199
197	240
197	241
197	242
197	296
197	297
198	199
198	200
198	238
198	239
198	240
198	241
198	295
198	296
198	297
199	200
199	201
199	237
199	238
199	239
199	293
199	294
199	295
199	296
200	201
200	202
200	238
200	293
200	294
200	295
201	202
201	203
201	238
201	292
201	293
201	294
202	203
202	292
202	293
202	294
203	204
203	205
203	291
203	292
203	293
204	205
204	206
204	290
204	291
204	292
205	206
205	207
205	289
205	290
205	291
206	207
206	208
207	208
207	209
208	209
208	210
208	211
209	210
209	211
209	237
209	238
210	211
210	212
210	236
210	237
210	238
210	239
211	212
211	213
211	236
211	237
212	213
212	234
212	235
212	236
212	237
213	214
213	234
213	235
213	236
214	215
214	216
214	232
214	233
214	234
214	235
215	216
215	217
215	229
215	231
215	232
215	233
215	234
216	217
216	227
216	228
216	229
216	231
217	218
217	219
217	227
217	228
217	229
217	231
218	219
218	220
218	225
218	226
218	227
218	228
219	220
219	221
219	225
219	226
219	227
219	228
220	221
220	222
220	224
220	225
220	226
220	301
221	222
221	223
221	224
221	225
221	226
221	301
222	223
222	224
222	302
223	224
224	225
224	226
225	226
226	227
226	228
227	228
227	229
228	229
228	230
228	231
229	230
229	231
230	231
230	232
231	232
231	233
232	233
232	234
233	234
233	235
233	243
234	235
234	236
235	236
235	237
235	241
236	237
236	238
236	239
237	238
237	239
238	239
238	240
239	240
239	241
240	241
240	242
241	242
241	243
242	243
243	244
243	245
244	245
244	246
245	246
245	247
246	247
246	248
247	248
247	249
248	249
249	250
249	251
250	251
251	252
251	253
252	253
253	254
253	255
254	255
254	256
255	256
255	257
256	257
256	258
256	259
257	258
257	259
258	259
259	260
259	261
259	309
259	310
259	311
260	261
260	262
260	309
260	310
260	311
261	262
261	263
261	307
261	308
261	309
261	310
262	263
262	264
262	307
262	308
262	309
263	264
263	265
263	305
263	306
263	307
263	308
264	265
264	266
264	305
264	306
264	307
265	266
265	303
265	304
265	305
265	306
266	267
266	303
266	304
266	305
267	268
267	269
267	300
267	301
267	302
267	303
267	304
268	269
268	270
268	300
268	301
268	302
269	270
269	299
269	300
269	301
270	271
270	272
270	298
270	299
270	300
271	272
271	273
271	297
271	298
271	299
272	273
272	296
272	297
272	298
272	299
273	274
273	294
273	295
273	296
273	297
274	275
274	276
274	294
274	295
274	296
275	276
275	293
275	294
275	295
276	277
276	278
276	292
276	293
276	294
276	295
277	278
277	279
277	290
277	291
277	292
277	293
278	279
278	280
278	290
278	291
278	292
279	280
279	289
279	290
279	291
280	281
280	288
280	289
280	290
281	282
281	283
281	286
281	287
281	288
281	289
282	283
282	284
282	285
282	286
282	287
282	288
283	284
283	285
283	286
284	285
284	286
285	286
285	287
286	287
286	288
287	288
287	289
288	289
289	290
290	291
290	292
291	292
291	293
292	293
293	294
293	295
294	295
294	296
295	296
295	297
296	297
297	298
297	299
298	299
299	300
300	301
301	302
301	303
302	303
302	304
303	304
303	305
304	305
304	306
305	306
305	307
306	307
306	308
307	308
308	309
308	310
309	310
310	311
