0	1
0	2
0	3
0	4
1	2
1	3
1	4
2	3
2	4
2	5
3	4
3	5
3	6
3	7
4	5
4	6
4	7
4	8
5	6
5	7
5	8
6	7
6	8
6	9
7	8
7	9
7	10
8	9
8	10
8	11
8	12
9	10
9	11
9	12
9	13
10	11
10	12
10	13
10	14
11	12
11	13
11	14
12	13
12	14
13	14
14	15
15	16
15	17
16	17
16	18
17	18
17	19
17	21
17	22
18	19
18	20
18	21
18	22
19	20
19	21
19	22
19	23
20	21
20	22
20	23
20	24
21	22
21	23
21	24
21	25
22	23
22	24
22	25
22	26
23	24
23	25
23	26
23	27
24	25
24	26
24	27
24	28
25	26
25	27
25	28
25	29
26	27
26	28
26	29
27	28
27	29
27	30
27	31
28	29
28	30
28	31
28	32
29	30
29	31
29	32
30	31
30	32
31	32
31	33
32	33
32	34
33	34
33	35
33	118
34	35
34	36
34	59
34	117
34	118
34	119
35	36
35	37
35	58
35	59
35	60
35	117
35	118
35	119
35	120
36	37
36	38
36	59
36	60
36	61
36	114
36	117
36	119
36	120
36	121
37	38
37	39
37	59
37	60
37	61
37	62
37	120
37	121
37	122
38	39
38	40
38	61
38	62
38	63
38	121
38	122
38	123
39	40
39	41
39	44
39	45
39	47
39	48
39	62
39	63
39	64
39	122
39	123
39	124
40	41
40	42
40	44
40	45
40	63
40	64
40	65
40	123
40	124
40	130
40	131
40	134
40	135
41	42
41	43
41	44
41	45
41	64
41	65
41	124
41	130
41	131
42	43
42	44
42	45
42	46
43	44
43	45
43	46
43	47
43	124
43	125
43	207
44	45
44	46
44	47
44	48
44	123
44	124
44	125
45	46
45	47
45	48
45	49
45	63
45	74
46	47
46	48
46	49
46	50
46	74
47	48
47	49
47	50
47	51
47	207
47	210
47	211
48	49
48	50
48	51
48	52
48	61
48	63
48	76
49	50
49	51
49	52
49	53
49	74
49	75
49	76
50	51
50	52
50	53
50	54
51	52
51	53
51	54
51	55
51	56
51	211
51	215
52	53
52	54
52	55
52	56
52	61
52	75
52	76
53	54
53	55
54	55
54	56
55	56
55	57
56	57
56	58
56	59
56	215
57	58
57	59
57	219
57	222
57	223
58	59
58	222
59	60
59	61
60	61
60	62
60	77
61	62
61	63
61	76
61	77
61	78
62	63
62	64
62	76
62	77
62	78
62	79
63	64
63	65
63	76
63	78
63	79
63	80
64	65
64	79
64	80
64	81
64	82
65	66
65	67
65	71
65	80
65	81
65	82
65	130
66	67
66	68
66	81
66	82
66	83
66	87
66	89
66	90
66	91
66	92
66	99
66	102
66	130
67	68
67	69
67	70
67	71
67	89
67	90
67	91
68	69
68	70
68	71
68	72
68	81
68	89
68	90
69	70
69	71
69	72
69	73
70	71
70	72
70	73
70	74
71	72
71	73
71	74
72	73
72	74
73	74
73	75
74	75
74	76
75	76
76	77
76	78
76	79
77	78
77	79
78	79
78	80
79	80
79	81
80	81
80	82
81	82
81	83
81	84
81	89
82	83
82	84
82	102
82	103
82	105
82	106
83	84
83	85
83	86
83	87
83	88
83	102
83	103
83	105
83	106
84	85
84	86
84	87
84	88
84	89
85	86
85	87
85	88
86	87
86	88
86	102
87	88
87	89
87	90
87	91
87	92
88	89
88	90
89	90
89	91
90	91
91	92
91	93
92	93
92	94
92	95
92	98
92	99
92	129
92	130
93	94
93	95
93	128
93	129
94	95
94	96
94	128
94	129
95	96
95	97
95	98
95	99
95	128
95	129
96	97
96	98
96	99
96	100
96	128
96	129
96	130
96	132
96	133
97	98
97	99
97	100
97	101
97	133
98	99
98	100
98	101
98	102
98	129
98	133
99	100
99	101
99	102
99	103
99	129
99	130
99	131
99	133
99	134
100	101
100	102
100	103
100	104
100	133
100	134
100	137
101	102
101	103
101	104
101	105
102	103
102	104
102	105
102	106
103	104
103	105
103	106
103	107
103	134
103	137
104	105
104	106
104	107
104	137
105	106
105	107
106	107
106	108
106	109
106	110
107	108
107	109
107	110
107	111
108	109
108	110
108	111
108	112
109	110
109	111
109	112
109	113
110	111
110	112
110	113
110	114
111	112
111	113
111	114
111	115
111	141
112	113
112	114
112	115
113	114
113	115
114	115
114	116
114	117
115	116
115	117
115	145
116	117
116	118
117	118
117	119
117	120
117	147
118	119
118	120
118	147
118	148
119	120
119	121
119	147
119	148
119	149
120	121
120	122
120	142
120	147
120	148
120	149
120	150
121	122
121	123
121	149
121	150
121	151
122	123
122	124
122	135
122	139
122	150
122	151
122	152
123	124
123	151
123	152
123	153
124	125
124	126
124	131
124	153
124	154
125	126
125	127
125	131
125	153
125	154
125	155
126	127
126	128
126	131
126	132
126	153
126	154
126	155
126	156
126	168
127	128
127	129
127	132
127	156
127	164
127	165
127	167
127	168
128	129
128	130
128	131
128	132
128	164
129	130
129	131
129	132
129	133
130	131
130	132
130	133
130	134
131	132
131	133
131	134
131	135
132	133
132	134
132	135
132	168
132	171
133	134
133	135
133	136
133	171
134	135
134	136
134	137
134	138
135	136
135	137
135	138
135	139
136	137
136	138
136	139
136	140
136	174
136	175
136	178
137	138
137	139
137	140
137	141
138	139
138	140
138	141
138	142
139	140
139	141
139	142
139	143
139	149
139	178
139	179
140	141
140	142
140	143
140	144
140	178
141	142
141	143
141	144
141	145
142	143
142	144
142	145
142	146
142	147
142	149
143	144
143	145
143	146
143	147
143	148
143	149
143	178
144	145
144	146
145	146
145	147
146	147
146	148
147	148
147	149
148	149
148	150
148	180
148	239
149	150
149	151
149	179
149	180
149	181
150	151
150	152
150	179
150	180
150	181
150	182
151	152
151	153
151	179
151	181
151	182
151	183
152	153
152	182
152	183
152	184
152	214
153	154
153	155
153	183
153	184
153	185
154	155
154	156
154	184
154	185
154	186
154	187
155	156
155	157
155	168
155	184
155	185
155	186
155	187
156	157
156	158
156	160
156	165
156	186
156	187
156	188
157	158
157	159
157	160
157	187
157	188
158	159
158	160
158	161
158	188
159	160
159	161
160	161
160	164
161	162
161	163
161	164
161	165
162	163
162	164
162	165
162	166
162	344
163	164
163	165
163	166
163	167
164	165
164	166
164	167
164	168
165	166
165	167
165	168
165	169
165	343
165	344
165	345
166	167
166	168
166	169
166	170
166	343
166	344
167	168
167	169
167	170
167	171
168	169
168	170
168	171
168	172
169	170
169	171
169	172
169	173
169	343
169	345
170	171
170	172
170	173
170	174
171	172
171	173
171	174
171	175
172	173
172	174
172	175
172	176
173	174
173	175
173	176
173	177
174	175
174	176
174	177
175	176
175	177
175	178
175	179
176	177
176	178
176	179
176	182
177	178
177	179
178	179
178	180
179	180
179	181
179	182
180	181
180	182
180	238
180	239
180	240
180	241
180	242
181	182
181	183
181	238
181	239
181	240
181	241
181	242
181	243
181	244
182	183
182	184
182	242
182	243
182	244
183	184
183	185
183	243
183	244
183	245
184	185
184	186
184	244
184	245
185	186
185	187
185	245
185	246
185	269
186	187
186	188
186	189
186	269
187	188
187	189
187	190
187	206
188	189
188	190
188	191
189	190
189	191
189	192
189	268
189	269
190	191
190	192
190	193
190	194
191	192
191	193
191	194
191	195
191	197
192	193
192	194
192	195
192	268
193	194
193	195
194	195
194	196
194	197
195	196
195	197
196	197
196	198
197	198
197	199
197	201
197	202
198	199
198	200
198	201
198	202
199	200
199	201
199	202
200	201
200	202
201	202
201	203
201	204
201	205
202	203
202	204
202	205
202	206
203	204
203	205
203	206
203	207
204	205
204	206
204	207
204	208
205	206
205	207
205	208
205	209
206	207
206	208
206	209
206	210
207	208
207	209
207	210
207	211
208	209
208	210
208	211
208	212
209	210
209	211
209	212
209	213
210	211
210	212
210	213
210	214
211	212
211	213
211	214
211	215
212	213
212	214
212	215
212	216
213	214
213	215
213	216
213	217
214	215
214	216
214	217
214	218
215	216
215	217
215	218
215	219
216	217
216	218
216	219
216	220
216	283
216	329
217	218
217	219
217	220
218	219
218	220
218	221
218	222
219	220
219	221
219	222
219	223
220	221
220	222
220	223
220	283
220	315
221	222
221	223
221	229
221	231
222	223
222	224
223	224
223	225
223	317
224	225
224	317
225	226
225	227
225	315
225	316
225	317
225	318
226	227
226	292
226	316
226	317
227	228
227	229
227	315
227	316
228	229
228	230
229	230
229	231
229	314
229	315
230	231
230	232
230	233
230	234
231	232
231	233
231	234
231	235
232	233
232	234
232	235
232	236
233	234
233	235
233	236
233	237
233	313
234	235
234	236
234	237
234	238
234	313
235	236
235	237
235	238
235	239
236	237
236	238
236	239
237	238
237	239
237	240
237	241
237	279
237	311
238	239
238	240
238	241
239	240
239	241
240	241
240	242
241	242
241	243
241	244
241	333
241	334
242	243
242	244
242	333
242	334
242	335
242	336
243	244
243	333
243	334
243	335
243	336
244	245
244	246
244	331
244	332
244	333
244	334
244	335
245	246
245	270
245	331
245	332
245	333
246	247
246	248
246	269
246	270
246	330
246	331
246	332
247	248
247	249
247	264
247	265
247	267
247	269
247	270
247	329
247	330
247	331
248	249
248	263
248	264
248	267
248	328
248	329
248	330
249	250
249	260
249	261
249	263
249	264
249	327
249	328
249	329
250	251
250	256
250	259
250	260
250	263
250	325
250	326
250	327
250	328
251	252
251	253
251	256
251	259
251	260
251	325
251	326
251	327
252	253
252	254
252	256
252	324
252	325
252	326
253	254
253	255
253	256
254	255
254	256
255	256
255	257
255	258
255	259
256	257
256	258
256	259
256	260
256	325
256	326
257	258
257	259
257	260
257	261
257	294
257	295
257	297
257	298
257	326
258	259
258	260
258	261
258	262
258	298
259	260
259	261
259	262
259	263
260	261
260	262
260	263
260	264
260	326
260	327
260	328
261	262
261	263
261	264
261	265
261	298
261	328
262	263
262	264
262	265
262	266
263	264
263	265
263	266
263	267
264	265
264	266
264	267
264	328
264	329
264	330
265	266
265	267
266	267
266	268
267	268
267	269
267	270
268	269
268	270
268	271
269	270
269	271
270	271
270	272
271	272
272	273
272	274
272	338
272	348
273	274
273	275
273	338
274	275
274	276
274	277
274	306
275	276
275	277
275	305
275	306
276	277
276	278
276	305
276	306
276	307
277	278
277	279
277	306
277	307
277	310
277	332
277	333
277	334
277	335
278	279
278	306
278	307
278	309
278	310
278	311
278	333
278	334
279	280
279	310
279	311
279	312
279	332
279	333
279	334
280	281
280	282
280	311
280	312
280	313
280	331
280	332
280	333
281	282
281	283
281	312
281	313
281	314
281	330
281	331
281	332
282	283
282	284
282	313
282	314
282	315
282	329
282	330
282	331
283	284
283	285
283	314
283	315
283	316
283	328
283	329
283	330
284	285
284	286
284	295
284	315
284	316
284	317
284	326
284	327
284	328
284	329
285	286
285	316
285	317
285	318
285	319
285	326
285	327
285	328
286	287
286	288
286	290
286	317
286	318
286	319
286	322
286	325
286	326
286	327
287	288
287	289
287	290
287	318
287	319
287	320
287	322
287	323
287	324
287	325
287	326
288	289
288	290
288	318
288	320
289	290
289	291
290	291
290	292
290	318
291	292
291	293
291	294
291	295
292	293
292	294
292	295
292	296
293	294
293	295
293	296
293	297
294	295
294	296
294	297
294	298
295	296
295	297
295	298
295	299
295	316
296	297
296	298
296	299
296	300
297	298
297	299
297	300
297	301
298	299
298	300
298	301
298	302
299	300
299	301
299	302
299	303
300	301
300	302
300	303
300	304
301	302
301	303
301	304
302	303
302	304
302	305
302	306
303	304
303	305
303	306
304	305
304	306
305	306
305	307
306	307
306	308
306	310
307	308
307	309
307	310
308	309
308	310
309	310
309	311
310	311
310	312
311	312
311	313
312	313
312	314
313	314
314	315
315	316
315	317
316	317
316	318
317	318
317	319
318	319
318	320
319	320
319	321
319	322
320	321
320	322
321	322
321	323
322	323
322	324
322	325
323	324
323	325
324	325
324	326
325	326
325	327
326	327
326	328
327	328
327	329
328	329
328	330
329	330
329	331
330	331
330	332
331	332
331	333
332	333
333	334
333	335
334	335
334	336
335	336
335	337
335	338
335	339
336	337
336	338
336	339
337	338
337	339
338	339
338	348
338	349
339	340
339	341
339	346
339	347
339	348
339	349
340	341
340	342
340	346
340	347
340	348
340	349
341	342
341	343
341	345
341	346
341	347
342	343
342	344
342	345
342	346
342	347
343	344
343	345
344	345
345	346
345	347
346	347
346	348
347	348
347	349
348	349
