0	1
0	2
1	2
1	3
1	4
1	5
2	3
2	4
2	5
2	6
2	77
3	4
3	5
3	6
3	7
4	5
4	6
4	7
4	8
4	59
5	6
5	7
5	8
5	9
5	59
6	7
6	8
6	9
6	10
6	11
6	12
7	8
7	9
7	10
7	11
7	12
8	9
8	10
8	32
8	59
9	10
9	11
9	28
9	29
9	32
10	11
10	12
10	28
11	12
12	13
12	14
13	14
13	15
14	15
14	16
15	16
15	17
15	21
16	17
16	18
16	21
16	81
17	18
17	21
17	81
17	82
17	83
17	114
18	19
18	20
18	21
18	22
18	114
19	20
19	21
19	22
19	23
19	114
20	21
20	22
20	23
20	24
21	22
21	23
21	24
21	25
22	23
22	24
22	25
22	26
23	24
23	25
23	26
23	27
23	134
23	135
24	25
24	26
24	27
24	28
25	26
25	27
25	28
25	29
26	27
26	28
26	29
26	30
26	125
26	133
26	134
27	28
27	29
27	30
27	31
27	133
27	134
28	29
28	30
28	31
28	32
29	30
29	31
29	32
29	33
30	31
30	32
30	33
30	125
30	133
30	209
30	210
30	211
31	32
31	33
31	209
31	210
31	211
32	33
32	34
33	34
33	35
33	64
34	35
34	36
34	64
34	65
34	207
34	208
34	209
34	250
35	36
35	64
35	65
35	66
35	126
35	128
35	207
35	208
35	209
36	37
36	38
36	64
36	65
36	66
36	206
36	207
36	208
37	38
37	39
37	40
37	41
37	65
37	66
37	201
37	205
37	206
37	207
38	39
38	40
38	41
38	42
38	205
39	40
39	41
39	42
39	43
39	44
39	45
40	41
40	42
40	43
40	44
40	45
40	46
40	194
40	195
40	201
40	202
41	42
41	43
41	201
41	202
41	203
41	204
41	205
42	43
42	44
43	44
43	45
44	45
44	46
45	46
45	47
45	191
45	194
45	195
46	47
46	48
46	190
46	191
46	194
47	48
47	49
47	187
47	190
47	191
48	49
48	50
48	53
48	187
49	50
49	51
49	53
49	54
49	69
49	72
49	187
50	51
50	52
50	53
50	54
51	52
51	53
51	54
51	55
51	73
51	76
52	53
52	54
52	55
52	56
53	54
53	55
53	56
53	57
54	55
54	56
54	57
54	58
54	69
54	73
55	56
55	57
55	58
55	59
55	60
55	73
56	57
56	58
56	59
56	60
56	61
57	58
57	59
57	60
57	61
57	62
57	63
58	59
58	60
58	61
58	62
58	63
58	64
58	65
59	60
59	61
59	62
60	61
60	62
61	62
61	63
62	63
62	64
62	252
62	253
63	64
63	65
63	252
63	253
64	65
64	252
65	66
65	67
65	69
65	70
66	67
66	68
66	69
66	70
66	126
67	68
67	69
67	70
67	71
67	107
67	108
67	126
67	127
68	69
68	70
68	71
68	72
68	108
68	190
69	70
69	71
69	72
69	73
70	71
70	72
70	73
70	74
70	125
70	126
71	72
71	73
71	74
71	75
71	108
71	109
71	110
71	124
71	125
71	126
72	73
72	74
72	75
72	76
73	74
73	75
73	76
73	77
74	75
74	76
74	77
74	78
75	76
75	77
75	78
75	79
75	85
75	110
76	77
76	78
76	79
76	80
77	78
77	79
77	80
77	81
78	79
78	80
78	81
78	82
78	83
79	80
79	81
79	82
79	83
79	84
79	85
80	81
80	82
81	82
81	83
82	83
82	84
83	84
83	85
83	112
83	113
83	114
83	115
84	85
84	86
84	112
84	113
84	114
84	115
85	86
85	87
85	110
85	111
85	112
85	113
86	87
86	88
86	110
86	111
86	112
86	180
87	88
87	89
87	108
87	109
87	110
87	111
87	180
87	181
88	89
88	90
88	108
88	109
88	110
88	111
88	177
88	178
88	179
88	180
88	181
89	90
89	105
89	107
89	108
89	109
89	176
89	177
89	181
90	91
90	92
90	105
90	106
90	107
90	108
90	174
90	175
90	176
90	177
91	92
91	93
91	103
91	104
91	105
91	106
91	107
91	174
91	175
91	176
92	93
92	94
92	103
92	106
92	107
92	173
92	174
92	175
93	94
93	95
93	96
93	172
93	173
93	174
94	95
94	96
94	172
94	173
94	174
95	96
95	97
96	97
96	98
96	100
97	98
97	99
97	100
98	99
98	100
99	100
99	101
100	101
100	102
101	102
101	103
102	103
102	104
103	104
103	105
104	105
104	106
105	106
105	107
105	189
106	107
106	189
106	193
107	108
107	109
108	109
109	110
109	111
109	123
109	124
110	111
110	112
110	122
110	123
110	124
111	112
111	113
111	120
111	121
111	122
111	123
112	113
112	114
112	120
112	121
112	122
112	123
113	114
113	115
113	117
113	119
113	120
113	121
114	115
114	116
114	117
115	116
115	117
116	117
116	118
117	118
117	119
118	119
118	120
119	120
120	121
120	122
120	137
120	138
121	122
121	123
121	135
121	136
121	137
121	138
122	123
122	124
122	135
122	136
122	137
122	138
123	124
123	125
123	135
123	136
124	125
124	126
124	127
124	131
124	132
125	126
125	127
125	131
125	132
126	127
126	128
126	131
127	128
127	129
127	130
127	131
128	129
128	130
128	131
128	208
129	130
129	131
129	208
129	209
129	210
129	215
129	216
129	217
130	131
130	132
131	132
131	133
132	133
132	134
133	134
133	135
133	146
133	147
133	148
134	135
134	136
134	146
134	147
135	136
135	137
136	137
136	138
136	144
137	138
137	139
138	139
138	140
139	140
139	141
139	153
140	141
140	142
140	153
140	154
140	155
141	142
141	143
141	152
141	153
141	154
142	143
142	144
142	152
143	144
143	145
143	150
143	151
143	152
144	145
144	146
144	150
144	151
144	152
145	146
145	149
145	150
145	151
146	147
146	148
146	149
146	150
147	148
147	149
148	149
148	150
149	150
149	151
149	164
149	165
149	166
150	151
150	152
150	164
150	165
151	152
151	163
151	164
151	165
152	153
152	154
152	162
152	163
152	164
153	154
153	155
153	160
153	161
153	162
153	163
154	155
154	160
154	161
154	162
155	156
155	157
155	158
155	159
155	160
155	161
156	157
156	158
156	159
156	160
157	158
157	159
158	159
158	160
158	177
158	178
159	160
159	161
159	175
159	176
159	177
160	161
160	162
160	175
160	176
160	177
161	162
161	163
161	172
161	174
161	175
161	176
162	163
162	164
162	172
162	173
162	174
162	175
163	164
163	165
163	170
163	171
163	172
163	173
164	165
164	166
164	170
164	171
164	172
165	166
165	167
165	168
165	169
165	170
165	171
166	167
166	168
166	169
166	170
166	171
167	168
167	169
168	169
168	170
169	170
169	171
170	171
170	172
171	172
171	173
172	173
172	174
173	174
174	175
174	176
175	176
176	177
176	178
177	178
177	179
178	179
178	180
179	180
179	181
180	181
180	182
181	182
181	183
181	185
182	183
182	184
182	185
182	186
183	184
183	185
183	186
183	187
184	185
184	186
184	187
184	188
185	186
185	187
185	188
185	189
186	187
186	188
186	189
186	190
187	188
187	189
187	190
187	191
188	189
188	190
188	191
188	192
189	190
189	191
189	192
189	193
190	191
190	192
190	193
190	194
191	192
191	193
191	194
191	195
192	193
192	194
192	195
192	196
193	194
193	195
193	196
193	199
193	201
194	195
194	196
194	201
194	202
195	196
195	197
195	202
196	197
196	198
196	199
196	202
197	198
197	199
197	202
197	203
198	199
198	200
198	202
198	203
199	200
199	201
199	202
199	203
200	201
200	202
200	203
200	204
201	202
201	203
201	204
201	205
202	203
202	204
203	204
203	272
204	205
204	206
204	220
204	269
204	272
205	206
205	207
205	219
205	220
205	269
206	207
206	208
206	218
206	219
206	220
207	208
207	217
207	218
207	219
208	209
208	210
208	216
208	217
208	218
209	210
209	211
209	215
209	216
209	217
209	250
210	211
210	212
210	214
210	215
210	216
211	212
211	213
211	214
211	215
212	213
212	214
213	214
213	227
214	215
214	216
214	225
214	226
214	227
215	216
215	217
215	225
215	226
215	227
216	217
216	218
216	223
216	224
216	225
216	226
217	218
217	219
217	223
217	224
217	225
218	219
218	220
218	222
218	223
218	224
219	220
219	221
219	222
219	223
220	221
220	222
220	269
220	270
220	271
220	272
221	222
221	223
221	235
221	236
221	242
221	270
221	271
222	223
222	224
222	233
222	234
222	235
222	236
223	224
223	225
223	233
223	234
223	235
224	225
224	226
224	232
224	233
224	234
225	226
225	227
225	231
225	232
225	233
226	227
226	228
226	230
226	231
226	232
227	228
227	229
227	230
227	231
228	229
228	230
229	230
230	231
230	232
231	232
231	233
232	233
232	234
233	234
233	235
234	235
234	236
235	236
235	237
236	237
236	238
236	241
236	242
237	238
237	241
238	239
238	240
238	241
238	242
238	267
239	240
239	241
239	242
239	243
239	263
239	266
239	267
240	241
240	242
240	243
240	244
240	263
241	242
241	243
241	244
241	245
242	243
242	244
242	245
242	246
243	244
243	245
243	246
243	247
243	263
244	245
244	246
244	247
244	248
245	246
245	247
245	248
245	249
245	250
246	247
246	248
246	249
246	250
246	251
246	252
247	248
247	249
247	250
247	251
247	252
247	253
247	254
248	249
248	250
248	251
249	250
249	251
250	251
250	252
251	252
251	253
252	253
252	254
253	254
253	255
253	256
254	255
254	256
254	257
255	256
255	257
255	258
256	257
256	258
257	258
257	259
257	260
258	259
258	260
259	260
259	261
260	261
260	262
261	262
261	263
261	264
261	265
262	263
262	264
262	265
262	266
263	264
263	265
263	266
263	267
264	265
264	266
264	267
264	268
265	266
265	267
265	268
265	269
266	267
266	268
266	269
266	270
267	268
267	269
267	270
268	269
268	270
269	270
269	271
269	272
270	271
270	272
271	272
