0	1
0	2
0	4
1	2
1	3
1	4
1	274
2	3
2	4
2	5
2	6
2	272
2	273
2	274
3	4
3	5
3	6
4	5
4	6
5	6
5	7
5	8
5	9
5	274
5	277
6	7
6	8
6	9
6	10
7	8
7	9
7	10
7	11
8	9
8	10
8	11
8	12
8	311
9	10
9	11
9	12
9	13
10	11
10	12
10	13
10	14
11	12
11	13
11	14
12	13
12	14
12	17
12	19
12	20
13	14
13	15
14	15
14	16
14	17
15	16
15	17
16	17
16	18
17	18
17	19
17	20
17	21
18	19
18	20
18	21
18	22
18	301
18	304
19	20
19	21
19	22
19	23
19	305
20	21
20	22
20	23
20	24
21	22
21	23
21	24
21	25
22	23
22	24
22	25
22	26
22	291
23	24
23	25
23	26
23	27
24	25
24	26
24	27
24	31
24	75
25	26
25	27
25	28
26	27
26	28
26	287
26	290
26	291
27	28
27	29
27	30
27	31
28	29
28	30
28	31
29	30
29	31
30	31
30	32
30	33
30	34
31	32
31	33
31	34
31	35
31	75
32	33
32	34
32	35
32	36
33	34
33	35
33	36
33	37
34	35
34	36
34	37
34	38
35	36
35	37
35	38
35	39
35	75
35	78
35	79
36	37
36	38
36	39
36	40
37	38
37	39
37	40
37	41
37	276
37	280
38	39
38	40
38	41
38	42
39	40
39	41
39	42
39	43
39	48
39	79
40	41
40	42
40	43
40	44
41	42
41	43
41	44
41	45
41	276
42	43
42	44
42	45
42	46
42	47
42	48
42	51
43	44
43	45
43	46
43	47
43	48
44	45
44	46
44	269
44	270
45	46
45	47
46	47
46	48
47	48
47	49
47	50
47	51
48	49
48	50
48	51
48	52
49	50
49	51
49	52
49	53
49	155
50	51
50	52
50	53
50	54
51	52
51	53
51	54
51	55
52	53
52	54
52	55
52	56
52	76
52	79
52	80
53	54
53	55
53	56
53	57
53	155
53	158
54	55
54	56
54	57
54	58
55	56
55	57
55	58
55	59
55	76
56	57
56	58
56	59
56	60
56	76
56	159
57	58
57	59
57	60
57	61
57	162
58	59
58	60
58	61
58	62
59	60
59	61
59	62
59	63
60	61
60	62
60	63
60	163
61	62
61	63
61	166
62	63
62	64
63	64
63	65
63	66
63	69
64	65
64	66
65	66
65	67
65	68
65	69
66	67
66	68
66	69
67	68
67	69
68	69
68	70
68	71
69	70
69	71
70	71
70	72
70	77
71	72
71	73
72	73
72	74
73	74
73	77
73	78
74	75
74	76
74	77
74	78
75	76
75	77
75	78
75	79
76	77
76	78
76	79
76	80
77	78
77	79
77	80
77	81
78	79
78	80
78	81
78	82
79	80
79	81
79	82
79	83
80	81
80	82
80	83
80	84
81	82
81	83
81	84
81	85
81	185
82	83
82	84
82	85
82	86
83	84
83	85
83	86
83	87
84	85
84	86
84	87
84	88
85	86
85	87
85	88
85	89
86	87
86	88
87	88
87	89
88	89
88	90
88	91
88	92
88	148
88	149
89	90
89	91
89	92
89	93
89	197
90	91
90	92
90	93
90	94
90	147
91	92
91	93
91	94
91	95
91	144
91	147
91	148
92	93
92	94
92	95
92	96
92	187
93	94
93	95
93	96
93	97
94	95
94	96
94	97
94	144
95	96
95	97
95	140
95	141
95	144
96	97
96	98
96	99
96	100
97	98
97	99
97	100
97	101
97	199
98	99
98	100
98	101
98	102
99	100
99	101
99	102
99	103
99	137
100	101
100	102
100	103
100	104
101	102
101	103
101	104
101	105
102	103
102	104
102	105
102	106
103	104
103	105
103	106
103	208
104	105
104	106
104	204
104	208
105	106
105	107
106	107
106	108
107	108
107	109
108	109
108	110
109	110
109	111
109	126
109	207
110	111
110	112
110	126
110	127
110	129
110	130
110	211
111	112
111	113
111	123
111	126
112	113
112	114
112	123
112	126
112	127
112	234
113	114
113	115
113	116
113	117
113	234
114	115
114	116
114	117
114	123
115	116
115	117
115	118
116	117
116	118
117	118
117	119
117	120
117	121
118	119
118	120
119	120
119	121
120	121
120	122
121	122
121	123
122	123
122	124
122	125
122	126
123	124
123	125
123	126
123	127
124	125
124	126
124	127
124	128
125	126
125	127
125	128
125	129
126	127
126	128
126	129
126	130
127	128
127	129
127	130
127	131
128	129
128	130
128	131
128	132
129	130
129	131
129	132
129	133
130	131
130	132
130	133
130	134
131	132
131	133
131	134
131	135
132	133
132	134
132	135
132	136
133	134
133	135
133	136
133	137
134	135
134	136
134	137
134	138
134	215
135	136
135	137
135	138
135	139
136	137
136	138
136	139
136	140
137	138
137	139
137	140
137	141
138	139
138	140
138	141
138	142
139	140
139	141
139	142
139	143
140	141
140	142
140	143
140	144
141	142
141	143
141	144
142	143
142	144
142	145
142	252
143	144
143	145
144	145
144	146
144	147
145	146
145	147
145	148
145	256
146	147
146	148
147	148
147	149
148	149
148	150
148	153
149	150
149	151
149	152
149	153
150	151
150	152
150	153
150	154
150	259
150	263
151	152
151	153
151	154
151	155
151	262
151	263
151	264
152	153
152	154
152	155
152	156
153	154
153	155
153	156
153	157
153	256
153	257
153	258
153	259
154	155
154	156
154	157
154	158
154	257
154	259
154	260
154	261
154	262
155	156
155	157
155	158
155	159
156	157
156	158
156	159
156	160
156	178
156	257
157	158
157	159
157	160
157	161
157	257
157	258
157	259
157	260
158	159
158	160
158	161
158	162
159	160
159	161
159	162
159	163
159	177
160	161
160	162
160	163
160	164
160	174
160	177
161	162
161	163
161	164
161	165
162	163
162	164
162	165
162	166
163	164
163	165
163	166
163	167
163	173
163	174
164	165
164	166
164	167
164	168
164	174
165	166
165	167
165	168
166	167
166	168
167	168
167	169
167	170
168	169
168	170
169	170
169	171
170	171
170	172
170	173
171	172
171	173
171	174
172	173
172	174
172	175
172	176
173	174
173	175
173	176
173	177
174	175
174	176
174	177
174	178
174	254
175	176
175	177
175	178
175	179
175	250
175	253
175	254
176	177
176	178
176	179
176	180
177	178
177	179
177	180
178	179
178	180
178	181
178	182
178	253
179	180
179	181
179	182
179	183
179	184
179	223
179	253
180	181
180	182
180	183
180	184
180	185
181	182
181	183
181	184
181	185
181	186
182	183
182	184
182	185
182	186
182	187
183	184
183	185
183	186
183	187
183	188
183	220
183	223
184	185
184	186
184	187
184	188
184	220
185	186
185	187
185	188
185	189
186	187
186	188
186	189
186	190
187	188
187	189
187	190
187	191
188	189
188	190
188	191
188	192
188	216
188	220
189	190
189	191
189	192
189	193
190	191
190	192
190	193
190	194
190	196
190	197
191	192
191	193
191	194
191	212
191	216
192	193
192	194
192	212
192	213
192	216
193	194
193	195
193	196
194	195
194	196
194	197
194	198
194	199
194	200
195	196
195	197
195	198
195	199
195	200
195	201
196	197
196	198
197	198
197	199
198	199
198	200
198	201
199	200
200	201
200	202
201	202
201	203
202	203
202	204
203	204
203	205
204	205
204	206
204	208
204	209
205	206
205	207
205	208
205	209
206	207
206	208
206	209
206	210
207	208
207	209
207	210
207	211
208	209
208	210
208	211
208	212
209	210
209	211
209	212
209	213
210	211
210	212
210	213
210	214
211	212
211	213
211	214
211	215
212	213
212	214
212	215
212	216
213	214
213	215
213	216
213	217
214	215
214	216
214	217
214	218
215	216
215	217
215	218
215	219
216	217
216	218
216	219
216	220
217	218
217	219
217	220
217	221
218	219
218	220
218	221
218	222
219	220
219	221
219	222
219	223
220	221
220	222
220	223
220	224
221	222
221	223
221	224
221	225
221	226
221	227
222	223
222	224
222	225
222	226
222	242
222	246
223	224
223	225
223	249
224	225
224	226
225	226
225	246
226	227
226	228
227	228
227	229
227	239
227	242
228	229
228	230
228	232
228	235
228	236
228	239
229	230
229	231
229	232
229	233
229	236
230	231
230	232
230	233
231	232
231	233
232	233
232	234
232	235
232	236
233	234
233	235
233	236
234	235
234	236
234	237
235	236
235	237
235	238
236	237
236	238
236	239
237	238
237	239
237	240
238	239
238	240
238	241
238	242
239	240
239	241
239	242
239	243
240	241
240	242
240	243
240	244
241	242
241	243
241	244
241	245
242	243
242	244
242	245
242	246
243	244
243	245
243	246
244	245
244	246
245	246
245	247
245	248
245	249
246	247
246	248
246	249
246	250
247	248
247	249
247	250
247	251
248	249
248	250
248	251
248	252
249	250
249	251
249	252
249	253
250	251
250	252
250	253
250	254
251	252
251	253
251	254
251	255
252	253
252	254
252	255
252	256
253	254
253	255
253	256
254	255
254	256
254	257
255	256
255	257
255	258
256	257
256	258
257	258
257	259
258	259
258	260
259	260
259	261
260	261
260	262
261	262
261	263
262	263
262	264
263	264
263	265
264	265
264	266
265	266
265	267
266	267
266	268
267	268
267	269
268	269
268	270
269	270
269	271
270	271
270	272
271	272
271	273
272	273
272	274
273	274
273	275
273	276
273	277
274	275
274	276
274	277
274	278
275	276
275	277
275	278
275	279
276	277
276	278
276	279
276	280
277	278
277	279
277	280
277	281
278	279
278	280
278	281
278	282
279	280
279	281
279	282
279	283
280	281
280	282
280	283
280	284
281	282
281	283
281	284
281	285
281	312
282	283
282	284
282	285
282	286
283	284
283	285
283	286
283	287
284	285
284	286
284	287
284	288
284	312
285	286
285	287
285	288
285	312
286	287
286	288
287	288
287	289
287	290
287	291
288	289
288	290
288	291
288	292
289	290
289	291
289	292
289	293
290	291
290	292
290	293
290	294
291	292
291	293
291	294
291	295
292	293
292	294
292	295
292	296
292	309
293	294
293	295
293	296
294	295
294	296
294	297
295	296
295	297
295	302
295	305
295	306
296	297
296	298
297	298
297	299
297	302
298	299
298	302
299	300
299	301
299	302
300	301
300	302
300	303
301	302
301	303
301	304
301	305
302	303
302	304
302	305
302	306
303	304
303	305
303	306
303	307
304	305
304	306
304	307
304	308
305	306
305	307
305	308
305	309
306	307
306	308
306	309
306	310
307	308
307	309
307	310
307	311
308	309
308	310
308	311
308	312
309	310
309	311
309	312
309	313
310	311
310	312
310	313
310	314
311	312
311	313
311	314
311	315
312	313
312	314
312	315
312	316
313	314
313	315
313	316
313	317
314	315
314	316
314	317
314	318
315	316
315	317
315	318
315	319
316	317
316	318
316	319
316	320
317	318
317	319
317	320
317	321
318	319
318	320
318	321
319	320
319	321
320	321
320	322
321	322
321	323
322	323
