1	1
2	1
3	1
4	1
5	1
6	1
7	1
8	1
9	1
10	1
11	1
12	1
13	1
14	1
15	1
16	1
17	1
18	1
19	1
20	1
21	1
22	1
23	1
24	1
25	1
26	1
27	1
28	1
29	1
30	1
31	1
32	1
33	1
34	1
35	1
36	1
37	1
38	1
39	1
40	1
41	1
42	1
43	6
44	6
45	6
46	6
47	6
48	6
49	6
50	6
51	6
52	6
53	6
54	6
55	6
56	4
57	4
58	4
59	4
60	4
61	4
62	4
63	4
64	4
65	4
66	4
67	4
68	4
69	4
70	4
71	4
72	4
73	4
74	4
75	4
76	4
77	4
78	4
79	4
80	4
81	4
82	4
83	4
84	4
85	4
86	4
87	4
88	4
89	4
90	4
91	4
92	4
93	4
94	4
95	4
96	4
97	4
98	4
99	4
100	4
101	4
102	4
103	4
104	4
105	4
106	4
107	4
108	4
109	4
110	4
111	4
112	4
113	4
114	4
115	4
116	4
117	4
118	4
119	4
120	4
121	4
122	2
123	2
124	2
125	2
126	5
127	5
128	5
129	5
130	5
131	5
132	5
133	5
134	5
135	5
136	4
137	4
138	4
139	4
140	4
141	4
142	2
143	2
144	2
145	2
146	2
147	2
148	2
149	2
150	2
151	7
152	7
153	2
154	2
155	2
156	2
157	2
158	2
159	2
160	2
161	2
162	2
163	2
164	2
165	2
166	2
167	2
168	2
169	2
170	2
171	2
172	2
173	2
174	2
175	2
176	2
177	2
178	3
179	3
180	3
181	3
182	3
183	3
184	3
185	2
186	2
187	2
188	2
189	2
190	2
191	2
192	2
193	2
194	2
195	2
196	2
197	2
198	2
199	2
200	2
201	2
202	2
203	2
204	2
205	2
206	2
207	2
208	2
209	3
210	3
211	3
212	3
213	3
214	3
215	3
216	3
217	3
218	3
219	3
220	3
221	3
222	3
223	3
224	3
225	3
226	3
227	3
228	3
229	3
230	3
231	3
232	3
233	3
234	3
235	3
236	3
237	3
238	3
239	3
240	3
241	3
242	3
243	3
244	3
245	3
246	3
247	3
248	3
249	3
250	3
251	3
252	3
253	3
254	3
255	3
256	3
257	3
258	3
259	3
260	3
261	3
262	3
263	3
264	3
265	3
266	3
267	3
268	3
269	3
270	3
271	3
272	3
273	3
274	3
275	3
276	3
277	3
278	3
279	3
280	3
281	3
282	3
283	3
284	3
285	3
286	3
287	3
288	2
289	3
290	3
291	2
292	4
293	4
294	4
295	4
296	4
297	4
298	4
299	4
300	4
301	4
302	4
303	4
304	4
305	4
306	4
307	4
308	4
309	4
310	4
311	4
312	4
313	4
314	4
315	2
316	2
317	2
318	2
319	2
320	2
321	2
322	2
323	3
324	3
325	3
326	3
327	3
328	3
329	3
330	3
331	2
332	2
333	2
334	2
335	2
336	2
337	2
338	2
***
1	2
2	1
3	1
4	1
5	1
6	2
7	1
