1	1
2	1
3	1
4	1
5	4
6	4
7	4
8	4
9	4
10	4
11	4
12	4
13	4
14	4
15	4
16	4
17	4
18	4
19	4
20	4
21	4
22	4
23	4
24	4
25	4
26	4
27	4
28	4
29	4
30	4
31	4
32	4
33	4
34	1
35	1
36	1
37	1
38	1
39	1
40	1
41	1
42	1
43	1
44	1
45	1
46	1
47	2
48	2
49	2
50	2
51	2
52	1
53	1
54	1
55	1
56	1
57	1
58	1
59	1
60	1
61	4
62	4
63	4
64	4
65	4
66	4
67	4
68	4
69	4
70	4
71	4
72	4
73	4
74	4
75	4
76	4
77	4
78	4
79	4
80	4
81	4
82	4
83	4
84	5
85	5
86	1
87	1
88	1
89	3
90	3
91	1
92	1
93	1
94	1
95	2
96	2
97	1
98	1
99	1
100	1
101	1
102	1
103	1
104	1
105	1
106	1
107	1
108	1
109	1
110	4
111	3
112	3
113	3
114	3
115	3
116	3
117	3
118	3
119	3
120	6
121	6
122	6
123	6
124	6
125	6
126	6
127	6
128	6
129	6
130	3
131	3
132	3
133	3
134	3
135	3
136	3
137	3
138	3
139	3
140	3
141	3
142	3
143	3
144	3
145	3
146	3
147	3
148	3
149	3
150	3
151	2
152	2
153	2
154	2
155	2
156	2
157	2
158	2
159	3
160	3
161	3
162	3
163	3
164	3
165	3
166	3
167	3
168	3
169	3
170	3
171	3
172	3
173	2
174	2
175	2
176	2
177	2
178	2
179	2
180	2
181	2
182	2
183	6
184	2
185	2
186	2
187	6
188	6
189	6
190	6
191	6
192	6
193	6
194	6
195	6
196	5
197	6
198	4
199	6
200	6
201	6
202	6
203	6
204	6
205	6
206	6
207	6
208	6
209	6
210	6
211	6
212	6
213	6
214	6
215	6
216	6
217	6
218	6
219	6
220	6
221	6
222	6
223	6
224	6
225	6
226	6
227	6
228	6
229	6
230	6
231	6
232	3
233	5
234	5
235	5
236	6
237	6
238	6
239	6
240	6
241	6
242	6
243	6
244	6
245	6
246	2
247	2
248	2
249	2
250	2
251	2
252	2
253	2
254	2
255	2
256	2
257	2
258	2
259	2
260	2
261	2
262	2
263	2
264	2
265	2
266	2
267	2
268	2
269	2
270	2
271	2
272	2
273	2
274	2
275	2
276	2
277	2
278	2
279	2
280	2
281	2
282	2
283	2
284	2
285	2
286	2
287	2
288	2
289	2
290	2
291	2
292	2
293	2
294	2
295	2
296	2
297	2
298	2
299	2
300	2
301	2
302	2
303	2
304	2
305	2
306	2
307	2
308	2
309	2
310	2
311	2
312	2
313	2
314	2
315	2
316	2
317	2
318	2
319	2
320	2
321	2
322	2
323	2
324	2
325	2
326	2
327	2
328	2
329	2
330	2
331	2
332	2
333	2
334	2
335	2
336	2
337	2
338	2
339	2
340	2
341	2
342	2
343	2
344	2
345	2
346	2
347	2
348	2
349	2
350	2
351	2
352	2
353	2
354	2
355	2
356	2
357	2
358	2
359	2
360	2
361	2
362	2
363	2
364	2
365	2
366	2
367	2
368	2
369	2
370	2
371	2
372	2
373	2
374	2
375	2
376	2
377	2
378	2
379	2
380	2
381	2
382	2
383	2
384	2
385	2
386	2
387	2
388	2
389	2
390	3
391	3
392	2
393	2
394	2
395	2
396	2
397	2
398	2
399	2
400	2
401	2
402	2
403	2
404	2
405	2
406	2
407	2
408	2
409	2
410	2
411	2
412	2
413	2
414	2
415	2
416	2
417	2
418	2
419	2
420	2
421	2
422	2
423	2
424	2
425	2
426	2
427	2
428	2
429	2
430	2
431	2
432	2
433	2
434	2
435	2
436	2
437	2
438	2
439	2
440	2
441	2
442	2
443	2
444	2
445	2
446	2
447	2
448	2
449	2
450	2
451	2
452	2
453	2
454	2
455	2
456	2
457	2
458	2
459	2
460	2
461	2
462	2
463	2
464	2
465	2
466	2
467	2
468	2
469	2
470	2
471	2
472	2
473	2
474	2
475	2
476	2
477	2
478	2
479	2
480	2
481	2
482	2
483	2
484	2
485	2
486	2
487	2
488	2
489	2
490	2
491	2
492	2
493	2
494	2
495	1
496	2
497	2
498	5
499	2
500	2
501	2
502	2
503	2
504	2
505	2
506	2
507	2
508	2
509	2
510	2
511	2
512	5
513	5
514	5
515	5
516	5
517	5
518	5
519	5
520	5
521	5
522	5
523	5
524	5
525	5
526	5
527	5
528	5
529	5
530	5
531	5
532	5
533	5
534	5
535	5
536	5
537	5
538	2
539	2
***
1	2
2	1
3	1
4	2
5	2
6	1
