0	1
0	311
0	312
1	2
1	3
1	311
1	312
2	3
2	4
2	311
2	377
2	378
3	4
3	5
4	5
4	6
4	9
4	12
5	6
5	7
5	12
5	49
6	7
6	8
6	11
6	12
6	48
6	49
6	50
7	8
7	49
7	50
7	51
7	52
7	53
8	9
8	10
8	11
8	12
8	53
9	10
9	11
9	12
9	13
9	434
10	11
10	12
10	13
10	14
10	76
10	411
10	432
11	12
11	13
11	14
11	15
11	48
11	49
11	76
12	13
12	14
12	15
12	16
13	14
13	15
13	16
13	310
13	381
14	15
14	16
14	17
15	16
15	17
15	18
15	45
15	48
16	17
16	18
16	19
17	18
17	19
17	20
17	34
17	87
18	19
18	20
18	21
18	22
19	20
19	21
19	22
19	348
19	349
20	21
20	22
20	25
20	26
20	34
20	87
20	89
21	22
21	23
21	25
21	26
21	29
22	23
22	24
22	25
22	26
22	348
23	24
23	25
23	26
23	29
24	25
24	26
24	347
24	348
25	26
25	90
25	91
25	347
25	348
26	27
26	28
26	29
27	28
27	29
28	29
28	30
28	31
28	32
29	30
29	31
29	32
30	31
30	32
31	32
32	33
32	34
33	34
33	35
33	36
33	84
33	85
34	35
34	62
34	84
34	85
34	87
35	36
35	37
35	40
35	41
35	62
35	63
35	85
36	37
36	40
36	61
36	62
36	63
37	38
37	39
37	40
37	41
38	39
38	40
38	41
38	42
39	40
39	41
39	42
39	43
40	41
40	42
40	43
40	44
40	62
40	63
40	64
41	42
41	43
41	44
41	45
42	43
42	44
42	45
42	46
43	44
43	45
43	46
43	47
43	64
44	45
44	46
44	47
44	48
44	64
45	46
45	47
45	48
45	49
46	47
46	48
46	49
46	50
47	48
47	49
47	50
47	51
48	49
48	50
48	51
49	50
49	51
50	51
50	52
51	52
51	53
51	55
52	53
52	54
52	55
53	54
53	55
53	72
54	55
54	56
54	69
54	70
54	71
54	72
55	56
55	57
55	67
55	68
55	69
55	70
55	71
55	76
56	57
56	58
56	67
56	68
56	69
56	70
56	75
56	76
56	77
57	58
57	59
57	64
57	66
57	67
57	68
57	76
57	77
57	78
58	59
58	60
58	64
58	65
58	66
58	67
58	77
58	78
58	79
59	60
59	61
59	62
59	63
59	64
59	65
59	78
59	79
59	80
60	61
60	62
60	63
60	64
60	65
60	79
60	80
60	81
61	62
61	63
61	80
61	81
61	82
62	63
62	64
62	81
63	64
63	65
64	65
64	66
65	66
66	67
66	68
67	68
67	69
68	69
68	70
69	70
69	71
70	71
70	74
71	72
71	73
71	74
72	73
72	74
73	74
73	75
73	409
74	75
74	76
74	406
74	409
75	76
75	77
75	78
75	406
75	409
75	410
75	411
75	412
76	77
76	411
76	412
77	78
77	79
77	412
77	413
78	79
78	80
78	412
78	413
78	414
79	80
79	81
79	413
79	414
79	415
80	81
80	82
80	414
80	415
80	416
81	82
81	415
81	416
81	417
82	83
82	416
82	417
82	418
83	417
83	418
84	85
84	86
85	86
85	87
86	87
86	88
86	385
86	414
86	429
87	88
87	89
88	89
88	90
89	90
89	91
90	91
90	92
90	93
90	94
90	347
90	351
91	92
91	93
91	94
91	347
92	93
92	94
92	95
92	96
93	94
93	95
93	96
93	97
93	344
94	95
94	96
94	97
94	98
94	353
95	96
95	97
95	98
95	99
95	130
96	97
96	98
96	99
96	100
96	130
96	134
97	98
97	99
97	100
97	101
97	354
98	99
98	100
98	101
98	102
99	100
99	101
99	102
99	103
99	130
99	131
99	134
100	101
100	102
100	103
100	104
100	134
100	135
101	102
101	103
101	104
101	105
102	103
102	104
102	105
102	106
102	293
102	294
103	104
103	105
103	106
103	107
103	134
103	135
104	105
104	106
104	107
104	108
104	113
104	137
104	333
105	106
105	107
105	108
105	109
105	293
106	107
106	108
106	109
106	110
106	293
107	108
107	109
107	110
107	111
107	112
107	113
107	114
107	115
108	109
108	110
108	111
108	112
108	113
108	114
109	110
109	111
110	111
110	112
111	112
111	113
111	114
111	115
112	113
112	114
113	114
114	115
114	116
114	137
114	138
115	116
115	117
115	118
115	137
115	138
115	139
116	117
116	118
116	138
116	139
116	179
116	180
116	181
117	118
117	139
117	176
117	177
117	179
118	119
118	120
118	139
118	140
118	176
118	205
119	120
119	121
119	139
119	140
119	141
119	142
119	172
119	176
119	204
119	205
119	206
120	121
120	122
120	140
120	141
120	142
120	204
120	205
120	206
120	207
121	122
121	141
121	142
121	143
121	204
121	206
121	207
121	208
122	123
122	142
122	143
122	144
122	207
122	208
122	209
123	124
123	125
123	143
123	144
123	145
123	190
123	209
123	210
123	211
124	125
124	126
124	128
124	143
124	144
124	145
124	209
124	210
124	211
125	126
125	128
125	129
125	145
125	150
125	151
126	127
126	128
126	129
126	150
127	128
127	129
128	129
128	130
128	131
128	210
129	130
129	131
129	132
129	154
129	159
130	131
130	132
130	133
130	134
130	159
131	132
131	133
131	134
131	135
132	133
132	134
132	135
132	136
132	141
132	159
132	160
132	183
133	134
133	135
133	136
133	159
133	160
134	135
134	136
134	137
135	136
135	137
135	138
135	139
135	140
135	141
136	137
136	138
136	139
136	140
136	141
136	181
136	182
136	183
137	138
137	139
138	139
138	180
138	181
139	140
139	141
139	181
139	182
140	141
140	142
140	172
140	175
140	176
140	181
140	182
140	183
141	142
141	143
141	182
141	183
141	184
142	143
142	144
142	172
142	183
142	184
142	185
143	144
143	145
143	184
143	185
143	186
144	145
144	146
144	185
144	186
144	187
144	188
144	189
144	190
145	146
145	147
145	151
145	185
145	186
145	187
145	188
145	189
146	147
146	148
146	187
146	188
146	189
147	148
147	149
147	150
147	151
147	187
148	149
148	150
148	151
148	152
148	187
149	150
149	151
149	152
149	153
150	151
150	152
150	153
150	154
151	152
151	153
151	154
151	155
151	185
152	153
152	154
152	155
152	156
153	154
153	155
153	156
153	157
154	155
154	156
154	157
154	158
154	159
154	160
155	156
155	157
155	158
155	159
155	160
155	161
155	162
156	157
156	158
157	158
157	159
158	159
158	160
158	161
159	160
160	161
160	162
160	183
160	184
161	162
161	182
161	183
161	184
162	183
162	184
162	185
163	164
163	165
163	168
163	169
163	185
163	186
163	187
164	165
164	166
164	186
164	187
165	166
165	167
165	168
165	169
166	167
166	168
166	169
166	170
166	186
167	168
167	169
167	170
167	171
168	169
168	170
168	171
169	170
169	171
169	172
169	184
169	186
170	171
170	172
170	173
171	172
171	173
171	174
172	173
172	174
172	175
172	176
173	174
173	175
173	176
173	177
174	175
174	176
174	177
174	178
175	176
175	177
175	178
175	179
175	180
175	181
175	182
176	177
176	178
176	179
176	180
177	178
177	179
178	179
178	180
179	180
179	181
180	181
180	182
181	182
182	183
182	184
183	184
183	185
184	185
184	186
185	186
185	187
186	187
186	188
187	188
188	189
188	190
188	193
189	190
189	191
189	192
189	193
189	223
190	191
190	192
190	193
190	194
190	252
191	192
191	193
191	194
191	195
191	223
191	248
191	249
191	251
191	252
192	193
192	194
192	195
192	196
192	223
193	194
193	195
193	196
193	197
194	195
194	196
194	197
194	198
194	252
194	255
195	196
195	197
195	198
195	199
195	252
195	255
196	197
196	198
196	199
196	200
197	198
197	199
197	200
197	201
197	202
198	199
198	200
198	201
198	202
198	203
198	255
199	200
199	201
200	201
200	202
201	202
201	203
202	203
202	204
203	204
203	205
203	260
203	262
204	205
204	206
204	207
204	262
205	206
205	207
205	262
205	263
206	207
206	262
206	263
206	264
207	208
207	262
207	263
207	264
207	265
208	209
208	264
208	265
208	266
208	267
209	210
209	211
209	266
209	267
210	211
210	212
210	267
210	269
211	212
211	213
211	220
211	269
212	213
212	214
212	215
212	219
212	220
212	269
213	214
213	215
213	216
213	219
213	220
213	269
213	270
213	271
214	215
214	216
214	269
214	270
214	271
215	216
215	217
215	218
215	219
215	220
216	217
216	218
216	219
216	220
216	242
216	245
216	246
217	218
217	219
217	220
217	234
217	238
217	241
217	242
218	219
218	220
219	220
219	221
220	221
220	222
220	245
221	222
221	223
221	230
221	245
222	223
222	224
222	225
222	244
222	245
222	248
223	224
223	225
223	248
224	225
224	226
225	226
225	227
225	229
225	230
226	227
226	228
226	229
226	230
227	228
227	229
227	230
227	231
228	229
228	230
228	231
228	232
229	230
229	231
229	232
229	233
230	231
230	232
230	233
230	234
231	232
231	233
231	234
231	235
232	233
232	234
232	235
232	236
233	234
233	235
233	236
233	237
233	238
233	241
234	235
234	236
234	237
234	238
234	241
235	236
235	237
235	238
236	237
236	238
237	238
237	239
237	240
237	241
238	239
238	240
238	241
238	242
239	240
239	241
239	242
239	243
240	241
240	242
240	243
240	244
241	242
241	243
241	244
241	245
242	243
242	244
242	245
242	246
243	244
243	245
243	246
243	247
244	245
244	246
244	247
244	248
245	246
245	247
245	248
245	249
246	247
246	248
246	249
246	250
246	274
246	278
247	248
247	249
247	250
247	278
248	249
248	250
248	251
248	252
249	250
249	251
249	252
249	253
249	275
250	251
250	252
250	253
250	254
250	275
250	278
251	252
251	253
251	254
251	255
252	253
252	254
252	255
253	254
253	255
253	256
253	275
253	283
254	255
254	256
254	257
255	256
255	257
256	257
256	258
256	259
257	258
257	259
257	260
258	259
258	260
258	261
258	262
258	263
258	264
259	260
259	261
260	261
260	262
261	262
261	263
262	263
262	264
263	264
263	265
264	265
264	286
265	266
265	267
265	286
265	287
265	288
265	289
266	267
266	268
266	287
266	288
266	289
267	268
267	269
267	288
267	289
268	269
268	270
268	288
269	270
269	271
270	271
270	272
270	273
270	274
271	272
271	273
271	274
271	275
272	273
272	274
272	275
272	276
272	283
272	284
273	274
273	275
273	276
273	277
274	275
274	276
274	277
274	278
275	276
275	277
275	278
275	279
275	280
275	283
276	277
276	278
276	279
276	280
276	281
276	283
277	278
277	279
278	279
278	280
279	280
279	281
280	281
280	282
280	283
281	282
281	283
282	283
282	284
282	285
283	284
283	285
284	285
284	286
284	287
285	286
285	287
286	287
287	288
287	289
287	292
288	289
288	290
288	291
288	292
289	290
289	291
289	292
289	293
289	294
290	291
290	292
290	293
290	294
290	295
291	292
291	293
291	294
291	295
291	387
292	293
292	294
292	295
293	294
293	295
293	296
294	295
294	296
294	297
294	298
295	296
295	297
295	298
295	299
296	297
296	298
296	299
296	300
297	298
297	299
297	300
297	301
297	302
298	299
298	300
298	301
298	302
298	303
298	454
298	455
299	300
299	301
299	455
299	458
299	465
299	466
300	301
300	302
300	357
300	358
300	455
300	465
300	466
300	469
301	302
301	303
301	357
301	358
301	451
301	452
301	454
301	455
302	303
302	355
302	356
302	357
302	358
303	304
303	305
303	355
303	356
303	357
304	305
304	306
304	353
304	354
304	355
304	356
304	384
305	306
305	353
305	354
305	355
305	356
305	383
305	384
306	307
306	308
306	352
306	353
306	354
306	382
306	383
306	384
307	308
307	309
307	351
307	352
307	353
307	380
307	381
307	382
307	383
308	309
308	310
308	349
308	350
308	351
308	352
308	380
308	381
308	382
309	310
309	311
309	312
309	313
309	316
309	317
309	349
309	350
309	351
309	379
309	380
309	381
310	311
310	312
310	349
310	378
310	379
310	380
311	312
311	313
311	377
311	378
312	313
312	314
312	349
312	350
313	314
313	315
313	316
313	350
314	315
314	316
314	317
314	318
314	350
315	316
315	317
315	318
315	319
316	317
316	318
316	319
316	320
316	376
316	377
317	318
317	319
317	320
317	321
317	350
317	351
317	352
318	319
318	320
318	321
318	322
319	320
319	321
319	322
319	323
320	321
320	322
320	323
320	324
321	322
321	323
321	324
321	325
321	338
322	323
322	324
322	325
322	326
323	324
323	325
323	326
323	327
324	325
324	326
324	327
324	328
325	326
325	327
325	328
325	329
325	335
326	327
326	328
326	329
327	328
327	329
328	329
328	330
328	331
329	330
329	331
329	332
329	335
330	331
330	332
331	332
331	333
331	334
331	335
332	333
332	334
332	335
332	336
333	334
333	335
333	336
333	337
334	335
334	336
334	337
334	338
335	336
335	337
335	338
335	339
336	337
336	338
336	339
337	338
337	339
337	340
338	339
338	340
338	341
339	340
339	341
339	342
340	341
340	342
340	343
340	344
341	342
341	343
341	344
342	343
342	344
343	344
343	345
344	345
344	346
345	346
345	347
346	347
346	348
346	350
346	351
347	348
347	349
347	350
348	349
348	350
349	350
349	351
350	351
351	352
351	353
352	353
352	354
353	354
354	355
354	356
355	356
355	357
356	357
356	360
356	361
357	358
357	359
357	360
357	361
357	451
358	359
358	360
358	361
358	448
358	451
358	452
359	360
359	361
359	362
359	363
359	448
360	361
360	362
360	363
360	364
361	362
361	363
361	364
361	365
361	447
362	363
362	364
362	365
362	366
362	443
362	444
362	447
362	448
363	364
363	365
363	366
363	367
364	365
364	366
364	367
364	368
365	366
365	367
365	368
365	369
365	443
366	367
366	368
366	369
366	370
366	440
366	443
367	368
367	369
367	370
368	369
368	370
368	371
368	433
369	370
369	371
369	372
369	433
369	434
369	435
369	440
370	371
370	372
370	373
370	435
371	372
371	373
371	374
371	375
371	376
371	377
371	378
371	379
371	434
371	435
372	373
372	374
372	435
372	436
373	374
373	375
374	375
374	376
374	377
375	376
375	377
376	377
376	378
377	378
378	379
378	380
379	380
379	381
379	432
379	433
379	434
379	435
380	381
380	382
380	432
380	433
380	434
381	382
381	383
381	430
381	431
381	432
381	433
382	383
382	430
382	431
382	432
383	384
383	385
383	430
383	431
384	385
384	429
384	430
385	429
386	387
386	392
387	388
387	392
388	389
388	390
388	461
388	462
389	390
389	391
389	461
390	391
390	392
391	392
391	393
391	394
392	393
392	394
393	394
393	395
394	395
394	396
394	397
395	396
395	397
395	398
395	399
395	426
396	397
396	398
396	399
396	400
397	398
397	399
397	400
397	401
398	399
398	400
398	401
398	402
398	426
398	427
398	428
399	400
399	401
399	402
399	403
400	401
400	402
400	403
400	404
401	402
401	403
401	404
401	405
401	428
401	450
401	453
402	403
402	404
402	405
402	406
402	413
402	415
402	428
403	404
403	405
403	406
403	407
404	405
404	406
404	407
404	408
405	406
405	407
405	408
405	409
405	410
405	446
405	449
405	450
406	407
406	408
406	409
406	410
406	413
407	408
407	409
408	409
408	410
408	442
408	445
408	446
409	410
409	411
409	442
409	446
410	411
410	412
410	413
410	430
410	431
410	442
410	446
411	412
411	430
411	431
411	432
412	413
412	414
412	430
412	431
413	414
413	429
413	430
414	415
414	416
414	428
414	429
415	416
415	417
415	426
415	427
415	428
415	429
416	417
416	418
416	426
416	427
416	428
417	418
417	425
417	426
417	427
418	419
418	424
418	425
418	426
419	420
419	423
419	424
419	425
420	421
420	422
420	423
420	424
421	422
421	423
422	423
423	424
424	425
424	426
425	426
425	427
426	427
426	428
427	428
427	429
428	429
430	431
430	432
431	432
431	433
432	433
432	434
433	434
433	435
433	439
434	435
434	436
434	439
435	436
435	437
435	439
436	437
436	438
436	439
436	440
437	438
437	439
437	440
437	441
438	439
438	440
438	441
438	442
439	440
439	441
439	442
439	443
440	441
440	442
440	443
440	444
441	442
441	443
441	444
441	445
442	443
442	444
442	445
442	446
443	444
443	445
443	446
443	447
444	445
444	446
444	447
444	448
445	446
445	447
445	448
445	449
446	447
446	448
446	449
446	450
447	448
447	449
447	450
447	451
448	449
448	450
448	451
448	452
449	450
449	451
449	452
449	453
450	451
450	452
450	453
450	454
451	452
451	453
451	454
451	455
452	453
452	454
452	455
452	456
453	454
453	455
453	456
453	457
454	455
454	456
454	457
454	458
455	456
455	457
455	458
455	459
455	466
455	470
456	457
456	458
456	459
456	460
457	458
457	459
457	460
457	461
458	459
458	460
458	461
458	462
458	463
458	466
459	460
459	461
459	462
459	463
459	464
459	466
459	467
460	461
460	462
461	462
461	463
462	463
462	464
463	464
463	465
463	466
463	467
464	465
464	466
464	467
464	468
465	466
465	467
465	468
465	469
466	467
466	468
466	469
466	470
467	468
467	469
467	470
467	471
468	469
468	470
468	471
468	472
469	470
469	471
469	472
469	473
470	471
470	472
470	473
470	474
470	475
471	472
471	473
471	474
471	475
472	473
472	474
473	474
473	475
474	475
474	476
475	476
476	477
477	478
