0	1
0	2
0	3
0	4
0	181
1	2
1	3
1	4
1	5
1	181
1	182
1	183
2	3
2	4
2	5
2	6
3	4
3	5
3	6
3	7
4	5
4	6
4	7
4	8
4	181
4	182
5	6
5	7
5	8
5	9
5	182
6	7
6	8
6	9
6	10
7	8
7	9
7	10
7	11
8	9
8	10
8	11
8	12
8	242
9	10
9	11
9	12
9	13
9	204
9	207
9	208
10	11
10	12
10	13
11	12
11	13
11	14
11	239
12	13
12	14
12	15
12	208
12	239
13	14
13	15
13	208
14	15
14	16
15	16
15	17
15	19
16	17
16	18
16	19
16	20
17	18
17	19
17	20
17	21
17	209
17	210
18	19
18	20
18	21
18	22
19	20
19	21
19	22
19	23
20	21
20	22
20	23
20	24
20	214
21	22
21	23
21	24
21	158
22	23
22	24
22	25
23	24
23	25
23	26
23	27
23	234
24	25
24	26
24	27
24	30
24	217
25	26
25	27
25	30
25	31
26	27
26	28
27	28
27	29
27	30
27	31
28	29
28	30
28	31
28	32
28	68
29	30
29	31
29	32
29	33
29	67
30	31
30	32
30	33
30	34
30	149
31	32
31	33
31	34
31	35
32	33
32	34
32	35
32	36
32	67
32	68
32	70
32	71
33	34
33	35
33	36
33	37
33	49
33	71
33	149
33	150
34	35
34	36
34	37
34	38
34	150
34	153
35	36
35	37
35	38
35	39
35	71
35	75
36	37
36	38
36	39
36	40
36	45
36	71
36	74
36	75
37	38
37	39
37	40
37	41
37	42
37	45
37	46
37	150
37	154
38	39
38	40
38	41
39	40
39	41
39	75
40	41
40	42
40	44
40	45
41	42
41	43
41	44
41	45
42	43
42	44
42	45
42	46
42	154
43	44
43	45
43	46
43	47
44	45
44	46
44	47
44	48
45	46
45	47
45	48
45	49
46	47
46	48
46	49
46	50
46	147
46	150
47	48
47	49
47	50
47	51
47	114
48	49
48	50
48	51
48	52
49	50
49	51
49	52
49	53
49	146
50	51
50	52
50	53
50	54
50	143
50	146
50	147
51	52
51	53
51	54
51	55
51	107
52	53
52	54
52	55
52	56
53	54
53	55
53	56
53	139
53	142
53	143
53	146
54	55
54	56
54	139
54	140
54	143
55	56
55	57
55	103
56	57
56	59
56	139
57	58
57	59
58	59
58	60
58	98
59	60
59	61
59	62
59	63
59	95
59	96
60	61
60	62
61	62
61	63
62	63
62	64
62	65
62	66
62	95
63	64
63	65
63	66
63	67
64	65
64	66
64	67
64	68
65	66
65	67
65	68
65	69
66	67
66	68
66	69
66	70
66	95
67	68
67	69
67	70
67	71
68	69
68	70
68	71
68	72
69	70
69	71
69	72
69	73
70	71
70	72
70	73
70	74
71	72
71	73
71	74
71	75
72	73
72	74
72	75
72	76
73	74
73	75
73	76
73	77
74	75
74	76
74	77
75	76
75	77
76	77
76	78
77	78
77	79
78	79
78	80
79	80
79	81
79	82
79	85
80	81
80	82
81	82
81	83
81	84
81	85
82	83
82	84
82	85
82	86
83	84
83	85
83	86
83	87
83	111
84	85
84	86
84	87
84	88
85	86
85	87
85	88
85	89
86	87
86	88
86	89
86	90
87	88
87	89
87	90
87	91
87	104
88	89
88	90
88	91
88	92
89	90
89	91
89	92
89	93
90	91
90	92
90	93
90	96
90	104
91	92
91	93
92	93
92	94
93	94
93	95
93	96
94	95
94	96
94	97
95	96
95	97
96	97
96	98
96	100
97	98
97	99
97	100
98	99
98	100
99	100
99	101
99	102
99	103
100	101
100	102
100	103
100	104
101	102
101	103
101	104
101	105
102	103
102	104
102	105
102	106
103	104
103	105
103	106
103	107
104	105
104	106
104	107
104	108
105	106
105	107
105	108
105	109
106	107
106	108
106	109
106	110
106	131
107	108
107	109
107	110
107	111
108	109
108	110
108	111
109	110
109	111
109	130
109	131
110	111
110	112
110	113
110	130
111	112
111	113
112	113
112	114
113	114
113	115
114	115
114	116
115	116
115	117
115	123
116	117
116	118
116	119
116	120
116	123
117	118
117	119
117	120
117	147
117	151
118	119
118	120
119	120
119	121
119	122
119	123
120	121
120	122
120	123
120	124
120	144
121	122
121	123
121	124
121	125
122	123
122	124
122	125
122	126
123	124
123	125
123	126
123	127
124	125
124	126
124	127
124	128
124	135
124	140
124	144
125	126
125	127
125	128
125	129
125	135
126	127
126	128
126	129
126	130
127	128
127	129
127	130
127	131
128	129
128	130
128	131
128	132
128	133
128	134
128	135
129	130
129	131
129	132
130	131
130	132
131	132
131	133
132	133
133	134
133	135
133	137
134	135
134	136
134	137
135	136
135	137
135	140
136	137
136	138
136	140
136	141
136	166
137	138
137	139
137	140
137	141
138	139
138	140
138	141
138	142
138	168
138	169
138	170
139	140
139	141
139	142
139	143
140	141
140	142
140	143
140	144
141	142
141	143
141	144
141	145
141	165
141	166
141	167
141	168
142	143
142	144
142	145
142	146
142	168
143	144
143	145
143	146
143	147
144	145
144	146
144	147
144	148
145	146
145	147
145	148
145	149
145	213
146	147
146	148
146	149
146	150
147	148
147	149
147	150
147	151
148	149
148	150
148	151
148	152
149	150
149	151
149	152
149	153
150	151
150	152
150	153
150	154
151	152
151	153
151	154
151	155
152	153
152	154
152	155
152	156
152	157
152	158
152	159
153	154
153	155
153	156
154	155
154	156
155	156
155	157
156	157
157	158
157	159
158	159
158	160
159	160
159	161
160	161
160	162
161	162
161	163
161	211
161	213
162	163
162	164
162	165
162	211
163	164
163	165
163	211
163	212
164	165
164	166
165	166
165	167
165	212
166	167
166	168
166	198
166	202
166	212
166	213
167	168
167	169
167	198
167	201
167	212
167	213
167	216
168	169
168	170
169	170
169	171
169	173
169	174
169	191
169	194
170	171
170	172
170	173
170	174
170	191
171	172
171	173
171	174
171	175
171	187
171	191
172	173
172	174
172	175
172	176
173	174
173	175
173	176
173	177
174	175
174	176
174	177
174	178
174	187
174	190
174	191
175	176
175	177
175	178
175	179
175	187
176	177
176	178
176	179
176	180
176	223
176	243
177	178
177	179
177	180
177	181
177	182
177	183
178	179
178	180
178	181
178	182
178	183
178	184
178	186
178	187
179	180
179	181
179	243
179	244
179	245
179	246
179	250
180	181
180	182
180	242
180	243
180	244
180	245
180	246
181	182
181	183
181	184
181	245
181	246
182	183
182	184
183	184
183	185
184	185
184	186
185	186
185	187
185	189
185	190
186	187
186	188
186	189
186	190
187	188
187	189
187	190
187	191
188	189
188	190
188	191
188	192
189	190
189	191
189	192
189	193
190	191
190	192
190	193
190	194
190	197
191	192
191	193
191	194
192	193
192	194
193	194
193	195
193	196
194	195
194	196
194	197
194	198
195	196
195	197
195	198
195	199
196	197
196	198
196	199
196	200
197	198
197	199
197	200
197	201
198	199
198	200
198	201
198	202
199	200
199	201
199	202
199	203
200	201
200	202
200	203
200	204
201	202
201	203
201	204
201	205
201	212
202	203
202	204
202	205
202	206
202	212
203	204
203	205
203	206
203	207
204	205
204	206
204	207
204	208
205	206
205	207
205	208
205	209
205	210
205	211
205	212
206	207
206	208
206	209
207	208
207	209
208	209
208	210
209	210
209	211
210	211
210	212
210	214
210	215
211	212
211	213
211	214
211	215
212	213
212	214
212	215
212	216
213	214
213	215
213	216
214	215
214	216
214	217
215	216
215	217
215	218
215	219
216	217
216	218
216	219
216	220
217	218
217	219
217	220
217	221
218	219
218	220
218	221
218	222
219	220
219	221
219	222
219	223
220	221
220	222
220	223
220	224
221	222
221	223
221	224
221	225
221	234
221	235
222	223
222	224
222	225
222	226
222	235
222	240
223	224
223	225
223	226
223	227
223	228
224	225
224	226
224	227
224	228
224	229
224	230
224	231
225	226
225	227
225	228
225	229
225	230
225	231
225	240
226	227
226	228
226	229
226	240
226	243
226	250
226	251
226	252
227	228
227	229
227	250
227	251
227	252
228	229
228	230
228	252
229	230
229	231
229	252
230	231
230	232
231	232
231	233
232	233
232	234
233	234
233	235
233	236
234	235
234	236
235	236
235	237
235	239
235	240
236	237
236	238
236	239
236	240
237	238
237	239
237	240
237	241
238	239
238	240
238	241
238	242
239	240
239	241
239	242
240	241
240	242
240	243
241	242
241	243
241	244
242	243
242	244
242	245
243	244
243	245
244	245
244	246
244	250
244	251
245	246
245	247
245	248
246	247
246	248
246	249
246	250
247	248
247	249
247	250
248	249
248	250
249	250
249	251
250	251
250	252
251	252
251	253
252	253
