0	1
0	2
0	20
0	21
1	2
1	3
1	19
1	20
1	21
1	140
2	3
2	4
2	17
2	18
2	19
2	20
2	138
2	139
2	140
2	141
3	4
3	5
3	17
3	18
3	19
3	139
3	140
3	141
3	142
4	5
4	6
4	16
4	17
4	18
4	139
4	141
4	142
4	143
5	6
5	7
5	15
5	16
5	17
5	142
5	143
5	144
6	7
6	8
6	14
6	15
6	16
6	143
6	144
6	145
7	8
7	9
7	13
7	14
7	15
7	144
7	145
7	146
8	9
8	12
8	13
8	14
8	37
8	145
8	146
8	147
8	148
8	149
9	10
9	11
9	12
9	13
9	37
9	38
9	146
9	147
9	148
10	11
10	12
10	37
10	38
10	39
11	12
11	36
11	37
11	38
11	39
12	13
12	14
12	33
12	34
12	35
12	36
12	37
13	14
13	15
13	32
13	33
13	34
13	36
13	37
14	15
14	16
14	31
14	32
14	33
15	16
15	17
15	30
15	31
15	32
15	124
15	125
16	17
16	18
16	29
16	30
16	31
16	128
17	18
17	19
17	27
17	28
17	29
17	30
17	128
18	19
18	20
18	26
18	27
18	28
19	20
19	21
19	25
19	26
19	27
19	28
20	21
20	23
20	24
20	25
20	26
21	22
21	23
21	24
21	25
22	23
22	24
23	24
23	25
24	25
24	26
25	26
25	27
26	27
26	28
27	28
27	29
28	29
28	132
29	30
29	128
29	131
29	132
30	31
30	128
31	32
31	124
31	125
31	127
31	128
32	33
32	34
32	124
33	34
33	35
33	36
33	124
34	35
34	36
35	36
35	37
36	37
36	40
37	38
37	39
37	40
37	41
38	39
38	40
38	41
38	42
38	148
39	40
39	41
39	42
39	43
40	41
40	42
40	43
40	44
41	42
41	43
41	44
41	45
41	114
42	43
42	44
42	45
42	46
42	72
42	75
42	76
43	44
43	45
43	46
43	47
43	72
44	45
44	46
44	47
44	48
44	113
44	114
45	46
45	47
45	48
45	49
45	75
46	47
46	48
46	49
46	50
46	71
46	72
46	75
47	48
47	49
47	50
47	51
48	49
48	50
48	51
48	52
49	50
49	51
49	52
49	53
50	51
50	52
50	53
50	54
50	60
50	61
51	52
51	53
51	54
51	55
52	53
52	54
52	55
52	56
53	54
53	55
53	56
53	57
53	59
54	55
54	56
54	57
54	58
54	59
54	60
55	56
55	57
55	58
56	57
56	58
57	58
57	59
58	59
59	60
59	61
60	61
60	62
61	62
61	63
61	64
61	67
61	68
61	96
62	63
62	64
62	65
62	68
63	64
63	65
64	65
64	66
64	67
64	68
65	66
65	67
65	68
65	69
66	67
66	68
66	69
66	70
67	68
67	69
67	70
67	71
67	95
67	96
68	69
68	70
68	71
68	72
69	70
69	71
69	72
69	73
70	71
70	72
70	73
70	74
71	72
71	73
71	74
71	75
72	73
72	74
72	75
72	76
73	74
73	75
73	76
73	77
74	75
74	76
74	77
74	78
74	90
75	76
75	77
75	78
75	79
76	77
76	78
76	79
76	80
77	78
77	79
77	80
77	81
78	79
78	80
78	81
78	82
78	88
78	89
79	80
79	81
79	82
79	83
80	81
80	82
80	83
81	82
81	83
81	84
81	85
81	88
82	83
82	84
82	85
82	86
82	87
82	88
82	107
83	84
83	85
83	150
83	151
83	152
84	85
84	86
85	86
85	87
85	88
86	87
86	106
86	107
87	88
87	105
87	106
87	107
88	89
88	104
88	105
88	106
89	90
89	91
89	103
89	104
89	105
90	91
90	92
90	102
90	103
90	104
91	92
91	93
91	101
91	102
91	103
92	93
92	94
92	95
92	100
92	101
92	102
93	94
93	95
93	99
93	100
93	101
94	95
94	96
94	97
94	98
94	99
94	100
94	101
95	96
95	97
95	98
95	99
95	100
95	101
96	97
96	98
96	99
97	98
97	99
98	99
98	100
99	100
99	101
100	101
100	102
101	102
101	103
102	103
103	104
104	105
104	106
105	106
105	107
105	109
105	110
106	107
106	108
106	109
106	110
107	108
107	109
107	110
107	111
108	109
108	110
108	111
108	112
109	110
109	111
109	112
109	113
110	111
110	112
110	113
110	114
111	112
111	113
111	114
111	115
112	113
112	114
112	115
113	114
113	115
114	115
114	116
114	117
114	118
115	116
115	117
115	118
115	119
116	117
116	118
116	119
116	120
117	118
117	119
117	120
118	119
118	120
118	121
118	154
119	120
119	121
119	122
120	121
120	122
120	123
121	122
121	123
121	124
122	123
122	124
122	125
122	126
123	124
123	125
123	126
123	127
124	125
124	126
124	127
124	128
125	126
125	127
125	128
125	129
126	127
126	128
126	129
126	130
127	128
127	129
127	130
127	131
128	129
128	130
128	131
128	132
129	130
129	131
129	132
129	133
129	134
129	135
129	136
130	131
130	132
130	133
130	134
131	132
131	133
132	133
132	134
133	134
134	135
134	136
134	138
135	136
135	137
135	138
136	137
136	138
136	139
136	162
137	138
137	139
137	162
138	139
138	140
139	140
139	141
140	141
141	142
141	143
142	143
142	144
143	144
143	145
144	145
144	146
144	149
145	146
145	147
145	149
146	147
146	148
146	149
147	148
147	149
147	150
148	149
148	150
148	151
149	150
149	151
149	154
149	155
150	151
150	152
151	152
151	153
151	154
151	155
152	153
152	154
152	155
152	156
153	154
153	155
153	156
153	157
154	155
154	156
154	157
154	158
155	156
155	157
155	158
155	159
156	157
156	158
156	159
156	160
157	158
157	159
157	160
157	161
158	159
158	160
158	161
158	162
159	160
159	161
159	162
159	163
159	164
160	161
160	162
160	163
160	164
161	162
161	163
162	163
162	164
163	164
