0	1
0	2
0	285
0	286
0	287
0	288
0	289
1	2
1	3
1	24
1	25
1	26
1	285
1	286
1	287
1	288
1	289
2	3
2	24
2	25
2	284
2	285
2	286
2	287
3	4
3	5
3	6
3	7
3	22
3	23
3	24
3	25
3	283
3	284
3	285
3	286
4	5
4	6
4	7
4	8
4	22
4	23
4	24
4	282
4	283
4	284
5	6
5	7
5	8
5	22
5	23
5	24
5	85
5	282
5	283
5	284
6	7
6	8
6	9
6	20
6	21
6	22
6	23
6	280
6	281
6	282
6	283
7	8
7	9
7	20
7	21
7	22
7	23
7	280
7	281
7	282
7	283
8	9
8	10
8	20
8	21
8	22
8	81
8	85
8	278
8	279
8	280
8	281
9	10
9	11
9	12
9	15
9	16
9	17
9	18
9	19
9	20
9	21
9	81
9	278
9	279
9	280
9	281
10	11
10	12
10	18
10	19
10	20
10	77
10	80
10	81
10	277
10	278
10	279
11	12
11	18
11	19
11	219
11	255
11	256
11	257
11	258
11	276
11	277
11	278
12	13
12	14
12	17
12	18
12	255
12	256
12	257
12	277
12	278
12	279
13	14
13	15
13	277
13	278
13	279
14	15
14	16
14	17
14	279
15	16
15	17
15	279
15	280
15	281
16	17
16	18
16	253
17	18
17	19
17	253
17	254
17	255
18	19
18	20
18	218
18	219
18	253
18	254
18	255
19	20
19	21
19	77
19	218
19	219
20	21
20	22
20	45
21	22
21	23
21	45
21	46
21	47
21	48
21	78
21	81
22	23
22	24
22	47
22	48
22	49
23	24
23	25
23	48
23	49
23	50
23	82
24	25
24	26
24	27
24	49
24	50
24	51
25	26
25	27
25	50
25	51
26	27
26	28
26	51
26	52
27	28
27	29
27	30
27	50
27	51
27	52
28	29
28	30
28	52
28	53
29	30
29	31
30	31
30	32
30	34
30	35
31	32
31	33
31	34
31	35
32	33
32	34
32	35
32	36
33	34
33	35
33	36
33	37
33	38
34	35
34	36
34	37
34	38
34	39
35	36
35	37
35	38
35	39
35	40
36	37
36	38
36	39
36	40
36	41
36	65
36	67
36	68
36	70
37	38
37	39
37	40
37	41
37	42
38	39
38	40
38	41
38	42
39	40
39	41
39	42
39	43
40	41
40	42
40	43
40	44
40	47
40	48
40	65
40	66
40	67
41	42
41	43
41	44
41	67
41	68
41	69
42	43
42	44
43	44
43	45
44	45
44	46
44	67
45	46
45	47
45	48
46	47
46	66
46	67
47	48
47	49
47	64
47	65
47	66
47	67
47	78
48	49
48	50
48	64
48	65
48	66
49	50
49	51
49	62
49	63
49	64
49	65
50	51
50	52
50	62
50	63
50	64
51	52
51	60
51	61
51	62
51	63
52	53
52	54
52	60
52	61
52	62
53	54
53	55
53	60
53	61
54	55
54	56
54	57
54	58
54	59
54	60
54	61
54	98
55	56
55	57
56	57
56	58
57	58
57	59
58	59
58	60
58	96
58	97
58	98
58	103
59	60
59	95
59	96
59	97
60	61
60	62
60	96
60	97
60	98
61	62
61	63
61	97
61	98
61	99
62	63
62	64
62	97
62	98
62	99
63	64
63	65
63	99
64	65
64	66
64	71
64	72
65	66
65	67
65	70
65	71
65	72
66	67
66	68
66	69
66	70
66	71
67	68
67	69
67	70
68	69
68	70
69	70
70	71
70	72
71	72
71	73
72	73
72	74
72	75
73	74
73	99
73	100
73	101
73	157
74	75
74	76
74	101
74	157
75	76
75	77
75	78
75	79
75	222
76	77
76	78
76	79
76	80
76	221
76	222
77	78
77	79
77	80
77	81
77	219
77	220
77	221
78	79
78	80
78	81
78	82
79	80
79	81
79	82
79	83
80	81
80	82
80	83
80	84
80	118
81	82
81	83
81	84
81	85
81	278
82	83
82	84
82	85
82	86
83	84
83	85
83	86
83	87
84	85
84	86
84	87
84	115
84	116
84	117
84	118
84	278
85	86
85	87
85	88
86	87
86	88
86	89
86	90
87	88
87	89
87	90
87	115
88	89
88	90
88	114
88	115
89	90
90	91
90	92
91	92
91	93
92	93
92	94
92	95
93	94
93	95
93	107
93	108
94	95
94	96
94	106
94	107
94	108
95	96
95	97
95	105
95	106
95	107
96	97
96	98
96	103
96	104
96	105
96	106
97	98
97	99
97	103
97	104
97	105
98	99
98	102
98	103
98	104
99	100
99	101
99	102
99	103
100	101
100	102
101	102
101	103
102	103
102	104
103	104
103	105
104	105
104	106
104	121
104	122
104	123
105	106
105	107
105	121
105	122
106	107
106	108
106	118
106	119
106	120
106	121
106	122
107	108
107	109
107	118
107	119
107	120
107	121
108	109
108	110
108	115
108	117
108	118
108	119
108	120
109	110
109	115
109	116
109	117
109	118
110	111
110	112
110	113
110	114
110	115
110	116
111	112
111	113
111	114
111	115
111	116
112	113
112	114
113	114
113	115
114	115
114	116
115	116
115	117
116	117
116	277
116	278
116	279
117	118
117	276
117	277
117	278
118	119
118	120
118	121
118	275
118	276
118	277
119	120
119	121
119	273
119	274
119	275
119	276
120	121
120	273
120	274
120	275
120	276
121	122
121	123
121	273
121	274
121	275
122	123
122	124
122	271
122	272
122	273
122	274
123	124
123	125
123	126
123	272
123	273
124	125
124	126
124	127
124	156
125	126
125	127
125	128
125	156
125	272
126	127
126	128
126	156
126	272
127	128
127	129
127	154
127	155
127	156
127	226
128	129
128	154
128	155
128	156
129	130
129	152
129	153
129	154
129	155
130	131
130	132
130	152
130	153
130	154
131	132
131	133
131	151
131	152
131	153
132	133
132	134
132	135
132	151
132	152
132	153
133	134
133	135
134	135
134	136
134	137
134	138
135	136
135	137
135	138
135	139
135	151
136	137
136	138
136	139
136	140
137	138
137	139
137	140
137	141
138	139
138	140
138	141
138	142
139	140
139	141
139	142
139	143
139	144
139	145
139	146
140	141
140	142
140	143
140	144
141	142
141	143
141	176
141	177
141	180
141	181
142	143
142	144
142	174
142	175
142	176
142	177
143	144
143	175
143	176
144	145
144	146
145	146
146	147
146	148
147	148
147	149
147	150
147	151
147	163
147	164
147	165
148	149
148	150
148	164
148	165
148	166
149	150
149	151
149	164
150	151
150	152
151	152
151	153
151	161
151	162
151	163
152	153
152	154
152	161
152	162
153	154
153	155
153	159
153	160
153	161
153	162
154	155
154	156
154	159
154	160
154	161
154	226
155	156
155	157
155	158
155	159
155	160
156	157
156	158
156	159
157	158
157	159
158	159
158	160
158	189
159	160
159	161
159	187
159	188
159	189
159	190
160	161
160	162
160	189
160	190
160	191
160	192
160	223
161	162
161	163
161	190
161	191
161	192
162	163
162	164
162	191
162	192
162	193
163	164
163	165
163	192
163	193
163	194
164	165
164	166
164	193
164	194
164	195
165	166
165	167
165	170
165	171
165	193
165	194
165	195
166	167
166	170
166	195
167	168
167	169
167	170
167	171
167	195
167	196
168	169
168	170
168	171
168	172
168	195
168	196
168	203
169	170
169	171
169	172
169	173
170	171
170	172
170	173
170	174
171	172
171	173
171	174
171	193
171	194
171	195
172	173
172	174
172	250
173	174
173	175
174	175
174	176
175	176
175	177
176	177
176	178
177	178
177	179
177	180
177	181
178	179
178	180
178	181
178	182
179	180
179	181
179	182
180	181
180	182
180	183
180	184
181	182
181	183
181	184
181	185
181	210
182	183
182	184
182	185
182	186
182	210
182	211
183	184
183	185
183	186
184	185
184	186
185	186
185	187
185	188
185	189
186	187
186	188
186	189
186	211
187	188
187	189
187	211
187	212
188	189
188	211
189	190
189	191
189	209
189	211
190	191
190	192
190	207
190	208
190	209
191	192
191	193
191	207
191	208
191	209
192	193
192	194
192	204
192	205
192	206
192	207
192	208
193	194
193	204
193	205
193	206
193	207
194	195
194	202
194	203
194	204
194	205
194	206
195	196
195	202
195	203
195	204
195	205
196	197
196	200
196	201
196	202
196	203
197	198
197	199
197	200
197	201
197	202
198	199
198	200
198	201
198	236
198	237
199	200
199	201
199	202
199	242
199	243
199	244
200	201
200	202
200	243
200	244
200	245
201	202
201	243
201	244
201	245
202	203
202	204
202	205
202	244
202	245
202	246
203	204
203	205
203	245
203	246
203	247
204	205
204	206
204	207
204	245
204	246
204	247
205	206
205	207
205	245
205	246
205	247
206	207
206	208
206	247
206	248
207	208
207	209
207	216
207	217
208	209
208	210
208	214
208	215
208	216
208	217
209	210
209	211
209	212
209	213
209	214
209	215
210	211
210	212
210	213
210	214
210	215
211	212
211	213
212	213
212	214
213	214
213	215
214	215
214	216
214	217
215	216
215	217
216	217
216	218
217	218
217	219
217	220
217	248
218	219
218	220
218	247
218	248
218	253
218	254
218	255
219	220
219	221
219	247
219	248
219	255
220	221
220	222
220	223
220	224
221	222
221	223
221	224
222	223
222	224
222	225
223	224
223	225
223	226
223	227
224	225
224	226
224	227
224	228
224	258
224	260
224	274
225	226
225	227
225	228
225	229
225	260
225	261
225	262
225	272
225	273
225	274
226	227
226	228
226	229
226	230
227	228
227	229
227	230
227	231
228	229
228	230
228	231
228	232
228	243
228	260
228	261
228	262
229	230
229	231
229	232
229	233
229	262
230	231
230	232
230	233
230	234
231	232
231	233
231	234
231	235
231	236
231	237
232	233
232	234
232	235
232	236
232	237
232	238
232	239
233	234
233	235
233	266
234	235
234	236
235	236
235	237
235	238
236	237
236	238
237	238
237	239
237	241
238	239
238	240
238	241
239	240
239	241
239	262
239	263
239	264
239	265
240	241
240	242
240	261
240	262
240	263
240	264
241	242
241	243
241	261
242	243
242	244
242	259
242	260
242	261
243	244
243	245
243	259
243	260
243	261
244	245
244	246
244	256
244	257
244	258
244	259
244	260
245	246
245	247
245	256
245	257
245	258
245	259
246	247
246	254
246	255
246	256
246	257
246	258
247	248
247	249
247	254
247	255
247	256
247	257
248	249
248	250
248	251
248	252
248	253
248	254
248	255
249	250
249	251
249	252
249	253
249	254
250	251
250	252
251	252
251	253
252	253
252	254
253	254
253	255
254	255
254	256
254	257
255	256
255	257
255	258
256	257
256	258
256	259
256	276
257	258
257	259
257	276
258	259
258	260
258	274
258	275
258	276
259	260
259	274
259	275
259	276
260	261
260	262
260	273
260	274
260	275
261	262
261	263
261	272
261	273
261	274
262	263
262	264
262	271
262	272
262	273
263	264
263	265
263	269
263	270
263	271
263	272
264	265
264	266
264	268
264	269
264	270
265	266
265	267
265	268
265	269
266	267
266	268
266	269
267	268
267	269
268	269
268	270
269	270
269	271
270	271
271	272
271	273
272	273
272	274
273	274
273	275
274	275
275	276
276	277
276	278
277	278
277	279
278	279
278	280
279	280
279	281
280	281
280	282
281	282
282	283
282	284
283	284
284	285
284	286
284	287
285	286
285	287
285	288
286	287
286	288
287	288
287	289
288	289
