0	1
0	2
0	42
0	43
0	46
0	47
0	48
0	49
1	2
1	3
1	40
1	41
1	42
1	43
2	3
2	4
2	40
2	41
2	42
3	4
3	5
3	38
3	39
3	40
3	41
4	5
4	6
4	8
4	37
4	38
4	39
4	40
5	6
5	7
5	8
5	37
5	38
6	7
6	8
6	37
7	8
7	9
8	9
8	10
8	12
8	13
9	10
9	11
9	12
9	13
9	35
10	11
10	12
10	13
10	14
10	21
10	35
11	12
11	13
11	14
11	15
11	21
12	13
12	14
12	15
12	16
13	14
13	15
13	16
13	17
14	15
14	16
14	17
14	18
14	19
14	20
14	21
15	16
15	17
15	18
15	19
15	115
16	17
16	18
16	113
16	114
16	115
17	18
17	19
17	95
17	113
18	19
19	20
19	21
20	21
20	22
20	23
20	25
21	22
21	23
21	25
21	26
22	23
22	24
22	25
22	26
22	27
23	24
23	25
23	26
23	27
24	25
24	26
24	27
24	28
24	29
24	44
25	26
25	27
25	28
25	29
25	43
26	27
26	28
26	29
26	30
26	32
27	28
27	29
27	30
28	29
28	30
28	42
28	44
29	30
29	31
29	32
29	41
29	42
30	31
30	32
31	32
31	33
32	33
32	34
32	35
33	34
33	35
34	35
34	36
35	36
35	37
36	37
36	38
36	39
37	38
37	39
38	39
38	40
39	40
39	41
40	41
40	42
41	42
41	43
42	43
42	44
43	44
43	45
43	46
44	45
44	46
45	46
46	47
46	48
46	152
46	153
47	48
47	49
47	153
48	49
48	50
48	51
48	153
49	50
49	51
49	52
49	153
49	154
49	155
50	51
50	52
51	52
51	53
52	53
52	54
52	154
53	54
53	55
53	69
53	70
54	55
54	56
54	67
54	68
54	69
54	70
54	150
54	154
55	56
55	57
55	67
55	68
55	69
55	154
55	155
55	156
56	57
56	58
56	65
56	66
56	67
56	68
56	155
56	156
56	157
57	58
57	59
57	65
57	66
57	67
57	156
57	157
57	158
58	59
58	60
58	64
58	65
58	66
58	157
58	158
58	159
59	60
59	61
59	62
59	63
59	64
59	65
59	158
59	159
59	160
60	61
60	62
60	63
60	64
60	80
60	159
60	160
61	62
61	63
61	160
62	63
62	64
63	64
63	65
63	77
63	78
63	79
63	80
63	129
64	65
64	66
64	75
64	76
64	77
64	78
65	66
65	67
65	75
65	76
65	77
65	78
66	67
66	68
66	73
66	74
66	75
66	76
67	68
67	69
67	73
67	74
67	75
68	69
68	70
68	71
68	72
68	73
69	70
69	71
69	72
69	73
70	71
70	72
71	72
71	73
72	73
73	74
74	75
74	76
75	76
76	77
76	78
77	78
77	128
77	129
78	79
78	80
78	128
78	129
78	137
78	138
79	80
79	81
79	127
79	128
79	129
79	130
79	131
79	132
79	133
79	137
79	138
80	81
80	82
80	87
80	130
80	131
80	132
80	133
80	135
80	136
80	137
80	138
81	82
81	83
81	85
81	86
81	87
81	131
81	132
81	133
81	134
81	135
81	136
82	83
82	84
82	85
82	86
82	131
82	132
82	133
82	134
83	84
83	85
83	86
84	85
84	86
85	86
85	87
85	134
85	135
86	87
86	88
86	134
86	135
87	88
87	89
87	135
87	136
88	89
88	90
89	90
89	158
89	159
89	160
90	91
90	92
90	157
90	158
90	159
91	92
91	156
91	157
91	158
92	93
92	112
92	113
92	155
92	156
92	157
93	94
93	95
93	112
93	113
93	153
93	154
93	155
93	156
94	95
94	96
94	110
94	111
94	112
94	113
94	152
94	153
94	154
94	155
95	96
95	111
95	112
95	113
95	152
95	153
96	97
96	110
96	111
96	152
97	98
97	99
97	109
97	110
97	111
98	99
98	100
98	101
98	108
98	109
98	110
99	100
99	101
99	107
99	108
99	109
100	101
100	102
100	106
100	107
100	108
101	102
101	103
101	105
101	106
101	107
101	108
101	109
102	103
102	104
102	105
102	106
102	107
103	104
103	105
103	106
103	123
104	105
104	106
104	122
104	123
105	106
105	107
105	108
105	109
105	120
105	121
105	122
105	123
106	107
106	108
106	120
106	121
106	122
106	123
106	140
107	108
107	121
107	140
107	144
108	109
108	110
108	120
108	121
108	143
108	144
109	110
109	111
109	118
109	119
109	120
109	121
110	111
110	112
110	118
110	119
110	120
111	112
111	113
111	117
111	118
111	119
112	113
112	114
112	117
112	118
113	114
113	115
114	115
114	116
114	117
115	116
115	117
116	117
116	118
117	118
117	135
117	136
118	119
118	120
118	136
118	137
119	120
119	136
119	137
119	138
120	121
120	122
120	137
120	138
120	143
121	122
121	138
121	139
121	140
121	143
122	123
122	124
122	125
122	138
122	139
122	140
123	124
123	125
124	125
124	126
124	127
125	126
125	127
125	128
125	139
126	127
126	128
127	128
127	129
127	130
127	132
128	129
128	130
128	138
128	139
129	130
130	131
130	132
131	132
131	133
132	133
133	134
133	135
133	136
134	135
134	136
135	136
135	137
136	137
136	138
137	138
139	140
139	141
139	142
139	143
140	141
140	142
140	143
140	144
141	142
141	143
141	144
141	145
142	143
142	144
142	145
142	146
143	144
143	145
143	146
143	147
144	145
144	146
144	147
144	148
145	146
145	147
145	148
145	149
146	147
146	148
146	149
146	150
147	148
147	149
147	150
148	149
148	150
149	150
149	151
150	151
150	152
150	154
151	152
151	153
151	154
152	153
152	154
153	154
153	155
154	155
154	156
155	156
155	157
156	157
156	158
157	158
157	159
158	159
159	160
