0	1
0	2
0	103
1	2
1	3
1	101
1	102
1	103
2	3
2	4
2	102
2	103
3	4
3	5
3	102
3	103
3	104
3	105
4	5
4	6
4	103
4	104
4	105
4	212
4	213
4	214
5	6
5	104
5	105
5	106
5	213
5	214
5	215
6	7
6	8
6	104
6	105
6	106
6	107
6	214
6	215
6	216
7	8
7	9
7	11
7	106
7	107
7	108
7	215
7	216
8	9
8	10
8	11
8	12
8	13
8	106
8	107
8	108
9	10
9	11
9	12
9	13
9	14
9	15
9	16
10	11
10	12
10	13
10	14
10	217
11	12
11	13
11	216
11	239
12	13
12	14
12	86
12	87
12	90
13	14
13	15
13	84
13	85
13	86
13	87
14	15
14	16
14	84
14	85
14	86
14	87
14	314
15	16
15	17
15	82
15	83
15	84
15	85
16	17
16	18
16	19
16	20
16	317
17	18
17	19
17	20
17	21
17	110
17	111
18	19
18	20
18	21
18	22
18	58
18	110
18	111
19	20
19	21
19	22
19	23
19	32
20	21
20	22
20	23
20	24
20	82
21	22
21	23
21	24
21	25
21	78
22	23
22	24
22	25
22	26
22	27
22	28
22	32
23	24
23	25
23	26
23	27
23	28
23	29
24	25
24	26
24	27
25	26
25	27
26	27
26	28
27	28
27	29
28	29
28	30
28	31
28	32
29	30
29	31
29	32
29	33
30	31
30	32
30	33
30	34
30	159
31	32
31	33
31	34
31	35
31	155
31	158
31	159
32	33
32	34
32	35
32	36
33	34
33	35
33	36
33	37
33	320
34	35
34	36
34	37
34	38
34	159
35	36
35	37
35	38
35	39
35	57
36	37
36	38
36	39
36	40
36	57
36	321
36	322
37	38
37	39
37	40
37	41
37	321
37	322
38	39
38	40
38	41
38	42
38	168
39	40
39	41
39	42
39	43
39	54
39	55
39	56
39	57
39	322
40	41
40	42
40	43
40	44
40	54
40	321
40	322
41	42
41	43
41	44
41	45
41	46
42	43
42	44
42	45
42	46
42	47
42	48
42	52
43	44
43	45
43	46
43	47
43	48
43	52
43	53
43	54
44	45
44	46
44	47
45	46
45	47
46	47
46	48
47	48
47	49
47	50
47	52
48	49
48	50
48	51
48	52
49	50
49	51
49	52
50	51
50	52
51	52
51	53
52	53
52	54
53	54
53	55
53	56
53	192
53	193
53	194
54	55
54	56
54	192
54	193
54	219
54	220
54	221
54	322
55	56
55	57
55	109
55	192
55	193
55	221
55	322
55	323
56	57
56	58
56	59
56	60
56	190
56	192
57	58
57	59
57	60
57	61
57	322
57	323
58	59
58	60
58	61
58	62
58	110
58	111
59	60
59	61
59	62
59	185
59	188
59	190
60	61
60	62
60	63
60	185
61	62
61	63
61	64
61	65
62	63
62	64
62	65
62	66
62	185
63	64
63	65
63	66
63	67
63	181
63	184
63	185
64	65
64	66
64	67
64	68
64	151
64	152
65	66
65	67
65	68
65	69
65	70
66	67
66	68
66	69
66	70
66	137
66	141
67	68
67	69
67	143
67	148
67	151
67	152
68	69
68	70
69	70
69	71
70	71
70	72
70	74
70	137
71	72
71	73
71	74
71	75
71	137
71	138
72	73
72	74
72	75
72	76
72	136
72	137
72	138
73	74
73	75
73	76
73	77
74	75
74	76
74	77
74	78
75	76
75	77
75	78
75	79
75	116
76	77
76	78
76	79
76	80
76	116
76	119
77	78
77	79
77	80
77	81
78	79
78	80
78	81
78	82
79	80
79	81
79	82
79	83
79	116
79	119
79	120
80	81
80	82
80	83
81	82
81	83
82	83
82	84
82	85
83	84
83	85
83	86
83	120
84	85
84	86
84	87
85	86
86	87
86	88
86	90
87	88
87	89
87	90
87	258
87	259
88	89
88	90
88	257
88	258
88	259
89	90
89	91
89	92
89	93
89	94
89	258
89	259
89	260
90	91
90	92
90	93
90	94
90	95
90	259
91	92
91	93
91	94
91	95
91	96
91	124
91	125
92	93
92	94
92	95
92	96
92	97
93	94
93	95
93	96
93	97
94	95
94	96
94	97
94	98
94	259
94	260
94	263
95	96
95	97
95	98
95	99
95	126
96	97
96	98
96	99
96	100
97	98
97	99
97	100
98	99
98	100
98	101
98	102
98	263
99	100
99	101
99	102
99	103
100	101
100	102
101	102
102	103
102	104
103	104
103	105
103	128
104	105
104	106
104	128
104	129
105	106
105	107
105	128
105	129
105	130
106	107
106	108
106	129
106	130
106	131
107	108
107	130
107	131
107	132
107	196
108	109
108	110
108	111
108	131
108	132
108	191
109	110
109	111
109	112
109	132
109	133
109	191
109	192
109	323
110	111
110	112
110	113
110	132
110	133
111	112
111	113
111	116
111	117
111	132
111	133
112	113
112	114
112	115
112	116
112	117
112	132
112	133
112	134
112	135
113	114
113	115
113	116
113	117
113	118
113	131
113	132
113	133
113	134
114	115
114	116
114	117
114	118
114	119
115	116
115	117
115	118
115	119
116	117
116	118
116	119
116	120
117	118
117	119
117	120
117	121
117	130
118	119
118	120
118	121
118	122
119	120
119	121
119	122
119	123
120	121
120	122
120	123
121	122
121	123
121	124
121	125
121	126
122	123
122	124
122	125
122	126
123	124
123	125
124	125
124	126
125	126
125	127
126	127
126	128
127	128
128	129
128	130
129	130
129	131
130	131
130	132
131	132
132	133
132	134
132	191
133	134
133	135
133	189
133	190
133	191
134	135
134	188
134	189
134	190
135	136
135	137
135	188
135	189
136	137
136	138
136	139
136	140
136	141
137	138
137	139
137	140
137	141
138	139
138	140
138	141
139	140
139	141
139	142
140	141
140	142
141	142
141	143
142	143
142	144
143	144
143	145
143	147
143	148
144	145
144	146
144	147
144	148
145	146
145	147
145	148
145	149
146	147
146	148
146	149
146	150
147	148
147	149
147	150
147	151
148	149
148	150
148	151
148	152
149	150
149	151
149	152
149	153
150	151
150	152
150	153
150	154
151	152
151	153
151	154
151	155
152	153
152	154
152	155
153	154
153	155
153	156
154	155
154	156
154	157
154	158
155	156
155	157
155	158
155	159
156	157
156	158
156	159
156	160
157	158
157	159
157	160
157	161
158	159
158	160
158	161
158	167
159	160
159	161
160	161
160	162
161	162
161	166
161	167
162	163
162	164
162	165
162	166
162	167
163	164
163	165
163	166
163	167
163	168
164	165
164	166
164	167
164	168
164	169
164	170
165	166
165	167
165	168
165	169
165	170
166	167
166	168
166	169
166	170
166	171
167	168
167	169
167	170
167	171
167	172
168	169
168	170
168	171
168	172
168	173
169	170
169	171
169	172
169	173
169	174
170	171
170	172
170	173
170	174
171	172
171	173
171	174
171	175
172	173
172	174
172	175
172	176
173	174
173	175
173	176
173	177
174	175
174	176
174	177
174	178
175	176
175	177
175	178
176	177
176	178
176	181
176	182
177	178
177	179
177	182
178	179
178	180
178	181
178	182
179	180
179	181
179	182
179	183
180	181
180	182
180	183
180	184
181	182
181	183
181	184
181	185
182	183
182	184
182	185
182	186
183	184
183	185
183	186
183	187
184	185
184	186
184	187
185	186
185	187
185	188
186	187
186	188
187	188
187	189
188	189
188	190
189	190
189	191
190	191
190	192
191	192
191	193
191	195
191	196
192	193
192	194
192	195
192	196
192	221
193	194
193	195
193	196
193	197
193	221
193	222
193	223
193	224
193	225
194	195
194	196
194	197
194	198
194	224
195	196
195	197
195	198
195	199
196	197
196	198
196	199
196	200
196	225
197	198
197	199
197	200
197	201
197	224
197	225
197	228
198	199
198	200
198	201
198	202
199	200
199	201
199	202
199	203
200	201
200	202
200	203
200	204
201	202
201	203
201	204
201	205
202	203
202	204
202	205
202	206
203	204
203	205
203	206
203	207
204	205
204	206
204	207
204	208
204	209
204	210
204	212
205	206
205	207
205	208
205	209
206	207
206	208
207	208
207	209
208	209
208	210
209	210
209	211
209	212
210	211
210	212
211	212
211	213
211	233
211	234
211	274
212	213
212	214
212	229
212	234
212	235
213	214
213	215
213	234
213	235
213	236
213	269
214	215
214	216
214	226
214	229
214	235
214	236
214	237
215	216
215	236
215	237
215	238
216	217
216	218
216	222
216	237
216	238
216	239
217	218
217	222
217	238
217	239
217	240
217	241
217	242
217	245
218	219
218	220
218	221
218	222
218	241
218	242
218	244
218	245
219	220
219	221
219	222
219	223
219	244
219	245
220	221
220	222
220	223
220	244
220	245
221	222
221	223
221	323
222	223
222	224
222	225
222	226
222	245
223	224
223	225
223	226
223	227
223	245
223	249
224	225
224	226
224	227
224	228
225	226
225	227
225	228
225	229
226	227
226	228
226	229
226	230
226	236
226	249
226	250
227	228
227	229
227	230
227	231
227	249
228	229
228	230
228	231
228	232
229	230
229	231
229	232
229	233
229	234
229	235
229	236
230	231
230	232
230	233
230	234
230	235
230	236
231	232
231	233
232	233
232	234
233	234
233	235
234	235
235	236
235	237
235	251
236	237
236	238
236	250
236	251
236	252
237	238
237	239
237	250
237	251
237	252
237	253
238	239
238	240
238	241
238	245
238	246
238	250
238	252
238	253
238	254
239	240
239	241
239	253
239	254
239	255
240	241
240	242
240	254
240	255
240	256
240	306
240	307
240	309
240	310
241	242
241	243
241	245
241	246
241	306
241	307
241	310
242	243
242	244
242	245
242	246
242	303
242	306
242	307
243	244
243	245
243	246
243	247
243	248
243	303
244	245
244	246
244	247
244	248
244	249
245	246
245	247
245	248
245	249
245	250
246	247
246	248
246	249
246	250
247	248
247	249
247	250
248	249
248	250
249	250
249	251
250	251
250	252
250	253
251	252
251	253
251	293
251	294
252	253
252	254
252	291
252	292
252	293
252	294
253	254
253	255
253	291
253	292
253	293
253	294
254	255
254	256
254	290
254	291
254	292
255	256
255	289
255	290
255	291
255	306
255	309
256	257
256	258
256	261
256	288
256	289
256	290
256	309
257	258
257	259
257	288
257	309
257	313
258	259
258	260
258	261
259	260
259	261
259	262
259	263
260	261
260	262
260	263
260	264
261	262
261	263
261	264
261	265
261	286
261	289
262	263
262	264
262	265
262	266
263	264
263	265
263	266
263	267
264	265
264	266
264	267
264	268
265	266
265	267
265	268
265	269
266	267
266	268
266	269
266	270
267	268
267	269
267	270
267	271
268	269
268	270
268	271
268	272
268	273
268	277
269	270
269	271
269	272
269	273
269	274
269	277
270	271
270	272
270	273
270	274
271	272
271	273
271	274
272	273
272	274
272	275
272	276
272	277
273	274
273	275
273	276
273	277
274	275
274	276
274	277
275	276
275	277
275	278
276	277
276	278
276	279
277	278
277	279
277	280
277	281
278	279
278	280
278	281
279	280
279	281
280	281
280	282
280	283
281	282
281	283
281	284
281	291
282	283
282	284
283	284
283	285
284	285
284	286
285	286
285	287
286	287
286	288
286	289
287	288
287	289
288	289
288	290
289	290
289	291
290	291
290	292
291	292
291	293
292	293
292	294
292	297
293	294
293	295
293	296
293	297
294	295
294	296
294	297
295	296
295	297
296	297
297	298
297	299
298	299
298	300
298	301
298	302
299	300
299	301
299	302
299	303
300	301
300	302
300	303
300	304
301	302
301	303
301	304
301	305
302	303
302	304
302	305
302	306
303	304
303	305
303	306
303	307
304	305
304	306
304	307
304	308
305	306
305	307
305	308
305	309
306	307
306	308
306	309
306	310
307	308
307	309
307	310
307	311
308	309
308	310
308	311
308	312
309	310
309	311
309	312
309	313
310	311
310	312
310	313
310	314
310	318
311	312
311	313
311	314
311	315
311	316
311	318
311	319
312	313
312	314
312	315
313	314
313	315
314	315
314	316
314	317
314	318
315	316
315	317
315	318
316	317
316	318
316	319
317	318
317	319
317	320
318	319
318	320
319	320
319	321
320	321
320	322
321	322
321	323
322	323
