0	1
0	2
1	2
1	3
1	21
1	22
1	23
2	3
2	4
2	22
2	23
2	43
3	4
3	5
3	22
3	23
3	24
3	25
3	41
3	42
3	43
3	44
4	5
4	6
4	23
4	24
4	25
4	42
4	43
4	44
4	45
5	6
5	7
5	24
5	25
5	26
5	42
5	44
5	45
5	46
6	7
6	8
6	25
6	26
6	27
6	45
6	46
6	47
7	8
7	26
7	27
7	28
7	29
7	46
7	47
8	9
8	10
8	28
8	29
8	47
8	48
8	50
8	51
9	10
9	11
10	11
10	12
10	14
10	290
11	12
11	13
11	14
11	286
11	287
11	290
12	13
12	14
12	15
12	16
13	14
13	15
13	16
13	17
13	287
13	290
13	291
14	15
14	16
14	17
14	18
14	290
14	291
14	294
15	16
15	17
15	18
15	19
16	17
16	18
16	19
17	18
17	19
17	291
17	294
18	19
18	22
18	294
19	20
19	21
19	22
20	21
20	22
21	22
22	23
22	24
23	24
23	25
24	25
24	26
25	26
26	27
27	28
27	29
27	34
27	35
28	29
28	30
28	31
28	34
28	35
29	30
29	31
29	32
29	35
29	50
29	51
30	31
30	32
30	50
30	51
31	32
31	33
31	34
31	35
32	33
32	34
32	35
32	36
33	34
33	35
33	36
33	37
34	35
34	36
34	37
34	38
35	36
35	37
35	38
35	39
36	37
36	38
36	39
36	57
36	60
37	38
37	39
37	40
38	39
38	40
38	41
39	40
39	41
39	42
39	60
39	61
40	41
40	42
40	60
40	61
40	62
40	63
41	42
41	43
41	61
41	63
42	43
42	44
42	45
42	61
42	63
42	64
43	44
43	63
43	64
43	65
43	66
44	45
44	46
44	64
44	65
44	66
44	67
44	297
45	46
45	47
45	66
45	67
45	68
46	47
46	67
46	68
46	69
47	48
47	49
47	51
47	68
47	69
47	70
48	49
48	50
48	69
48	70
48	71
49	50
49	51
49	76
50	51
50	52
51	52
51	53
51	76
52	53
52	54
52	76
52	77
53	54
53	57
53	76
53	77
53	78
54	55
54	56
54	57
54	58
54	77
54	78
55	56
55	57
55	58
55	59
55	78
55	81
56	57
56	58
56	59
56	60
57	58
57	59
57	60
57	61
58	59
58	60
58	61
58	82
59	60
59	61
59	62
60	61
60	62
61	62
61	63
61	64
62	63
62	64
63	64
63	65
64	65
64	66
64	87
65	66
65	87
65	88
66	67
66	68
66	87
66	88
66	89
66	297
66	300
67	68
67	69
67	88
67	89
67	90
68	69
68	70
68	89
68	90
68	91
68	293
69	70
69	71
69	90
69	91
69	92
69	293
70	71
70	91
70	92
70	289
70	290
70	293
71	72
71	73
71	91
71	92
71	93
71	95
71	289
72	73
72	74
72	91
72	92
72	93
72	96
73	74
73	75
74	75
74	76
74	77
75	76
75	77
76	77
76	78
77	78
77	79
78	79
78	80
78	81
78	82
79	80
79	81
79	82
79	83
79	89
80	81
80	82
80	83
80	84
81	82
81	83
81	84
81	85
82	83
82	84
82	85
82	86
82	87
82	88
83	84
83	85
83	86
83	87
83	88
83	311
84	85
84	86
85	86
85	87
86	87
86	88
87	88
87	89
88	89
88	90
88	309
88	311
89	90
89	309
89	310
89	311
90	91
90	92
90	308
90	309
90	310
91	92
91	93
91	293
91	308
91	309
92	93
92	94
92	95
92	289
92	292
92	293
92	308
93	94
93	95
94	95
94	96
94	97
94	319
95	96
95	97
95	285
95	288
95	289
96	97
96	98
96	99
96	100
96	280
96	285
97	98
97	99
97	100
97	101
97	150
98	99
98	100
98	101
98	102
99	100
99	101
99	102
99	103
99	279
99	280
99	282
99	285
100	101
100	102
100	103
100	104
100	150
100	279
100	280
101	102
101	103
101	104
101	105
101	150
101	153
101	154
102	103
102	104
102	105
102	106
103	104
103	105
103	106
103	107
103	279
104	105
104	106
104	107
104	108
104	228
105	106
105	107
105	108
105	109
106	107
106	108
106	109
106	110
107	108
107	109
107	110
107	111
107	226
107	252
108	109
108	110
108	111
108	112
108	226
108	252
109	110
109	111
109	112
109	113
110	111
110	112
110	113
110	114
110	115
110	273
111	112
111	113
111	114
111	115
111	250
111	251
111	252
111	272
111	273
112	113
112	114
112	134
112	135
112	250
113	114
113	115
113	134
113	135
114	115
114	116
114	117
114	118
114	134
115	116
115	117
115	118
115	119
116	117
116	118
116	119
116	120
117	118
117	119
117	120
117	121
117	270
118	119
118	120
118	121
118	122
119	120
119	121
119	122
119	123
120	121
120	122
120	123
120	124
121	122
121	123
121	124
121	125
121	126
121	128
122	123
122	124
122	125
122	126
122	127
123	124
123	125
124	125
124	126
125	126
125	127
126	127
126	128
127	128
127	129
128	129
128	130
128	131
129	130
129	131
129	132
130	131
130	132
131	132
131	133
132	133
132	134
133	134
133	135
134	135
134	136
135	136
135	137
136	137
136	138
137	138
137	139
137	140
137	161
137	163
138	139
138	140
138	161
138	162
138	163
139	140
139	141
139	162
139	163
139	164
140	141
140	142
140	163
140	164
140	195
141	142
141	143
141	163
141	164
141	165
141	193
141	194
141	195
141	196
142	143
142	144
142	163
142	164
142	165
142	166
142	194
142	195
142	196
142	197
143	144
143	145
143	165
143	166
143	167
143	190
143	194
143	196
143	197
143	198
144	145
144	146
144	151
144	155
144	166
144	167
144	168
144	197
144	198
144	199
145	146
145	147
145	167
145	168
145	169
145	198
145	199
145	200
146	147
146	148
146	151
146	168
146	169
146	199
146	200
146	201
146	202
146	203
147	148
147	149
147	151
147	152
147	169
147	172
147	200
147	201
147	202
147	203
148	149
148	150
148	151
148	152
148	201
148	202
148	203
149	150
149	151
149	152
149	153
150	151
150	152
150	153
150	154
151	152
151	153
151	154
151	155
151	200
152	153
152	154
152	155
152	156
153	154
153	155
153	156
153	157
154	155
154	156
154	157
154	158
155	156
155	157
155	158
155	159
155	165
156	157
156	158
156	159
156	160
156	180
157	158
157	159
157	160
158	159
158	160
158	161
158	163
159	160
159	161
159	162
159	163
159	164
159	165
160	161
160	162
161	162
161	163
162	163
162	164
163	164
163	165
164	165
164	166
165	166
165	167
165	182
165	183
166	167
166	182
166	183
166	184
166	185
166	190
167	168
167	169
167	182
167	183
167	184
167	185
167	190
168	169
168	170
168	184
168	185
168	186
168	187
168	190
169	170
169	171
169	172
169	202
170	171
170	172
171	172
171	173
171	203
171	204
172	173
172	174
172	203
173	174
173	175
173	176
173	177
173	353
173	356
174	175
174	176
174	177
174	178
175	176
175	177
175	178
175	179
175	353
176	177
176	178
176	179
176	180
176	353
177	178
177	179
177	180
177	181
177	182
178	179
178	180
178	181
178	182
178	183
179	180
179	181
180	181
180	182
181	182
181	183
182	183
182	184
183	184
183	185
184	185
185	186
185	187
185	189
185	190
186	187
186	188
186	189
186	190
187	188
187	189
187	190
187	191
188	189
188	190
188	191
188	192
189	190
189	191
189	192
189	193
190	191
190	192
190	193
190	194
191	192
191	193
191	194
191	218
191	219
192	193
192	194
192	218
192	219
192	220
193	194
193	195
193	220
194	195
194	196
194	197
194	219
194	220
194	223
195	196
195	197
195	220
195	223
195	224
196	197
196	198
196	223
196	224
196	225
197	198
197	199
197	224
197	225
197	226
198	199
198	200
198	225
198	226
198	227
199	200
199	226
199	227
199	229
200	201
200	202
200	229
201	202
201	203
201	205
201	229
202	203
202	204
202	205
202	208
203	204
203	205
204	205
204	206
204	207
205	206
205	207
205	208
206	207
206	208
207	208
207	209
208	209
208	210
209	210
209	211
210	211
210	212
210	233
210	234
210	235
211	212
211	215
211	216
211	233
211	234
211	235
212	213
212	214
212	215
212	216
212	234
212	235
212	238
213	214
213	215
213	216
213	217
213	238
214	215
214	216
214	217
214	218
215	216
215	217
215	218
215	219
216	217
216	218
216	219
217	218
217	219
218	219
218	220
219	220
219	221
219	223
220	221
220	222
220	223
221	222
221	223
221	247
221	248
222	223
222	224
222	247
222	248
222	249
223	224
223	225
223	248
223	249
224	225
224	226
224	248
224	249
224	250
224	251
225	226
225	227
225	250
225	251
225	252
226	227
226	228
226	251
226	252
226	253
227	228
227	229
227	230
227	252
227	253
227	254
227	255
228	229
228	230
228	253
228	254
228	255
228	279
229	230
229	255
230	231
230	232
230	233
230	255
231	232
231	233
231	255
231	256
231	257
231	258
232	233
232	234
232	235
232	236
232	256
232	257
233	234
233	235
234	235
234	236
235	236
235	237
235	238
235	239
236	237
236	238
236	239
236	240
237	238
237	239
237	240
237	241
238	239
238	240
238	241
238	242
239	240
239	241
239	242
239	243
240	241
240	242
240	243
240	244
240	266
241	242
241	243
241	244
241	245
242	243
242	244
242	245
242	246
242	247
242	248
243	244
243	245
243	246
243	247
243	248
243	249
244	245
244	246
245	246
245	247
246	247
246	248
246	249
247	248
247	249
248	249
248	250
249	250
249	271
250	251
250	271
250	272
251	252
251	253
251	271
251	272
251	273
252	253
252	254
252	272
252	273
252	274
253	254
253	255
253	273
253	274
253	275
254	255
254	274
254	275
254	276
254	277
254	278
254	279
255	256
255	276
255	277
256	257
256	258
256	259
256	261
257	258
257	259
258	259
258	260
258	261
259	260
259	261
260	261
260	262
261	262
261	263
261	264
262	263
262	264
263	264
263	265
264	265
264	266
264	267
265	266
265	267
265	268
266	267
266	268
266	269
266	272
267	268
267	269
268	269
268	270
269	270
269	271
269	272
270	271
270	272
271	272
271	273
272	273
272	274
273	274
274	275
274	276
275	276
275	277
275	278
276	277
276	278
277	278
277	279
278	279
278	280
278	281
279	280
279	281
280	281
280	282
280	285
281	282
281	283
282	283
282	284
282	285
282	286
283	284
283	285
283	286
283	287
284	285
284	286
284	287
284	288
285	286
285	287
285	288
285	289
286	287
286	288
286	289
286	290
287	288
287	289
287	290
287	291
288	289
288	290
288	291
288	292
289	290
289	291
289	292
289	293
290	291
290	292
290	293
290	294
291	292
291	293
291	294
291	295
292	293
292	294
292	295
292	296
293	294
293	295
293	296
293	297
294	295
294	296
294	297
294	298
295	296
295	297
295	298
295	299
296	297
296	298
296	299
296	300
296	306
296	308
297	298
297	299
297	300
297	301
298	299
298	300
298	301
298	302
299	300
299	301
299	302
299	303
299	304
299	305
299	306
300	301
300	302
300	303
300	304
300	306
301	302
301	303
302	303
302	304
303	304
303	305
304	305
304	306
305	306
305	307
305	381
306	307
306	308
306	309
307	308
307	309
307	317
307	322
308	309
308	310
308	316
308	317
309	310
309	311
309	312
309	316
310	311
310	312
310	315
310	316
311	312
311	313
311	315
312	313
312	314
312	315
313	314
313	315
314	315
315	316
315	317
316	317
316	318
317	318
317	319
317	321
317	322
318	319
318	320
318	321
318	322
319	320
319	321
319	322
320	321
320	322
321	322
321	323
321	324
321	357
321	359
322	323
322	324
322	325
323	324
323	325
323	326
324	325
324	326
324	327
324	328
325	326
325	327
325	328
325	329
325	362
325	365
326	327
326	328
326	329
326	330
327	328
327	329
327	330
327	331
327	426
327	435
328	329
328	330
328	331
328	332
328	362
328	365
328	366
329	330
329	331
329	332
329	333
329	365
329	366
329	368
329	369
330	331
330	332
330	333
330	334
330	369
330	525
331	332
331	333
331	334
331	335
331	366
331	412
331	424
331	425
331	426
332	333
332	334
332	335
332	336
332	366
332	367
332	369
332	370
332	412
333	334
333	335
333	336
333	337
333	369
333	370
333	372
333	373
334	335
334	336
334	337
334	338
334	424
335	336
335	337
335	338
335	339
335	370
335	412
335	413
335	414
335	422
335	423
335	424
336	337
336	338
336	339
336	370
336	373
337	338
337	339
337	373
338	339
338	340
338	521
339	340
339	341
339	342
339	343
339	422
340	341
340	342
341	342
341	343
341	416
342	343
342	344
342	416
343	344
343	345
343	346
343	393
343	414
343	415
343	416
343	417
344	345
344	392
344	393
344	394
344	415
344	416
344	417
345	346
345	347
345	393
345	394
345	395
345	414
345	415
346	347
346	348
346	394
346	395
346	396
346	412
346	413
346	414
346	415
347	348
347	349
347	395
347	396
347	397
347	412
347	413
347	414
348	349
348	350
348	363
348	396
348	397
348	398
348	410
348	411
348	412
348	413
349	350
349	351
349	397
349	398
349	399
349	410
349	411
349	412
350	351
350	352
350	354
350	355
350	398
350	399
350	400
350	409
350	410
350	411
351	352
351	353
351	354
351	355
351	399
351	400
351	401
351	402
351	403
351	408
351	409
351	410
352	353
352	354
352	355
352	400
352	401
352	402
352	403
352	407
352	408
352	409
353	354
353	355
353	356
353	401
353	407
353	408
354	355
354	356
354	357
354	408
355	356
355	357
355	399
355	400
355	401
356	357
356	358
357	358
357	359
358	359
358	360
359	360
359	361
359	362
360	361
360	362
360	363
361	362
361	363
361	364
361	365
362	363
362	364
362	365
362	366
363	364
363	365
363	366
363	367
363	397
364	365
364	366
364	367
364	368
364	381
365	366
365	367
365	368
365	369
366	367
366	368
366	369
366	370
367	368
367	369
367	370
367	371
367	384
368	369
368	370
368	371
368	372
368	379
368	384
369	370
369	371
369	372
369	373
370	371
370	372
370	373
371	372
371	373
371	374
371	375
371	379
372	373
372	374
372	375
372	378
372	379
373	374
373	375
374	375
374	376
375	376
375	377
375	378
376	377
376	378
377	378
377	379
378	379
378	380
379	380
379	381
379	383
379	384
380	381
380	382
380	383
380	384
381	382
381	383
381	384
382	383
382	384
382	385
383	384
383	385
383	386
383	387
384	385
384	386
384	387
384	388
385	386
385	387
385	388
385	389
386	387
386	388
386	389
386	390
387	388
387	389
387	390
387	391
388	389
388	390
388	391
388	392
388	393
388	394
389	390
389	391
389	392
389	393
389	394
390	391
390	392
391	392
391	393
392	393
392	394
393	394
393	395
394	395
394	396
395	396
396	397
396	398
397	398
397	399
398	399
398	400
399	400
399	401
400	401
400	402
401	402
401	403
402	403
402	404
403	404
403	405
403	406
403	407
403	408
404	405
404	406
405	406
405	407
406	407
406	408
406	409
407	408
407	409
408	409
408	427
409	410
409	411
409	425
409	426
409	427
410	411
410	412
410	425
410	426
410	427
411	412
411	413
411	423
411	424
411	425
411	426
412	413
412	414
412	423
412	424
412	425
413	414
413	415
413	422
413	423
413	424
414	415
414	416
414	421
414	422
414	423
415	416
415	417
415	419
415	420
415	421
415	422
416	417
416	418
416	419
416	420
416	421
417	418
417	419
418	419
418	420
419	420
419	421
420	421
421	422
421	423
422	423
422	424
422	441
423	424
423	425
423	440
423	441
424	425
424	439
424	440
424	441
425	426
425	437
425	438
425	439
425	440
426	427
426	436
426	437
426	438
426	439
427	428
427	429
427	435
427	436
427	437
427	438
428	429
428	433
428	434
428	435
428	436
429	430
429	431
429	433
429	434
430	431
430	432
430	433
430	434
431	432
431	433
432	433
432	434
433	434
433	435
434	435
434	436
435	436
435	448
435	449
436	437
436	438
436	446
436	447
436	448
436	449
437	438
437	439
437	445
437	446
437	447
437	448
437	449
438	439
438	444
438	445
438	446
438	447
439	440
439	441
439	442
439	443
439	444
439	445
440	441
440	442
440	443
440	444
441	442
441	443
442	443
442	444
443	444
443	445
443	485
444	445
445	446
445	447
445	483
446	447
446	448
447	448
447	449
448	449
448	450
449	450
449	525
450	451
450	452
450	525
450	526
451	452
451	453
451	498
451	524
451	525
451	526
452	453
452	454
452	498
452	499
452	500
452	501
452	502
452	522
452	523
452	524
452	525
453	454
453	455
453	496
453	497
453	498
453	499
453	522
453	523
453	524
454	455
454	456
454	496
454	497
454	498
454	521
454	522
454	523
455	456
455	457
455	495
455	496
455	497
455	520
455	521
455	522
456	457
456	458
456	494
456	495
456	496
456	517
456	519
456	520
456	521
457	458
457	493
457	494
457	495
457	517
457	518
457	519
457	520
458	459
458	460
458	492
458	493
458	494
458	515
458	516
458	517
458	518
459	460
459	461
459	491
459	492
459	493
459	515
459	516
459	517
460	461
460	462
460	464
460	491
460	492
460	493
461	462
461	463
461	464
462	463
462	464
463	464
463	465
463	466
463	467
464	465
464	466
464	467
464	468
464	515
465	466
465	467
465	468
465	469
466	467
466	468
466	469
466	470
467	468
467	469
467	470
467	471
467	514
468	469
468	470
468	471
468	472
468	511
469	470
469	471
469	472
469	473
470	471
470	472
470	473
470	474
471	472
471	473
471	474
471	475
471	511
472	473
472	474
472	475
472	476
472	477
473	474
473	475
473	476
473	477
473	478
474	475
474	476
475	476
475	477
476	477
476	478
477	478
477	479
477	499
477	500
477	501
478	479
478	480
478	499
478	500
479	480
479	481
479	497
479	498
479	499
479	500
480	481
480	498
480	499
480	500
481	482
481	483
481	497
481	498
482	483
482	484
482	495
482	496
482	497
482	498
483	484
483	485
483	495
483	496
483	497
484	485
484	486
484	494
484	495
484	496
485	486
485	487
485	493
485	494
485	495
486	487
486	488
486	492
486	493
486	494
487	488
487	489
487	490
487	492
487	493
488	489
488	490
489	490
490	491
490	492
491	492
492	493
492	494
493	494
493	495
494	495
495	496
495	497
496	497
496	498
497	498
497	499
498	499
498	500
499	500
499	501
500	501
501	502
501	503
502	503
502	504
503	504
503	505
503	507
503	508
504	505
504	506
504	507
504	508
505	506
505	507
505	508
505	509
506	507
506	508
506	509
506	510
507	508
507	509
507	510
507	511
508	509
508	510
508	511
508	512
509	510
509	511
509	512
509	513
510	511
510	512
510	513
510	514
511	512
511	513
511	514
511	515
512	513
512	514
512	515
512	516
512	517
512	520
513	514
513	515
513	516
513	517
514	515
514	516
515	516
515	517
516	517
516	518
517	518
517	519
517	520
518	519
519	520
519	521
520	521
521	522
521	523
522	523
523	524
523	525
524	525
524	526
525	526
