0	1
0	2
1	2
1	3
2	3
2	4
3	4
3	5
4	5
4	6
4	101
4	102
4	103
4	163
5	6
5	7
5	101
5	102
5	103
6	7
6	8
6	66
6	67
6	100
6	101
6	102
7	8
7	66
7	100
7	101
7	102
8	9
8	10
8	64
8	65
8	66
8	99
8	100
9	10
9	11
9	63
9	64
9	65
9	66
9	67
9	68
9	71
9	98
9	99
9	100
10	11
10	62
10	63
10	64
10	96
10	97
10	98
10	99
11	12
11	13
11	61
11	62
11	63
11	94
11	95
11	96
11	97
12	13
12	14
12	60
12	61
12	62
12	94
12	95
12	96
13	14
13	15
13	59
13	60
13	61
13	91
13	92
13	93
13	94
13	95
14	15
14	16
14	58
14	59
14	60
14	91
14	92
14	93
15	16
15	17
15	58
15	59
15	79
15	89
15	90
15	91
15	92
16	17
16	58
16	89
16	90
17	18
17	19
17	57
17	58
17	88
17	89
18	19
18	56
18	57
18	58
19	20
19	21
19	56
19	57
19	58
20	21
20	22
20	23
20	24
20	56
21	22
21	23
21	24
21	25
21	41
21	56
22	23
22	24
22	25
22	26
23	24
23	25
23	26
23	27
24	25
24	26
24	27
24	28
24	85
25	26
25	27
25	28
25	31
25	32
25	33
25	41
26	27
26	28
27	28
27	29
27	85
28	29
28	30
28	31
29	30
29	31
30	31
30	43
30	44
30	45
31	32
31	33
31	41
31	42
31	43
31	44
32	33
32	34
32	41
32	42
32	43
33	34
33	35
33	40
33	41
33	42
34	35
34	36
34	37
34	38
35	36
35	37
35	38
35	39
36	37
36	38
37	38
37	39
38	39
38	40
39	40
39	55
40	41
40	42
40	53
40	54
40	55
41	42
41	43
41	53
41	54
41	55
42	43
42	44
42	51
42	52
42	53
42	54
43	44
43	51
43	52
43	53
44	45
44	46
44	50
44	51
44	52
45	46
45	47
45	48
45	49
45	50
45	51
46	47
46	48
46	49
47	48
47	49
48	49
48	50
48	70
48	74
49	50
49	65
50	51
50	52
50	63
50	64
50	65
50	74
51	52
51	53
51	62
51	63
51	64
52	53
52	54
52	60
52	61
52	62
52	63
53	54
53	55
53	60
53	61
53	62
54	55
54	58
54	59
54	60
54	61
55	56
55	57
55	58
55	59
55	60
56	57
56	58
57	58
57	59
58	59
58	60
59	60
60	61
60	62
61	62
61	63
62	63
62	75
63	64
63	65
64	65
64	66
65	66
65	67
65	70
65	71
66	67
66	70
67	68
67	69
67	70
67	71
68	69
68	70
68	71
68	72
69	70
69	71
69	72
69	73
70	71
70	72
70	73
70	74
71	72
71	73
71	74
71	75
72	73
72	74
72	75
72	76
73	74
73	75
73	76
73	77
74	75
74	76
74	77
74	78
75	76
75	77
75	78
75	79
76	77
76	78
76	79
76	80
76	91
77	78
77	79
77	80
77	81
78	79
78	80
78	81
78	82
79	80
79	81
79	82
79	83
79	89
79	90
79	91
80	81
80	82
80	83
80	84
81	82
81	83
81	84
81	85
82	83
82	84
82	85
82	86
82	87
82	89
83	84
83	85
83	86
83	87
83	88
83	89
84	85
84	86
85	86
85	87
86	87
86	88
87	88
87	89
88	89
88	90
89	90
89	91
90	91
90	92
91	92
92	93
92	94
93	94
93	95
94	95
94	96
95	96
95	97
96	97
96	98
96	157
97	98
97	157
98	99
98	100
98	155
98	156
98	157
99	100
99	101
99	154
99	155
99	156
99	157
100	101
100	153
100	154
100	155
101	102
101	152
101	153
101	154
101	162
102	103
102	151
102	152
102	153
103	104
103	105
103	150
103	151
103	152
104	105
104	106
104	149
104	150
104	151
105	106
105	107
105	149
105	150
106	107
106	149
107	108
107	109
107	148
107	149
107	177
107	178
107	179
108	109
108	110
108	147
108	148
108	149
108	177
108	178
108	179
109	110
109	111
109	147
109	148
109	149
109	173
109	176
109	177
109	178
110	111
110	112
110	113
110	114
110	147
110	176
110	177
110	178
111	112
111	113
111	114
111	115
111	132
111	147
112	113
112	114
112	115
112	116
113	114
113	115
113	116
113	117
113	176
114	115
114	116
114	117
114	118
114	176
115	116
115	117
115	118
115	119
115	122
115	123
115	124
116	117
116	118
116	119
117	118
117	119
118	119
118	120
118	121
118	122
119	120
119	121
119	122
120	121
120	122
121	122
121	123
121	134
121	135
121	136
122	123
122	124
122	132
122	133
122	134
122	135
123	124
123	125
123	132
123	133
123	134
124	125
124	126
124	131
124	132
124	133
125	126
125	127
125	128
125	129
126	127
126	128
126	129
126	130
126	131
127	128
127	129
127	130
128	129
128	130
129	130
129	131
130	131
130	132
131	132
131	133
131	144
131	145
131	146
132	133
132	134
132	144
132	145
132	146
133	134
133	135
133	142
133	143
133	144
133	145
134	135
134	136
134	142
134	143
134	144
135	136
135	137
135	141
135	142
135	143
136	137
136	138
136	139
136	140
136	141
136	142
137	138
137	139
137	140
138	139
138	140
139	140
139	141
139	161
139	164
139	165
140	141
140	142
141	142
141	143
141	153
141	154
141	155
141	156
141	165
142	143
142	144
142	153
142	154
142	155
143	144
143	145
143	151
143	152
143	153
143	154
144	145
144	146
144	151
144	152
144	153
145	146
145	150
145	151
145	152
146	147
146	148
146	149
146	150
146	151
147	148
147	149
148	149
148	150
149	150
149	151
150	151
150	152
151	152
151	153
152	153
152	154
153	154
153	162
154	155
154	156
155	156
155	157
156	157
156	158
156	159
156	161
156	162
157	158
158	159
158	160
158	161
159	160
159	161
159	162
159	163
160	161
160	162
160	163
160	164
161	162
161	163
161	164
161	165
162	163
162	164
162	165
162	166
163	164
163	165
163	166
163	167
164	165
164	166
164	167
164	168
165	166
165	167
165	168
165	169
166	167
166	168
166	169
166	170
167	168
167	169
167	170
168	169
168	170
168	171
169	170
169	171
169	172
169	173
170	171
170	172
170	173
170	174
171	172
171	173
171	174
171	175
172	173
172	174
172	175
172	176
173	174
173	175
173	176
173	177
174	175
174	176
174	177
175	176
175	177
176	177
176	178
177	178
177	179
178	179
