0	1
0	2
1	2
1	3
1	40
1	41
2	3
2	4
2	40
3	4
3	5
3	6
3	40
4	5
4	6
4	7
5	6
5	7
5	8
5	11
5	40
6	7
6	8
6	11
6	12
7	8
7	9
7	11
7	12
8	9
8	10
8	11
8	12
9	10
9	11
9	12
9	13
10	11
10	12
10	13
10	14
11	12
11	13
11	14
11	15
12	13
12	14
12	15
12	16
13	14
13	15
13	16
13	17
14	15
14	16
14	17
14	18
15	16
15	17
15	18
15	19
16	17
16	18
16	19
16	20
17	18
17	19
17	20
17	21
18	19
18	20
18	21
18	22
18	32
19	20
19	21
19	22
19	23
20	21
20	22
20	23
20	24
21	22
21	23
21	24
21	25
21	26
21	27
22	23
22	24
22	25
22	26
22	27
22	28
22	29
23	24
23	25
23	26
24	25
24	26
25	26
25	27
26	27
26	28
27	28
27	29
28	29
28	30
28	31
29	30
29	31
29	32
30	31
30	32
30	33
30	34
31	32
31	33
31	34
31	35
32	33
32	34
32	35
32	36
33	34
33	35
33	36
33	37
34	35
34	36
34	37
34	38
35	36
35	37
35	38
35	39
36	37
36	38
36	39
36	40
37	38
37	39
37	40
37	41
38	39
38	40
38	41
38	42
39	40
39	41
39	42
39	43
40	41
40	42
40	43
40	44
41	42
41	43
41	44
41	45
42	43
42	44
42	45
42	46
43	44
43	45
43	46
43	47
44	45
44	46
44	47
44	48
45	46
45	47
45	48
45	49
46	47
46	48
46	49
46	50
47	48
47	49
47	50
47	51
48	49
48	50
48	51
49	50
49	51
50	51
51	52
51	53
52	53
52	54
53	54
53	55
53	82
53	83
54	55
54	56
54	82
54	83
55	56
55	57
55	80
55	81
55	82
55	83
56	57
56	58
56	80
56	81
56	82
57	58
57	59
57	78
57	79
57	80
57	81
58	59
58	78
58	79
58	80
59	60
59	61
59	75
59	76
59	77
59	78
59	79
60	61
60	62
60	75
60	76
60	77
60	78
61	62
61	63
61	74
61	75
61	76
62	63
62	74
62	75
62	76
63	64
63	65
63	73
63	74
64	65
64	72
64	73
64	74
65	66
65	67
65	71
65	72
65	73
66	67
66	68
66	70
66	71
66	72
67	68
67	69
67	70
68	69
68	70
69	70
69	71
69	96
69	97
70	71
70	72
70	94
70	95
70	96
70	97
71	72
71	73
71	94
71	95
71	96
72	73
72	74
72	93
72	94
72	95
73	74
73	75
73	92
73	93
73	94
74	75
74	76
74	90
74	91
74	92
74	93
75	76
75	77
75	78
75	90
75	91
75	92
76	77
76	78
76	89
76	90
76	91
77	78
77	88
77	89
77	90
78	79
78	80
78	87
78	88
78	89
79	80
79	81
79	85
79	86
79	87
79	88
80	81
80	82
80	85
80	86
80	87
81	82
81	83
81	84
81	85
81	86
82	83
82	84
82	85
84	85
84	86
85	86
85	87
86	87
86	88
87	88
87	89
88	89
88	90
88	91
89	90
89	91
90	91
90	92
91	92
91	93
92	93
92	94
93	94
93	95
94	95
94	96
95	96
95	97
96	97
96	98
97	98
97	99
98	99
