0	1
0	2
0	90
0	91
1	2
1	3
1	90
1	91
2	3
2	4
2	5
3	4
3	5
3	6
3	7
4	5
4	6
4	7
4	8
5	6
5	7
5	8
5	9
6	7
6	8
6	9
6	10
6	86
7	8
7	9
7	10
7	11
7	12
7	13
8	9
8	10
8	11
8	12
9	10
9	11
9	86
10	11
10	12
11	12
11	13
12	13
12	14
13	14
13	15
14	15
14	16
14	17
14	118
15	16
15	17
15	118
16	17
16	18
16	19
16	118
17	18
17	19
17	20
17	21
18	19
18	20
18	21
18	22
19	20
19	21
19	22
19	23
19	114
20	21
20	22
20	23
20	24
20	111
20	114
21	22
21	23
21	24
21	25
22	23
22	24
22	25
22	33
22	34
22	35
23	24
23	25
23	34
23	35
23	38
23	107
23	110
23	111
23	114
24	25
24	26
24	35
24	91
24	92
24	93
24	107
25	26
25	27
25	29
25	30
25	34
25	35
25	92
25	93
25	94
26	27
26	28
26	29
26	30
26	34
26	35
26	93
26	94
27	28
27	29
27	30
27	31
27	34
28	29
28	30
28	31
28	94
28	95
28	96
29	30
29	31
29	93
29	94
29	95
30	31
30	32
30	33
30	34
31	32
31	33
31	34
32	33
32	34
33	34
34	35
34	36
35	36
35	37
35	38
35	39
35	107
35	110
36	37
36	38
36	39
36	40
37	38
37	39
37	40
37	41
38	39
38	40
38	41
38	42
38	110
38	113
38	114
39	40
39	41
39	42
39	43
39	106
39	107
39	109
39	110
39	113
40	41
40	42
40	43
41	42
41	43
41	44
41	45
41	113
42	43
42	44
42	45
42	46
42	109
42	110
42	112
42	113
43	44
43	45
43	46
43	47
43	109
44	45
44	46
44	47
44	48
45	46
45	47
45	48
45	49
45	113
46	47
46	48
46	49
46	50
46	109
47	48
47	49
47	50
47	51
47	74
48	49
48	50
48	51
48	52
49	50
49	51
49	52
49	53
49	127
50	51
50	52
50	53
50	54
51	52
51	53
51	54
51	55
51	70
52	53
52	54
52	55
52	56
53	54
53	55
53	56
53	57
54	55
54	56
54	57
54	58
55	56
55	57
55	58
55	61
56	57
56	58
57	58
57	59
57	139
58	59
58	60
58	61
58	142
59	60
59	61
60	61
60	62
60	65
61	62
61	63
61	65
61	66
62	63
62	64
62	65
62	66
63	64
63	65
63	66
63	67
64	65
64	66
64	67
65	66
65	67
65	68
66	67
66	68
66	69
66	70
67	68
67	69
67	70
67	71
68	69
68	70
68	71
68	72
68	147
69	70
69	71
69	72
69	73
69	142
69	145
69	146
69	147
70	71
70	72
70	73
70	74
71	72
71	73
71	74
71	75
72	73
72	74
72	75
72	78
72	146
72	147
72	148
73	74
73	75
73	78
74	75
74	76
74	78
74	79
75	76
75	77
75	78
75	79
76	77
76	78
76	79
76	80
76	101
76	102
76	105
77	78
77	79
77	80
77	81
78	79
78	80
78	81
78	82
79	80
79	81
79	82
79	83
79	105
80	81
80	82
80	83
80	84
80	101
80	104
80	105
81	82
81	83
81	84
82	83
82	84
82	85
82	134
83	84
83	85
83	86
83	87
83	88
83	108
84	85
84	86
84	87
84	88
85	86
85	87
86	87
86	88
87	88
87	89
87	90
88	89
88	90
88	91
88	92
89	90
89	91
89	92
89	104
90	91
90	92
91	92
91	93
92	93
92	94
93	94
93	95
94	95
94	96
95	96
95	97
96	97
96	98
97	98
97	99
98	99
98	100
99	100
99	103
99	104
100	101
100	102
100	103
100	104
101	102
101	103
101	104
101	105
102	103
102	104
102	105
102	106
103	104
103	105
103	106
103	107
104	105
104	106
104	107
104	108
105	106
105	107
105	108
105	109
106	107
106	108
106	109
106	110
107	108
107	109
107	110
107	111
108	109
108	110
108	111
108	112
109	110
109	111
109	112
109	113
110	111
110	112
110	113
110	114
111	112
111	113
111	114
111	115
112	113
112	114
112	115
112	116
113	114
113	115
113	116
113	117
114	115
114	116
114	117
114	118
115	116
115	117
115	118
115	119
115	126
116	117
116	118
116	119
116	120
116	121
116	122
116	123
116	126
117	118
117	119
117	120
117	121
118	119
118	120
119	120
119	121
119	122
120	121
120	122
121	122
121	123
122	123
122	124
122	125
122	126
123	124
123	125
123	126
123	127
124	125
124	126
124	127
124	128
125	126
125	127
125	128
125	129
126	127
126	128
126	129
126	130
127	128
127	129
127	130
127	131
128	129
128	130
128	131
128	132
129	130
129	131
129	132
129	133
130	131
130	132
130	133
130	134
131	132
131	133
131	134
131	135
132	133
132	134
132	135
133	134
133	135
134	135
134	136
134	137
134	138
135	136
135	137
135	138
135	139
136	137
136	138
136	139
136	140
137	138
137	139
137	140
137	141
138	139
138	140
138	141
138	142
139	140
139	141
139	142
139	143
140	141
140	142
140	143
140	144
141	142
141	143
141	144
141	145
141	146
142	143
142	144
142	145
142	146
143	144
143	145
144	145
144	146
145	146
145	147
146	147
147	148
147	149
148	149
148	150
149	150
149	151
149	153
149	154
150	151
150	152
150	153
150	154
151	152
151	153
151	154
151	155
151	206
151	209
151	210
152	153
152	154
152	155
152	156
152	206
152	209
153	154
153	155
153	156
153	157
154	155
154	156
154	157
154	158
155	156
155	157
155	158
155	159
155	209
155	213
156	157
156	158
156	159
156	160
156	166
156	167
157	158
157	159
157	160
157	161
158	159
158	160
158	161
158	162
159	160
159	161
159	162
159	163
159	164
159	165
159	166
159	167
160	161
160	162
160	163
160	164
160	165
160	166
161	162
161	163
161	164
162	163
162	164
163	164
163	165
164	165
165	166
165	167
166	167
166	168
167	168
167	169
167	187
167	188
167	189
168	169
168	170
168	187
168	188
168	189
169	170
169	171
169	185
169	186
169	187
169	188
170	171
170	172
170	185
170	186
170	187
171	172
171	173
171	184
171	185
171	186
172	173
172	184
172	185
172	186
173	174
173	175
173	183
173	184
174	175
174	181
174	182
174	183
174	184
175	176
175	177
175	181
175	182
175	183
176	177
176	178
176	180
176	181
176	182
177	178
177	179
177	180
177	181
178	179
178	180
178	181
179	180
179	181
180	181
180	182
181	182
181	183
181	199
182	183
182	184
182	197
182	198
182	199
182	200
183	184
183	185
183	197
183	198
183	199
183	200
183	201
183	204
184	185
184	186
184	195
184	196
184	197
184	198
184	204
185	186
185	187
185	195
185	196
185	197
185	204
185	205
185	208
186	187
186	188
186	193
186	194
186	195
186	196
186	208
187	188
187	193
187	194
187	195
187	205
187	208
187	209
188	189
188	190
188	192
188	193
188	194
189	190
189	191
189	192
189	193
190	191
190	192
191	192
191	193
192	193
193	194
193	212
194	195
194	196
194	208
194	211
194	212
195	196
195	197
195	208
196	197
196	198
196	204
196	205
196	207
196	208
197	198
197	204
197	207
198	199
198	200
198	203
198	204
199	200
199	203
200	201
200	202
200	203
200	204
201	202
201	203
201	204
201	205
202	203
202	204
202	205
202	206
203	204
203	205
203	206
203	207
204	205
204	206
204	207
204	208
205	206
205	207
205	208
205	209
206	207
206	208
206	209
206	210
207	208
207	209
207	210
207	211
208	209
208	210
208	211
208	212
209	210
209	211
209	212
209	213
210	211
210	212
210	213
210	214
211	212
211	213
211	214
211	215
212	213
212	214
212	215
212	216
213	214
213	215
213	216
213	217
214	215
214	216
214	217
214	218
215	216
215	217
215	218
215	219
216	217
216	218
216	219
217	218
217	219
218	219
