1	1
2	1
3	1
4	1
5	1
6	1
7	1
8	4
9	5
10	5
11	5
12	5
13	5
14	5
15	5
16	5
17	5
18	5
19	5
20	5
21	5
22	5
23	5
24	5
25	5
26	5
27	1
28	1
29	1
30	1
31	1
32	1
33	1
34	1
35	4
36	1
37	1
38	1
39	1
40	1
41	1
42	1
43	1
44	4
45	4
46	4
47	4
48	4
49	4
50	4
51	4
52	4
53	4
54	4
55	4
56	4
57	4
58	4
59	4
60	4
61	4
62	4
63	4
64	4
65	4
66	4
67	4
68	4
69	4
70	4
71	4
72	4
73	4
74	4
75	4
76	4
77	4
78	4
79	4
80	4
81	4
82	4
83	4
84	4
85	4
86	4
87	4
88	4
89	4
90	4
91	4
92	4
93	4
94	4
95	4
96	4
97	4
98	4
99	4
100	4
101	2
102	2
103	2
104	2
105	3
106	3
107	3
108	3
109	3
110	2
111	2
112	2
113	2
114	2
115	2
116	2
117	2
118	2
119	2
120	2
121	2
122	2
123	2
124	2
125	2
126	2
127	2
128	2
129	2
130	2
131	3
132	3
133	3
134	3
135	3
136	3
137	3
138	3
139	3
140	3
141	3
142	2
143	2
144	2
145	2
146	2
147	2
148	2
149	2
150	2
151	2
152	2
153	2
154	2
155	2
156	2
157	2
158	2
159	2
160	2
161	2
162	2
163	2
164	2
165	2
166	2
167	2
168	2
169	2
170	2
171	2
172	2
173	2
174	2
175	2
176	2
177	2
178	2
179	2
180	2
181	2
182	2
183	2
184	6
185	6
186	2
187	2
188	2
189	2
190	2
191	2
192	2
193	2
194	2
195	2
196	3
197	3
198	3
199	3
200	3
201	2
202	2
203	2
204	2
205	2
206	2
207	2
208	2
209	2
210	2
211	2
212	2
213	2
214	2
215	2
216	2
217	2
218	2
219	3
220	3
221	3
222	3
223	3
224	2
225	2
226	4
227	4
228	4
229	4
230	4
231	4
232	4
233	4
234	4
235	4
236	4
237	4
238	4
239	4
240	4
241	4
242	4
243	4
244	4
245	4
246	4
247	4
248	4
249	4
***
1	2
2	1
3	1
4	2
5	2
6	1
