1	1
2	2
3	2
4	2
5	2
6	2
7	2
8	2
9	2
10	2
11	2
12	2
13	2
14	2
15	2
16	2
17	2
18	2
19	2
20	2
21	2
22	2
23	2
24	2
25	2
26	2
27	2
28	2
29	2
30	2
31	2
32	2
33	2
34	2
35	2
36	2
37	2
38	2
39	2
40	2
41	2
42	2
43	2
44	2
45	2
46	2
47	2
48	2
49	2
50	2
51	2
52	2
53	2
54	2
55	2
56	2
57	2
58	2
59	2
60	2
61	2
62	2
63	2
64	2
65	2
66	2
67	2
68	2
69	2
70	2
71	2
72	2
73	2
74	2
75	2
76	2
77	2
78	2
79	2
80	2
81	2
82	2
83	2
84	2
85	2
86	2
87	2
88	2
89	2
90	2
91	2
92	2
93	2
94	2
95	2
96	2
97	2
98	2
99	2
100	2
101	2
102	2
103	2
104	2
105	2
106	2
107	2
108	2
109	2
110	2
111	2
112	2
113	2
114	2
115	2
116	2
117	2
118	2
119	2
120	2
121	2
122	2
123	2
124	3
125	3
126	3
127	3
128	3
129	3
130	3
131	3
132	3
133	3
134	3
135	3
136	3
137	3
138	3
139	3
140	3
141	3
142	3
143	3
144	3
145	3
146	3
147	6
148	6
149	6
150	6
151	6
152	6
153	6
154	6
155	6
156	6
157	6
158	6
159	6
160	3
161	2
162	2
163	2
164	2
165	2
166	2
167	2
168	2
169	2
170	2
171	2
172	2
173	2
174	2
175	2
176	2
177	2
178	2
179	2
180	2
181	2
182	2
183	2
184	2
185	2
186	2
187	2
188	2
189	2
190	2
191	2
192	2
193	2
194	2
195	2
196	2
197	2
198	2
199	2
200	2
201	2
202	2
203	2
204	2
205	2
206	2
207	2
208	2
209	2
210	2
211	2
212	2
213	2
214	2
215	2
216	2
217	2
218	2
219	6
220	6
221	6
222	6
223	6
224	6
225	6
226	6
227	6
228	6
229	6
230	6
231	6
232	6
233	6
234	6
235	6
236	6
237	6
238	6
239	6
240	6
241	6
242	6
243	6
244	6
245	6
246	1
247	1
248	1
249	1
250	1
251	1
252	1
253	1
254	1
255	1
256	1
257	1
258	1
259	1
260	1
261	1
262	1
263	4
264	4
265	1
266	4
267	4
268	4
269	4
270	4
271	4
272	4
273	4
274	4
275	4
276	4
277	4
278	4
279	4
280	4
281	4
282	4
283	4
284	4
285	4
286	4
287	4
288	4
289	6
290	6
291	6
292	6
293	6
294	1
295	1
296	1
297	1
298	1
299	1
300	1
301	1
302	6
303	1
304	1
305	6
306	6
307	6
308	6
309	6
310	6
311	6
312	6
313	6
314	6
315	6
316	6
317	6
318	6
319	6
320	4
321	6
322	4
323	4
324	4
325	4
326	5
327	4
328	5
329	5
330	5
331	5
332	5
333	5
334	5
335	5
336	5
337	5
338	1
339	1
340	1
341	1
342	1
343	1
344	1
345	1
346	1
347	1
348	1
349	1
350	1
351	1
352	1
353	1
354	2
355	2
356	2
357	2
358	2
359	2
360	2
361	2
362	2
363	2
364	2
365	2
366	2
367	2
368	2
369	2
370	2
371	2
372	2
373	2
374	2
375	2
376	2
377	2
378	2
379	1
380	1
381	1
382	1
383	1
384	1
385	1
386	1
387	1
388	1
389	1
390	1
391	1
392	5
393	5
394	1
395	5
396	5
397	5
398	5
399	5
400	5
401	5
402	5
403	5
404	5
405	6
406	6
407	6
408	6
409	6
410	6
411	6
412	6
413	6
414	6
415	6
416	6
417	6
418	6
419	6
420	6
421	6
422	6
423	6
***
1	2
2	1
3	1
4	2
5	2
6	1
