1	1
2	2
3	2
4	1
5	2
6	2
7	2
8	2
9	5
10	5
11	5
12	5
13	5
14	5
15	5
16	5
17	5
18	5
19	5
20	5
21	5
22	5
23	5
24	5
25	5
26	5
27	5
28	5
29	5
30	5
31	5
32	5
33	5
34	5
35	2
36	5
37	5
38	2
39	5
40	5
41	5
42	5
43	5
44	5
45	5
46	5
47	2
48	2
49	2
50	2
51	2
52	2
53	2
54	2
55	2
56	2
57	2
58	2
59	2
60	2
61	2
62	2
63	2
64	2
65	2
66	2
67	2
68	2
69	2
70	2
71	2
72	2
73	2
74	2
75	2
76	2
77	2
78	2
79	2
80	2
81	2
82	2
83	2
84	2
85	4
86	4
87	4
88	4
89	4
90	4
91	4
92	1
93	1
94	1
95	1
96	1
97	1
98	1
99	1
100	1
101	1
102	1
103	1
104	1
105	1
106	1
107	1
108	1
109	1
110	5
111	4
112	4
113	4
114	2
115	2
116	2
117	2
118	2
119	2
120	2
121	2
122	2
123	2
124	2
125	2
126	2
127	2
128	2
129	2
130	2
131	2
132	2
133	2
134	2
135	2
136	2
137	2
138	2
139	2
140	2
141	2
142	2
143	2
144	2
145	2
146	2
147	2
148	2
149	2
150	2
151	2
152	2
153	2
154	2
155	2
156	2
157	2
158	2
159	2
160	2
161	2
162	2
163	2
164	2
165	2
166	2
167	2
168	2
169	2
170	2
171	2
172	2
173	2
174	2
175	2
176	2
177	2
178	2
179	2
180	2
181	2
182	2
183	2
184	2
185	2
186	2
187	2
188	2
189	2
190	2
191	2
192	2
193	2
194	2
195	2
196	4
197	4
198	4
199	2
200	2
201	2
202	2
203	2
204	2
205	2
206	2
207	2
208	2
209	2
210	2
211	2
212	2
213	2
214	2
215	2
216	2
217	2
218	2
219	2
220	2
221	2
222	2
223	2
224	2
225	2
226	4
227	4
228	1
229	1
230	1
231	1
232	1
233	1
234	1
235	1
236	1
237	1
238	1
239	2
240	4
241	4
242	4
243	4
244	2
245	4
246	4
247	4
248	3
249	3
250	3
251	3
252	3
253	3
254	6
255	6
256	6
257	6
258	6
259	6
260	6
261	6
262	6
263	6
264	6
265	6
266	6
267	6
268	6
269	6
270	6
271	6
272	3
273	3
274	3
275	3
276	3
277	3
278	3
279	3
280	3
281	3
282	3
283	3
284	3
285	3
286	3
287	6
288	6
289	6
290	6
291	6
292	6
293	6
294	6
295	6
296	6
297	3
298	3
299	3
300	3
301	3
302	3
303	3
304	3
305	3
306	3
307	3
308	3
309	3
310	3
311	4
312	4
313	3
314	3
315	3
316	3
317	6
318	6
319	6
320	6
321	6
322	6
323	6
324	6
325	6
326	6
327	6
328	6
329	6
330	6
331	6
332	3
333	3
334	3
335	3
336	3
337	3
338	3
339	3
340	3
341	3
342	3
343	3
344	3
345	3
346	1
347	1
348	1
349	1
350	1
351	1
352	1
353	1
354	1
355	1
356	4
357	1
358	3
359	3
360	3
361	6
362	6
363	6
364	6
365	6
366	6
367	6
368	6
369	6
***
1	1
2	1
3	2
4	1
5	1
6	2
