0	1
0	2
0	21
0	22
0	23
0	54
0	55
0	56
1	2
1	3
1	21
1	22
1	23
1	24
1	54
1	55
1	56
1	57
2	3
2	4
2	23
2	24
2	25
2	50
2	54
2	56
2	57
2	58
3	4
3	5
3	6
3	24
3	25
3	26
3	57
3	58
3	59
3	60
4	5
4	6
4	25
4	26
4	27
4	47
4	58
4	59
4	60
4	61
5	6
5	7
5	26
5	27
5	28
5	59
5	60
5	61
6	7
6	8
6	9
6	10
6	27
6	60
7	8
7	9
7	10
8	9
8	10
8	11
9	10
9	11
9	12
9	13
9	60
10	11
10	12
10	13
10	14
11	12
11	13
11	14
11	107
11	108
12	13
12	14
12	15
12	16
12	107
12	108
12	137
13	14
13	15
13	16
13	17
14	15
14	16
14	17
14	108
15	16
15	17
15	18
15	110
15	136
15	137
16	17
16	18
16	19
17	18
17	19
17	20
18	19
18	20
19	20
19	21
20	21
20	22
21	22
21	23
22	23
22	24
23	24
23	25
23	42
23	43
24	25
24	42
24	43
24	44
24	45
25	26
25	27
25	37
25	43
25	44
25	45
26	27
26	33
26	44
26	45
26	46
26	47
26	50
27	28
27	29
27	32
27	33
28	29
28	32
28	33
29	30
29	31
29	32
29	33
30	31
30	32
30	33
30	34
31	32
31	33
31	34
31	35
32	33
32	34
32	35
32	36
33	34
33	35
33	36
33	37
33	44
34	35
34	36
34	37
34	38
34	44
35	36
35	37
35	38
35	39
36	37
36	38
36	39
36	40
37	38
37	39
37	40
37	41
37	42
37	43
37	44
38	39
38	40
38	41
38	42
39	40
39	41
40	41
40	42
41	42
42	43
42	44
43	44
44	45
45	46
45	47
45	49
45	50
46	47
46	48
46	49
46	50
47	48
47	49
47	50
47	51
48	49
48	50
48	51
48	52
48	73
48	74
49	50
49	51
49	52
50	51
50	52
50	53
50	54
51	52
51	53
51	54
51	75
51	76
52	53
52	54
53	54
54	55
54	56
55	56
55	57
55	77
56	57
56	58
56	77
56	78
56	79
57	58
57	59
57	78
57	79
57	80
58	59
58	60
58	79
58	80
58	81
59	60
59	61
59	80
59	81
60	61
60	62
61	62
61	63
62	63
62	64
62	65
62	82
63	64
63	65
63	66
63	82
63	83
63	85
64	65
64	66
65	66
65	67
65	68
65	69
66	67
66	68
66	69
66	70
67	68
67	69
67	70
67	71
67	93
68	69
68	70
68	71
69	70
69	71
69	72
70	71
70	72
70	73
70	93
70	94
71	72
71	73
71	93
71	94
72	73
73	74
73	75
74	75
74	76
75	76
75	77
75	94
76	77
77	78
77	79
77	98
78	79
78	80
78	98
78	99
78	100
79	80
79	81
79	100
79	101
80	81
80	100
80	101
80	102
80	103
81	82
81	101
81	102
81	103
82	83
82	84
82	85
83	84
83	85
83	152
83	245
84	85
84	86
84	149
84	245
84	246
84	248
85	86
85	87
85	89
85	90
85	248
86	87
86	88
86	89
86	90
87	88
87	89
87	90
87	91
87	100
87	119
88	89
88	90
88	91
88	92
89	90
89	91
89	92
89	93
90	91
90	92
90	93
90	94
91	92
91	93
91	94
91	95
91	96
92	93
92	94
92	95
92	96
93	94
93	95
94	95
95	96
95	97
95	98
96	97
96	98
97	98
97	99
98	99
98	100
98	121
99	100
99	101
99	119
99	121
99	122
100	101
100	102
100	118
100	119
100	122
101	102
101	103
101	117
101	118
101	119
102	103
102	116
102	117
102	118
103	104
103	114
103	115
103	116
103	117
104	105
104	112
104	113
104	114
104	115
104	156
105	106
105	107
105	112
105	113
105	114
105	155
105	156
106	107
106	108
106	109
106	110
106	111
106	112
107	108
107	109
107	110
107	111
107	112
107	137
107	138
108	109
108	110
109	110
109	111
110	111
110	112
110	136
110	137
110	138
111	112
111	113
111	137
111	138
111	139
112	113
112	114
112	137
112	138
112	139
113	114
113	115
113	138
113	139
113	140
113	155
114	115
114	116
114	134
114	138
114	139
114	140
114	141
115	116
115	117
115	140
115	141
115	142
115	143
116	117
116	140
116	141
116	142
116	143
117	118
117	142
117	143
117	144
117	145
118	119
118	120
118	122
119	120
119	121
119	122
120	121
120	122
121	122
121	123
122	123
122	124
122	126
122	127
123	124
123	125
123	126
123	127
124	125
124	126
124	127
124	128
125	126
125	127
125	128
125	129
126	127
126	128
126	129
126	130
127	128
127	129
127	130
127	131
128	129
128	130
128	131
128	132
129	130
129	131
129	132
129	133
130	131
130	132
130	133
130	134
131	132
131	133
131	134
131	135
131	140
132	133
132	134
132	135
132	136
133	134
133	135
133	136
134	135
134	136
134	137
134	138
134	140
135	136
135	137
135	138
135	139
135	140
136	137
136	138
137	138
138	139
138	140
139	140
139	141
140	141
140	142
141	142
141	143
142	143
142	144
143	144
143	145
143	147
143	148
144	145
144	146
144	147
144	148
145	146
145	147
145	148
146	147
146	148
147	148
147	149
147	150
147	151
148	149
148	150
148	151
148	152
149	150
149	151
149	152
149	153
149	242
149	245
150	151
150	152
150	153
150	154
150	242
151	152
151	153
151	154
151	155
152	153
152	154
152	155
152	156
152	157
153	154
153	155
153	156
153	157
153	158
153	238
153	241
153	242
154	155
154	156
154	157
154	158
155	156
155	157
155	158
156	157
156	158
156	159
157	158
157	159
157	160
158	159
158	160
158	161
158	162
159	160
159	161
159	162
159	163
160	161
160	162
160	163
160	164
161	162
161	163
161	164
161	165
162	163
162	164
162	165
162	166
163	164
163	165
163	166
163	167
164	165
164	166
164	167
164	168
165	166
165	167
165	168
165	169
166	167
166	168
166	169
166	170
166	187
166	188
167	168
167	169
167	170
167	171
168	169
168	170
168	171
168	172
169	170
169	171
169	172
169	173
170	171
170	172
170	173
170	174
170	180
170	183
170	184
170	187
171	172
171	173
171	174
171	175
171	180
172	173
172	174
172	175
172	176
173	174
173	175
173	176
173	177
173	178
173	183
174	175
174	176
174	177
174	178
174	179
174	180
175	176
175	177
176	177
176	178
177	178
177	179
178	179
178	180
178	182
178	183
179	180
179	181
179	182
179	183
180	181
180	182
180	183
180	184
181	182
181	183
181	184
181	185
182	183
182	184
182	185
182	186
183	184
183	185
183	186
183	187
184	185
184	186
184	187
184	188
185	186
185	187
185	188
185	189
186	187
186	188
186	189
186	190
187	188
187	189
187	190
187	191
188	189
188	190
188	191
188	192
189	190
189	191
189	192
189	193
190	191
190	192
190	193
190	194
191	192
191	193
191	194
191	195
192	193
192	194
192	195
192	196
193	194
193	195
193	196
193	197
194	195
194	196
194	197
194	198
195	196
195	197
195	198
195	199
196	197
196	198
196	199
196	200
197	198
197	199
197	200
197	201
198	199
198	200
198	201
198	205
199	200
199	201
200	201
200	202
201	202
201	203
202	203
202	204
203	204
203	205
203	207
203	208
204	205
204	206
204	207
204	208
205	206
205	207
205	208
205	209
206	207
206	208
206	209
206	210
207	208
207	209
207	210
207	211
208	209
208	210
208	211
208	212
209	210
209	211
209	212
209	213
210	211
210	212
210	213
211	212
211	213
212	213
212	214
213	214
213	215
213	217
213	219
213	220
214	215
214	216
214	217
215	216
215	217
216	217
217	218
217	219
217	220
217	221
218	219
218	220
218	221
218	222
219	220
219	221
219	222
219	223
220	221
220	222
220	223
221	222
221	223
221	224
222	223
222	224
222	225
223	224
223	225
223	226
224	225
224	226
224	227
224	228
225	226
225	227
225	228
225	229
225	230
226	227
226	228
226	229
226	230
227	228
227	229
228	229
228	230
229	230
229	231
229	232
229	233
230	231
230	232
230	233
230	234
231	232
231	233
231	234
231	235
232	233
232	234
232	235
232	236
233	234
233	235
233	236
233	237
234	235
234	236
234	237
234	238
235	236
235	237
235	238
235	239
236	237
236	238
236	239
236	240
237	238
237	239
237	240
237	241
238	239
238	240
238	241
238	242
239	240
239	241
239	242
239	243
240	241
240	242
240	243
240	244
241	242
241	243
241	244
241	245
242	243
242	244
242	245
242	246
243	244
243	245
243	246
243	247
244	245
244	246
244	247
244	248
245	246
245	247
245	248
246	247
246	248
247	248
