0	1
0	2
1	2
1	3
2	3
2	4
2	5
3	4
3	5
4	5
4	6
5	6
7	8
7	9
8	9
8	10
8	143
8	144
8	145
9	10
9	11
9	143
9	144
9	145
10	11
10	142
10	143
10	144
11	12
11	13
11	141
11	142
11	143
12	13
12	139
12	140
12	141
12	142
13	14
13	15
13	113
13	114
13	115
13	116
13	139
13	140
13	141
14	15
14	16
14	113
14	114
14	115
14	116
14	117
14	120
14	137
14	138
14	139
14	140
15	16
15	17
15	113
15	114
15	120
15	137
15	138
15	139
16	17
16	18
16	120
16	134
16	136
16	137
16	138
17	18
17	19
17	20
17	21
17	134
17	135
17	136
17	137
18	19
18	20
18	133
18	134
18	135
19	20
19	21
20	21
21	22
21	135
22	23
22	24
22	25
22	193
23	24
23	25
23	193
23	194
23	195
23	196
24	25
24	192
24	193
24	194
25	26
25	192
25	193
26	27
26	28
26	189
26	190
26	191
26	192
27	28
27	29
27	188
27	189
27	190
27	191
28	29
28	30
28	31
28	32
28	109
28	110
28	187
28	188
28	189
28	190
29	30
29	31
29	187
29	188
29	189
29	190
30	31
30	32
31	32
31	33
31	109
32	33
32	34
32	109
33	34
33	35
33	37
33	108
33	109
34	35
34	36
34	37
34	38
34	108
34	109
34	110
35	36
35	37
35	38
35	39
36	37
36	38
36	39
36	40
36	108
37	38
37	39
37	40
37	41
37	108
38	39
38	40
38	41
38	42
38	43
38	44
39	40
39	41
39	42
39	43
39	44
40	41
40	42
40	43
40	44
40	84
40	87
40	88
41	42
41	43
41	44
41	88
42	43
42	44
42	45
43	44
43	45
44	45
45	46
45	47
46	47
46	48
46	53
46	78
46	82
47	48
47	49
47	51
47	52
47	53
47	78
48	49
48	50
48	51
48	52
48	53
48	74
48	75
48	78
49	50
49	51
50	51
50	52
51	52
51	53
52	53
52	54
52	56
52	57
53	54
53	55
53	56
53	57
53	78
54	55
54	56
54	57
54	58
54	78
54	79
54	82
55	56
55	57
55	58
55	59
56	57
56	58
56	59
56	60
57	58
57	59
57	60
57	61
57	75
57	79
58	59
58	60
58	61
58	62
58	79
59	60
59	61
59	62
60	61
60	62
61	62
61	63
61	68
61	69
61	70
61	71
62	63
62	64
62	65
62	66
62	67
62	68
63	64
63	65
63	66
63	67
63	68
64	65
64	66
64	67
65	66
65	67
65	68
66	67
66	68
67	68
67	69
67	70
68	69
68	70
68	71
69	70
69	71
69	72
70	71
70	72
71	72
71	75
71	76
72	73
72	74
72	75
72	76
73	74
73	75
73	76
73	77
74	75
74	76
74	77
74	78
75	76
75	77
75	78
75	79
76	77
76	78
76	79
76	80
77	78
77	79
77	80
77	81
78	79
78	80
78	81
78	82
79	80
79	81
79	82
80	81
80	82
80	83
81	82
81	83
81	84
82	83
82	84
82	85
83	84
83	85
83	86
83	87
84	85
84	86
84	87
84	88
85	86
85	87
85	88
85	89
86	87
86	88
86	89
86	90
86	158
87	88
87	89
87	90
87	91
87	158
88	89
88	90
88	91
88	92
89	90
89	91
89	92
89	93
90	91
90	92
90	93
90	94
90	156
91	92
91	93
91	94
91	95
92	93
92	94
92	95
93	94
93	95
93	96
93	167
94	95
94	96
94	97
94	171
95	96
95	97
95	98
95	106
96	97
96	98
96	99
96	100
96	167
96	171
96	172
97	98
97	99
97	100
97	101
97	102
98	99
98	100
98	101
98	102
99	100
99	101
99	102
100	101
100	102
101	102
101	103
101	104
102	103
102	104
103	104
103	105
104	105
104	106
104	145
104	146
104	147
105	106
105	107
105	109
105	110
105	145
105	146
105	147
105	185
105	186
105	187
106	107
106	108
106	109
106	110
107	108
107	109
107	110
107	185
108	109
108	110
109	110
110	111
110	112
110	185
110	186
110	187
111	112
111	113
111	185
111	186
111	187
112	113
112	183
112	184
112	185
112	186
113	114
113	115
113	183
113	184
113	185
114	115
114	116
114	119
114	120
114	182
114	183
114	184
115	116
115	119
115	184
116	117
116	118
116	119
116	120
117	118
117	119
117	120
117	121
118	119
118	120
118	121
118	122
119	120
119	121
119	122
119	123
120	121
120	122
120	123
120	124
121	122
121	123
121	124
121	125
122	123
122	124
122	125
122	126
123	124
123	125
123	126
123	127
124	125
124	126
124	127
124	128
125	126
125	127
125	128
125	129
126	127
126	128
126	129
126	130
127	128
127	129
127	130
127	131
127	132
128	129
128	130
128	131
128	132
129	130
129	131
130	131
130	132
131	132
131	133
132	133
132	134
133	134
133	135
134	135
134	136
134	201
135	136
135	200
135	201
136	137
136	138
136	196
136	199
136	200
136	201
137	138
137	196
137	197
137	198
137	199
137	200
138	139
138	140
138	193
138	195
138	196
138	197
138	198
139	140
139	141
139	193
139	194
139	195
139	196
139	197
139	198
140	141
140	142
140	191
140	192
140	193
140	194
140	195
141	142
141	143
141	191
141	192
141	193
141	194
142	143
142	144
142	188
142	189
142	190
142	191
142	192
143	144
143	145
143	188
143	189
143	190
143	191
144	145
144	187
144	188
144	189
144	190
145	146
145	186
145	187
145	188
146	147
146	148
146	184
146	185
146	186
146	187
147	148
147	149
147	184
147	185
147	186
148	149
148	182
148	183
148	184
148	185
149	150
149	151
149	174
149	177
149	182
149	183
149	184
150	151
150	152
150	153
150	154
150	174
150	177
150	178
150	182
150	183
151	152
151	153
151	154
151	155
151	183
152	153
152	154
152	155
153	154
153	155
154	155
154	156
154	170
154	173
154	174
155	156
155	157
155	170
155	171
155	174
156	157
156	158
156	166
156	170
156	171
157	158
157	159
158	159
158	160
159	160
159	161
160	161
160	162
161	162
161	163
161	165
162	163
162	164
162	165
162	166
163	164
163	165
163	166
163	167
164	165
164	166
164	167
164	168
164	169
165	166
165	167
165	168
165	169
165	170
166	167
166	168
166	169
166	170
166	171
167	168
167	169
167	170
167	171
167	172
168	169
168	170
168	171
168	172
168	173
169	170
169	171
169	172
169	173
170	171
170	172
170	173
170	174
171	172
171	173
171	174
171	175
172	173
172	174
172	175
172	176
173	174
173	175
173	176
173	177
174	175
174	176
174	177
175	176
175	177
176	177
177	178
178	179
179	180
179	181
180	181
180	182
181	182
181	183
182	183
182	184
183	184
183	185
184	185
184	186
185	186
185	187
186	187
187	188
187	189
187	190
188	189
188	190
188	191
189	190
189	191
189	192
190	191
190	192
191	192
191	193
192	193
192	194
193	194
193	195
194	195
195	196
195	197
195	198
196	197
196	198
196	199
196	200
197	198
197	199
197	200
198	199
198	200
199	200
199	201
200	201
