0	1
0	2
0	124
1	2
1	3
1	77
1	124
1	125
2	3
2	4
2	124
2	125
2	126
3	4
3	5
3	22
3	23
3	24
3	125
3	126
4	5
4	6
4	22
4	23
5	6
5	7
5	21
5	22
5	23
5	65
5	76
6	7
6	21
6	22
6	23
7	8
7	9
7	10
7	20
7	21
7	22
8	9
8	10
8	11
8	17
8	18
8	19
8	20
8	21
8	57
8	58
9	10
9	11
9	12
9	17
9	18
9	19
9	20
9	56
10	11
10	12
10	17
10	18
10	19
10	20
10	56
11	12
11	13
11	16
11	17
11	18
11	19
11	53
11	54
11	56
12	13
12	14
12	15
12	16
12	17
12	18
12	19
13	14
13	15
13	16
14	15
14	16
14	49
15	16
15	17
15	31
15	32
15	33
16	17
16	18
16	19
16	29
16	30
16	31
16	32
17	18
17	19
17	20
17	29
17	30
17	31
18	19
18	20
18	21
18	28
18	29
18	30
19	20
19	21
19	28
19	29
19	30
20	21
20	22
20	27
20	28
20	29
21	22
21	25
21	26
21	27
21	28
22	23
22	24
22	25
22	26
22	27
23	24
23	25
24	25
24	26
25	26
25	27
26	27
26	28
27	28
27	29
28	29
28	30
28	83
29	30
29	83
30	31
30	32
30	82
30	83
30	86
31	32
31	33
32	33
32	34
32	35
32	36
33	34
33	35
33	36
33	37
34	35
34	36
34	37
34	38
34	39
35	36
35	37
35	38
35	39
35	40
36	37
36	38
36	39
36	40
36	43
36	44
36	47
37	38
37	39
37	40
37	44
38	39
38	40
38	41
39	40
39	41
40	41
40	42
40	43
41	42
41	43
41	44
42	43
42	44
43	44
43	45
43	46
44	45
44	46
44	47
45	46
45	47
45	48
46	47
46	48
46	52
46	53
47	48
47	49
47	53
48	49
48	50
48	51
48	52
48	53
49	50
49	51
49	52
49	53
49	54
50	51
50	52
50	53
50	54
50	55
51	52
51	53
51	54
51	55
52	53
52	54
52	55
53	54
53	55
53	56
54	55
54	56
55	56
55	57
55	69
56	57
56	67
56	68
56	69
57	58
57	59
57	67
57	68
57	69
58	59
58	60
58	61
58	65
58	66
58	67
58	68
59	60
59	61
59	62
59	63
59	64
59	65
59	66
59	67
59	68
59	72
60	61
60	62
60	63
60	64
60	65
61	62
61	63
61	64
61	65
62	63
62	64
62	65
63	64
63	65
64	65
64	66
65	66
65	76
66	67
66	68
66	72
66	74
66	75
66	76
67	68
67	72
67	73
67	74
67	75
67	76
68	69
68	70
68	71
68	72
68	73
68	74
69	70
69	71
70	71
70	72
71	72
71	73
72	73
72	74
73	74
73	75
74	75
74	76
74	78
74	79
75	76
75	77
75	78
75	79
76	77
76	78
76	79
76	80
77	78
77	79
77	80
77	81
78	79
78	80
78	81
78	82
79	80
79	81
79	82
79	83
80	81
80	82
80	83
80	84
81	82
81	83
81	84
81	85
81	91
81	92
81	93
82	83
82	84
82	85
82	86
83	84
83	85
83	86
83	87
84	85
84	86
84	87
84	88
84	89
84	90
84	91
85	86
85	87
85	88
85	89
85	90
85	91
86	87
86	88
87	88
87	89
88	89
88	90
89	90
89	91
90	91
90	92
90	129
91	92
91	93
91	94
91	129
92	93
92	94
92	95
92	122
92	123
92	124
92	125
93	94
93	95
93	96
94	95
94	96
94	97
94	123
95	96
95	97
95	98
95	99
95	123
96	97
96	98
96	99
96	100
97	98
97	99
97	100
97	101
98	99
98	100
98	101
98	102
98	103
99	100
99	101
99	102
99	103
100	101
100	102
101	102
101	103
102	103
102	104
103	104
103	105
103	107
103	108
104	105
104	106
104	107
104	108
105	106
105	107
105	108
105	109
105	117
105	119
105	120
106	107
106	108
106	109
106	110
106	111
106	117
107	108
107	109
107	110
107	111
107	112
108	109
108	110
108	111
108	112
108	113
108	119
109	110
109	111
109	112
109	113
109	114
109	115
109	116
109	117
109	119
110	111
110	112
110	113
110	114
110	115
111	112
111	113
111	114
111	115
112	113
112	114
112	140
113	114
113	115
113	136
113	137
114	115
115	116
115	117
116	117
116	118
116	119
117	118
117	119
117	120
118	119
118	120
118	121
119	120
119	121
119	122
119	123
120	121
120	122
120	123
120	124
121	122
121	123
121	124
121	125
121	126
121	127
122	123
122	124
122	125
122	126
122	127
122	128
122	129
123	124
123	125
124	125
124	126
125	126
125	127
125	128
126	127
126	128
127	128
127	129
128	129
128	130
129	130
129	131
129	133
130	131
130	132
130	133
130	134
131	132
131	133
131	134
131	135
132	133
132	134
132	135
132	136
133	134
133	135
133	136
133	137
134	135
134	136
134	137
134	138
135	136
135	137
135	138
135	139
136	137
136	138
136	139
136	140
137	138
137	139
137	140
137	141
138	139
138	140
138	141
138	142
139	140
139	141
139	142
139	143
140	141
140	142
140	143
140	144
141	142
141	143
141	144
142	143
142	144
143	144
143	145
143	154
143	155
144	145
144	146
145	146
145	147
146	147
146	148
147	148
147	149
147	150
148	149
149	150
149	151
150	151
150	152
151	152
151	153
151	154
152	153
153	154
153	155
154	155
