0	1
0	2
0	3
1	2
1	3
2	3
2	4
3	4
3	5
3	442
3	444
3	445
4	5
4	6
4	441
4	442
4	445
5	6
5	7
5	439
5	440
5	441
5	442
5	445
6	7
6	8
6	439
6	440
6	441
7	8
7	9
7	439
8	9
8	10
8	437
8	438
8	439
9	10
9	11
9	437
9	438
9	439
10	11
10	12
10	13
10	435
10	436
10	437
10	438
11	12
11	13
11	436
11	437
11	438
12	13
12	16
12	22
12	435
12	436
13	14
13	15
13	16
13	21
13	22
13	434
13	435
13	436
14	15
14	16
14	19
14	20
14	21
14	434
14	435
15	16
15	17
15	18
15	19
15	20
16	17
16	18
16	19
17	18
17	19
18	19
18	20
19	20
19	21
19	41
19	42
19	43
20	21
20	42
20	43
20	44
20	45
21	22
21	41
21	42
21	43
21	45
21	46
21	433
21	434
22	23
22	39
22	40
22	41
22	42
22	46
22	433
22	434
23	24
23	25
23	39
23	40
23	429
23	433
24	25
24	26
24	39
24	40
24	85
24	222
24	413
25	26
25	27
25	38
25	39
25	223
25	413
25	414
25	415
25	427
25	428
26	27
26	28
26	37
26	38
26	39
26	86
26	87
26	88
26	222
26	223
26	224
26	415
27	28
27	35
27	36
27	37
27	38
27	223
27	415
27	416
27	417
27	427
28	29
28	30
28	35
28	36
28	37
28	88
28	417
29	30
29	31
29	33
29	34
29	35
29	36
29	417
29	419
30	31
30	32
30	33
30	34
30	35
31	32
31	33
31	92
32	33
32	34
33	34
33	35
33	62
33	64
33	420
34	35
34	36
34	60
34	61
34	62
34	64
35	36
35	37
35	60
35	61
35	62
35	64
35	65
36	37
36	38
36	58
36	59
36	60
36	61
37	38
37	39
37	58
37	59
37	60
38	39
38	57
38	58
38	59
38	86
39	40
39	41
39	56
39	57
39	58
39	86
40	41
40	42
40	54
40	55
40	56
40	57
40	84
40	85
41	42
41	43
41	54
41	55
41	56
41	57
42	43
42	44
42	45
42	46
42	52
42	53
42	54
42	55
43	44
43	45
43	52
43	53
43	54
44	45
44	46
44	52
44	53
45	46
45	47
45	52
46	47
46	48
46	433
47	48
47	49
47	51
47	52
48	49
48	50
48	51
48	52
49	50
49	51
49	52
49	82
49	108
49	109
50	51
50	52
50	106
50	107
50	108
50	109
51	52
52	53
52	54
52	80
53	54
53	55
53	80
53	81
53	82
54	55
54	56
54	82
54	83
54	84
55	56
55	57
55	73
55	75
55	76
55	82
55	83
56	57
56	58
56	73
56	74
56	75
56	76
56	83
57	58
57	71
57	72
57	73
57	74
58	59
58	60
58	71
58	72
58	73
59	60
59	61
59	68
59	69
59	70
59	71
59	72
60	61
60	62
60	68
60	69
61	62
61	63
61	64
61	65
61	67
61	68
61	69
62	63
62	64
63	64
63	65
63	66
63	67
64	65
64	66
64	419
65	66
65	67
65	68
66	67
66	68
67	68
68	69
68	70
69	70
69	71
70	71
70	72
71	72
72	73
72	74
73	74
73	75
74	75
74	76
74	200
75	76
75	77
76	77
76	78
77	78
77	79
77	81
77	82
78	79
78	80
78	81
78	175
79	80
79	81
79	106
79	175
79	176
80	81
80	82
80	106
81	82
81	104
81	105
81	106
81	174
81	175
82	83
82	84
82	103
82	104
82	105
83	84
83	101
83	102
83	103
83	104
84	85
84	86
84	101
84	102
84	103
85	86
85	87
85	101
85	102
85	220
85	221
85	222
86	87
86	88
86	99
86	100
86	101
86	220
86	222
86	223
87	88
87	89
87	99
87	100
87	101
87	222
87	223
87	224
87	225
88	89
88	98
88	99
88	100
88	223
88	224
88	225
89	90
89	97
89	98
89	99
89	224
89	225
89	226
90	91
90	92
90	95
90	96
90	97
90	98
91	92
91	93
91	94
91	95
91	96
91	97
91	227
91	260
92	93
92	94
92	95
93	94
93	95
94	95
94	96
95	96
95	97
95	194
96	97
96	98
96	192
96	193
96	194
97	98
97	99
97	192
97	193
97	194
97	196
97	197
98	99
98	100
98	190
98	191
98	192
98	193
99	100
99	101
99	190
99	191
99	192
100	101
100	188
100	189
100	190
100	191
101	102
101	103
101	188
101	189
101	190
101	220
102	103
102	104
102	186
102	187
102	188
102	189
102	219
102	220
103	104
103	105
103	186
103	187
103	188
103	189
104	105
104	106
104	108
104	109
104	184
104	185
104	186
104	187
105	106
105	107
105	108
105	174
105	175
105	184
106	107
106	108
106	174
106	175
106	176
107	108
108	109
108	112
108	113
108	184
108	185
109	110
109	111
109	112
109	113
109	186
110	111
110	112
110	113
110	217
111	112
111	113
112	113
112	114
113	114
113	115
113	184
113	185
113	186
113	216
113	217
114	115
114	116
114	184
114	185
114	216
115	116
115	213
115	214
115	215
115	216
116	117
116	118
116	211
116	212
116	213
116	214
116	215
116	216
117	118
117	119
117	207
117	208
117	211
117	212
117	213
118	119
118	120
118	128
118	129
118	183
119	120
119	121
119	126
119	127
119	128
119	129
119	208
120	121
120	122
120	126
120	127
120	128
120	129
121	122
121	123
121	124
121	125
121	126
121	127
122	123
122	124
122	125
122	126
123	124
123	125
124	125
124	126
125	126
125	127
126	127
126	128
126	208
127	128
127	129
127	139
127	140
127	141
128	129
128	130
128	139
128	140
129	130
129	131
129	137
129	138
129	139
129	140
129	182
129	183
130	131
130	132
130	137
130	138
130	139
130	180
130	181
130	182
130	183
131	132
131	133
131	135
131	136
131	137
131	138
131	180
131	181
131	182
132	133
132	134
132	135
132	136
132	137
132	179
132	180
132	181
133	134
133	135
133	179
134	135
134	136
135	136
135	137
136	137
136	138
137	138
137	139
137	147
137	148
138	139
138	140
138	145
138	146
138	147
138	148
139	140
139	141
139	145
139	146
139	147
140	141
140	142
140	143
140	144
140	145
140	146
141	142
141	143
141	144
141	145
142	143
142	144
143	144
143	145
143	156
143	157
143	158
144	145
144	146
144	155
144	156
144	157
145	146
145	147
145	152
145	153
145	155
145	156
146	147
146	148
146	150
146	151
146	152
146	153
147	148
147	149
147	150
147	151
147	152
147	153
148	149
148	150
149	150
149	151
150	151
150	152
151	152
151	153
152	153
152	154
153	154
153	155
154	155
154	156
154	165
154	166
155	156
155	157
155	163
155	164
155	165
155	166
156	157
156	163
156	164
156	165
157	158
157	159
157	161
157	162
157	163
157	164
158	159
158	160
158	161
158	162
159	160
159	161
159	202
159	203
159	204
160	161
160	162
160	202
160	203
161	162
161	163
161	172
161	173
161	174
162	163
162	164
162	169
162	171
162	172
162	173
163	164
163	165
163	169
163	170
163	171
163	172
163	173
164	165
164	166
164	167
164	168
164	169
164	170
165	166
165	167
165	168
165	169
165	170
166	167
166	168
167	168
167	169
168	169
168	170
169	170
169	171
170	171
171	172
171	173
171	178
172	173
172	174
172	175
172	178
173	174
173	175
173	178
173	180
173	181
173	182
174	175
174	176
174	181
174	182
175	176
175	177
175	178
176	177
176	178
177	178
177	179
178	179
178	180
178	181
179	180
179	181
180	181
181	182
181	183
182	183
182	184
183	184
183	185
184	185
185	186
185	187
185	217
186	187
186	188
186	217
186	218
186	219
187	188
187	189
187	205
187	207
188	189
188	190
188	205
188	206
188	207
188	219
189	190
189	191
189	203
189	204
189	205
189	206
190	191
190	192
190	203
190	204
190	205
191	192
191	200
191	201
191	202
191	203
191	204
192	193
192	194
192	200
192	201
193	194
193	195
193	196
193	197
193	199
193	200
193	201
194	195
194	196
195	196
195	197
195	198
195	199
196	197
196	198
197	198
197	199
197	200
198	199
198	200
199	200
200	201
200	202
201	202
201	203
202	203
202	204
203	204
203	205
204	205
204	206
205	206
205	207
206	207
206	208
206	209
206	210
207	208
207	209
207	210
207	211
208	209
208	210
208	211
209	210
209	211
209	264
209	265
210	211
210	212
210	255
210	264
210	265
210	266
211	212
211	213
211	215
211	218
212	213
212	214
212	215
213	214
213	215
214	215
214	216
214	245
214	246
215	216
215	217
215	218
215	243
215	244
215	245
215	246
216	217
216	218
216	244
216	245
216	246
217	218
217	219
217	243
217	244
218	219
218	242
218	243
218	244
219	220
219	221
219	241
219	242
219	243
220	221
220	222
220	240
220	241
220	242
221	222
221	223
221	240
221	241
221	242
221	296
221	297
222	223
222	224
223	224
223	348
223	415
224	225
224	226
225	226
225	238
225	239
225	240
225	299
226	227
226	228
226	237
226	238
226	239
227	228
227	229
227	235
227	236
227	237
227	238
228	229
228	230
228	233
228	234
228	235
228	236
228	237
228	301
228	305
229	230
229	234
229	235
229	305
230	231
230	234
230	304
230	305
231	232
231	233
231	234
231	304
231	305
232	233
232	234
233	234
233	235
233	236
233	326
234	235
234	236
235	236
235	237
235	258
236	237
236	238
236	256
236	257
236	258
237	238
237	239
237	256
237	257
237	258
238	239
238	240
238	254
238	255
238	256
238	257
239	240
239	241
239	254
239	255
239	256
240	241
240	253
240	254
240	255
240	297
240	298
240	299
241	242
241	252
241	253
241	254
241	255
241	296
242	243
242	250
242	251
242	252
242	253
242	295
242	296
243	244
243	245
243	250
243	251
243	252
244	245
244	246
244	248
244	249
244	250
244	251
245	246
245	247
245	248
245	249
245	250
245	284
245	285
246	247
246	248
247	248
247	249
247	288
248	249
248	250
249	250
249	251
249	287
249	288
249	290
249	293
250	251
250	252
250	293
250	294
250	295
251	252
251	253
251	269
251	271
251	284
251	293
251	294
251	295
252	253
252	269
252	270
252	294
252	295
252	296
252	297
253	254
253	255
253	267
253	268
253	269
253	270
254	255
254	256
254	266
254	267
254	327
255	256
255	264
255	265
255	266
255	267
256	257
256	258
256	264
256	265
256	266
257	258
257	259
257	260
257	261
257	263
257	264
257	265
258	259
258	260
259	260
259	261
259	262
259	263
260	261
260	262
261	262
261	263
261	264
262	263
262	264
263	264
264	265
264	266
265	266
265	267
266	267
266	268
267	268
267	269
267	327
267	328
267	329
268	269
268	270
268	272
268	328
268	329
269	270
269	271
269	272
269	284
269	329
270	271
270	272
270	274
270	321
270	330
270	332
271	272
271	273
271	274
271	282
271	283
271	284
272	273
272	274
272	282
272	283
272	284
273	274
273	275
273	281
273	282
273	283
273	332
274	275
274	276
274	281
274	282
274	283
274	332
274	333
275	276
275	277
275	279
275	280
275	281
275	282
275	332
275	333
276	277
276	278
276	279
276	280
276	281
277	278
277	279
278	279
278	280
279	280
279	281
280	281
280	282
281	282
282	283
282	284
282	287
283	284
283	285
283	286
283	287
284	285
284	286
284	287
285	286
285	287
286	287
286	288
287	288
287	289
288	289
288	290
289	290
289	291
289	292
290	291
290	292
290	293
291	292
291	293
291	314
292	293
292	294
293	294
293	295
293	313
293	314
294	295
294	311
294	312
294	313
295	296
295	297
295	311
295	312
295	313
296	297
296	311
296	312
296	346
297	298
297	299
297	309
297	310
297	311
297	312
298	299
298	309
298	310
298	311
298	348
298	349
299	300
299	301
299	307
299	308
299	309
299	310
300	301
300	302
300	307
300	308
300	309
300	350
300	351
301	302
301	303
301	305
301	306
301	307
301	308
301	351
302	303
302	304
302	305
302	306
302	307
303	304
303	305
304	305
304	306
305	306
305	307
306	307
306	308
306	323
306	324
306	326
307	308
307	309
307	322
307	323
307	324
307	326
307	327
308	309
308	310
308	320
308	321
308	322
308	323
309	310
309	311
309	320
309	321
309	322
310	311
310	318
310	319
310	320
310	321
311	312
311	313
311	318
311	319
311	320
312	313
312	318
312	319
312	342
312	344
312	345
312	346
313	314
313	315
313	319
313	344
314	315
314	316
314	344
315	316
315	317
316	317
316	341
316	342
316	343
317	318
317	319
317	336
317	337
317	338
317	340
317	341
317	342
318	319
318	320
318	336
318	337
318	338
318	340
318	341
318	342
319	320
319	321
319	334
319	335
319	336
319	337
320	321
320	322
320	334
320	335
320	336
321	322
321	323
321	330
321	331
321	334
321	335
322	323
322	324
322	330
322	331
323	324
323	325
323	326
323	327
323	329
323	330
323	331
324	325
324	326
325	326
325	327
325	328
325	329
326	327
326	328
327	328
327	329
327	330
328	329
329	330
330	331
330	332
331	332
331	333
332	333
332	334
333	334
333	335
334	335
334	336
335	336
335	337
336	337
336	338
337	338
337	339
337	340
338	339
338	340
338	341
339	340
339	341
340	341
340	342
341	342
341	343
341	368
341	369
341	370
341	371
342	343
342	344
342	345
342	368
342	370
342	371
343	344
343	345
343	369
343	370
343	371
343	372
343	373
344	345
345	346
345	347
345	412
345	413
346	347
346	413
347	348
347	349
347	365
347	366
347	413
347	414
348	349
348	350
348	364
348	365
348	366
348	414
348	415
348	416
349	350
349	362
349	363
349	364
349	365
349	416
350	351
350	352
350	362
350	363
350	364
350	416
351	352
351	353
351	361
351	362
351	363
352	353
352	354
352	361
352	362
352	363
352	418
353	354
353	355
354	355
354	356
355	356
355	357
355	358
355	359
355	360
355	361
356	357
356	358
356	359
356	360
356	361
357	358
357	359
358	359
359	360
359	361
359	382
359	383
360	361
360	382
360	383
361	362
361	363
361	380
361	381
361	382
361	383
362	363
362	364
362	380
362	381
362	382
363	364
363	379
363	380
363	381
364	365
364	366
364	378
364	379
364	380
365	366
365	377
365	378
365	379
365	414
366	367
366	368
366	376
366	377
366	414
367	368
367	369
367	373
367	374
367	375
367	376
367	377
367	411
367	412
368	369
368	374
368	375
368	376
368	377
369	370
369	371
369	372
369	373
369	374
369	375
370	371
370	372
371	372
372	373
372	374
373	374
373	410
373	411
373	412
374	375
374	376
374	408
374	409
374	410
374	411
375	376
375	377
375	405
375	407
375	408
375	409
375	410
375	411
376	377
376	405
376	406
376	407
376	408
376	411
377	378
377	379
377	403
377	404
377	405
377	406
377	407
378	379
378	403
378	404
378	405
378	406
379	380
379	381
379	400
379	402
379	403
379	404
380	381
380	382
380	400
380	401
380	402
380	403
381	382
381	383
381	398
381	399
381	400
381	401
382	383
382	384
382	398
382	399
382	400
382	401
383	384
383	385
383	396
383	397
383	398
383	399
384	385
384	386
384	396
384	397
384	398
385	386
385	387
385	394
385	395
385	396
385	397
386	387
386	395
386	396
386	397
387	388
387	394
387	395
388	389
388	390
388	392
388	393
388	394
388	395
389	390
389	391
389	392
389	393
389	394
389	395
390	391
390	392
391	392
391	393
392	393
392	394
393	394
393	395
394	395
394	396
395	396
395	397
396	397
396	398
397	398
397	399
398	399
398	400
399	400
399	401
400	401
400	402
400	403
401	402
401	403
402	403
402	404
402	446
402	447
403	404
403	405
404	405
404	406
404	446
405	406
405	407
406	407
406	408
407	408
407	409
407	411
408	409
408	410
409	410
409	411
410	411
410	412
410	430
410	431
411	412
411	413
411	429
411	430
412	413
412	414
412	429
412	430
413	414
413	428
413	429
414	415
414	416
414	427
414	428
414	429
415	416
415	417
415	426
415	427
415	428
416	417
416	418
416	424
416	425
416	426
416	427
417	418
417	419
417	424
417	425
417	426
418	419
418	420
418	422
418	423
418	424
418	425
419	420
419	421
419	422
419	423
419	424
419	425
420	421
420	422
421	422
421	423
422	423
422	424
423	424
423	425
423	440
423	441
423	442
423	443
424	425
424	426
424	440
424	441
424	442
425	426
425	427
425	439
425	440
425	441
426	427
426	428
426	438
426	439
426	440
427	428
427	436
427	437
427	438
427	439
428	429
428	430
428	436
428	437
428	438
429	430
429	431
429	432
429	436
429	437
430	431
430	432
430	436
430	437
431	432
431	433
431	434
431	435
431	436
432	433
432	434
433	434
433	435
434	435
434	436
435	436
435	437
436	437
436	438
437	438
437	439
438	439
439	440
439	441
440	441
440	442
441	442
441	443
441	445
442	443
442	444
442	445
442	446
443	444
443	445
443	446
443	447
444	445
444	446
444	447
444	448
445	446
445	447
445	448
446	447
446	448
447	448
