0	1
0	18
0	67
0	68
1	2
1	3
1	16
1	65
1	66
1	67
1	68
2	3
2	4
2	14
2	15
2	16
2	17
2	65
2	66
2	67
3	4
3	5
3	14
3	15
3	16
3	63
3	64
3	65
3	66
4	5
4	6
4	13
4	14
4	15
4	62
4	63
4	64
4	65
5	6
5	13
5	14
5	15
5	62
5	63
6	7
6	8
6	12
6	13
6	62
7	8
7	9
7	11
7	12
7	13
8	9
8	10
8	11
8	12
8	264
9	10
9	11
9	57
10	11
10	12
10	52
10	53
10	57
10	219
10	220
10	261
11	12
11	13
11	50
11	51
11	52
11	53
11	264
11	265
12	13
12	14
12	50
12	51
12	52
12	53
13	14
13	15
13	48
13	49
13	50
13	51
14	15
14	16
14	48
14	49
14	50
15	16
15	17
15	47
15	48
15	49
16	17
16	18
16	19
16	20
16	47
16	48
17	18
17	19
18	19
18	20
19	20
19	21
20	21
20	22
20	47
21	22
21	23
21	25
21	68
22	23
22	24
22	25
22	40
23	24
23	25
23	40
23	41
23	42
24	25
24	26
24	39
24	40
24	41
24	72
25	26
25	27
25	39
25	40
25	70
25	71
25	72
25	73
26	27
26	28
26	37
26	38
26	39
26	40
26	68
26	69
26	71
26	72
26	73
27	28
27	29
27	37
27	38
27	39
27	66
27	67
27	68
27	69
28	29
28	30
28	36
28	37
28	38
28	66
28	67
28	68
28	69
29	30
29	31
29	32
29	36
29	37
29	65
29	66
29	67
30	31
30	32
30	65
30	66
31	32
31	33
32	33
32	34
32	35
32	36
33	34
33	35
34	35
34	36
35	36
35	37
36	37
36	38
36	54
36	55
37	38
37	39
37	53
37	54
38	39
38	40
38	51
38	52
38	53
38	54
39	40
39	41
39	51
39	52
39	53
40	41
40	42
40	49
40	50
40	51
40	52
41	42
41	50
41	51
41	52
42	43
42	44
42	49
42	50
42	51
43	44
43	45
43	48
43	49
43	50
44	45
44	46
44	48
44	49
44	50
45	46
45	47
45	48
46	47
46	48
47	48
47	49
48	49
48	50
49	50
49	51
50	51
51	52
51	53
52	53
52	54
52	220
53	54
53	55
53	220
54	55
54	220
54	221
55	56
55	57
55	218
55	221
56	57
56	58
56	218
57	58
57	59
57	60
58	59
58	60
59	60
59	61
60	61
60	62
61	62
61	63
61	64
62	63
62	64
63	64
63	65
64	65
64	66
65	66
65	67
66	67
66	68
67	68
67	69
68	69
68	70
69	70
69	71
70	71
71	72
71	73
72	73
72	74
72	107
73	74
73	75
73	90
73	107
73	108
74	75
74	105
74	106
74	107
74	108
75	76
75	77
75	90
75	91
75	105
75	106
75	107
76	77
76	78
76	91
76	100
76	102
76	104
76	105
76	106
77	78
77	81
77	102
77	104
77	105
77	106
77	232
77	235
78	79
78	80
78	81
78	102
78	104
78	235
79	80
79	81
79	82
80	81
80	82
80	100
80	101
80	102
81	82
81	83
81	84
81	100
81	209
82	83
82	84
82	206
82	207
82	208
82	209
83	84
83	85
83	199
83	200
83	206
83	207
83	208
83	209
84	85
84	86
84	95
84	209
84	210
85	86
85	93
85	94
85	95
85	209
85	210
85	211
86	87
86	88
86	89
86	91
86	92
86	93
86	94
86	210
86	211
86	212
87	88
87	89
87	90
87	91
87	92
87	93
87	94
87	211
87	212
87	213
88	89
88	90
88	91
88	212
88	213
88	221
88	224
88	225
88	228
89	90
89	91
89	212
89	213
89	221
89	224
89	225
89	228
90	91
90	92
91	92
91	93
92	93
92	94
93	94
93	95
93	96
93	98
93	99
93	100
94	95
94	96
95	96
95	97
96	97
96	98
97	98
98	99
98	100
99	100
99	101
100	101
100	102
101	102
101	103
102	103
102	104
103	104
104	105
104	106
105	106
106	107
106	108
107	108
107	109
107	110
108	109
108	110
108	227
108	228
108	231
109	110
109	111
110	111
110	112
111	112
111	113
112	113
112	114
112	284
112	287
112	288
113	114
113	115
113	117
113	288
114	115
114	116
114	117
115	116
115	117
115	118
116	117
116	118
117	118
117	119
117	292
117	293
118	119
118	120
118	292
118	293
119	120
119	121
119	291
119	292
119	293
120	121
120	122
121	122
121	123
122	123
122	124
122	139
122	140
122	350
123	124
123	125
123	139
123	140
124	125
124	126
124	137
124	138
124	139
124	140
125	126
125	127
125	138
125	139
125	140
126	127
126	128
126	133
126	138
126	428
127	128
127	129
127	133
127	165
127	166
128	129
128	130
128	133
128	425
128	426
128	427
128	428
129	130
129	131
129	132
129	133
129	425
129	426
130	131
130	132
130	133
130	134
130	408
130	426
130	431
131	132
131	133
131	134
131	135
131	408
132	133
132	134
132	135
132	136
132	137
133	134
133	135
133	136
133	137
133	428
134	135
134	136
134	137
134	364
134	431
134	432
135	136
135	137
135	364
136	137
136	138
136	324
136	346
136	347
136	348
136	351
137	138
137	139
137	348
137	350
137	351
138	139
138	140
138	142
138	144
138	324
138	348
139	140
139	141
139	142
140	141
140	142
140	298
141	142
141	143
141	291
141	296
141	297
141	298
142	143
142	144
142	298
142	299
142	323
143	144
143	145
143	298
143	299
143	300
143	322
143	323
143	324
144	145
144	146
144	299
144	300
144	301
144	322
144	323
144	324
144	325
145	146
145	147
145	300
145	301
145	302
145	303
145	322
145	324
145	325
145	326
146	147
146	148
146	155
146	301
146	302
146	303
146	325
146	326
146	327
147	148
147	155
147	302
147	303
147	304
147	305
147	326
147	327
147	328
148	149
148	150
148	152
148	153
148	154
148	155
148	303
148	304
148	305
148	327
148	328
148	329
149	150
149	151
149	152
149	153
149	304
149	305
149	306
149	307
149	308
149	330
150	151
150	152
150	153
151	152
151	153
151	154
152	153
152	154
152	155
152	328
152	329
152	330
152	333
152	340
153	154
153	155
153	328
153	329
153	330
153	333
153	340
154	155
154	156
154	157
154	158
154	339
154	340
155	156
155	157
155	158
155	159
155	302
156	157
156	158
156	159
156	160
157	158
157	159
157	160
157	161
157	414
158	159
158	160
158	161
158	162
159	160
159	161
159	162
159	163
160	161
160	162
160	163
160	164
160	414
161	162
161	163
161	164
161	165
161	412
161	413
161	414
162	163
162	164
162	165
162	166
163	164
163	165
163	166
163	167
164	165
164	166
164	167
164	168
165	166
165	167
165	168
165	169
166	167
166	168
166	169
166	170
167	168
167	169
167	170
168	169
168	170
169	170
169	171
170	171
170	172
171	172
172	173
172	174
172	242
172	243
172	244
173	174
173	175
173	207
173	208
173	243
173	244
173	245
174	175
174	176
174	207
174	208
174	209
174	244
174	245
174	246
175	176
175	177
175	208
175	209
175	210
175	233
175	245
175	246
175	247
176	177
176	178
176	209
176	210
176	211
176	246
176	247
176	248
177	178
177	179
177	210
177	211
177	212
177	226
177	229
177	247
177	248
177	249
178	179
178	180
178	181
178	211
178	212
178	213
178	214
178	248
178	249
178	250
179	180
179	181
179	212
179	213
179	214
179	222
179	225
179	226
179	248
179	249
179	250
179	251
179	253
180	181
180	213
180	214
180	215
180	222
180	250
180	253
181	182
181	183
181	214
181	215
181	249
181	250
182	183
182	184
182	185
182	186
182	214
182	215
183	184
183	185
183	186
183	187
183	214
184	185
184	186
184	187
184	188
185	186
185	187
185	188
185	189
186	187
186	188
186	189
186	190
187	188
187	189
187	190
187	191
188	189
188	190
188	191
188	192
189	190
189	191
189	192
189	193
190	191
190	192
190	193
190	194
191	192
191	193
191	194
191	195
192	193
192	194
192	195
192	196
193	194
193	195
193	196
193	197
193	198
193	199
194	195
194	196
194	197
194	198
194	199
194	200
195	196
195	197
196	197
196	198
197	198
197	199
197	200
198	199
198	200
198	206
198	207
198	208
199	200
199	201
199	206
199	207
199	208
200	201
200	202
200	203
200	204
200	205
200	206
201	202
201	203
202	203
203	204
203	205
204	205
204	206
205	206
205	207
206	207
206	208
207	208
208	209
208	210
209	210
209	211
210	211
210	212
211	212
211	229
212	213
212	214
212	225
213	214
213	217
213	221
213	222
213	225
214	215
214	216
214	217
214	222
215	216
215	217
216	217
216	218
217	218
217	219
217	221
217	222
218	219
218	220
218	221
218	222
219	220
219	221
219	222
219	223
219	257
219	260
219	261
220	221
220	222
220	223
220	224
220	257
221	222
221	223
221	224
221	225
222	223
222	224
222	225
222	253
222	254
222	257
223	224
223	225
223	254
223	255
223	257
223	258
224	225
224	226
224	227
224	228
225	226
225	227
225	228
225	229
226	227
226	228
226	229
226	230
226	254
227	228
227	229
227	230
227	231
227	285
228	229
228	230
228	231
228	232
229	230
229	231
229	232
229	233
230	231
230	232
230	233
230	234
230	289
231	232
231	233
231	234
231	235
232	233
232	234
232	235
232	236
233	234
233	235
233	236
233	237
233	244
233	246
234	235
234	236
234	237
234	238
235	236
235	237
235	238
235	239
236	237
236	238
236	239
236	240
236	241
236	242
236	244
237	238
237	239
237	240
237	241
237	242
237	243
237	244
237	294
237	295
237	296
237	297
238	239
238	240
238	241
238	294
238	295
239	240
239	241
240	241
240	242
241	242
241	294
241	295
242	243
242	244
242	295
242	296
243	244
243	245
243	295
243	296
243	297
244	245
244	246
244	296
244	297
244	298
245	246
245	247
245	297
245	298
245	299
246	247
246	248
246	297
246	298
246	299
246	300
247	248
247	249
247	299
247	300
247	301
248	249
248	250
248	251
248	300
248	301
248	302
249	250
249	251
249	301
249	302
250	251
250	252
250	253
250	301
250	302
250	303
250	304
251	252
251	253
251	254
251	301
251	302
251	303
252	253
252	254
252	255
252	256
252	303
252	304
252	314
253	254
253	255
253	256
253	257
254	255
254	256
254	257
254	258
255	256
255	257
255	258
255	259
255	278
255	314
256	257
256	258
256	259
256	260
257	258
257	259
257	260
257	261
258	259
258	260
258	261
258	262
258	275
259	260
259	261
259	262
259	263
259	274
259	275
260	261
260	262
260	263
260	264
261	262
261	263
261	264
261	265
262	263
262	264
262	265
262	266
262	267
262	275
263	264
263	265
263	266
263	267
264	265
264	266
265	266
265	267
266	267
266	268
267	268
267	269
268	269
268	270
269	270
269	271
269	273
269	274
269	275
269	276
270	271
270	272
270	273
270	274
270	275
270	276
271	272
271	273
271	274
272	273
272	274
273	274
273	275
274	275
274	276
274	278
275	276
275	277
275	278
276	277
276	278
277	278
277	279
277	280
277	281
278	279
278	280
278	281
278	282
279	280
279	281
279	282
279	283
279	317
280	281
280	282
280	283
280	284
281	282
281	283
281	284
281	285
282	283
282	284
282	285
282	286
283	284
283	285
283	286
283	287
284	285
284	286
284	287
285	286
285	287
285	288
286	287
286	288
286	289
286	321
287	288
287	289
287	290
288	289
288	290
289	290
290	291
290	292
290	297
291	292
291	295
291	296
291	297
292	293
292	294
292	295
292	296
293	294
293	295
294	295
295	296
295	297
296	297
296	298
297	298
297	299
298	299
298	300
299	300
299	301
300	301
300	302
301	302
301	303
302	303
302	304
303	304
303	305
303	315
304	305
304	306
305	306
305	307
305	308
305	309
305	310
305	315
306	307
306	308
306	309
306	312
307	308
307	309
308	309
308	310
309	310
309	311
309	312
310	311
310	312
310	315
310	316
311	312
311	313
311	315
311	316
312	313
312	314
312	315
312	316
313	314
313	315
313	316
313	317
314	315
314	316
314	317
314	318
315	316
315	317
315	318
315	319
316	317
316	318
316	319
317	318
317	319
317	320
318	319
318	320
318	321
319	320
319	321
319	322
320	321
320	322
321	322
322	323
322	324
322	325
323	324
323	325
323	348
323	349
324	325
324	326
324	347
324	348
324	349
325	326
325	327
325	346
325	347
325	348
326	327
326	328
326	341
326	346
326	347
327	328
327	329
327	341
327	342
327	345
327	346
328	329
328	330
328	340
328	341
328	342
329	330
329	331
329	332
329	333
329	340
329	341
329	342
330	331
330	332
330	333
330	334
331	332
331	333
331	334
331	335
332	333
332	334
332	335
332	336
332	337
332	340
333	334
333	335
333	336
333	337
333	338
333	340
334	335
334	336
335	336
335	337
336	337
336	338
337	338
337	339
337	340
337	406
337	409
338	339
338	340
338	409
338	410
339	340
339	341
339	409
339	410
340	341
340	342
341	342
341	343
342	343
342	344
342	345
342	346
343	344
343	345
343	346
344	345
344	346
344	368
345	346
345	347
346	347
347	348
348	349
348	350
348	351
349	350
349	351
350	351
350	352
350	355
351	352
351	353
351	356
351	361
352	353
352	354
352	355
352	356
352	361
353	354
353	355
353	356
353	357
353	358
353	361
354	355
354	356
354	357
355	356
355	357
356	357
356	358
356	360
356	361
357	358
357	359
357	360
357	361
358	359
358	360
358	361
358	362
359	360
359	361
359	362
359	363
360	361
360	362
360	363
360	364
360	432
361	362
361	363
361	364
361	365
362	363
362	364
362	365
362	366
363	364
363	365
363	366
363	367
363	432
363	435
363	436
364	365
364	366
364	367
364	368
365	366
365	367
365	368
365	369
366	367
366	368
366	369
366	370
367	368
367	369
367	370
367	371
368	369
368	370
368	371
368	372
369	370
369	371
369	372
369	373
370	371
370	372
370	373
370	374
370	397
370	401
371	372
371	373
371	374
371	375
371	401
372	373
372	374
372	375
372	376
372	377
373	374
373	375
373	376
373	377
373	378
374	375
374	376
374	377
374	378
374	379
374	397
374	398
374	401
375	376
375	377
375	378
375	379
376	377
376	378
376	379
377	378
377	379
378	379
378	380
378	381
378	382
379	380
379	381
379	382
379	383
380	381
380	382
380	383
380	384
381	382
381	383
381	384
381	385
382	383
382	384
382	385
382	386
382	387
383	384
383	385
383	386
384	385
384	386
385	386
385	387
385	389
386	387
386	388
386	389
387	388
387	389
387	390
387	395
388	389
388	390
389	390
389	391
390	391
390	392
390	394
390	395
391	392
391	393
391	394
391	395
392	393
392	394
392	395
392	396
393	394
393	395
393	396
393	397
394	395
394	396
394	397
394	398
395	396
395	397
395	398
395	399
396	397
396	398
396	399
396	400
397	398
397	399
397	400
397	401
398	399
398	400
398	401
398	402
399	400
399	401
399	402
399	403
400	401
400	402
400	403
400	404
400	438
400	444
401	402
401	403
401	404
401	405
402	403
402	404
402	405
402	406
402	448
403	404
403	405
403	406
403	407
403	448
403	451
404	405
404	406
404	407
404	408
404	435
405	406
405	407
405	408
406	407
406	408
406	409
406	451
406	452
407	408
407	409
407	451
407	452
408	409
408	410
409	410
409	452
409	453
410	411
410	412
410	424
410	453
410	454
410	455
411	412
411	413
411	419
411	421
411	422
411	423
411	424
411	453
411	454
412	413
412	414
412	415
412	416
412	423
412	424
413	414
413	415
413	416
413	422
413	423
413	424
414	415
414	416
415	416
415	417
415	418
415	419
416	417
416	418
416	419
416	420
416	421
416	422
416	423
417	418
417	419
417	420
418	419
418	420
419	420
419	421
420	421
421	422
421	423
422	423
422	424
423	424
424	425
424	426
424	455
425	426
425	427
425	455
426	427
426	428
426	430
426	431
426	455
426	456
427	428
427	429
427	430
427	431
428	429
428	430
428	431
428	432
429	430
429	431
429	432
429	433
430	431
430	432
430	433
430	434
430	456
431	432
431	433
431	434
431	435
431	456
432	433
432	434
432	435
432	436
433	434
433	435
433	436
433	437
434	435
434	436
434	437
434	438
434	456
434	457
435	436
435	437
435	438
435	439
436	437
436	438
436	439
436	440
437	438
437	439
437	440
437	441
437	442
438	439
438	440
438	441
438	442
438	443
439	440
439	441
440	441
440	442
441	442
441	443
441	444
442	443
442	444
443	444
443	445
443	446
444	445
444	446
445	446
445	447
446	447
446	448
446	464
447	448
447	449
447	450
447	464
448	449
448	450
448	451
449	450
449	451
449	452
450	451
450	452
450	460
450	463
450	464
451	452
451	453
451	454
451	460
452	453
452	454
453	454
454	455
454	456
454	459
454	460
455	456
455	457
455	459
456	457
456	458
456	459
457	458
457	459
457	460
457	461
458	459
458	460
458	461
458	462
459	460
459	461
459	462
459	463
460	461
460	462
460	463
460	464
461	462
461	463
461	464
461	465
462	463
462	464
462	465
462	466
463	464
463	465
463	466
463	467
464	465
464	466
464	467
464	468
465	466
465	467
465	468
466	467
466	468
467	468
