0	1
0	2
0	3
0	4
1	2
1	3
1	4
1	5
1	19
1	20
1	21
2	3
2	4
2	19
2	20
2	21
2	22
3	4
3	20
3	21
3	22
3	66
3	67
4	5
4	19
4	20
4	65
4	66
4	67
5	6
5	7
5	17
5	18
5	19
5	20
5	64
5	65
5	66
6	7
6	8
6	17
6	18
6	19
6	62
6	63
6	64
6	65
7	8
7	9
7	15
7	16
7	17
7	18
7	61
7	62
7	63
7	64
8	9
8	16
8	17
8	18
8	61
8	62
9	10
9	11
9	15
9	16
9	61
10	11
10	14
10	15
10	16
10	59
10	60
10	61
11	12
11	13
11	14
11	15
11	56
12	13
12	14
13	14
13	15
13	50
13	51
13	52
13	56
14	15
14	16
14	48
14	49
14	50
14	51
14	52
14	262
15	16
15	17
15	48
15	49
15	50
15	51
15	52
16	17
16	18
16	46
16	47
16	48
16	49
17	18
17	19
17	46
17	47
17	48
18	19
18	20
18	45
18	46
18	47
19	20
19	21
19	46
20	21
20	22
20	23
21	22
21	23
22	23
22	24
23	24
23	25
23	27
23	67
24	25
24	26
24	27
25	26
25	27
25	39
25	40
25	42
26	27
26	28
26	38
26	39
26	40
27	28
27	29
27	38
27	39
28	29
28	30
28	36
28	37
28	38
28	39
28	70
28	71
28	72
29	30
29	31
29	36
29	37
29	38
29	65
29	66
29	67
29	68
29	70
30	31
30	32
30	34
30	35
30	36
30	37
30	65
30	66
30	67
30	68
31	32
31	33
31	34
31	35
31	36
31	64
31	65
31	66
32	33
32	34
32	63
32	64
32	65
33	34
33	35
33	58
33	59
34	35
34	36
35	36
35	37
35	53
35	54
36	37
36	52
36	53
37	38
37	39
37	49
37	50
37	51
37	52
37	53
38	39
38	40
38	49
38	50
38	51
38	52
39	40
39	41
39	47
39	48
39	49
39	50
39	51
40	41
40	42
40	48
40	49
40	50
40	51
41	42
41	43
41	47
41	48
41	49
42	43
42	44
42	46
42	47
42	48
43	44
43	45
43	46
43	47
44	45
44	46
45	46
46	47
46	48
47	48
47	49
48	49
48	50
48	51
48	263
49	50
49	51
49	52
50	51
50	52
50	53
50	219
51	52
51	53
51	219
52	53
52	54
53	54
53	217
53	219
53	220
54	55
54	56
54	217
55	56
55	57
55	58
56	57
56	58
56	59
57	58
57	59
58	59
58	60
59	60
59	63
60	61
60	62
60	63
61	62
61	63
62	63
62	64
63	64
63	65
64	65
64	66
65	66
66	67
66	68
67	68
67	69
68	69
68	70
69	70
69	71
70	71
70	72
71	72
71	73
72	73
72	105
72	106
73	74
73	103
73	104
73	105
73	106
74	75
74	76
74	88
74	89
74	103
74	104
74	105
74	106
74	227
75	76
75	89
75	100
75	102
75	103
75	104
76	77
76	80
76	100
76	102
76	103
76	104
76	231
76	234
77	78
77	79
77	80
77	100
77	102
77	231
77	234
78	79
78	80
78	81
79	80
79	81
79	98
79	99
79	100
80	81
80	82
80	83
80	98
80	208
81	82
81	83
81	205
81	206
81	207
81	208
82	83
82	204
82	205
82	206
82	207
82	208
83	84
83	85
83	93
83	208
83	209
84	85
84	91
84	92
84	93
84	208
84	209
84	210
85	86
85	87
85	89
85	90
85	91
85	92
85	209
85	210
85	211
86	87
86	88
86	89
86	90
86	91
86	92
86	210
86	211
86	212
87	88
87	89
87	210
87	211
87	212
87	220
87	221
87	223
87	224
87	227
88	89
88	90
88	227
89	90
89	91
90	91
90	92
91	92
91	93
91	94
91	96
91	97
91	98
92	93
92	94
93	94
93	95
94	95
94	96
95	96
95	97
96	97
96	98
97	98
97	99
98	99
98	100
99	100
99	101
100	101
100	102
101	102
102	103
103	104
104	105
104	106
104	230
105	106
105	107
105	108
105	230
106	107
106	108
106	226
106	227
106	230
107	108
107	226
108	109
108	110
109	110
109	111
110	111
110	112
110	285
110	286
111	112
111	113
111	115
111	286
112	113
112	114
112	115
113	114
113	115
113	116
114	115
114	116
115	116
115	290
115	291
115	294
116	117
116	118
116	288
116	289
116	290
116	291
117	118
117	119
117	289
117	290
117	291
118	119
118	120
119	120
119	121
119	137
119	138
119	139
119	140
119	289
119	357
120	121
120	122
120	137
120	138
120	356
120	357
121	122
121	123
121	137
121	138
121	357
122	123
122	124
122	136
122	137
122	138
122	357
122	358
123	124
123	125
123	136
123	137
123	138
124	125
124	126
124	131
125	126
125	127
125	131
125	158
125	159
125	162
125	415
126	127
126	128
126	131
126	159
126	162
126	415
126	416
126	417
127	128
127	129
127	130
127	131
127	415
127	416
128	129
128	130
128	131
128	132
128	408
128	421
129	130
129	131
129	132
129	133
129	134
129	408
130	131
130	132
130	133
130	134
130	135
131	132
131	133
131	134
131	135
131	136
132	133
132	134
132	135
132	362
132	366
133	134
133	135
133	366
133	370
134	135
134	136
134	349
134	350
134	351
134	354
135	136
135	137
135	351
135	354
135	357
135	358
136	137
136	138
136	140
136	142
136	357
137	138
137	139
137	140
137	357
138	139
138	140
138	289
138	298
138	299
138	300
139	140
139	141
139	287
139	288
139	289
139	298
139	299
139	300
140	141
140	142
140	287
140	288
140	300
140	301
140	325
141	142
141	143
141	287
141	300
141	301
141	302
141	324
141	325
142	143
142	144
142	301
142	302
142	303
142	324
142	325
142	326
142	327
143	144
143	145
143	302
143	303
143	304
143	321
143	324
143	326
143	327
143	328
144	145
144	152
144	302
144	303
144	304
144	305
144	327
144	328
144	329
145	146
145	152
145	304
145	305
145	306
145	307
145	327
145	328
145	329
145	330
146	147
146	148
146	150
146	152
146	305
146	306
146	307
146	310
146	329
146	330
146	331
147	148
147	149
147	150
147	306
147	307
147	308
147	309
147	310
147	331
148	149
148	150
148	306
149	150
149	151
150	151
150	152
150	330
150	331
150	332
150	336
150	343
151	152
151	153
151	154
151	155
151	342
152	153
152	154
152	155
152	156
153	154
153	155
153	156
153	157
154	155
154	156
154	157
154	158
155	156
155	157
155	158
155	159
156	157
156	158
156	159
156	160
156	245
157	158
157	159
157	160
157	161
158	159
158	160
158	161
158	162
158	413
158	415
159	160
159	161
159	162
159	163
160	161
160	162
160	163
160	179
161	162
161	163
161	164
161	201
161	203
162	163
162	164
162	165
162	415
163	164
163	165
163	166
163	167
163	177
164	165
164	166
164	167
164	168
164	203
165	166
165	167
165	168
165	169
166	167
166	168
166	169
166	174
166	175
166	176
167	168
167	169
167	175
167	176
167	177
168	169
168	170
169	170
169	171
170	171
170	172
171	172
171	173
171	174
172	173
172	174
172	175
172	176
173	174
173	175
173	176
174	175
174	176
174	177
175	176
175	177
175	178
175	241
176	177
176	178
176	241
177	178
177	179
177	241
177	242
177	243
178	179
178	180
178	206
178	207
178	241
178	242
178	243
179	180
179	181
179	206
179	207
179	208
179	242
179	243
179	244
180	181
180	182
180	207
180	208
180	209
180	228
180	243
180	244
180	245
181	182
181	183
181	208
181	209
181	210
181	244
181	245
181	246
182	183
182	184
182	209
182	210
182	211
182	225
182	228
182	245
182	246
182	247
183	184
183	185
183	186
183	210
183	211
183	212
183	213
183	246
183	247
183	248
184	185
184	186
184	211
184	212
184	213
184	221
184	247
184	248
184	251
184	252
185	186
185	187
185	212
185	213
185	214
185	221
185	251
186	187
186	188
186	190
186	213
186	214
187	188
187	189
187	190
187	191
187	213
187	214
188	189
188	190
188	191
188	192
188	213
189	190
189	191
189	192
189	193
190	191
190	192
190	193
190	194
191	192
191	193
191	194
191	195
192	193
192	194
192	195
192	196
193	194
193	195
193	196
193	197
194	195
194	196
194	197
194	198
195	196
195	197
195	198
195	199
196	197
196	198
196	199
196	200
197	198
197	199
197	200
197	201
198	199
198	200
198	201
198	202
198	203
198	204
199	200
199	201
199	202
199	203
199	204
200	201
200	202
201	202
201	203
202	203
202	204
202	205
203	204
203	205
203	206
203	207
204	205
204	206
204	207
205	206
205	207
206	207
207	208
207	209
208	209
208	210
209	210
209	211
210	211
210	212
210	224
210	228
211	212
211	213
211	224
212	213
212	216
212	220
212	221
212	224
213	214
213	215
213	216
214	215
214	216
215	216
215	217
216	217
216	218
216	220
216	221
217	218
217	219
217	220
217	221
218	219
218	220
218	221
218	222
218	255
218	256
219	220
219	221
219	222
219	223
219	255
220	221
220	222
220	223
220	224
221	222
221	223
221	224
221	252
221	255
222	223
222	224
222	252
222	255
222	256
223	224
223	225
223	226
223	227
224	225
224	226
224	227
224	228
225	226
225	227
225	228
225	229
225	246
226	227
226	228
226	229
226	230
226	283
227	228
227	229
227	230
227	231
228	229
228	230
228	231
228	232
229	230
229	231
229	232
229	233
230	231
230	232
230	233
230	234
231	232
231	233
231	234
232	233
232	234
232	235
232	236
232	242
232	244
232	299
233	234
233	235
233	236
233	237
233	299
234	235
234	236
234	237
234	238
235	236
235	237
235	238
235	239
235	240
235	241
235	242
235	297
236	237
236	238
236	239
236	240
236	241
236	242
236	297
236	298
236	299
237	238
237	239
237	295
237	297
238	239
238	240
238	295
238	297
239	240
239	295
239	296
239	297
240	241
240	242
240	297
240	298
241	242
241	297
241	298
241	299
242	243
242	244
242	298
242	299
242	300
243	244
243	245
243	299
243	300
243	301
244	245
244	246
244	300
244	301
244	302
245	246
245	247
245	301
245	302
245	303
246	247
246	248
246	249
246	302
246	303
246	304
247	248
247	249
247	303
247	304
248	249
248	250
248	251
248	252
248	303
248	304
248	305
249	250
249	251
249	252
249	253
249	303
249	304
249	305
250	251
250	252
250	253
250	254
250	305
250	306
250	316
251	252
251	253
251	254
251	255
252	253
252	254
252	255
252	256
253	254
253	255
253	256
253	257
254	255
254	256
254	257
254	258
255	256
255	257
255	258
255	259
256	257
256	258
256	259
256	260
257	258
257	259
257	260
257	261
257	272
257	273
258	259
258	260
258	261
258	262
259	260
259	261
259	262
259	263
260	261
260	262
260	263
260	264
260	265
260	273
261	262
261	263
261	264
261	265
261	267
262	263
262	264
263	264
263	265
264	265
264	266
265	266
265	267
265	273
266	267
266	268
266	273
267	268
267	271
267	272
267	273
268	269
268	270
268	271
268	272
268	273
268	274
269	270
269	271
269	272
269	315
270	271
270	272
271	272
271	273
272	273
272	274
272	276
273	274
273	275
273	276
274	275
274	276
275	276
275	277
275	278
275	279
276	277
276	278
276	279
276	280
277	278
277	279
277	280
277	281
277	319
278	279
278	280
278	281
278	282
279	280
279	281
279	282
279	283
280	281
280	282
280	283
280	284
280	320
281	282
281	283
281	284
281	285
281	323
282	283
282	284
282	285
282	286
283	284
283	285
283	286
284	285
284	286
284	287
285	286
285	287
286	287
286	288
287	288
287	299
287	300
287	301
288	289
288	290
288	298
288	299
288	300
289	290
289	291
289	297
289	298
289	299
290	291
290	292
290	294
290	295
290	296
290	297
290	298
291	292
291	293
291	294
291	295
291	296
292	293
292	294
292	295
292	296
293	294
293	295
293	296
294	295
294	296
295	296
295	297
296	297
296	298
297	298
298	299
298	300
299	300
299	301
300	301
300	302
301	302
301	303
302	303
302	304
303	304
303	305
304	305
304	306
305	306
305	307
305	317
306	307
306	308
307	308
307	309
307	310
307	311
307	312
307	317
308	309
308	310
308	311
309	310
309	311
310	311
310	312
311	312
311	313
311	314
312	313
312	314
312	317
312	318
313	314
313	315
313	317
313	318
314	315
314	316
314	317
314	318
315	316
315	317
315	318
315	319
316	317
316	318
316	319
316	320
317	318
317	319
317	320
317	321
318	319
318	320
318	321
318	322
319	320
319	321
319	322
319	323
320	321
320	322
320	323
320	324
321	322
321	323
321	324
321	327
322	323
322	324
323	324
323	325
324	325
324	326
325	326
325	351
325	352
326	327
326	350
326	351
326	352
327	328
327	329
327	349
327	350
327	351
328	329
328	330
328	344
328	349
328	350
329	330
329	331
329	344
329	345
329	348
329	349
330	331
330	343
330	344
330	345
331	332
331	333
331	334
331	335
331	336
331	343
331	344
331	345
332	333
332	334
332	335
332	336
332	337
333	334
333	335
333	336
333	337
333	338
334	335
334	336
334	337
334	338
335	336
335	337
335	338
335	339
335	340
335	343
336	337
336	338
336	339
336	340
336	341
336	343
337	338
337	339
338	339
338	340
339	340
339	341
340	341
340	342
340	343
340	409
341	342
341	343
341	409
341	410
342	343
342	344
342	409
342	410
343	344
343	345
344	345
344	346
345	346
345	347
345	348
345	349
346	347
346	348
346	349
347	348
347	349
348	349
348	350
349	350
350	351
350	352
351	352
351	353
351	354
352	353
352	354
353	354
353	355
353	356
353	357
354	355
354	356
354	357
355	356
355	357
355	358
355	363
356	357
356	358
357	358
358	359
358	360
358	362
358	363
359	360
359	361
359	362
359	363
360	361
360	362
360	363
360	364
360	467
360	468
361	362
361	363
361	364
361	422
361	467
361	468
362	363
362	364
362	365
362	366
362	422
363	364
363	365
363	366
363	367
364	365
364	366
364	367
365	366
365	367
365	368
365	369
365	422
365	425
365	426
366	367
366	368
366	369
366	370
367	368
367	369
367	370
367	371
368	369
368	370
368	371
368	372
368	429
369	370
369	371
369	372
369	373
369	429
370	371
370	372
370	373
370	374
371	372
371	373
371	374
371	375
372	373
372	374
372	375
372	376
372	400
373	374
373	375
373	376
373	377
373	400
374	375
374	376
374	377
374	378
375	376
375	377
375	378
375	396
376	377
376	378
376	379
376	380
376	396
376	397
376	400
377	378
377	379
377	380
378	379
378	380
379	380
379	381
379	382
379	383
379	397
380	381
380	382
380	383
380	397
381	382
381	383
382	383
382	384
382	385
382	386
383	384
383	385
383	386
383	397
384	385
384	386
385	386
385	387
386	387
386	388
386	389
387	388
387	389
388	389
388	390
389	390
389	391
389	394
390	391
390	392
390	393
390	394
391	392
391	393
391	394
391	395
392	393
392	394
392	395
392	396
393	394
393	395
393	396
393	397
394	395
394	396
394	397
394	398
395	396
395	397
395	398
395	399
396	397
396	398
396	399
396	400
397	398
397	399
397	400
397	401
397	402
398	399
398	400
398	401
398	402
398	403
398	434
399	400
399	401
399	402
399	403
399	404
399	434
400	401
400	402
400	403
400	404
400	405
401	402
401	403
401	404
401	405
401	406
401	438
402	403
402	404
402	405
402	406
402	438
403	404
403	405
403	406
403	407
403	428
403	434
403	438
404	405
404	406
404	407
404	408
404	428
405	406
405	407
405	408
405	409
406	407
406	408
406	409
406	441
406	442
407	408
407	409
407	425
408	409
408	410
409	410
410	411
410	412
411	412
411	413
411	414
412	413
412	414
413	414
413	415
414	415
414	416
415	416
416	417
416	418
416	420
416	421
417	418
417	419
417	420
417	421
418	419
418	420
418	421
418	422
419	420
419	421
419	422
419	423
419	460
419	463
419	464
420	421
420	422
420	423
420	424
420	460
421	422
421	423
421	424
421	425
422	423
422	424
422	425
422	426
423	424
423	425
423	426
423	427
424	425
424	426
424	427
424	428
425	426
425	427
425	428
425	429
426	427
426	428
426	429
426	430
427	428
427	429
427	430
427	431
427	432
428	429
428	430
428	431
428	432
428	433
429	430
429	431
430	431
430	432
431	432
431	433
431	434
432	433
432	434
432	482
433	434
433	435
433	436
434	435
434	436
435	436
435	437
436	437
436	438
437	438
437	439
437	440
438	439
438	440
438	441
439	440
439	441
440	441
440	442
440	443
440	444
441	442
441	443
441	444
441	445
442	443
442	444
442	445
442	446
443	444
443	445
443	446
443	447
444	445
444	446
444	447
444	448
444	488
445	446
445	447
445	448
445	449
446	447
446	448
446	449
446	450
447	448
447	449
447	450
447	451
448	449
448	450
448	451
448	452
449	450
449	451
449	452
449	453
450	451
450	452
450	453
450	454
451	452
451	453
451	454
451	455
452	453
452	454
452	455
452	456
452	457
453	454
453	455
453	456
453	457
454	455
454	456
454	457
455	456
455	457
456	457
456	458
456	459
456	460
457	458
457	459
457	460
457	461
458	459
458	460
458	461
458	462
459	460
459	461
459	462
459	463
459	473
460	461
460	462
460	463
460	464
461	462
461	463
461	464
461	465
462	463
462	464
462	465
462	466
463	464
463	465
463	466
463	467
463	468
463	469
464	465
464	466
464	467
464	468
465	466
465	467
466	467
466	468
467	468
468	469
468	470
469	470
469	471
469	473
469	474
470	471
470	472
470	473
470	474
471	472
471	473
471	474
471	475
472	473
472	474
472	475
472	476
473	474
473	475
473	476
473	477
474	475
474	476
474	477
474	478
475	476
475	477
475	478
475	479
476	477
476	478
476	479
476	480
477	478
477	479
477	480
477	481
478	479
478	480
478	481
478	482
479	480
479	481
479	482
479	483
480	481
480	482
480	483
480	484
481	482
481	483
481	484
481	485
482	483
482	484
482	485
482	486
483	484
483	485
483	486
483	487
484	485
484	486
484	487
484	488
485	486
485	487
485	488
485	489
486	487
486	488
486	489
486	490
487	488
487	489
487	490
488	489
488	490
489	490
