0	1
0	2
1	2
1	3
2	3
2	4
2	5
2	6
3	4
3	5
3	6
3	7
4	5
4	6
4	7
4	8
5	6
5	7
5	8
5	9
6	7
6	8
6	9
6	10
7	8
7	9
7	10
7	11
8	9
8	10
8	11
8	12
9	10
9	11
9	12
9	13
10	11
10	12
10	13
10	14
11	12
11	13
11	14
11	15
12	13
12	14
12	15
12	16
13	14
13	15
13	16
13	17
14	15
14	16
14	17
14	18
15	16
15	17
15	18
15	19
16	17
16	18
16	19
17	18
17	19
17	395
17	396
17	400
18	19
18	392
18	395
18	396
19	20
19	21
19	330
19	331
19	391
19	392
19	395
20	21
20	22
20	330
20	331
20	332
20	358
20	395
21	22
21	23
21	331
21	332
21	357
21	358
22	23
22	24
22	331
22	332
22	333
22	353
22	354
22	355
22	357
23	24
23	25
23	26
23	332
23	333
23	334
23	353
23	354
24	25
24	26
24	307
24	353
24	354
24	355
24	356
25	26
25	27
25	194
25	220
26	27
26	220
26	356
26	357
27	28
27	29
27	220
27	223
27	356
27	357
28	29
28	30
28	223
28	357
28	360
28	401
29	30
29	31
29	33
29	223
29	224
29	225
29	401
30	31
30	32
30	33
30	34
30	401
31	32
31	33
31	34
31	35
31	401
32	33
32	34
32	35
32	36
33	34
33	35
33	36
33	37
33	224
33	225
33	260
33	263
33	264
34	35
34	36
34	37
34	38
35	36
35	37
35	38
35	39
36	37
36	38
36	39
36	256
36	259
36	260
37	38
37	39
37	256
37	257
37	259
37	260
38	39
38	40
38	256
39	40
39	41
39	42
39	256
40	41
40	42
40	43
41	42
41	43
41	44
41	255
41	256
42	43
42	44
42	254
42	255
42	256
43	44
43	45
44	45
44	46
45	46
45	47
45	55
45	252
46	47
46	48
46	53
46	54
46	55
46	58
46	252
46	253
47	48
47	49
47	53
47	54
47	251
47	252
47	253
48	49
48	52
48	53
48	54
48	246
49	50
49	51
49	52
49	53
50	51
50	52
50	53
50	62
50	65
50	66
51	52
51	53
51	62
52	53
52	54
53	54
53	55
54	55
55	56
55	57
56	57
56	58
57	58
57	59
58	59
58	60
58	61
58	62
59	60
59	61
59	62
59	63
60	61
60	62
60	63
60	64
61	62
61	63
61	64
61	65
62	63
62	64
62	65
62	66
63	64
63	65
63	66
63	67
64	65
64	66
64	67
64	68
64	259
65	66
65	67
65	68
65	69
65	258
66	67
66	68
66	69
66	70
67	68
67	69
67	70
67	71
67	262
68	69
68	70
68	71
68	72
68	83
68	258
68	261
68	262
69	70
69	71
69	72
69	73
69	81
69	82
69	83
70	71
70	72
70	73
70	74
71	72
71	73
71	74
71	75
71	262
71	265
72	73
72	74
72	75
72	76
72	81
72	265
73	74
73	75
73	76
73	77
73	78
73	79
73	80
73	81
74	75
74	76
74	77
74	78
75	76
75	77
75	200
75	265
75	269
76	77
76	78
76	200
77	78
77	79
78	79
78	80
78	208
78	231
78	232
78	233
79	80
79	232
79	233
79	234
79	235
80	81
80	231
80	232
80	233
80	234
80	235
80	238
81	82
81	83
81	230
81	231
81	232
82	83
82	84
82	229
82	230
82	231
82	242
83	84
83	85
83	228
83	229
83	230
83	258
84	85
84	86
84	229
84	253
84	258
85	86
85	87
85	90
85	91
85	227
85	228
85	229
85	245
86	87
86	90
86	227
86	228
87	88
87	89
87	90
87	91
87	217
87	226
87	227
87	228
88	89
88	90
88	91
88	92
88	216
88	217
88	227
88	228
88	229
89	90
89	91
89	92
89	93
89	118
90	91
90	92
90	93
90	94
90	228
91	92
91	93
91	94
91	95
91	215
91	228
91	229
91	230
92	93
92	94
92	95
92	96
92	215
93	94
93	95
93	96
93	97
94	95
94	96
94	97
94	98
94	241
94	244
94	245
94	249
95	96
95	97
95	98
95	99
95	241
96	97
96	98
96	99
96	100
97	98
97	99
97	100
97	101
97	244
98	99
98	100
98	240
98	241
98	244
99	100
100	101
100	102
100	104
100	159
101	102
101	103
101	104
102	103
102	104
102	129
102	130
103	104
103	105
103	129
103	130
103	131
104	105
104	106
104	130
104	131
104	159
105	106
105	107
105	130
105	131
105	132
105	158
105	159
106	107
106	108
106	130
106	131
106	132
106	133
106	158
106	159
106	160
106	161
107	108
107	132
107	133
107	134
107	158
107	160
107	161
107	162
108	109
108	110
108	119
108	120
108	133
108	134
108	135
108	161
108	162
108	163
109	110
109	111
109	113
109	114
109	115
109	119
109	134
109	135
109	136
109	165
110	111
110	112
110	113
110	114
110	115
110	134
110	135
110	136
111	112
111	113
111	114
111	115
111	116
111	117
112	113
112	114
112	115
112	337
113	114
113	115
113	136
113	137
113	339
114	115
114	116
114	165
114	166
114	167
114	168
115	116
115	117
115	119
115	165
115	166
115	167
116	117
116	118
116	119
116	165
116	166
117	118
117	119
117	120
117	121
117	124
118	119
118	120
118	121
118	124
118	126
119	120
119	121
119	126
119	162
120	121
120	122
120	126
120	127
120	132
121	122
121	123
121	124
121	126
121	127
122	123
122	124
122	127
122	128
123	124
123	125
123	127
123	128
124	125
124	126
124	127
124	128
125	126
125	127
125	128
125	129
126	127
126	128
126	129
126	130
127	128
127	129
127	130
127	131
127	132
128	129
128	130
129	130
130	131
130	132
131	132
132	133
132	134
133	134
134	135
134	136
135	136
135	149
136	137
136	138
136	144
137	138
137	139
137	142
137	143
137	144
137	145
138	139
138	140
138	141
138	142
138	143
138	144
138	145
139	140
139	141
139	142
139	339
139	340
140	141
140	142
141	142
141	143
141	300
142	143
142	299
142	300
142	339
143	144
143	145
143	300
144	145
144	146
145	146
145	147
145	148
145	149
146	147
146	148
146	149
146	150
147	148
147	149
147	150
147	151
148	149
148	150
148	151
148	152
149	150
149	151
149	152
149	153
150	151
150	152
150	153
150	154
150	180
151	152
151	153
151	154
151	155
152	153
152	154
152	155
152	156
153	154
153	155
153	156
153	157
153	158
153	184
154	155
154	156
154	157
154	184
155	156
155	157
156	157
156	158
157	158
157	159
157	184
158	159
158	160
158	161
158	186
159	160
159	161
159	186
159	187
160	161
160	162
160	186
160	187
160	188
160	189
161	162
161	163
161	181
161	186
161	187
161	188
161	189
162	163
162	164
162	188
162	189
162	190
162	191
163	164
163	165
163	189
163	190
163	191
164	165
164	190
164	191
164	192
165	166
165	167
165	168
165	191
166	167
166	168
166	194
167	168
167	169
168	169
168	170
169	170
169	303
169	304
169	305
169	307
169	308
170	171
170	172
170	303
170	304
170	305
171	172
171	173
171	204
171	304
172	173
172	174
173	174
173	175
173	176
173	177
174	175
174	176
174	177
174	178
174	207
174	210
175	176
175	177
175	178
175	179
175	210
176	177
176	178
176	179
176	180
177	178
177	179
177	180
177	181
178	179
178	180
178	181
178	182
178	188
178	210
178	211
179	180
179	181
179	182
179	183
180	181
180	182
180	183
180	184
181	182
181	183
181	184
181	185
181	186
181	187
181	188
182	183
182	184
182	185
182	186
183	184
183	185
184	185
184	186
185	186
185	187
186	187
186	188
187	188
187	189
187	212
188	189
188	190
188	211
188	212
188	213
189	190
189	191
189	211
189	212
189	213
189	214
190	191
190	192
190	207
190	211
190	213
190	214
190	215
191	192
191	193
191	214
191	215
191	216
192	193
192	194
192	195
192	196
192	214
192	215
192	216
193	194
193	195
193	196
193	215
193	216
193	217
194	195
194	196
194	220
194	221
195	196
195	197
195	198
195	199
195	221
196	197
196	198
196	199
196	200
196	216
196	221
196	222
197	198
197	199
197	200
197	201
197	221
197	222
198	199
198	200
198	201
198	202
198	203
198	204
198	221
198	277
199	200
199	201
199	202
199	203
199	204
199	205
199	206
200	201
200	202
201	202
201	203
201	273
201	274
201	277
202	203
202	204
203	204
203	205
204	205
204	206
205	206
205	207
206	207
206	208
207	208
207	209
207	210
207	211
208	209
208	210
208	211
208	214
208	232
208	233
209	210
209	211
209	233
210	211
210	212
211	212
211	213
211	214
212	213
212	232
213	214
213	215
213	231
213	232
214	215
214	216
214	230
214	231
214	232
215	216
215	229
215	230
215	231
216	217
216	218
216	228
216	229
216	230
217	218
217	219
217	227
217	228
217	229
218	219
218	220
218	222
218	223
218	224
218	225
218	226
218	227
218	228
218	229
218	261
219	220
219	221
219	222
219	223
219	224
219	225
219	226
219	227
220	221
220	222
220	223
221	222
221	223
221	356
222	223
222	224
223	224
223	264
224	225
224	226
224	261
224	264
225	226
225	227
225	257
225	260
225	261
226	227
227	228
228	229
229	230
229	231
230	231
231	232
232	233
232	234
232	235
232	238
233	234
233	235
234	235
234	236
234	237
234	238
235	236
235	237
235	238
235	239
236	237
236	238
236	239
236	240
237	238
237	239
237	240
237	241
238	239
238	240
238	241
238	242
239	240
239	241
239	242
239	243
240	241
240	242
240	243
240	244
241	242
241	243
241	244
241	245
242	243
242	244
242	245
242	246
243	244
243	245
243	246
243	247
243	248
244	245
244	246
244	247
244	248
244	249
245	246
245	247
245	248
245	249
245	250
246	247
246	248
246	249
246	250
246	251
247	248
247	249
247	250
247	251
248	249
248	250
249	250
250	251
250	252
251	252
251	253
252	253
252	254
253	254
253	255
254	255
254	256
254	257
254	258
255	256
255	257
255	258
255	259
256	257
256	258
256	259
256	260
257	258
257	259
257	260
257	261
258	259
258	260
258	261
258	262
259	260
259	261
259	262
259	263
260	261
260	262
260	263
260	264
261	262
261	263
261	264
261	265
262	263
262	264
262	265
262	266
263	264
263	265
263	266
263	267
264	265
264	266
264	267
264	268
265	266
265	267
265	268
265	269
266	267
266	268
266	269
266	270
267	268
267	269
267	270
267	273
268	269
268	270
268	273
269	270
269	271
269	273
270	271
270	272
270	273
271	272
271	273
271	274
271	275
272	273
272	274
272	275
272	276
273	274
273	275
273	276
273	277
274	275
274	276
274	277
274	278
275	276
275	277
275	278
275	279
276	277
276	278
276	279
276	280
277	278
277	279
277	280
277	281
278	279
278	280
278	281
278	282
279	280
279	281
279	282
279	283
279	359
279	364
280	281
280	282
280	283
280	284
280	306
280	355
280	356
280	359
281	282
281	283
281	284
281	285
281	305
281	306
282	283
282	284
282	285
282	286
282	365
283	284
283	285
283	286
283	287
283	355
283	364
283	365
283	368
284	285
284	286
284	287
284	288
284	306
284	307
284	354
284	355
285	286
285	287
285	288
285	289
285	302
285	303
286	287
286	288
286	289
286	290
286	365
286	368
287	288
287	289
287	290
287	291
287	368
287	369
287	372
288	289
288	290
288	291
288	292
288	298
288	302
288	308
289	290
289	291
289	292
289	293
290	291
290	292
290	293
290	294
290	369
290	372
291	292
291	293
291	294
291	295
291	296
291	372
292	293
292	294
292	295
292	296
292	297
292	298
293	294
293	295
294	295
294	296
295	296
295	297
295	314
296	297
296	298
296	310
296	311
296	312
296	314
297	298
297	299
297	310
297	311
297	312
298	299
298	300
298	301
298	302
298	309
298	310
298	311
299	300
299	301
299	302
299	309
299	310
299	311
300	301
300	302
301	302
302	303
302	308
303	304
303	305
303	307
303	308
304	305
305	306
305	307
306	307
306	354
306	355
306	356
307	308
307	353
307	354
307	355
308	309
308	310
308	352
308	353
308	354
309	310
309	311
309	350
309	351
309	352
309	353
310	311
310	312
310	350
310	351
310	352
311	312
311	313
311	338
311	349
311	350
312	313
312	314
312	315
312	316
312	317
312	318
312	349
312	350
313	314
313	315
313	316
313	317
313	349
314	315
314	316
315	316
315	317
316	317
316	318
317	318
317	319
317	321
317	322
317	349
318	319
318	320
318	321
318	322
318	347
318	348
318	349
318	350
319	320
319	321
319	322
319	323
319	335
319	336
319	347
319	348
319	349
319	350
319	351
320	321
320	322
320	323
320	324
320	335
320	347
320	348
321	322
321	323
321	324
321	325
322	323
322	324
322	325
322	326
322	379
323	324
323	325
323	326
323	327
323	333
323	334
323	335
324	325
324	326
324	327
324	328
325	326
325	327
325	328
325	329
325	378
325	379
325	382
325	383
326	327
326	328
326	329
326	330
326	331
326	332
326	375
326	378
326	379
327	328
327	329
327	330
327	331
327	332
328	329
328	330
328	383
329	330
329	331
329	383
329	384
329	387
329	388
329	391
330	331
330	332
330	388
330	391
331	332
331	333
332	333
332	334
333	334
333	335
333	351
333	352
333	353
334	335
334	336
334	351
334	352
335	336
335	337
335	348
335	350
335	351
335	352
336	337
336	338
336	348
336	350
336	351
336	352
337	338
337	339
337	341
337	345
337	348
337	349
337	350
338	339
338	340
338	341
338	349
338	350
339	340
339	341
340	341
340	342
341	342
341	343
341	348
341	349
342	343
342	344
343	344
343	345
343	347
343	348
343	349
344	345
344	346
344	347
344	348
345	346
345	347
345	348
346	347
346	348
347	348
347	349
348	349
348	350
349	350
350	351
350	352
351	352
351	353
352	353
352	354
353	354
353	355
354	355
354	356
355	356
355	357
355	358
355	359
356	357
356	358
356	359
356	360
357	358
357	359
357	360
357	361
358	359
358	360
358	361
358	362
358	363
359	360
359	361
359	362
359	363
359	364
360	361
360	362
361	362
361	363
361	398
361	399
361	400
361	401
362	363
362	364
362	398
363	364
363	367
363	398
364	365
364	366
364	367
365	366
365	367
365	368
366	367
366	368
366	369
367	368
367	369
367	370
367	371
368	369
368	370
368	371
368	372
369	370
369	371
369	372
369	373
370	371
370	372
370	373
370	374
371	372
371	373
371	374
371	375
372	373
372	374
372	375
372	376
373	374
373	375
373	376
373	377
374	375
374	376
374	377
374	378
375	376
375	377
375	378
375	379
376	377
376	378
376	379
376	380
377	378
377	379
377	380
377	381
378	379
378	380
378	381
378	382
378	383
379	380
379	381
379	382
380	381
380	382
381	382
381	383
382	383
382	384
383	384
383	387
384	385
384	386
384	387
384	388
385	386
385	387
385	388
385	389
386	387
386	388
386	389
386	390
387	388
387	389
387	390
387	391
388	389
388	390
388	391
388	392
389	390
389	391
389	392
389	393
390	391
390	392
390	393
390	394
391	392
391	393
391	394
391	395
392	393
392	394
392	395
392	396
393	394
393	395
393	396
393	397
394	395
394	396
394	397
394	398
395	396
395	397
395	398
396	397
396	398
396	399
397	398
397	399
398	399
398	400
399	400
399	401
400	401
