0	1
0	2
0	4
0	5
0	19
1	2
1	3
1	4
1	5
2	3
2	4
2	5
2	6
2	23
3	4
3	5
3	6
3	7
4	5
4	6
4	7
4	8
5	6
5	7
5	8
5	9
6	7
6	8
6	9
6	10
6	39
6	40
7	8
7	9
7	10
7	11
8	9
8	10
8	11
8	12
8	13
9	10
9	11
9	12
9	13
9	14
9	43
9	44
9	47
10	11
10	12
10	43
10	47
11	12
11	13
12	13
12	14
12	47
13	14
13	15
14	15
14	16
15	16
15	17
15	19
15	20
15	53
16	17
16	18
16	19
16	20
17	18
17	19
17	20
17	21
17	56
18	19
18	20
18	21
18	22
19	20
19	21
19	22
19	23
20	21
20	22
20	23
20	24
21	22
21	23
21	24
21	25
21	60
22	23
22	24
22	25
22	26
23	24
23	25
23	26
23	27
24	25
24	26
24	27
24	28
25	26
25	27
25	28
25	29
26	27
26	28
26	29
26	30
26	31
26	32
27	28
27	29
27	30
27	31
27	32
27	33
28	29
28	30
28	158
29	30
29	31
30	31
30	32
30	33
31	32
31	33
32	33
32	34
32	36
33	34
33	35
33	36
33	37
34	35
34	36
34	37
34	38
35	36
35	37
35	38
35	39
36	37
36	38
36	39
36	40
37	38
37	39
37	40
37	41
38	39
38	40
38	41
38	42
38	165
38	169
39	40
39	41
39	42
39	43
40	41
40	42
40	43
40	44
41	42
41	43
41	44
41	45
41	171
42	43
42	44
42	45
42	46
42	171
43	44
43	45
43	46
43	47
44	45
44	46
44	47
44	48
44	49
45	46
45	47
45	48
45	171
45	174
46	47
46	48
47	48
48	49
48	50
49	50
49	51
49	53
49	54
49	176
50	51
50	52
50	53
50	54
51	52
51	53
51	54
51	55
52	53
52	54
52	55
52	56
53	54
53	55
53	56
53	57
54	55
54	56
54	57
54	58
54	176
54	180
55	56
55	57
55	58
55	59
55	180
55	222
56	57
56	58
56	59
56	60
57	58
57	59
57	60
57	61
57	180
58	59
58	60
58	61
58	62
58	180
58	181
58	183
58	184
59	60
59	61
59	62
59	63
59	184
60	61
60	62
60	63
60	64
61	62
61	63
61	64
61	156
61	158
61	159
61	184
62	63
62	64
62	156
62	184
62	185
62	187
62	188
63	64
63	65
63	67
63	156
63	188
64	65
64	156
64	157
64	158
65	66
65	67
65	154
65	155
65	156
65	157
66	67
66	68
66	154
66	155
66	156
66	188
67	68
67	69
67	155
67	188
67	189
68	69
68	70
68	188
68	189
68	190
69	70
69	71
69	190
70	71
70	72
70	73
70	76
70	190
70	191
71	72
71	73
72	73
72	74
73	74
73	75
73	76
73	103
73	142
74	75
74	76
74	102
74	103
75	76
75	77
75	102
75	103
75	281
76	77
76	102
76	103
76	104
76	191
76	192
76	193
77	78
77	102
77	103
77	104
77	191
77	192
77	193
77	194
77	277
78	79
78	80
78	104
78	106
78	191
78	193
78	194
78	195
79	80
79	81
79	194
79	195
79	196
80	81
80	82
80	195
80	196
80	197
81	82
81	83
81	196
81	197
81	198
82	83
82	84
82	196
82	197
82	198
82	199
83	84
83	85
83	198
83	199
83	205
83	206
84	85
84	86
84	199
84	205
84	206
85	86
85	87
85	114
85	115
85	116
85	342
85	343
86	87
86	88
86	115
86	116
86	117
87	88
87	89
87	116
88	89
88	90
88	91
88	118
88	250
89	90
89	91
89	92
89	93
89	266
89	270
90	91
90	92
90	93
90	94
91	92
91	93
91	94
91	95
91	254
92	93
92	94
92	95
92	96
92	254
92	258
92	270
93	94
93	95
93	96
93	97
93	270
93	274
94	95
94	96
94	97
94	98
94	104
94	146
95	96
95	97
95	98
95	99
95	146
95	297
95	298
95	300
95	301
96	97
96	98
96	99
96	100
96	288
96	291
96	292
96	297
97	98
97	99
97	100
97	101
97	102
97	104
97	274
97	288
98	99
98	100
98	101
98	102
98	103
98	104
98	145
98	146
98	300
99	100
99	101
99	291
99	296
99	297
99	300
100	101
100	102
100	287
100	288
100	291
101	102
101	103
102	103
102	104
102	145
103	104
103	105
103	141
103	145
103	146
104	105
104	106
104	145
104	146
104	147
105	106
105	141
105	145
105	146
105	147
105	148
106	107
106	108
106	147
106	148
106	149
106	189
107	108
107	109
107	148
107	149
107	150
107	151
107	152
108	109
108	118
108	119
108	148
108	149
108	150
108	152
109	110
109	111
109	117
109	118
109	119
109	150
109	152
110	111
110	112
110	116
110	117
110	118
110	119
110	120
111	112
111	113
111	115
111	116
111	117
111	355
112	113
112	114
112	115
112	116
112	355
112	356
112	357
112	359
113	114
113	115
113	350
113	355
113	356
113	357
114	115
114	116
114	343
114	346
114	347
114	350
114	355
115	116
115	117
115	346
116	117
116	118
116	355
117	118
117	119
117	120
117	121
118	119
118	120
118	121
118	122
119	120
119	121
119	122
119	123
119	130
119	150
120	121
120	122
120	123
120	124
120	247
121	122
121	123
121	124
121	247
121	248
121	250
121	251
122	123
122	124
122	125
122	128
122	251
123	124
123	125
123	128
123	129
124	125
124	126
124	247
124	248
124	321
124	365
125	126
125	127
125	128
125	310
125	311
125	321
126	127
126	128
126	310
126	311
126	320
127	128
127	129
127	309
127	310
127	311
128	129
128	130
128	305
128	308
128	309
128	310
129	130
129	131
129	308
129	309
130	131
130	132
130	148
130	149
130	150
131	132
131	149
131	150
132	133
132	134
132	136
132	137
132	149
133	134
133	135
133	136
133	137
134	135
134	136
134	137
134	138
135	136
135	137
135	138
135	139
136	137
136	138
136	139
136	140
137	138
137	139
137	140
137	141
137	147
138	139
138	140
138	141
138	142
139	140
139	141
139	142
139	143
140	141
140	142
140	143
140	144
140	145
140	147
141	142
141	143
141	144
141	145
141	146
141	147
142	143
142	144
142	145
143	144
143	145
144	145
144	146
144	303
144	304
145	146
145	147
146	147
146	148
146	304
147	148
147	149
147	304
148	149
148	150
149	150
149	151
150	151
150	152
151	152
151	153
151	154
152	153
152	154
152	155
153	154
153	155
153	157
153	160
154	155
154	156
154	157
155	156
155	157
155	185
155	188
156	157
156	158
156	159
156	160
156	184
156	185
156	188
157	158
157	159
157	160
157	161
158	159
158	160
158	161
158	162
159	160
159	161
159	162
159	163
159	181
160	161
160	162
160	163
160	164
161	162
161	163
161	164
161	165
162	163
162	164
162	165
162	166
163	164
163	165
163	166
163	167
164	165
164	166
164	167
164	168
165	166
165	167
165	168
165	169
166	167
166	168
166	169
166	170
166	171
166	172
167	168
167	169
167	170
167	171
167	172
168	169
168	170
169	170
169	171
170	171
170	172
171	172
171	173
171	174
172	173
172	174
172	177
172	178
173	174
173	175
173	178
174	175
174	176
174	177
174	178
175	176
175	177
175	178
175	179
175	215
176	177
176	178
176	179
176	180
177	178
177	179
177	180
177	181
178	179
178	180
178	181
178	182
179	180
179	181
179	182
179	183
179	215
179	218
179	219
180	181
180	182
180	183
180	184
181	182
181	183
181	184
181	185
182	183
182	184
182	185
182	186
183	184
183	185
183	186
183	187
183	219
184	185
184	186
184	187
184	188
185	186
185	187
185	188
185	189
186	187
186	188
186	189
186	190
186	191
187	188
187	189
187	190
188	189
188	190
189	190
189	191
190	191
190	192
191	192
191	193
191	194
192	193
192	194
192	228
192	229
193	194
193	195
193	228
193	229
193	230
193	277
193	280
193	281
194	195
194	196
194	229
194	230
194	231
194	277
195	196
195	197
195	230
195	231
195	232
195	273
195	276
195	277
196	197
196	198
196	231
196	232
196	233
197	198
197	199
197	232
197	233
197	234
197	235
198	199
198	200
198	212
198	232
198	233
198	234
198	235
199	200
199	201
199	206
199	207
199	234
199	235
199	236
199	237
200	201
200	206
200	207
200	208
200	209
200	212
200	234
200	235
200	236
200	237
201	202
201	203
201	206
201	207
201	208
201	209
201	236
201	237
202	203
202	206
202	207
202	208
203	204
203	205
203	206
204	205
204	206
205	206
205	207
206	207
206	208
207	208
207	209
207	211
207	212
208	209
208	210
208	211
208	212
209	210
209	211
209	212
209	213
210	211
210	212
210	213
210	214
211	212
211	213
211	214
211	215
212	213
212	214
212	215
212	216
213	214
213	215
213	216
213	217
214	215
214	216
214	217
214	218
215	216
215	217
215	218
215	219
216	217
216	218
216	219
216	220
216	232
216	422
217	218
217	219
217	220
217	221
218	219
218	220
218	221
218	222
219	220
219	221
219	222
219	223
220	221
220	222
220	223
220	224
220	230
220	231
221	222
221	223
221	224
221	225
222	223
222	224
222	225
222	226
223	224
223	225
223	226
223	227
223	228
223	229
223	230
224	225
224	226
224	227
224	228
224	229
225	226
225	227
226	227
226	228
227	228
227	229
228	229
228	230
229	230
229	280
230	231
230	232
231	232
231	233
231	276
231	422
232	233
232	234
232	421
232	422
233	234
233	235
233	273
233	420
233	421
233	422
234	235
234	418
234	419
234	420
234	421
235	236
235	237
235	417
235	418
235	419
236	237
236	238
236	416
236	417
236	418
236	419
237	238
237	239
237	240
238	239
238	339
238	340
238	341
239	240
239	241
239	339
239	340
239	341
239	342
240	241
240	242
240	342
241	242
241	243
241	265
241	266
242	243
242	244
242	263
242	265
242	266
243	244
243	245
243	370
243	371
243	372
244	245
244	246
244	249
244	250
244	253
244	369
244	370
244	371
245	246
245	247
245	249
245	250
245	368
245	369
245	370
246	247
246	248
246	249
246	250
246	349
246	354
246	367
246	368
246	369
247	248
247	249
247	250
247	251
247	365
247	366
248	249
248	250
248	251
248	252
248	321
248	322
248	323
248	365
248	366
249	250
249	251
249	252
249	253
249	323
249	368
250	251
250	252
250	253
250	254
251	252
251	253
251	254
251	255
252	253
252	254
252	255
252	256
252	318
253	254
253	255
253	256
253	257
253	262
254	255
254	256
254	257
254	258
255	256
255	257
255	258
255	259
255	315
256	257
256	258
256	259
256	260
256	261
256	262
257	258
257	259
257	260
257	261
257	262
257	263
257	267
258	259
258	260
258	292
258	297
258	298
259	260
259	261
259	295
259	298
260	261
260	262
260	293
261	262
261	263
262	263
262	264
262	267
263	264
263	265
263	266
263	267
264	265
264	266
264	267
264	268
265	266
265	267
265	268
265	269
266	267
266	268
266	269
266	270
267	268
267	269
267	270
267	271
268	269
268	270
268	271
268	272
269	270
269	271
269	272
269	273
269	418
270	271
270	272
270	273
270	274
271	272
271	273
271	274
271	275
271	288
271	289
272	273
272	274
272	275
272	276
273	274
273	275
273	276
273	277
274	275
274	276
274	277
274	278
274	288
275	276
275	277
275	278
275	279
275	285
275	288
276	277
276	278
276	279
276	280
277	278
277	279
277	280
277	281
278	279
278	280
278	281
278	282
278	283
278	284
278	285
279	280
279	281
279	282
279	283
279	284
279	285
280	281
280	282
281	282
281	283
282	283
282	284
283	284
283	285
284	285
284	286
284	287
285	286
285	287
285	288
286	287
286	288
286	289
286	290
287	288
287	289
287	290
287	291
288	289
288	290
288	291
288	292
289	290
289	291
289	292
289	293
290	291
290	292
290	293
290	294
291	292
291	293
291	294
291	295
291	296
291	297
292	293
292	294
292	295
292	296
292	297
293	294
293	295
294	295
294	296
295	296
295	297
295	298
295	299
296	297
296	298
296	299
296	300
297	298
297	299
297	300
297	301
298	299
298	300
298	301
298	302
299	300
299	301
299	302
299	303
300	301
300	302
300	303
300	304
301	302
301	303
301	304
301	305
302	303
302	304
302	305
302	306
302	312
302	315
303	304
303	305
303	306
303	307
304	305
304	306
304	307
304	308
305	306
305	307
305	308
305	309
305	310
305	311
305	312
306	307
306	308
306	309
306	310
306	311
306	312
307	308
307	309
308	309
308	310
309	310
309	311
310	311
310	312
311	312
311	313
311	314
312	313
312	314
312	315
313	314
313	315
313	316
313	317
314	315
314	316
314	317
314	318
314	320
314	321
315	316
315	317
315	318
316	317
316	318
317	318
317	319
317	320
318	319
318	320
318	321
318	322
319	320
319	321
319	322
320	321
320	322
321	322
321	323
322	323
322	324
322	366
323	324
323	325
323	366
323	367
323	389
324	325
324	326
324	366
324	367
324	389
324	390
324	391
325	326
325	327
325	389
325	390
325	391
326	327
326	328
326	387
326	388
326	389
326	390
327	328
327	329
327	387
327	388
327	389
328	329
328	330
328	384
328	386
328	387
328	388
329	330
329	331
329	384
329	385
329	386
329	387
329	388
330	331
330	332
330	382
330	383
330	384
330	385
331	332
331	333
331	380
331	381
331	382
331	383
331	384
331	385
332	333
332	381
332	382
333	334
333	335
333	380
333	381
334	335
334	379
334	380
334	381
335	336
335	337
335	378
335	379
335	380
335	408
335	409
335	410
336	337
336	338
336	376
336	377
336	378
336	379
336	408
336	409
336	410
336	411
336	412
337	338
337	339
337	374
337	375
337	376
337	377
337	378
337	407
337	408
337	409
337	412
338	339
338	375
338	376
338	407
338	408
338	409
338	412
338	414
339	340
339	341
339	375
339	406
339	407
340	341
340	342
340	405
340	406
340	407
341	342
341	343
341	344
341	345
341	405
341	406
342	343
342	344
342	345
342	346
343	344
343	345
343	346
343	347
344	345
344	346
344	347
344	348
344	401
344	402
344	405
345	346
345	347
345	348
345	349
345	401
345	402
345	405
346	347
346	348
346	349
346	350
347	348
347	349
347	350
347	351
347	401
348	349
348	350
348	351
348	352
348	398
348	399
348	401
348	402
349	350
349	351
349	352
349	353
349	354
349	355
349	368
349	369
349	398
350	351
350	352
350	353
350	354
350	355
350	356
351	352
351	353
351	394
351	397
351	398
352	353
352	354
352	367
352	390
352	393
352	394
352	395
352	398
353	354
353	355
353	363
353	364
353	367
354	355
354	356
354	363
354	364
354	365
354	367
354	368
355	356
355	357
355	363
356	357
356	358
356	359
356	361
356	362
356	363
357	358
357	359
358	359
358	360
358	361
359	360
359	361
360	361
360	362
361	362
361	363
362	363
363	364
363	365
364	365
364	366
364	367
365	366
365	367
366	367
366	368
367	368
367	389
367	390
367	391
368	369
368	370
368	388
368	389
368	390
369	370
369	371
369	386
369	387
369	388
369	389
370	371
370	372
370	386
370	387
370	388
371	372
371	373
371	374
371	385
371	386
371	387
372	373
372	374
372	385
372	386
373	374
373	375
373	377
373	385
373	386
374	375
374	376
374	377
375	376
375	377
375	412
375	414
376	377
376	378
376	412
376	413
376	414
377	378
377	379
378	379
378	380
379	380
379	381
379	383
380	381
380	382
380	383
381	382
381	383
382	383
382	384
383	384
383	385
384	385
384	386
385	386
386	387
386	388
387	388
387	389
388	389
388	390
389	390
390	391
390	392
390	393
390	395
391	392
391	393
392	393
392	394
392	395
393	394
393	395
394	395
394	396
394	397
394	398
395	396
395	397
395	398
395	399
396	397
396	398
396	399
396	400
397	398
397	399
397	400
397	401
398	399
398	400
398	401
398	402
399	400
399	401
399	402
399	403
400	401
400	402
400	403
400	404
401	402
401	403
401	404
401	405
402	403
402	404
402	405
402	406
403	404
403	405
403	406
404	405
404	406
405	406
405	407
406	407
406	408
407	408
407	409
408	409
409	410
409	411
410	411
411	412
411	413
412	413
412	414
413	414
413	415
414	415
414	416
415	416
415	417
416	417
416	418
416	419
417	418
417	419
418	419
418	420
419	420
420	421
420	422
421	422
