0	1
0	2
0	257
1	2
1	3
1	257
2	3
2	4
2	105
3	4
3	308
4	5
4	6
4	308
5	6
5	7
5	204
5	208
5	308
5	309
6	7
6	8
6	308
6	309
7	8
8	9
8	10
9	10
9	11
9	18
10	11
10	12
10	16
10	17
10	18
11	12
11	13
11	14
11	16
11	17
11	40
11	41
12	13
12	14
12	17
12	18
12	40
12	41
12	42
13	14
13	15
13	17
13	42
14	15
14	16
14	17
15	16
15	17
16	17
16	18
17	18
17	19
17	41
17	42
18	19
18	41
18	42
18	82
19	20
19	21
19	41
19	42
19	43
19	81
19	82
20	21
20	22
20	42
20	43
20	44
20	81
20	82
20	83
20	84
21	22
21	23
21	43
21	44
21	45
21	81
21	83
21	84
21	85
22	23
22	24
22	25
22	29
22	44
22	45
22	46
22	84
22	85
22	86
22	87
23	24
23	25
23	45
23	46
23	47
23	85
23	86
23	87
24	25
24	26
24	29
24	46
24	47
24	86
24	87
24	88
25	26
25	27
25	29
25	30
25	45
25	46
25	47
25	52
25	53
25	54
25	55
26	27
26	28
26	29
26	30
26	52
26	53
26	54
27	28
27	29
27	30
27	31
27	53
27	54
27	361
28	29
28	30
28	31
28	32
28	281
29	30
29	31
29	32
29	33
29	54
29	87
30	31
30	32
30	33
30	34
30	53
30	54
30	57
31	32
31	33
31	34
31	35
31	299
32	33
32	34
32	35
32	36
32	299
32	300
32	303
33	34
33	35
33	36
33	37
33	43
33	54
33	57
33	58
34	35
34	36
34	37
34	38
34	57
35	36
35	37
35	38
35	39
35	295
35	300
36	37
36	38
36	39
36	40
36	41
36	42
37	38
37	39
37	40
37	41
37	42
38	39
38	40
39	40
39	41
40	41
40	42
41	42
41	43
42	43
42	44
42	59
43	44
43	45
43	58
43	59
43	60
44	45
44	46
44	58
44	59
44	60
44	61
45	46
45	47
45	54
45	55
45	58
45	60
45	61
45	62
46	47
46	61
46	62
46	63
47	48
47	49
47	62
47	63
47	64
47	66
48	49
48	50
48	63
48	64
48	65
48	66
49	50
49	51
49	52
49	63
50	51
50	52
50	63
51	52
51	53
51	55
51	56
52	53
52	54
52	55
52	56
52	363
53	54
53	55
53	56
53	361
53	362
53	363
54	55
54	56
54	57
54	58
55	56
55	57
55	58
55	60
55	61
56	57
56	58
57	58
57	59
58	59
58	60
58	61
59	60
60	61
61	62
61	63
62	63
62	64
63	64
64	65
64	66
64	71
65	66
65	67
65	68
66	67
66	68
66	72
66	91
66	92
67	68
67	69
67	90
67	91
67	92
68	69
68	70
68	71
68	72
68	92
69	70
69	71
69	72
69	73
69	92
69	95
70	71
70	72
70	73
70	74
71	72
71	73
71	74
71	75
72	73
72	74
72	75
72	76
73	74
73	75
73	76
73	77
74	75
74	76
74	77
74	78
75	76
75	77
75	78
75	79
76	77
76	78
76	79
76	80
76	81
77	78
77	79
77	80
78	79
78	80
79	80
79	81
80	81
80	82
81	82
81	83
81	84
82	83
82	105
83	84
83	85
83	105
83	106
83	107
83	306
84	85
84	86
84	105
84	106
84	107
85	86
85	87
85	106
85	107
86	87
86	88
86	107
87	88
87	280
88	89
88	90
88	91
89	90
89	91
89	113
89	117
90	91
90	92
91	92
91	93
92	93
92	94
92	95
92	96
93	94
93	95
93	96
93	97
93	114
94	95
94	96
94	97
94	98
95	96
95	97
95	98
95	99
96	97
96	98
96	99
96	100
96	106
96	110
97	98
97	99
97	100
97	101
97	110
98	99
98	100
98	101
98	102
99	100
99	101
99	102
99	103
99	104
100	101
100	102
100	103
100	104
100	105
100	106
101	102
101	103
102	103
102	104
103	104
103	105
104	105
104	106
105	106
105	107
106	107
106	108
106	109
106	110
107	108
107	109
107	110
107	257
107	258
107	259
107	306
108	109
108	110
108	112
108	257
108	258
108	259
108	279
109	110
109	111
109	112
109	257
110	111
110	112
110	113
110	114
111	112
111	113
111	114
111	115
112	113
112	114
112	115
112	116
112	255
112	279
113	114
113	115
113	116
113	117
113	279
114	115
114	116
114	117
115	116
115	117
115	118
115	121
115	122
116	117
116	118
116	119
116	122
116	277
116	278
117	118
117	119
117	163
118	119
118	120
118	121
118	122
118	162
118	163
119	120
119	121
119	122
119	123
119	162
119	163
120	121
120	122
120	123
120	124
120	162
121	122
121	123
121	124
121	125
122	123
122	124
122	125
122	126
123	124
123	125
123	126
123	127
124	125
124	126
124	127
124	128
125	126
125	127
125	128
125	129
125	130
126	127
126	128
126	129
126	130
126	131
126	132
126	251
127	128
127	129
127	130
127	131
127	132
128	129
128	130
128	131
129	130
129	131
129	254
130	131
130	132
130	250
130	251
130	254
131	132
131	133
132	133
132	134
132	247
132	274
133	134
133	273
133	274
134	135
134	136
134	273
134	274
134	275
135	136
135	137
135	187
135	188
135	190
135	273
136	137
136	187
136	188
137	138
137	153
137	185
137	186
137	187
137	188
138	139
138	140
138	149
138	185
138	186
138	187
139	140
139	141
139	184
139	185
139	186
140	141
140	142
140	145
140	146
140	149
140	183
140	184
140	185
141	142
141	145
141	182
141	183
141	184
142	143
142	144
142	145
142	146
143	144
143	145
143	146
143	147
143	179
144	145
144	146
144	147
144	148
145	146
145	147
145	148
145	149
146	147
146	148
146	149
146	150
147	148
147	149
147	150
147	151
147	175
148	149
148	150
148	151
148	152
149	150
149	151
149	152
149	153
149	186
150	151
150	152
150	153
150	154
150	155
150	157
150	186
151	152
151	153
151	154
152	153
152	154
153	154
153	155
153	157
153	187
153	188
154	155
154	156
154	157
154	188
155	156
155	157
155	169
155	170
155	171
156	157
156	168
156	169
156	170
156	171
156	189
157	158
157	159
157	168
157	169
157	170
157	186
157	187
157	188
157	189
158	159
158	160
158	167
158	168
158	169
158	186
158	187
158	188
158	189
159	160
159	161
159	166
159	167
159	168
159	178
159	184
159	185
159	186
159	187
160	161
160	162
160	165
160	166
160	167
160	184
160	185
160	186
161	162
161	163
161	164
161	165
161	166
161	183
161	184
161	185
162	163
162	164
162	183
162	184
162	185
163	164
164	165
165	166
165	167
165	181
166	167
166	181
167	168
167	169
167	178
167	181
168	169
168	170
169	170
169	171
169	174
169	175
170	171
170	174
171	172
171	173
171	174
172	173
172	174
172	175
173	174
173	175
173	176
174	175
174	176
174	177
174	178
175	176
175	177
175	178
175	179
176	177
176	178
176	179
176	180
177	178
177	179
177	180
177	181
178	179
178	180
178	181
179	180
179	181
180	181
182	183
182	184
183	184
184	185
184	186
185	186
185	187
186	187
187	188
187	189
188	189
188	190
189	190
189	191
190	191
190	192
191	192
191	193
192	193
192	194
192	266
192	267
192	268
193	194
193	267
193	268
194	195
194	196
194	219
194	266
194	267
195	196
195	219
195	220
195	221
195	265
195	266
195	267
196	197
196	198
196	217
196	218
196	219
196	220
196	234
196	264
196	265
196	266
197	198
197	199
197	217
197	218
197	219
197	262
197	263
197	264
197	265
198	199
198	200
198	217
198	218
198	248
198	262
198	263
198	264
199	200
199	201
199	214
199	215
199	260
199	261
199	262
199	263
200	201
200	202
200	212
200	213
200	214
200	215
200	248
200	260
200	261
200	262
201	202
201	203
201	212
201	213
201	214
201	259
201	260
201	261
202	203
202	210
202	211
202	212
202	213
202	258
202	259
202	260
202	305
203	204
203	205
203	210
203	211
203	212
203	258
203	259
203	305
203	308
203	310
204	205
204	206
204	208
204	209
204	210
204	211
204	308
204	309
204	310
205	206
205	207
205	208
205	209
205	210
205	211
205	310
206	207
206	208
206	310
207	208
207	209
208	209
208	210
209	210
209	211
210	211
211	212
211	213
212	213
212	214
212	320
213	214
213	215
213	313
213	320
213	321
213	322
214	215
214	216
214	245
214	320
214	321
214	322
215	216
215	217
215	321
215	322
215	323
216	217
216	218
216	232
216	233
216	324
217	218
217	219
217	232
217	233
217	234
218	219
218	220
218	230
218	231
218	232
218	233
218	234
219	220
219	230
219	231
219	232
219	233
219	234
220	221
220	222
220	229
220	230
220	231
220	284
221	222
221	223
221	227
221	228
221	229
221	230
222	223
222	224
222	225
222	226
222	227
222	228
223	224
223	225
223	226
223	227
223	228
224	225
224	226
225	226
225	227
226	227
226	228
227	228
227	229
227	284
228	229
228	331
228	332
229	230
229	330
229	331
229	332
230	231
230	284
230	287
230	329
230	330
230	331
231	232
231	233
231	234
231	287
231	328
231	329
231	330
231	386
232	233
232	234
232	287
232	291
232	327
232	328
232	329
232	382
233	234
233	235
233	327
234	235
234	236
235	236
235	237
236	237
236	238
236	240
236	241
237	238
237	239
237	240
237	241
237	269
237	270
238	239
238	240
238	241
238	242
239	240
239	241
239	242
239	243
239	270
240	241
240	242
240	243
240	244
240	269
240	270
240	271
240	272
241	242
241	243
241	244
241	245
242	243
242	244
242	245
242	246
243	244
243	245
243	246
243	247
243	272
244	245
244	246
244	247
244	248
244	272
245	246
245	247
245	248
245	249
246	247
246	248
246	249
246	250
247	248
247	249
247	250
247	251
248	249
248	250
248	251
248	252
248	263
249	250
249	251
249	252
249	253
250	251
250	252
250	253
250	254
251	252
251	253
251	254
251	255
252	253
252	254
252	255
252	256
253	254
253	255
253	256
254	255
254	256
255	256
255	257
256	257
256	258
257	258
257	259
258	259
258	305
258	306
259	260
259	261
259	280
259	302
259	305
259	306
260	261
260	262
260	279
260	280
260	281
260	301
260	302
261	262
261	263
261	277
261	278
261	279
261	280
261	281
262	263
262	264
262	277
262	278
262	279
262	280
262	281
262	282
263	264
263	265
263	276
263	277
263	278
264	265
264	274
264	275
264	276
264	277
265	266
265	267
265	272
265	273
265	274
265	275
266	267
266	268
266	272
266	273
266	274
266	275
267	268
267	269
267	271
267	272
267	273
268	269
268	270
268	271
268	272
269	270
269	271
270	271
270	272
271	272
271	273
272	273
272	274
273	274
273	275
274	275
274	276
275	276
276	277
277	278
277	279
278	279
278	280
278	282
279	280
280	281
280	282
281	282
281	283
281	285
281	298
281	299
282	283
282	284
282	285
283	284
283	285
283	286
284	285
284	286
284	287
285	286
285	287
285	288
285	298
286	287
286	288
286	289
287	288
287	289
287	290
287	291
287	328
287	329
287	330
287	376
288	289
288	290
288	291
288	292
288	297
288	298
289	290
289	291
289	292
289	297
290	291
290	292
290	328
290	376
290	378
291	292
291	293
291	324
291	325
291	326
291	327
291	328
292	293
292	294
292	296
292	297
292	324
292	325
293	294
293	295
293	296
293	325
294	295
294	296
295	296
295	297
295	300
296	297
296	298
296	300
296	301
297	298
297	299
297	300
297	301
298	299
298	300
298	301
298	302
299	300
299	301
299	302
299	303
300	301
300	302
300	303
300	304
301	302
301	303
301	304
301	305
302	303
302	304
302	305
302	306
303	304
303	305
303	306
303	307
304	305
304	306
304	307
304	308
304	309
304	310
305	306
305	307
305	308
305	309
305	310
306	307
306	308
307	308
307	309
308	309
308	310
309	310
309	311
310	311
310	312
311	312
311	313
312	313
313	314
313	315
313	320
313	321
313	322
314	315
314	316
314	320
314	321
314	322
315	316
315	317
315	318
315	319
315	320
315	321
316	317
316	318
316	319
316	320
316	321
317	318
317	319
318	319
318	320
319	320
319	321
320	321
320	322
321	322
321	323
322	323
322	324
323	324
323	325
324	325
324	326
325	326
326	327
326	328
326	378
326	379
326	380
327	328
327	378
327	379
327	380
327	381
327	382
328	329
328	377
328	378
328	379
328	382
328	385
329	330
329	331
329	376
329	377
329	378
329	385
329	386
329	389
330	331
330	332
330	374
330	375
330	376
330	377
330	386
330	389
331	332
331	333
331	374
331	375
331	376
331	389
331	390
331	393
332	333
332	334
332	371
332	373
332	374
332	375
332	393
333	334
333	335
333	371
333	372
333	373
333	374
333	393
333	408
334	335
334	336
334	369
334	370
334	371
334	372
334	408
335	336
335	337
335	366
335	367
335	368
335	369
335	370
335	371
335	372
335	398
336	337
336	368
336	369
336	406
337	338
337	339
337	366
337	367
337	368
337	403
338	339
338	366
338	367
338	368
338	400
339	340
339	341
339	365
339	366
339	367
339	400
339	401
339	402
340	341
340	342
340	364
340	365
340	366
340	400
340	401
341	342
341	343
341	364
341	365
341	400
341	401
342	343
342	344
342	364
342	365
342	366
342	398
342	399
342	400
342	401
343	344
343	345
343	398
343	399
343	400
344	345
344	396
344	397
344	398
344	399
345	346
345	347
345	396
345	397
345	398
346	347
346	348
346	349
346	350
346	395
346	396
346	397
347	348
347	349
347	350
347	351
347	396
348	349
348	350
348	351
348	352
349	350
349	351
349	352
349	353
350	351
350	352
350	353
350	392
350	395
350	396
351	352
351	353
351	357
352	353
352	354
353	354
353	355
353	356
354	355
354	356
355	356
355	377
355	378
356	357
356	376
356	377
356	378
356	389
357	358
357	375
357	376
357	377
358	359
358	360
358	374
358	375
358	376
359	360
359	361
359	373
359	374
359	375
360	361
360	362
360	372
360	373
360	374
361	362
361	363
361	372
361	373
362	363
362	364
363	364
363	365
363	372
364	365
364	366
365	366
365	367
366	367
366	368
366	370
367	368
367	369
367	370
368	369
368	370
369	370
369	371
370	371
370	372
371	372
371	373
372	373
373	374
374	375
374	376
375	376
375	377
375	389
375	392
375	393
376	377
376	389
377	378
377	385
377	388
377	389
378	379
378	385
379	380
379	381
379	382
379	384
379	385
380	381
380	382
381	382
381	383
381	384
381	385
382	383
382	384
382	385
382	386
383	384
383	385
383	386
383	387
384	385
384	386
384	387
384	388
385	386
385	387
385	388
385	389
386	387
386	388
386	389
386	390
387	388
387	389
387	390
387	391
388	389
388	390
388	391
388	392
389	390
389	391
389	392
389	393
390	391
390	392
390	393
390	394
391	392
391	393
391	394
391	395
392	393
392	394
392	395
393	394
393	395
393	396
393	408
394	395
394	396
394	408
395	396
395	397
396	397
396	398
396	407
396	408
397	398
397	405
397	406
397	407
397	408
398	399
398	405
398	406
398	407
399	400
399	401
399	403
399	404
399	405
399	406
400	401
400	402
400	403
401	402
401	403
402	403
403	404
403	405
404	405
404	406
405	406
405	407
406	407
406	408
407	408
