0	1
0	2
0	3
0	4
1	2
1	3
1	4
1	5
2	3
2	4
2	5
2	6
3	4
3	5
3	6
3	7
4	5
4	6
4	7
4	8
5	6
5	7
5	8
5	9
5	119
5	122
6	7
6	8
6	9
6	10
7	8
7	9
7	10
7	11
8	9
8	10
8	11
8	12
8	115
8	119
9	10
9	11
9	12
9	13
9	119
10	11
10	12
10	13
10	14
11	12
11	13
11	14
11	15
12	13
12	14
12	15
12	16
12	112
12	115
12	116
13	14
13	15
13	16
13	17
13	70
14	15
14	16
14	17
14	18
15	16
15	17
15	18
15	19
15	112
16	17
16	18
16	19
16	20
16	70
16	112
17	18
17	19
17	20
17	21
18	19
18	20
18	21
18	22
19	20
19	21
19	22
19	23
19	108
20	21
20	22
20	23
20	24
20	66
21	22
21	23
21	24
22	23
22	24
22	25
23	24
23	25
23	26
24	25
24	26
25	26
25	27
26	27
26	28
26	95
26	96
27	28
27	29
27	95
27	96
28	29
28	30
28	31
28	94
28	95
28	96
29	30
29	31
29	94
29	95
29	96
29	266
30	31
30	32
30	58
30	93
30	94
31	32
31	33
31	57
31	58
31	61
31	62
31	92
31	93
31	94
32	33
32	34
32	55
32	56
32	57
32	61
32	91
32	92
32	93
33	34
33	35
33	55
33	56
33	57
33	61
33	89
33	90
33	91
33	92
33	253
34	35
34	36
34	53
34	54
34	55
34	56
34	89
34	90
34	91
34	272
35	36
35	37
35	53
35	54
35	55
35	89
36	37
36	38
36	52
36	53
36	54
36	88
37	38
37	39
37	52
38	39
38	40
38	81
39	40
39	41
39	43
39	44
39	81
39	82
39	85
40	41
40	42
40	43
40	44
40	80
40	81
40	82
41	42
41	43
41	44
41	80
41	81
41	82
42	43
42	44
43	44
43	45
43	46
44	45
44	46
44	82
44	84
44	85
45	46
45	47
46	47
46	48
47	48
47	49
48	49
48	50
48	51
49	50
49	276
49	277
50	51
50	52
50	275
50	276
50	277
51	52
51	53
51	274
51	275
51	276
52	53
52	54
52	274
52	275
53	54
53	55
53	274
54	55
54	56
55	56
55	57
56	57
56	60
56	61
57	58
57	59
57	60
57	61
58	59
58	60
58	61
58	62
59	60
59	61
59	62
59	63
60	61
60	62
60	63
60	64
61	62
61	63
61	64
61	65
62	63
62	64
62	65
62	66
62	93
63	64
63	65
63	66
63	67
64	65
64	66
64	67
64	68
65	66
65	67
65	68
65	69
65	253
66	67
66	68
66	69
67	68
67	69
67	70
67	71
68	69
68	70
68	71
69	70
69	71
70	71
70	72
71	72
71	73
72	73
72	145
72	146
72	149
72	150
73	74
73	75
73	76
73	144
73	145
73	146
74	75
74	76
74	77
74	83
74	144
74	145
74	146
75	76
75	77
75	144
76	77
77	78
77	79
77	81
78	79
78	80
78	81
79	80
79	81
80	81
80	82
81	82
81	83
82	83
82	84
82	85
83	84
83	85
83	86
83	146
84	85
84	86
85	86
85	87
86	87
86	88
87	88
87	89
88	89
88	90
88	251
88	252
89	90
89	91
89	251
89	252
89	253
90	91
90	233
90	250
90	251
90	252
90	253
91	92
91	253
91	254
92	93
92	94
92	253
92	254
92	255
92	256
93	94
93	95
93	253
93	254
93	255
93	256
94	95
94	96
94	255
94	256
94	257
94	258
95	96
95	97
95	256
95	257
95	258
96	97
96	257
96	258
96	259
96	260
97	98
97	101
97	102
97	257
97	258
97	259
97	260
98	99
98	100
98	101
98	102
98	259
98	260
98	261
99	100
99	101
99	102
99	103
99	259
99	261
100	101
100	102
100	103
100	104
101	102
101	103
101	104
101	105
102	103
102	104
102	105
102	106
103	104
103	105
103	106
103	107
104	105
104	106
104	107
104	108
105	106
105	107
105	108
105	109
106	107
106	108
106	109
106	110
107	108
107	109
107	110
107	111
108	109
108	110
108	111
108	112
109	110
109	111
109	112
109	113
109	154
110	111
110	112
110	113
110	114
111	112
111	113
111	114
111	115
112	113
112	114
112	115
112	116
113	114
113	115
113	116
113	117
113	153
113	154
114	115
114	116
114	117
114	118
115	116
115	117
115	118
115	119
116	117
116	118
116	119
116	120
116	150
116	151
116	153
117	118
117	119
117	120
117	121
117	151
118	119
118	120
118	121
118	122
119	120
119	121
119	122
119	123
120	121
120	122
120	123
120	124
120	151
121	122
121	123
121	124
121	125
121	126
122	123
122	124
122	125
122	126
122	127
123	124
123	125
123	126
123	127
123	134
124	125
124	126
124	127
125	126
125	127
125	128
126	127
126	128
127	128
127	129
128	129
128	130
129	130
129	131
129	133
129	134
130	131
130	132
130	133
130	134
131	132
131	133
131	134
132	133
132	134
133	134
133	135
133	136
133	137
134	135
134	136
134	137
134	138
135	136
135	137
135	138
135	139
136	137
136	138
136	139
136	140
137	138
137	139
137	140
137	141
138	139
138	140
138	141
138	142
139	140
139	141
139	142
139	143
139	144
139	145
140	141
140	142
140	143
141	142
141	143
142	143
142	144
142	145
143	144
143	145
144	145
144	146
145	146
145	147
146	147
146	148
146	149
146	150
147	148
147	149
147	150
147	151
148	149
148	150
148	151
148	152
149	150
149	151
149	152
150	151
150	152
151	152
151	153
152	153
153	154
153	155
154	155
154	156
154	254
155	156
155	157
155	254
155	255
156	157
156	158
156	254
156	255
156	256
157	158
157	159
157	160
157	255
157	256
157	257
158	159
158	160
158	256
158	257
158	258
159	160
159	161
159	256
159	257
159	258
159	259
159	264
160	161
160	162
160	237
160	238
160	239
160	256
160	267
161	162
161	238
161	239
161	240
161	265
161	267
161	268
162	163
162	164
162	237
162	238
162	239
162	267
162	268
162	269
163	164
163	165
163	235
163	236
163	237
163	238
163	268
163	269
163	270
164	165
164	166
164	235
164	236
164	237
164	269
164	270
164	271
165	166
165	234
165	235
165	236
165	270
165	271
165	272
166	167
166	168
166	233
166	234
166	235
166	272
166	273
167	168
167	231
167	232
167	233
167	234
167	275
168	169
168	170
168	231
168	232
168	233
168	234
169	170
169	171
169	229
169	230
169	231
169	232
170	171
170	172
170	228
170	229
171	172
171	173
171	226
171	227
171	228
171	229
172	173
172	174
172	226
172	227
172	228
172	229
173	174
173	175
173	224
173	225
173	226
173	227
174	175
174	176
174	224
174	225
174	226
175	176
175	223
175	224
175	225
176	177
176	178
176	180
176	223
176	224
177	178
177	179
177	180
177	181
177	220
177	221
177	222
177	223
178	179
178	180
178	181
178	182
178	214
178	219
178	221
178	223
179	180
179	181
179	182
179	183
180	181
180	182
180	183
180	184
181	182
181	183
181	184
181	185
182	183
182	184
182	185
182	186
182	211
183	184
183	185
183	186
183	187
184	185
184	186
184	187
184	188
185	186
185	187
185	188
185	189
185	211
186	187
186	188
186	189
186	190
187	188
187	189
187	190
187	191
188	189
188	190
188	191
189	190
189	191
189	204
189	207
190	191
191	192
191	193
192	193
193	194
194	195
194	199
194	200
194	203
195	196
195	197
195	198
195	199
195	203
196	197
196	198
197	198
198	199
198	202
198	203
199	200
199	201
199	202
199	203
200	201
200	202
200	203
201	202
201	203
201	204
201	205
202	203
202	204
202	205
202	206
203	204
203	205
203	206
203	207
204	205
204	206
204	207
204	208
205	206
205	207
205	208
205	209
206	207
206	208
206	209
206	210
207	208
207	209
207	210
207	211
208	209
208	210
208	211
208	212
209	210
209	211
209	212
209	213
210	211
210	212
210	213
210	214
211	212
211	213
211	214
211	215
212	213
212	214
212	215
212	216
213	214
213	215
213	216
214	215
214	216
214	217
215	216
215	217
216	217
216	218
217	218
217	219
217	221
218	219
218	220
218	221
219	220
219	221
220	221
220	222
221	222
221	223
222	223
222	224
222	302
222	303
223	224
223	300
223	301
223	302
223	303
224	225
224	226
224	300
224	301
224	302
225	226
225	227
225	299
225	300
225	301
226	227
226	299
226	300
227	228
227	229
227	299
228	229
228	230
229	230
229	231
230	231
230	232
231	232
232	233
232	234
233	234
233	249
233	250
233	251
234	235
234	247
234	248
234	249
234	250
235	236
235	237
235	247
235	248
235	249
235	250
236	237
236	238
236	245
236	246
236	247
236	248
237	238
237	239
237	245
237	246
237	247
238	239
238	240
238	244
238	245
238	246
239	240
239	241
239	242
240	241
240	242
241	242
241	243
242	243
242	244
243	244
243	245
244	245
244	246
245	246
245	247
246	247
246	248
247	248
247	249
248	249
248	250
249	250
249	251
250	251
250	252
250	253
251	252
251	253
252	253
252	254
253	254
253	255
254	255
254	256
255	256
255	257
256	257
256	258
257	258
257	259
258	259
258	260
258	264
259	260
259	261
259	262
259	264
260	261
260	262
260	263
260	264
261	262
261	263
262	263
262	264
263	264
263	265
264	265
264	266
265	266
265	267
266	267
266	268
267	268
267	269
268	269
268	270
269	270
269	271
270	271
270	272
271	272
271	273
272	273
272	274
273	274
273	275
274	275
274	276
275	276
275	277
276	277
276	278
276	279
276	280
277	278
277	279
277	280
278	279
278	280
279	280
279	281
280	281
280	282
281	282
281	283
282	283
282	284
282	285
283	284
283	285
284	285
284	286
285	286
285	287
286	287
286	288
287	288
287	289
288	289
288	290
289	290
289	291
290	291
290	303
290	304
291	292
291	293
291	301
291	302
291	303
291	304
292	293
292	294
292	301
292	302
292	303
293	294
293	295
293	296
293	299
293	300
293	301
293	302
294	295
294	296
294	300
294	301
294	302
295	296
295	297
295	298
295	299
295	300
295	301
296	297
296	298
296	299
296	300
297	298
297	299
298	299
298	300
299	300
299	301
300	301
301	302
301	303
302	303
302	304
303	304
