0	1
0	2
0	26
0	27
1	2
1	3
1	26
1	27
1	28
2	3
2	4
2	27
2	28
2	29
2	42
2	43
3	4
3	5
3	6
3	28
3	29
4	5
4	6
4	7
4	29
4	30
4	31
4	42
5	6
5	7
6	7
6	42
6	43
7	8
7	40
7	41
7	42
7	43
8	9
8	10
8	40
8	41
8	42
9	10
9	38
9	39
9	40
9	41
9	123
9	124
10	11
10	12
10	121
10	122
10	123
10	124
11	12
11	13
11	115
11	116
11	117
11	121
11	122
11	123
11	124
12	13
12	14
12	116
12	117
12	120
12	121
12	122
13	14
13	116
13	117
13	118
13	119
13	120
13	121
13	150
14	15
15	16
15	17
16	17
16	18
16	43
16	44
16	45
16	46
16	154
17	18
17	43
17	44
17	45
18	19
18	20
18	45
18	46
19	20
19	45
19	46
19	47
20	21
20	22
20	24
20	46
20	47
20	48
21	22
21	23
21	24
21	47
21	48
22	23
22	24
22	47
22	48
22	183
22	184
22	185
23	24
23	25
23	182
23	183
23	184
24	25
24	26
24	182
24	183
25	26
25	27
25	180
25	181
25	182
25	183
26	27
26	28
26	180
26	181
26	182
27	28
27	29
27	178
27	179
27	180
27	181
28	29
28	30
28	42
28	178
28	179
28	180
29	30
29	31
29	42
29	177
29	178
29	179
30	31
30	32
30	41
30	42
30	158
30	176
30	177
30	178
31	32
31	33
31	40
31	176
31	177
32	33
32	34
32	35
32	159
32	160
32	174
32	175
32	176
33	34
33	35
33	39
33	40
33	159
33	174
34	35
34	38
34	39
35	38
36	37
36	38
37	38
38	39
38	40
39	40
39	41
39	124
39	125
40	41
40	42
40	158
41	42
41	43
41	112
41	156
41	157
41	158
42	43
42	44
42	156
42	157
42	158
43	44
43	45
43	155
43	156
43	157
44	45
44	46
44	154
44	155
44	156
45	46
45	47
45	154
45	155
45	156
46	47
46	48
46	152
46	153
46	154
46	155
47	48
47	49
47	50
47	152
47	153
48	49
48	50
48	152
49	50
49	51
49	152
50	51
50	54
50	151
50	152
50	153
50	185
51	52
51	53
51	54
51	148
51	150
51	151
51	152
52	53
52	54
52	148
52	149
52	150
52	151
53	54
53	55
53	147
53	148
53	149
53	189
54	55
54	56
54	147
54	148
54	186
54	187
54	188
54	189
55	56
55	57
55	145
55	146
55	147
55	148
55	185
55	186
55	187
55	188
55	189
55	190
56	57
56	58
56	145
56	146
56	147
56	148
56	184
56	185
56	186
57	58
57	59
57	143
57	144
57	145
57	146
57	183
57	184
57	185
58	59
58	60
58	143
58	144
58	145
58	181
58	182
58	183
58	184
59	60
59	61
59	141
59	142
59	143
59	144
59	181
59	182
59	183
60	61
60	62
60	139
60	140
60	141
60	142
60	143
60	180
60	181
60	182
61	62
61	140
61	141
61	180
61	181
62	63
62	64
62	140
62	179
62	180
63	64
63	65
63	109
63	140
63	177
63	178
63	179
63	180
64	65
64	177
64	178
64	179
65	66
65	67
65	162
65	177
65	178
66	67
66	68
66	177
67	68
67	69
67	92
67	93
67	94
68	69
68	90
68	91
68	92
68	93
69	70
69	90
69	91
69	92
69	93
69	173
69	174
69	175
70	71
70	88
70	89
70	90
70	171
70	172
70	173
70	174
71	72
71	87
71	88
71	89
71	171
72	73
72	76
72	86
72	87
72	88
72	169
72	170
73	74
73	75
73	76
73	80
73	83
73	84
73	85
73	86
73	87
74	75
74	76
74	80
74	81
74	83
74	84
74	85
74	86
75	76
75	77
75	80
75	81
76	77
76	78
76	80
76	169
76	170
77	78
77	79
77	80
77	168
77	169
77	170
77	251
78	79
78	80
78	168
78	169
78	250
78	251
79	80
79	81
79	82
79	83
80	81
80	82
80	83
81	82
81	83
82	83
82	84
83	84
84	85
84	86
85	86
85	87
86	87
87	88
87	89
88	89
88	90
89	90
89	91
90	91
90	92
91	92
91	93
91	98
91	99
91	100
92	93
92	94
92	98
92	99
93	94
93	95
93	97
93	98
93	99
94	95
94	96
94	97
94	98
95	96
95	97
96	97
96	106
96	107
97	98
97	99
97	104
97	105
97	106
97	107
98	99
98	100
98	104
98	105
98	106
98	107
99	100
99	101
99	102
99	103
99	104
99	105
100	101
100	102
100	103
100	104
101	102
101	103
102	103
102	104
103	104
103	105
104	105
104	106
105	106
105	107
106	107
106	108
107	108
107	109
107	162
107	163
108	109
108	162
108	163
109	139
109	161
109	162
109	163
110	111
110	112
110	113
110	138
110	139
110	158
110	159
110	160
110	161
111	112
111	113
111	133
111	134
111	135
111	158
111	159
111	160
111	161
112	113
112	114
112	132
112	133
112	134
112	157
112	158
112	159
113	114
113	131
113	132
113	133
113	156
113	157
113	158
114	115
114	130
114	131
114	132
114	155
114	156
114	157
115	116
115	117
115	130
115	131
115	148
115	153
115	154
115	155
115	156
116	117
116	118
116	130
116	149
116	150
116	153
116	154
117	118
117	119
117	130
117	149
118	119
118	149
118	150
119	120
119	121
120	121
121	122
121	123
122	123
122	124
122	126
123	124
123	125
123	126
124	125
124	126
124	132
124	133
125	126
125	133
125	252
126	127
126	132
126	133
126	252
126	253
126	254
127	128
127	131
127	132
127	133
127	206
127	254
128	129
128	130
128	131
128	132
128	206
128	207
129	130
129	131
129	191
129	192
129	193
130	131
130	132
130	146
130	147
131	132
131	193
132	133
133	134
134	135
134	136
134	248
134	249
135	136
135	137
135	138
135	248
136	137
136	138
136	139
137	138
137	139
138	139
138	142
138	195
139	140
139	141
139	142
140	141
140	142
141	142
141	143
142	143
142	144
142	195
142	196
142	197
143	144
143	145
143	195
143	196
143	197
144	145
144	146
144	194
144	195
144	196
145	146
145	147
145	193
145	194
145	195
146	147
146	148
146	193
146	194
147	148
147	149
147	189
147	190
147	191
147	192
147	193
148	149
148	150
148	153
149	150
149	151
149	153
150	151
150	152
150	153
151	152
151	153
152	153
152	154
153	154
153	155
154	155
154	156
155	156
155	157
156	157
157	158
158	159
158	160
159	160
159	161
160	161
160	162
160	174
160	175
160	176
160	177
161	162
161	163
161	172
161	173
161	174
161	175
162	163
162	173
162	174
162	175
163	172
163	173
164	165
164	166
164	167
165	166
165	167
165	247
165	248
165	249
166	167
166	168
166	247
166	248
166	249
166	250
167	168
167	169
167	170
167	171
167	172
167	249
167	250
168	169
168	170
168	250
168	251
169	170
169	171
170	171
170	251
171	172
171	173
172	173
172	174
173	174
173	175
174	175
175	176
175	177
176	177
177	178
177	179
178	179
178	180
179	180
179	181
180	181
181	182
181	183
182	183
182	184
183	184
184	185
185	186
185	187
186	187
186	188
187	188
187	189
188	189
188	190
189	190
189	191
190	191
190	192
191	192
192	193
192	194
192	203
192	204
192	205
193	194
193	195
193	203
193	204
194	195
194	196
194	201
194	202
194	203
194	204
195	196
195	197
195	201
195	202
195	203
196	197
196	198
196	200
196	201
196	202
197	198
197	199
197	200
197	201
198	199
198	200
199	200
199	262
199	263
200	201
200	202
200	260
200	261
200	262
200	263
201	202
201	203
201	260
201	261
201	262
202	203
202	204
202	258
202	259
202	260
202	261
203	204
203	205
203	217
203	258
203	259
203	260
204	205
204	206
204	217
204	256
204	257
204	258
204	259
205	206
205	207
205	213
205	217
205	256
205	257
205	258
206	207
206	213
206	254
206	255
206	256
206	257
207	208
207	209
207	210
207	212
207	213
207	254
207	255
207	256
208	209
208	210
208	253
208	254
208	255
209	210
209	211
209	212
209	213
209	254
209	255
210	211
210	212
210	213
210	214
210	255
210	257
211	212
211	213
211	214
211	215
212	213
212	214
212	215
212	216
213	214
213	215
213	216
213	217
213	256
213	257
214	215
214	216
214	217
214	218
214	257
215	216
215	217
215	218
215	219
216	217
216	218
216	219
216	220
217	218
217	219
217	220
217	221
217	258
217	259
218	219
218	220
218	221
218	222
219	220
219	221
219	222
219	223
220	221
220	222
220	223
220	224
221	222
221	223
221	224
221	225
221	259
222	223
222	224
222	225
222	226
222	236
222	237
222	239
223	224
223	225
223	226
223	227
224	225
224	226
224	227
224	228
225	226
225	227
225	228
225	229
225	236
226	227
226	228
226	229
226	230
226	231
226	232
226	233
226	236
227	228
227	229
227	230
228	229
228	230
229	230
229	231
230	231
230	232
231	232
231	233
231	235
231	236
232	233
232	234
232	235
232	236
233	234
233	235
233	236
233	237
234	235
234	236
234	237
235	236
235	237
235	238
236	237
236	238
236	239
237	238
237	239
237	240
238	239
238	240
238	241
238	242
239	240
239	241
239	242
239	243
240	241
240	242
240	243
241	242
241	243
242	243
242	244
243	244
243	245
243	259
243	260
243	261
244	245
244	246
244	259
244	260
245	246
245	258
245	259
245	260
246	247
246	248
246	257
246	258
246	259
247	248
247	249
247	256
247	257
247	258
248	249
248	256
248	257
248	258
249	250
249	251
249	255
249	256
250	251
250	252
250	255
250	256
251	252
251	253
251	255
252	253
252	254
252	255
253	254
253	255
254	255
254	256
255	256
255	257
256	257
256	258
257	258
258	259
258	260
259	260
259	261
260	261
260	262
261	262
261	263
262	263
262	264
262	265
263	264
263	265
263	266
263	267
264	265
264	266
264	267
265	266
265	267
266	267
