0	1
0	2
0	5
0	70
0	73
1	2
1	3
1	4
1	5
2	3
2	4
2	5
2	6
2	70
3	4
3	5
3	6
3	7
4	5
4	6
4	7
4	8
5	6
5	7
5	8
5	9
5	69
6	7
6	8
6	9
6	10
7	8
7	9
7	10
7	11
8	9
8	10
8	11
8	12
9	10
9	11
9	12
9	13
9	62
9	65
9	66
10	11
10	12
10	13
10	14
11	12
11	13
11	14
11	15
12	13
12	14
12	15
12	16
12	58
12	62
13	14
13	15
13	16
13	17
13	62
14	15
14	16
14	17
14	18
15	16
15	17
15	18
15	19
15	58
16	17
16	18
16	19
16	20
16	55
16	58
16	59
17	18
17	19
17	20
17	21
18	19
18	20
18	21
18	22
19	20
19	21
19	22
19	23
19	51
19	54
19	55
20	21
20	22
20	23
20	24
20	55
21	22
21	23
21	24
21	25
22	23
22	24
22	25
22	26
23	24
23	25
23	26
23	27
23	48
23	51
23	52
24	25
24	26
24	27
24	28
25	26
25	27
25	28
25	29
26	27
26	28
26	29
26	30
26	48
27	28
27	29
27	30
27	31
28	29
28	30
28	31
28	32
29	30
29	31
29	32
29	33
30	31
30	32
30	33
30	34
30	41
31	32
31	33
31	34
32	33
32	34
32	35
33	34
33	35
33	36
33	39
33	41
34	35
34	36
34	39
34	40
34	41
35	36
35	37
36	37
36	38
36	39
37	38
37	39
38	39
38	40
39	40
39	41
40	41
40	42
40	43
41	42
41	43
41	44
42	43
42	44
42	45
43	44
43	45
44	45
44	46
44	47
44	48
45	46
45	47
45	48
45	49
46	47
46	48
46	49
46	50
47	48
47	49
47	50
47	51
48	49
48	50
48	51
48	52
49	50
49	51
49	52
49	53
50	51
50	52
50	53
50	54
51	52
51	53
51	54
51	55
52	53
52	54
52	55
52	56
53	54
53	55
53	56
53	57
54	55
54	56
54	57
54	58
55	56
55	57
55	58
55	59
56	57
56	58
56	59
56	60
56	202
57	58
57	59
57	60
57	61
57	202
57	203
58	59
58	60
58	61
58	62
59	60
59	61
59	62
59	63
60	61
60	62
60	63
60	64
60	201
60	202
61	62
61	63
61	64
61	65
62	63
62	64
62	65
62	66
63	64
63	65
63	66
63	67
64	65
64	66
64	67
64	68
65	66
65	67
65	68
65	69
66	67
66	68
66	69
67	68
67	69
68	69
68	70
68	71
68	72
69	70
69	71
69	72
69	73
70	71
70	72
71	72
71	98
71	140
72	73
72	74
72	75
72	140
72	141
73	74
73	75
73	140
73	141
74	75
74	76
74	77
74	78
74	140
74	141
75	76
75	77
75	78
75	79
76	77
76	78
76	79
76	80
77	78
77	79
77	80
77	81
77	117
77	118
78	79
78	80
78	81
78	82
78	118
79	80
79	81
79	82
79	83
80	81
80	82
80	83
80	84
80	118
81	82
81	83
81	84
81	85
81	118
81	121
81	122
82	83
82	84
82	85
82	86
83	84
83	85
83	86
83	87
83	203
84	85
84	86
84	87
84	88
85	86
85	87
85	88
85	89
85	90
85	122
86	87
86	88
86	89
86	90
86	183
86	188
86	189
86	190
87	88
87	89
87	188
88	89
88	90
89	90
89	91
89	184
89	185
89	186
89	187
89	188
90	91
90	92
90	125
90	126
90	127
90	183
90	184
90	185
90	188
91	92
91	125
91	183
91	184
91	185
92	93
92	94
92	125
92	182
92	183
92	184
93	94
93	95
93	134
93	135
93	136
93	165
93	180
93	181
93	182
93	183
94	95
94	96
94	135
94	136
94	137
94	180
94	181
94	182
95	96
95	97
95	135
95	136
95	137
95	138
95	178
95	179
95	180
95	181
96	97
96	98
96	137
96	138
96	139
96	178
96	179
96	180
97	98
97	99
97	100
97	101
97	138
97	139
97	178
97	179
98	99
98	100
98	177
98	178
99	100
99	101
99	177
100	101
100	102
100	176
100	177
101	102
101	103
102	103
102	104
102	105
102	106
103	104
103	105
103	106
104	105
104	106
105	106
105	107
105	150
106	107
106	108
106	148
106	149
106	150
107	108
107	109
107	148
107	149
107	150
108	109
108	110
108	145
108	148
108	149
109	110
109	111
109	145
109	146
109	147
109	148
110	111
110	112
110	145
110	146
110	147
111	112
111	113
111	144
111	145
111	146
112	113
112	114
112	143
112	144
112	145
113	114
113	142
113	143
113	144
113	145
114	115
114	116
114	142
114	143
114	144
115	116
115	117
115	141
115	142
115	143
116	117
116	118
116	120
116	141
116	142
116	143
117	118
117	119
117	120
117	121
118	119
118	120
118	121
118	122
119	120
119	121
119	122
119	123
120	121
120	122
120	123
120	124
121	122
121	123
121	124
121	125
122	123
122	124
122	125
122	126
123	124
123	125
123	126
124	125
124	126
124	131
124	132
125	126
125	127
125	131
125	132
126	127
126	128
126	129
126	132
127	128
127	129
127	132
128	129
128	130
128	132
129	130
129	131
129	132
130	131
130	132
131	132
131	133
131	146
131	147
132	133
132	134
132	147
133	134
133	147
134	135
134	136
134	146
134	147
134	148
134	149
135	136
135	137
135	146
135	147
135	148
135	149
136	137
136	138
136	143
136	145
136	146
136	147
136	148
137	138
137	139
137	143
137	144
137	145
137	146
138	139
138	140
138	142
138	143
138	144
139	140
139	141
139	142
139	143
139	144
140	141
140	142
141	142
141	143
142	143
142	144
143	144
143	145
144	145
145	146
145	148
146	147
146	148
147	148
147	149
148	149
148	150
149	150
149	151
150	151
150	152
150	168
150	172
151	152
151	153
151	168
151	171
151	172
152	153
152	154
152	167
152	168
152	171
153	154
153	155
153	167
153	168
153	170
153	171
154	155
154	156
155	156
155	157
155	158
156	157
156	158
157	158
157	159
158	159
158	160
159	160
159	161
159	162
160	161
160	162
161	162
161	163
162	163
162	164
162	166
162	167
163	164
163	165
163	166
163	167
164	165
164	166
164	167
164	168
165	166
165	167
165	168
165	169
166	167
166	168
166	169
166	170
166	182
167	168
167	169
167	170
167	171
168	169
168	170
168	171
168	172
169	170
169	171
169	172
169	173
169	180
169	193
170	171
170	172
170	173
170	174
170	193
170	196
170	197
170	198
171	172
171	173
171	174
171	196
172	173
172	174
172	175
172	176
173	174
173	175
173	176
173	177
173	178
173	179
173	193
173	194
173	195
173	196
174	175
174	176
174	195
174	196
175	176
176	177
176	178
177	178
177	179
177	194
177	195
178	179
178	180
178	194
179	180
179	181
179	192
179	193
179	194
180	181
180	182
180	192
180	193
180	194
181	182
181	183
181	191
181	192
181	193
182	183
182	184
182	190
182	191
182	192
183	184
183	185
183	188
183	189
183	190
183	191
184	185
184	186
184	187
184	188
184	189
184	190
185	186
185	187
185	188
186	187
186	188
187	188
187	189
188	189
188	190
189	190
189	191
190	191
190	200
190	201
190	202
191	192
191	193
191	198
191	199
191	200
191	201
192	193
192	194
192	198
192	199
192	200
193	194
193	195
193	196
193	197
193	198
193	199
194	195
194	196
194	197
194	198
195	196
195	197
196	197
196	198
197	198
197	199
198	199
198	200
199	200
199	201
200	201
200	202
201	202
201	203
202	203
