0	1
0	2
0	26
0	363
0	367
1	2
1	3
2	3
2	4
2	23
2	24
2	238
2	239
3	4
3	5
3	21
3	22
3	23
3	24
3	258
4	5
4	6
4	21
4	22
4	23
4	256
4	257
4	258
5	6
5	7
5	19
5	20
5	21
5	22
5	79
5	90
5	256
5	257
5	258
6	7
6	8
6	19
6	20
6	21
6	254
6	255
6	256
6	257
7	8
7	9
7	10
7	18
7	19
7	20
7	254
7	255
7	256
8	9
8	10
8	17
8	18
8	19
8	253
8	254
8	255
9	10
9	11
9	12
9	17
9	253
9	254
9	255
9	274
10	11
10	12
10	93
10	94
10	95
10	274
11	12
11	13
11	94
11	95
11	96
11	97
11	274
12	13
12	17
12	94
12	95
12	96
12	97
13	14
13	15
13	96
13	97
14	15
14	16
14	67
14	68
14	70
15	16
15	17
15	67
15	68
16	17
16	18
16	65
16	66
16	67
16	68
17	18
17	64
17	65
18	19
18	20
18	63
18	64
18	65
19	20
19	21
19	62
19	63
19	64
20	21
20	22
20	60
20	61
20	62
20	63
21	22
21	23
21	60
21	61
21	62
21	79
22	23
22	24
22	59
22	60
22	61
23	24
23	25
23	26
23	59
23	60
24	25
24	26
24	238
25	26
25	27
26	27
26	28
27	28
27	29
27	59
28	29
28	30
28	31
29	30
29	31
29	366
30	31
30	32
30	82
31	32
31	33
32	33
32	34
32	61
32	79
32	80
32	81
33	34
33	35
33	79
33	80
33	81
34	35
34	78
34	79
34	80
35	36
35	37
35	49
35	77
35	78
35	79
36	37
36	38
36	76
36	77
36	78
37	38
37	39
37	40
37	41
37	76
37	77
37	78
38	39
38	40
38	41
38	42
38	44
39	40
39	41
39	42
40	41
40	42
40	76
40	135
40	164
40	165
41	42
41	43
41	44
41	76
41	135
41	136
41	165
42	43
42	44
42	135
42	136
43	44
43	45
44	45
44	46
44	75
45	46
45	47
46	47
46	48
47	48
47	49
48	49
48	50
49	50
49	51
49	63
50	51
50	52
50	63
51	52
51	53
51	61
51	62
51	63
52	53
52	54
52	61
52	62
52	63
53	54
53	55
53	60
53	61
53	62
54	55
54	56
54	57
54	60
54	61
54	62
55	56
55	57
55	58
56	57
56	58
57	58
57	59
57	60
58	59
58	60
59	60
60	61
60	62
61	62
62	63
62	64
63	64
63	65
64	65
64	66
65	66
65	67
65	70
66	67
66	68
66	69
66	70
67	68
67	69
67	70
68	69
68	70
69	70
69	71
70	71
70	72
70	73
71	72
71	73
72	73
72	74
72	176
73	74
73	75
73	94
74	75
74	93
74	94
74	95
74	96
74	176
75	76
75	77
75	93
75	94
75	95
76	77
76	78
76	92
76	93
76	94
77	78
77	91
77	92
77	93
78	79
78	80
78	89
78	90
78	91
78	92
79	80
79	81
79	89
79	90
79	91
80	81
80	82
80	87
80	88
80	89
80	90
81	82
81	83
81	87
81	88
81	89
82	83
82	84
82	85
82	86
82	87
82	88
83	84
83	85
83	86
83	87
83	367
84	85
84	86
84	367
85	86
85	87
86	87
86	88
87	88
87	89
88	89
88	90
88	259
89	90
89	91
89	259
89	260
90	91
90	257
90	258
90	259
90	260
91	92
92	93
93	94
93	95
93	180
94	95
95	96
95	97
95	177
95	178
95	179
95	180
96	97
96	98
96	99
96	177
97	98
97	99
98	99
98	100
99	100
99	101
99	102
99	177
99	178
99	179
100	101
100	102
100	122
100	123
100	124
100	169
101	102
101	103
101	120
101	121
101	122
101	123
101	124
101	168
101	169
101	179
102	103
102	104
102	120
102	121
102	122
102	123
102	179
103	104
103	105
103	106
103	119
103	120
103	121
103	179
103	180
103	181
104	105
104	106
104	119
104	120
104	121
105	106
105	107
105	108
105	181
106	107
106	108
106	181
106	182
106	264
107	108
107	109
107	181
107	182
107	183
107	184
107	263
107	264
108	109
108	110
108	182
108	183
108	184
109	110
109	183
109	184
109	185
109	262
110	111
110	112
110	114
110	184
110	185
110	186
111	112
111	113
111	114
111	185
111	186
111	187
111	188
111	189
111	190
112	113
112	114
112	158
112	159
112	160
112	185
112	186
112	187
112	188
112	189
113	114
113	115
113	157
113	158
113	189
114	115
114	116
114	157
114	158
115	116
115	117
115	155
115	156
115	157
115	158
116	117
116	118
116	154
116	155
116	156
116	158
117	118
117	119
117	152
117	153
117	154
117	155
118	119
118	152
118	153
118	154
119	120
119	121
119	150
119	151
119	152
119	153
120	121
120	122
120	150
120	151
120	152
121	122
121	123
121	149
121	150
121	151
122	123
122	124
122	149
122	150
122	151
123	124
123	125
124	125
124	126
125	126
125	127
126	127
126	128
127	128
127	144
127	145
128	129
128	130
128	144
128	170
129	130
129	131
129	142
129	143
129	144
129	170
129	171
130	131
130	141
130	142
130	143
130	147
130	169
130	170
130	171
131	132
131	133
131	140
131	141
131	142
131	168
131	169
131	170
131	171
132	133
132	134
132	138
132	139
132	140
132	141
132	166
132	167
132	168
132	169
133	134
133	135
133	136
133	137
133	138
133	139
133	140
133	166
133	167
133	168
134	135
134	136
134	137
134	138
134	139
134	164
134	165
134	166
134	167
135	136
135	137
135	165
135	166
136	137
136	138
137	138
137	139
138	139
138	140
139	140
140	141
140	153
141	142
141	143
142	143
142	144
142	146
142	147
143	144
143	145
143	146
143	147
144	145
144	146
144	147
145	146
145	147
146	147
146	148
147	148
148	149
148	150
148	151
149	150
149	151
150	151
150	152
151	152
152	153
152	154
153	154
153	155
154	155
154	156
155	156
155	157
155	158
156	157
156	158
157	158
157	159
158	159
158	160
158	162
159	160
159	161
159	162
159	185
160	161
160	162
160	163
160	185
160	187
161	162
161	163
162	163
162	164
163	164
163	183
163	184
163	185
164	165
164	166
164	182
164	183
165	166
165	167
165	180
165	181
165	182
165	183
166	167
166	168
166	180
166	181
166	182
167	168
167	169
167	178
167	179
167	180
167	181
168	169
168	178
168	179
168	180
169	170
169	171
169	173
169	178
169	179
170	171
170	172
170	173
171	172
171	173
172	173
173	174
173	177
174	175
174	176
174	177
174	178
175	176
175	177
175	178
176	177
176	178
177	178
177	179
178	179
178	180
179	180
179	181
180	181
180	182
181	182
181	183
182	183
182	184
183	184
183	185
184	185
184	186
184	261
185	186
185	187
186	187
186	188
186	212
186	261
187	188
187	189
187	212
188	189
188	190
188	192
188	193
188	197
188	212
189	190
189	191
189	192
190	191
190	192
191	192
191	193
191	200
191	201
192	193
192	197
192	198
192	199
192	200
192	201
193	194
193	197
193	198
193	199
193	200
193	201
193	212
193	213
193	214
193	215
194	195
194	196
194	197
194	198
194	199
194	212
194	213
194	214
195	196
195	197
195	213
196	197
196	198
197	198
197	199
198	199
199	200
199	201
200	201
200	202
201	202
201	203
201	210
201	215
201	216
202	203
202	204
202	210
202	215
202	216
202	217
202	227
203	204
203	205
203	227
204	205
204	206
204	207
204	208
204	209
204	210
204	217
204	227
204	228
205	206
205	207
205	208
205	227
205	228
205	229
206	207
206	208
206	228
206	229
206	285
206	290
207	208
207	209
207	220
208	209
208	210
208	217
208	218
208	219
208	220
208	228
209	210
209	211
209	217
209	218
209	219
209	261
209	262
210	211
210	212
210	215
210	216
210	217
210	218
211	212
211	213
211	214
211	215
211	216
211	217
211	261
212	213
212	214
212	215
213	214
213	215
214	215
214	216
215	216
215	217
216	217
216	218
217	218
217	219
217	226
217	227
218	219
218	220
218	262
219	220
219	221
219	223
219	224
219	228
220	221
220	222
220	223
220	267
220	268
220	286
221	222
221	223
221	236
221	237
221	238
221	267
221	268
222	223
222	224
222	231
222	232
222	236
222	237
222	241
222	267
222	268
223	224
223	228
223	229
223	230
223	231
223	232
224	225
224	226
224	228
224	229
224	230
224	231
224	232
224	239
224	240
224	408
224	409
225	226
225	227
225	228
225	229
225	230
225	404
225	405
225	406
225	407
225	408
225	409
226	227
226	228
226	404
226	405
226	406
226	408
227	228
227	229
227	406
228	229
228	230
229	230
229	231
229	406
230	231
230	232
230	407
230	408
231	232
231	233
231	304
232	233
232	234
232	241
233	234
233	235
233	236
234	235
234	236
234	303
235	236
235	244
235	245
235	250
235	251
236	237
236	241
236	242
236	243
236	244
236	245
237	238
237	239
237	241
237	242
237	243
237	244
238	239
238	240
238	241
238	242
238	243
239	240
239	241
240	241
240	242
240	409
240	410
241	242
241	243
242	243
242	244
243	244
243	245
244	245
244	246
245	246
245	247
245	250
245	251
246	247
247	248
247	249
247	250
248	249
248	250
249	250
249	251
249	252
250	251
250	252
251	252
251	253
251	254
251	267
252	253
252	254
252	270
252	275
252	276
253	254
253	255
253	274
253	275
253	276
254	255
254	256
254	266
254	274
254	275
255	256
255	257
255	264
255	265
255	266
255	274
255	275
256	257
256	258
256	264
256	265
256	266
256	267
257	258
257	259
257	263
257	264
257	265
258	259
258	260
258	262
258	263
258	264
259	260
259	261
259	262
259	263
260	261
260	262
260	263
261	262
261	263
262	263
262	264
263	264
264	265
265	266
265	267
265	286
265	287
266	267
266	268
266	270
266	271
266	275
266	286
266	287
267	268
267	269
267	270
267	286
268	269
268	270
268	284
268	285
268	286
268	287
268	288
268	303
269	270
269	278
269	279
269	284
269	285
269	286
269	287
269	288
269	302
269	303
270	271
270	275
270	276
270	277
270	278
270	279
270	286
270	287
270	288
271	272
271	273
271	275
271	276
271	277
271	278
271	287
271	288
272	273
272	274
272	275
272	276
272	277
272	287
273	274
273	275
274	275
274	276
275	276
275	277
276	277
276	278
277	278
277	279
278	279
278	280
279	280
279	281
279	283
279	288
279	302
280	281
280	282
280	283
281	282
281	283
282	283
282	284
282	291
282	292
282	300
283	284
283	285
283	288
283	289
283	290
283	291
283	292
283	302
284	285
284	286
284	288
284	289
284	290
284	291
284	292
284	301
284	302
284	303
284	304
284	305
285	286
285	287
285	288
285	289
285	290
285	302
285	303
286	287
286	288
286	289
287	288
287	289
288	289
288	290
289	290
289	291
290	291
290	292
291	292
291	293
292	293
292	294
292	300
292	305
292	306
293	294
293	295
293	316
294	295
294	296
294	297
294	298
294	306
294	316
294	317
295	296
295	297
295	316
295	317
295	318
296	297
296	298
297	298
297	299
298	299
298	300
298	306
298	307
298	308
299	300
299	301
299	306
299	307
300	301
300	302
300	305
300	306
300	307
301	302
301	303
301	304
301	305
301	306
301	307
302	303
302	304
302	305
303	304
303	305
304	305
304	306
305	306
305	307
306	307
306	308
306	315
306	316
307	308
307	309
308	309
308	310
308	312
308	313
308	317
309	310
309	311
309	312
310	311
310	312
311	312
311	313
311	320
312	313
312	314
312	317
312	318
312	319
312	320
313	314
313	317
313	318
313	319
313	320
313	323
314	315
314	316
314	317
314	318
314	319
315	316
315	317
316	317
316	318
317	318
317	319
318	319
319	320
319	321
320	321
320	322
321	322
321	323
322	323
322	324
323	324
323	325
324	325
324	326
324	352
324	353
324	407
325	326
325	327
325	351
325	352
325	407
326	327
326	328
326	351
326	407
326	408
326	409
327	328
327	329
327	349
327	350
327	351
327	403
327	407
327	408
327	409
327	410
328	329
328	330
328	349
328	350
328	351
328	410
329	330
329	331
329	332
329	347
329	348
329	349
329	350
329	412
330	331
330	332
330	348
330	349
331	332
331	333
331	348
332	333
332	334
332	347
333	334
333	335
333	336
333	414
334	335
334	414
334	415
335	336
335	337
335	414
335	415
335	416
336	337
336	338
336	415
336	416
336	417
337	338
337	416
337	417
337	418
338	339
338	340
338	417
338	418
338	419
339	340
339	341
339	418
339	419
339	420
339	421
340	341
340	390
340	391
340	392
340	393
340	418
340	419
340	420
341	342
341	343
341	390
341	391
341	392
342	343
342	344
342	388
342	389
342	390
342	391
343	344
343	345
343	387
343	388
343	389
343	390
343	391
344	345
344	346
344	385
344	386
344	387
344	388
345	346
345	347
345	385
345	386
345	387
346	347
346	348
346	383
346	384
346	385
346	386
347	348
347	349
347	383
347	384
347	385
347	401
348	349
348	381
348	382
348	383
348	384
349	350
349	351
349	381
349	382
349	383
350	351
350	352
350	354
350	380
350	381
350	382
351	352
351	353
351	354
352	353
352	354
353	354
353	355
353	405
353	407
354	355
354	356
354	382
355	356
355	357
355	359
355	360
355	382
355	403
355	405
356	357
356	358
356	359
357	358
357	359
357	360
357	372
357	375
357	384
358	359
358	360
359	360
359	361
359	403
359	404
359	405
360	361
360	371
360	384
360	402
360	403
360	404
361	362
361	363
361	369
361	370
361	371
361	372
361	401
361	402
361	403
362	363
362	364
362	369
362	370
362	371
362	400
362	401
362	402
363	364
363	365
363	367
363	368
363	369
363	370
363	399
363	400
363	401
364	365
364	366
364	367
364	368
364	369
364	399
364	400
365	366
365	367
365	397
365	398
365	399
366	367
366	368
367	368
367	369
368	369
368	370
369	370
369	371
370	371
370	372
371	372
371	373
371	386
372	373
372	374
372	375
372	384
372	385
372	386
373	374
373	375
373	385
373	386
373	387
374	375
374	384
374	385
375	376
375	383
375	384
375	385
376	377
376	378
376	382
376	383
376	384
377	378
377	379
377	380
377	381
377	382
377	383
378	379
378	380
378	381
378	382
379	380
379	381
380	381
380	382
381	382
381	383
382	383
382	384
383	384
383	385
384	385
384	386
385	386
385	387
386	387
386	388
387	388
387	389
388	389
388	390
388	391
389	390
389	391
390	391
390	392
391	392
391	395
392	393
392	394
392	395
392	418
393	394
393	395
393	396
393	418
393	419
394	395
394	396
395	396
395	397
396	397
396	416
396	417
396	418
397	398
397	399
397	415
397	416
397	417
398	399
398	400
398	413
398	414
398	415
398	416
399	400
399	413
399	414
399	415
399	416
400	401
400	402
400	411
400	412
400	413
400	414
401	402
401	403
401	411
401	412
401	413
402	403
402	404
402	410
402	411
402	412
403	404
403	405
403	409
403	410
403	411
404	405
404	408
404	409
404	410
405	406
405	407
405	408
405	409
406	407
406	408
407	408
408	409
409	410
410	411
410	412
411	412
411	413
412	413
412	414
413	414
413	415
414	415
414	416
415	416
415	417
416	417
416	418
417	418
417	419
418	419
418	420
419	420
419	421
420	421
420	422
421	422
