1	1
2	1
3	5
4	5
5	5
6	5
7	5
8	4
9	4
10	4
11	4
12	4
13	4
14	4
15	4
16	4
17	4
18	4
19	4
20	4
21	4
22	3
23	4
24	3
25	3
26	4
27	5
28	5
29	5
30	5
31	5
32	5
33	1
34	1
35	1
36	1
37	1
38	4
39	4
40	4
41	4
42	4
43	4
44	4
45	4
46	4
47	1
48	1
49	1
50	1
51	1
52	1
53	1
54	1
55	1
56	1
57	1
58	4
59	4
60	4
61	4
62	4
63	4
64	4
65	4
66	4
67	4
68	5
69	5
70	5
71	5
72	5
73	5
74	5
75	5
76	5
77	5
78	5
79	5
80	5
81	5
82	1
83	6
84	6
85	6
86	6
87	6
88	6
89	6
90	6
91	6
92	6
93	6
94	6
95	6
96	6
97	6
98	6
99	6
100	6
101	2
102	6
103	6
104	6
105	6
106	6
107	6
108	6
109	6
110	3
111	6
112	6
113	2
114	2
115	2
116	3
117	3
118	3
119	3
120	3
121	3
122	3
123	3
124	3
125	3
126	3
127	2
128	2
129	3
130	3
131	3
132	3
133	6
134	6
135	6
136	6
137	6
138	6
139	6
140	6
141	6
142	6
143	6
144	6
145	6
146	2
147	2
148	6
149	6
150	2
151	2
152	2
153	2
154	2
155	2
156	2
157	2
158	2
159	2
160	2
161	2
162	2
163	2
164	2
165	2
166	2
167	2
168	2
169	2
170	2
171	2
172	2
173	2
174	2
175	2
176	2
177	2
178	2
179	2
180	2
181	2
182	2
183	2
184	2
185	2
186	2
187	2
188	2
189	2
190	2
191	2
192	2
193	2
194	2
195	2
196	2
197	2
198	2
199	2
200	2
201	2
202	2
203	2
204	2
205	2
206	2
207	2
208	2
209	2
210	2
211	2
212	2
213	2
214	2
215	2
216	2
217	2
218	2
219	2
220	2
221	2
222	2
223	2
224	2
225	2
226	2
227	2
228	2
229	2
230	2
231	2
232	2
233	2
234	2
235	2
236	2
237	2
238	2
239	2
240	2
241	2
242	2
243	2
244	6
245	6
246	6
247	6
248	1
249	1
250	1
251	1
***
1	3
2	1
3	2
4	2
5	3
6	1
