0	1
0	2
0	3
0	4
1	2
1	3
1	4
1	5
2	3
2	4
2	5
2	6
3	4
3	5
3	6
3	7
3	16
4	5
4	6
4	7
5	6
5	7
5	224
5	227
6	7
6	8
6	14
6	16
6	224
6	225
7	8
7	9
7	14
7	15
7	16
8	9
8	10
8	13
8	14
8	15
9	10
9	11
9	13
9	14
9	15
9	77
9	78
9	79
10	11
10	12
10	13
10	14
10	78
10	79
10	80
10	81
11	12
11	13
11	51
11	52
11	53
11	54
11	55
11	56
11	78
11	80
11	81
12	13
12	51
12	52
12	53
12	54
12	219
12	220
12	221
13	14
13	15
13	50
13	51
13	52
13	220
13	221
14	15
14	16
14	48
14	49
14	50
14	51
14	52
15	16
15	17
15	48
15	49
15	50
16	17
16	18
16	46
16	47
16	48
16	49
17	18
17	19
17	46
17	47
17	48
17	76
18	19
18	20
18	45
18	46
18	47
19	20
19	21
19	45
19	46
19	47
19	74
20	21
20	22
21	22
21	23
21	44
21	45
22	23
22	24
22	43
22	44
22	45
23	24
23	25
24	25
24	26
25	26
25	27
26	27
26	28
26	65
26	66
26	67
27	28
27	37
27	65
27	66
27	67
28	29
28	30
28	34
28	35
28	63
28	64
28	65
28	66
29	30
29	31
29	32
29	33
29	34
29	35
29	63
29	64
29	65
30	31
30	32
30	33
30	34
30	35
30	62
30	63
30	64
31	32
31	33
32	33
32	34
33	34
33	35
33	216
34	35
34	216
35	36
35	37
35	47
35	48
35	49
35	169
35	170
35	216
36	37
36	38
36	47
36	48
36	49
36	169
36	170
36	171
37	38
37	45
37	46
37	47
37	48
38	39
38	40
38	45
38	46
38	47
39	40
39	41
39	42
39	43
39	44
39	45
39	46
40	41
40	42
40	43
40	44
40	45
40	46
41	42
41	43
42	43
42	44
43	44
43	45
44	45
44	46
45	46
45	47
46	47
46	48
47	48
47	49
48	49
48	50
49	50
49	51
49	52
49	215
49	216
50	51
50	52
50	53
50	215
50	216
50	218
50	220
51	52
51	53
51	54
51	56
51	218
51	220
52	53
52	54
52	56
52	218
52	220
53	54
53	55
53	56
53	218
53	219
53	220
54	55
54	56
55	56
55	57
56	57
56	58
57	58
57	59
58	59
58	78
58	79
58	80
59	60
59	61
59	77
59	78
59	79
60	61
60	62
60	75
60	76
60	77
60	78
61	62
61	63
61	75
61	76
61	77
62	63
62	64
62	73
62	74
62	75
62	76
63	64
63	65
63	73
63	74
63	75
64	65
64	66
64	72
64	73
64	74
65	66
65	67
65	71
65	72
65	73
66	67
66	70
66	71
66	72
67	68
67	69
67	70
67	71
68	69
68	70
69	70
70	71
70	72
71	72
72	73
72	74
73	74
73	75
74	75
74	76
75	76
75	77
76	77
76	78
77	78
77	79
78	79
78	80
79	80
79	81
80	81
82	83
82	84
82	85
82	86
83	84
83	85
83	86
83	87
84	85
84	86
84	87
84	88
85	86
85	87
85	88
85	89
86	87
86	88
86	89
86	90
87	88
87	89
87	90
87	91
88	89
88	90
88	91
88	92
89	90
89	91
89	92
89	93
89	157
90	91
90	92
90	93
90	94
91	92
91	93
91	94
91	95
92	93
92	94
92	95
92	96
92	156
93	94
93	95
93	96
93	97
94	95
94	96
94	97
94	98
95	96
95	97
95	98
95	99
96	97
96	98
96	99
96	100
97	98
97	99
97	100
97	101
98	99
98	100
98	101
98	102
99	100
99	101
99	102
99	150
99	151
100	101
100	102
100	170
100	172
100	214
100	217
101	102
101	103
101	170
101	216
101	217
102	103
102	104
102	170
103	104
103	105
103	168
103	169
103	170
104	105
104	106
104	168
104	169
104	170
105	106
105	107
105	168
105	169
106	107
106	108
106	168
106	169
107	108
107	109
107	168
107	169
108	109
108	110
108	111
108	167
108	168
109	110
109	145
109	146
110	111
110	112
110	113
110	145
111	112
111	113
111	225
112	113
112	114
112	225
112	226
113	114
113	115
113	144
113	145
113	225
113	226
114	115
114	116
114	144
114	226
115	116
115	117
115	118
115	144
115	226
116	117
116	118
116	141
116	142
116	143
116	144
117	118
117	119
117	140
117	141
117	142
118	119
119	120
119	121
119	133
119	134
119	135
120	121
120	122
120	133
120	134
121	122
121	123
121	132
121	133
121	134
122	123
122	124
122	132
122	133
122	134
123	124
123	125
123	131
123	132
124	125
124	126
124	130
124	131
124	132
125	126
125	128
125	129
125	130
125	131
125	221
126	127
126	128
127	128
127	129
128	129
128	130
129	130
129	212
129	219
130	131
130	132
130	210
130	211
130	212
130	221
130	222
131	132
131	133
131	210
131	211
131	212
131	222
132	133
132	134
132	209
132	210
132	211
133	134
133	135
133	209
133	210
134	135
135	136
135	137
135	139
135	209
136	137
136	138
136	139
136	198
136	207
137	138
137	139
137	198
137	199
137	207
138	139
138	140
138	179
138	197
138	198
138	199
139	140
139	141
139	197
139	198
140	141
140	142
140	194
140	196
140	197
140	198
141	142
141	143
141	194
141	195
141	196
141	197
141	198
142	143
142	144
142	192
142	193
142	194
142	195
143	144
143	145
143	146
143	191
143	192
143	193
143	194
143	195
144	145
144	191
144	192
145	146
145	147
145	167
145	190
145	191
146	147
146	167
146	189
146	190
146	191
147	148
147	149
147	165
147	166
147	167
147	168
147	188
147	189
147	190
148	149
148	150
148	165
148	166
148	167
148	186
148	187
148	188
148	189
149	150
149	151
149	164
149	165
149	166
149	184
149	185
149	186
149	187
149	188
150	151
150	164
150	165
150	166
150	185
150	186
151	152
151	153
151	163
151	164
151	185
152	153
152	162
152	163
152	164
152	185
153	154
153	155
153	156
153	161
153	162
153	163
154	155
154	156
154	160
154	161
154	162
155	156
155	160
155	161
155	162
156	157
156	158
156	159
156	160
156	161
156	202
157	158
157	159
157	160
157	202
157	203
158	159
158	160
158	202
158	203
159	160
159	161
159	162
159	176
159	177
159	202
159	203
160	161
160	162
160	176
160	177
160	178
160	201
160	202
160	203
161	162
161	176
161	177
161	178
161	179
161	201
162	163
162	164
162	175
162	176
162	177
162	178
163	164
163	165
163	174
163	175
163	176
164	165
164	166
164	172
164	173
164	174
164	175
165	166
165	167
165	172
165	173
165	174
166	167
166	168
166	171
166	172
166	173
167	168
167	171
167	172
168	169
168	170
168	171
169	170
169	171
170	171
170	172
170	215
170	216
171	172
171	214
171	215
172	173
172	174
172	213
172	214
172	215
173	174
173	175
173	212
173	213
173	214
174	175
174	176
174	211
174	212
174	213
175	176
175	210
175	211
175	212
176	177
176	178
176	210
177	178
177	179
177	199
177	200
177	201
177	202
177	208
177	209
178	179
178	180
178	181
178	196
178	197
178	198
178	199
178	200
178	201
179	180
179	197
179	198
179	199
179	200
179	201
180	181
180	182
180	196
180	197
181	182
181	183
181	195
181	196
181	197
182	183
182	194
182	195
182	196
183	184
183	185
183	187
183	195
183	196
184	185
184	186
184	187
185	186
185	187
186	187
186	188
187	188
187	189
188	189
188	190
189	190
189	191
189	193
190	191
190	192
190	193
191	192
191	193
192	193
192	194
193	194
193	195
194	195
194	196
195	196
196	197
197	198
197	199
198	199
198	207
198	209
199	200
199	201
199	207
199	208
199	209
200	201
200	202
200	204
200	205
200	206
200	207
200	208
201	202
201	203
201	204
202	203
202	204
203	204
203	205
204	205
204	206
204	208
205	206
205	207
206	207
206	208
207	208
207	209
208	209
208	210
209	210
209	211
210	211
210	212
211	212
211	213
212	213
212	214
212	219
212	222
213	214
213	215
213	219
213	220
213	221
213	222
214	215
214	216
214	217
214	218
214	219
214	220
215	216
215	217
215	218
215	219
216	217
216	218
217	218
217	219
218	219
218	220
219	220
220	221
220	222
221	222
221	223
221	224
222	223
222	224
222	225
222	226
223	224
223	225
223	226
223	227
223	228
223	229
224	225
224	226
224	227
224	228
224	229
225	226
225	227
226	227
226	228
227	228
227	229
228	229
