0	1
0	2
0	26
0	27
1	2
1	3
1	27
1	28
1	74
2	3
2	4
2	27
2	28
2	29
2	73
2	74
2	75
3	4
3	5
3	28
3	29
3	30
3	73
3	74
3	75
3	76
4	5
4	6
4	29
4	30
4	31
4	73
4	75
4	76
4	77
5	6
5	7
5	8
5	29
5	30
5	31
5	32
5	76
5	77
5	78
6	7
6	8
6	31
6	32
6	33
6	77
6	78
6	79
6	80
7	8
7	9
7	10
7	13
7	32
7	33
7	79
7	80
8	9
8	10
8	13
8	14
8	17
8	31
8	32
8	33
9	10
9	13
9	14
9	33
9	39
9	40
9	41
9	43
10	11
10	12
10	13
10	14
10	38
10	39
10	40
11	12
11	13
11	14
11	15
11	182
11	183
12	13
12	14
12	15
12	16
12	214
13	14
13	15
13	16
13	17
13	79
14	15
14	16
14	17
14	18
14	43
14	44
15	16
15	17
15	18
15	19
15	215
16	17
16	18
16	19
16	20
16	218
17	18
17	19
17	20
17	21
18	19
18	20
18	21
18	22
19	20
19	21
19	22
19	23
20	21
20	22
20	23
20	24
21	22
21	23
21	24
21	25
21	27
22	23
22	24
22	25
23	24
23	25
24	25
24	26
24	27
25	26
25	27
26	27
26	28
27	28
27	29
27	52
28	29
28	30
28	52
28	53
29	30
29	31
29	52
29	53
29	54
30	31
30	32
30	53
30	54
30	55
30	56
31	32
31	33
31	54
31	55
31	56
32	33
32	34
32	55
32	56
32	57
32	58
33	34
33	35
33	56
33	57
33	58
33	59
34	35
34	36
34	57
34	58
34	59
35	36
35	37
35	39
36	37
36	38
36	39
37	38
37	39
38	39
38	40
39	40
39	41
40	41
40	42
40	43
41	42
41	43
41	44
41	45
42	43
42	44
42	45
43	44
43	45
43	182
44	45
44	46
44	47
44	48
45	46
45	47
45	48
46	47
46	48
47	48
47	49
47	50
47	53
48	49
48	50
48	53
49	50
49	51
49	53
50	51
50	52
50	53
51	52
51	53
52	53
52	54
53	54
53	55
54	55
54	56
55	56
55	57
56	57
56	58
57	58
58	59
58	60
59	60
59	61
59	62
60	61
60	62
60	66
60	102
60	105
60	106
61	62
61	63
61	98
61	101
61	102
61	105
62	63
62	64
62	65
62	66
63	64
63	65
63	66
63	67
63	105
63	109
64	65
64	66
64	67
64	68
65	66
65	67
65	68
65	69
66	67
66	68
66	69
66	70
66	109
67	68
67	69
67	70
67	71
67	109
67	113
68	69
68	70
68	71
68	72
69	70
69	71
69	72
69	73
70	71
70	72
70	73
70	109
70	110
70	114
71	72
71	73
71	113
71	114
72	73
73	74
73	75
74	75
74	117
74	118
75	76
75	77
75	117
75	118
75	119
76	77
76	78
76	118
76	119
76	120
77	78
77	79
77	119
77	120
77	121
78	79
78	80
78	120
78	121
78	122
79	80
79	81
79	122
80	81
81	82
81	83
81	98
81	99
82	83
82	84
82	95
82	98
82	99
83	84
83	85
83	148
84	85
84	86
84	87
84	88
85	86
85	87
85	88
85	89
85	146
85	148
86	87
86	88
86	89
86	90
87	88
87	89
87	90
87	91
88	89
88	90
88	91
88	92
88	95
88	147
88	148
89	90
89	91
89	92
89	146
89	147
90	91
90	92
91	92
91	93
91	94
92	93
92	94
92	95
92	96
92	147
93	94
93	95
93	96
93	97
94	95
94	96
94	97
94	98
95	96
95	97
95	98
95	99
95	148
95	151
96	97
96	98
96	99
96	100
96	101
96	151
97	98
97	99
97	100
97	101
97	102
98	99
98	100
98	101
98	102
99	100
99	101
99	102
99	103
99	151
99	152
99	155
100	101
100	102
100	103
100	104
100	151
100	152
100	154
100	155
101	102
101	103
101	104
101	105
102	103
102	104
102	105
102	106
103	104
103	105
103	106
103	107
103	155
104	105
104	106
104	107
104	108
104	158
105	106
105	107
105	108
105	109
106	107
106	108
106	109
106	110
107	108
107	109
107	110
107	111
107	162
108	109
108	110
108	111
108	112
109	110
109	111
109	112
109	113
110	111
110	112
110	113
110	114
110	115
111	112
111	113
111	114
111	115
111	166
112	113
112	114
112	115
113	114
113	115
114	115
114	116
114	117
115	116
115	117
115	168
116	117
116	118
116	168
116	169
117	118
117	119
117	169
118	119
118	120
118	169
118	170
119	120
119	121
119	169
119	170
119	171
120	121
120	122
120	170
120	171
120	172
120	225
121	122
121	123
121	171
121	172
121	173
122	123
122	172
122	173
122	174
123	124
123	152
123	172
123	173
123	174
123	175
124	125
124	126
124	127
124	174
124	175
124	176
125	126
125	127
125	128
125	174
125	175
125	176
125	275
125	277
126	127
126	128
126	129
126	144
126	149
126	275
127	128
127	129
127	142
127	143
127	144
127	149
127	150
127	152
127	153
128	129
128	130
128	141
128	142
128	143
128	144
129	130
129	131
129	142
129	143
129	144
129	145
129	275
130	131
130	132
130	273
130	274
130	275
131	132
131	133
131	134
131	274
131	275
131	276
132	133
132	134
132	274
133	134
133	135
134	135
135	136
135	137
135	276
135	277
135	278
136	137
136	138
136	140
136	276
136	277
136	278
137	138
137	139
137	140
137	277
137	278
138	139
138	140
138	233
138	234
138	235
139	140
139	141
140	141
140	142
141	142
141	143
142	143
142	144
143	144
143	145
144	145
144	146
144	149
144	150
145	146
145	149
145	150
146	147
146	148
146	149
146	150
147	148
147	149
147	150
147	151
148	149
148	150
148	151
148	152
149	150
149	151
149	152
149	153
150	151
150	152
150	153
150	154
151	152
151	153
151	154
151	155
152	153
152	154
152	155
152	156
153	154
153	155
153	156
153	157
154	155
154	156
154	157
154	158
155	156
155	157
155	158
155	159
156	157
156	158
156	159
156	160
157	158
157	159
157	160
157	161
158	159
158	160
158	161
158	162
159	160
159	161
159	162
159	163
160	161
160	162
160	163
160	164
160	231
161	162
161	163
161	164
161	165
162	163
162	164
162	165
162	166
163	164
163	165
163	166
163	167
163	168
163	169
163	170
163	231
164	165
164	166
164	167
164	168
165	166
165	167
166	167
166	168
167	168
167	169
168	169
168	170
169	170
169	230
170	171
170	172
170	230
170	231
171	172
171	173
171	228
171	229
171	230
171	231
171	232
171	233
172	173
172	174
172	232
172	233
172	234
173	174
173	175
173	233
173	234
173	235
173	236
174	175
174	234
174	235
174	236
175	176
175	177
175	235
175	236
175	237
176	177
176	178
176	210
176	211
176	212
176	236
176	237
177	178
177	179
177	210
177	211
177	212
178	179
178	180
178	211
178	212
178	213
178	214
179	180
179	183
179	212
179	213
179	214
180	181
180	182
180	183
180	213
180	214
180	301
181	182
181	183
181	301
181	304
182	183
182	184
183	184
183	185
183	190
184	185
184	186
184	187
185	186
185	187
185	190
185	191
185	312
185	315
185	316
186	187
186	188
186	190
186	191
186	320
187	188
187	189
187	190
187	191
188	189
188	190
188	191
188	192
189	190
189	191
189	192
189	193
190	191
190	192
190	193
190	194
191	192
191	193
191	194
191	195
191	320
192	193
192	194
192	195
192	196
192	202
192	248
193	194
193	195
193	196
193	197
193	251
193	302
194	195
194	196
194	197
194	198
195	196
195	197
195	198
195	199
195	200
195	202
195	321
196	197
196	198
196	199
196	200
197	198
197	199
198	199
198	200
199	200
199	201
200	201
200	202
200	261
200	323
201	202
201	203
201	261
201	262
201	263
201	323
202	203
202	204
202	261
202	262
202	263
203	204
203	205
203	262
203	263
203	264
203	265
203	326
204	205
204	206
204	207
204	245
204	262
204	263
204	264
204	265
205	206
205	207
205	264
205	265
205	266
205	267
205	268
206	207
206	264
206	265
206	266
206	267
207	245
207	264
208	209
208	210
208	241
208	242
208	243
208	274
209	210
209	211
209	241
209	242
209	243
209	274
209	275
210	211
210	212
210	237
210	238
210	239
210	240
210	241
210	242
210	276
211	212
211	213
211	238
211	240
211	241
212	213
212	214
212	216
212	217
212	237
212	238
213	214
213	215
213	216
213	217
213	297
214	215
214	216
214	217
214	218
215	216
215	217
215	218
215	219
216	217
216	218
216	219
216	220
216	290
216	291
217	218
217	219
217	220
217	221
218	219
218	220
218	221
218	222
219	220
219	221
219	222
219	223
220	221
220	222
220	223
220	224
220	288
221	222
221	223
221	224
221	225
222	223
222	224
222	225
222	226
223	224
223	225
223	226
223	227
223	228
223	286
224	225
224	226
224	227
224	228
225	226
225	227
225	228
226	227
226	228
227	228
227	229
227	286
228	229
228	230
229	230
229	231
229	232
230	231
230	232
231	232
231	233
232	233
232	234
233	234
233	235
234	235
234	236
234	281
234	282
235	236
235	237
235	277
235	278
235	279
235	282
236	237
236	279
237	238
237	239
237	277
237	279
238	239
238	240
238	290
239	240
239	241
240	241
240	242
240	294
241	242
242	243
242	244
242	246
242	247
243	244
243	245
243	246
243	247
244	245
244	246
244	247
244	248
245	246
245	247
245	248
245	249
246	247
246	248
246	249
246	250
247	248
247	249
247	250
247	251
248	249
248	250
248	251
248	252
249	250
249	251
249	252
249	253
249	259
250	251
250	252
250	253
250	254
251	252
251	253
251	254
251	255
251	298
252	253
252	254
252	255
252	256
252	257
252	258
252	259
253	254
253	255
253	256
253	257
253	258
254	255
254	256
254	299
255	256
255	257
256	257
257	258
257	259
258	259
258	260
259	260
259	261
259	262
260	261
260	262
261	262
261	263
262	263
262	264
263	264
263	265
264	265
265	266
265	267
266	267
266	268
267	268
268	269
268	270
269	270
269	271
270	271
270	272
271	272
271	273
272	273
272	274
273	274
273	275
274	275
274	276
275	276
275	277
276	277
276	278
277	278
277	279
278	279
278	280
279	280
279	281
279	282
279	283
280	281
280	282
280	283
280	284
281	282
281	283
281	284
281	285
282	283
282	284
282	285
282	286
282	287
282	288
283	284
283	285
283	286
283	287
283	288
283	289
284	285
284	286
284	287
285	286
285	287
286	287
286	288
287	288
287	289
288	289
288	290
289	290
289	291
290	291
290	292
291	292
291	293
292	293
292	294
292	296
292	297
293	294
293	295
293	296
293	297
294	295
294	296
294	297
294	298
295	296
295	297
295	298
295	299
296	297
296	298
296	299
296	300
297	298
297	299
297	300
297	301
298	299
298	300
298	301
298	302
299	300
299	301
299	302
299	303
300	301
300	302
300	303
300	304
301	302
301	303
301	304
301	305
302	303
302	304
302	305
302	306
303	304
303	305
303	306
303	307
304	305
304	306
304	307
304	308
305	306
305	307
305	308
305	309
306	307
306	308
306	309
307	308
307	309
308	309
308	310
308	311
309	310
309	311
309	312
309	313
310	311
310	312
310	313
311	312
311	313
311	314
312	313
312	314
312	315
312	316
313	314
313	315
313	316
314	315
314	316
315	316
315	317
316	317
316	318
316	320
317	318
317	319
317	320
317	321
318	319
318	320
318	321
318	322
319	320
319	321
319	322
319	325
320	321
320	322
321	322
321	323
322	323
322	324
322	325
323	324
323	325
324	325
324	326
324	327
325	326
325	327
325	328
326	327
326	328
327	328
