1	1
2	1
3	1
4	1
5	1
6	1
7	1
8	1
9	1
10	1
11	1
12	1
13	1
14	1
15	1
16	1
17	1
18	1
19	1
20	1
21	1
22	2
23	2
24	2
25	2
26	2
27	2
28	2
29	2
30	2
31	2
32	2
33	1
34	1
35	1
36	1
37	1
38	1
39	1
40	1
41	1
42	1
43	1
44	1
45	1
46	1
47	1
48	1
49	1
50	1
51	1
52	1
53	1
54	1
55	1
56	1
57	1
58	1
59	1
60	2
61	2
62	2
63	2
64	2
65	2
66	2
67	2
68	2
69	2
70	2
71	2
72	2
73	4
74	4
75	4
76	4
77	4
78	4
79	5
80	4
81	5
82	5
83	5
84	5
85	5
86	5
87	5
88	5
89	5
90	5
91	5
92	5
93	5
94	5
95	5
96	5
97	5
98	5
99	2
100	5
101	3
102	2
103	2
104	4
105	4
106	3
107	4
108	4
109	4
110	4
111	4
112	4
113	4
114	4
115	4
116	4
117	4
118	4
119	4
120	4
121	4
122	4
123	4
124	4
125	4
126	4
127	4
128	3
129	3
130	4
131	5
132	3
133	3
134	3
135	3
136	3
137	3
138	3
139	3
140	3
141	3
142	3
143	3
144	3
145	3
146	3
147	3
148	3
149	3
150	6
151	6
152	6
153	6
154	6
155	6
156	6
157	6
158	6
159	6
160	6
161	6
162	6
163	6
164	6
165	6
166	6
167	6
168	6
169	6
170	6
171	6
172	6
173	6
174	6
175	6
176	6
177	6
178	6
179	6
180	6
181	6
182	6
183	3
184	3
185	6
186	3
187	3
188	3
189	6
190	6
191	6
192	6
193	6
194	6
195	6
196	6
197	6
198	6
199	6
200	6
201	6
202	6
203	6
204	6
205	6
206	6
207	6
208	6
209	6
210	6
211	6
212	6
213	6
214	6
215	6
216	6
217	3
218	3
219	3
220	3
221	3
222	3
223	2
224	2
225	2
226	2
227	2
228	2
229	2
230	2
231	2
232	2
233	2
234	2
235	2
236	2
237	2
238	2
239	2
240	2
241	2
242	2
243	2
244	2
245	2
246	2
247	2
248	2
249	2
250	2
251	2
252	2
253	2
254	2
255	2
256	2
257	2
258	2
259	2
260	2
261	2
262	2
263	2
264	2
265	2
266	2
267	2
268	2
269	2
270	2
271	2
272	2
273	2
274	2
275	2
276	2
277	2
278	2
279	2
280	2
281	2
282	2
283	2
284	2
285	2
286	2
287	2
288	2
289	2
290	2
291	2
292	2
293	2
294	2
295	2
296	2
297	2
298	2
299	2
300	2
301	2
302	2
303	2
304	2
305	2
306	2
307	2
308	2
***
1	1
2	1
3	3
4	2
5	2
6	3
