1	1
2	1
3	1
4	1
5	1
6	1
7	1
8	1
9	1
10	1
11	1
12	5
13	1
14	1
15	1
16	1
17	1
18	1
19	1
20	5
21	5
22	5
23	5
24	5
25	5
26	5
27	5
28	5
29	5
30	5
31	2
32	5
33	5
34	5
35	1
36	1
37	1
38	1
39	1
40	1
41	1
42	1
43	1
44	1
45	1
46	1
47	1
48	1
49	1
50	1
51	6
52	6
53	6
54	6
55	6
56	6
57	6
58	6
59	6
60	4
61	4
62	4
63	6
64	6
65	6
66	6
67	6
68	6
69	6
70	6
71	6
72	6
73	6
74	6
75	6
76	6
77	6
78	6
79	6
80	6
81	6
82	6
83	6
84	6
85	6
86	6
87	4
88	4
89	4
90	4
91	4
92	4
93	4
94	4
95	4
96	4
97	4
98	4
99	4
100	4
101	3
102	3
103	3
104	4
105	3
106	3
107	3
108	3
109	3
110	3
111	3
112	3
113	3
114	3
115	3
116	3
117	3
118	3
119	3
120	3
121	3
122	3
123	3
124	3
125	3
126	3
127	3
128	3
129	3
130	3
131	3
132	3
133	3
134	3
135	3
136	3
137	3
138	3
139	3
140	3
141	3
142	3
143	3
144	3
145	3
146	3
147	3
148	3
149	4
150	4
151	4
152	4
153	3
154	3
155	3
156	3
157	3
158	3
159	3
160	3
161	3
162	3
163	3
164	3
165	3
166	3
167	3
168	3
169	3
170	3
171	3
172	3
173	3
174	3
175	3
176	3
177	3
178	3
179	3
180	3
181	3
182	3
183	3
184	3
185	3
186	3
187	4
188	4
189	4
190	4
191	4
192	4
193	4
194	4
195	4
196	4
197	4
198	4
199	4
200	4
201	4
202	4
203	4
204	4
205	4
206	4
207	4
208	6
209	6
210	5
211	5
212	5
213	5
214	5
215	5
216	5
217	5
218	5
219	4
220	4
221	4
222	4
223	4
224	4
225	4
226	4
227	4
228	4
229	4
230	4
231	4
232	4
233	4
234	5
235	5
236	5
237	5
238	5
239	5
240	5
241	5
242	5
243	5
244	5
245	5
246	2
247	5
248	2
249	4
250	4
251	4
252	4
253	4
254	4
255	4
256	5
257	5
258	5
259	5
260	5
261	5
262	5
263	5
264	5
265	5
266	5
267	5
268	5
269	5
270	5
271	5
272	5
273	5
274	5
275	5
276	5
277	2
278	2
279	2
280	2
281	2
282	2
283	2
284	2
285	2
286	2
287	2
288	2
289	2
290	2
291	2
292	2
293	2
294	2
295	2
296	2
297	2
298	2
299	5
300	5
301	5
302	2
303	5
304	5
305	2
306	2
307	2
308	2
309	2
310	2
311	2
312	2
313	2
314	2
315	2
316	2
317	2
318	2
319	2
320	2
321	2
322	2
323	2
324	2
325	2
326	2
327	2
328	2
329	2
330	2
331	2
332	2
333	2
334	2
335	2
336	2
337	2
338	2
339	2
340	2
341	2
342	2
343	2
344	2
345	2
346	2
347	2
348	2
349	2
350	2
351	2
352	2
353	2
354	2
355	2
356	2
357	2
358	2
359	2
360	2
361	2
362	2
363	2
364	2
365	2
366	2
367	2
368	2
369	2
370	2
371	2
372	2
373	2
374	2
375	2
376	3
377	3
378	3
379	3
380	3
381	3
382	3
383	3
384	3
385	3
386	3
387	3
388	3
389	3
390	3
391	3
392	3
393	3
394	3
395	3
396	3
397	3
398	3
399	3
400	3
401	3
402	3
403	3
404	3
405	3
406	3
407	3
408	3
409	3
410	3
411	3
412	3
413	3
414	3
415	3
416	3
417	3
418	3
419	3
420	3
421	3
422	3
423	3
424	3
425	3
426	3
427	3
428	3
429	3
430	3
431	3
432	3
433	3
434	3
435	3
436	3
437	3
438	3
439	3
440	3
441	3
442	3
443	3
444	3
445	3
446	3
447	3
448	3
449	3
450	3
451	3
452	3
453	3
454	3
455	3
456	3
457	3
458	3
459	3
460	3
461	3
462	3
463	3
464	3
465	3
466	3
467	3
468	3
469	3
470	3
471	3
472	3
473	3
474	3
475	3
476	3
477	3
478	3
479	3
480	3
481	3
482	3
483	3
484	3
485	3
486	3
487	3
488	3
489	3
490	3
491	3
492	3
493	3
494	3
495	3
496	3
497	3
498	3
499	3
500	3
501	3
502	3
503	3
504	3
505	3
506	3
507	3
508	3
509	3
510	3
511	3
512	3
513	3
514	3
515	3
516	3
517	3
518	3
519	3
520	3
521	3
522	3
523	3
524	3
525	3
526	3
527	3
528	3
529	3
530	3
531	3
532	3
533	2
534	2
535	3
536	3
537	3
538	3
539	2
540	2
541	2
542	2
543	2
544	2
545	2
546	2
547	2
548	2
549	2
550	2
551	2
552	2
553	2
554	2
555	2
556	2
557	2
558	2
559	2
560	2
561	2
562	2
563	2
564	2
565	2
566	2
567	2
568	2
569	2
570	2
571	2
572	2
573	2
574	2
575	2
576	2
577	2
578	2
579	2
580	2
581	2
582	2
583	2
584	2
585	2
586	2
587	2
588	2
589	2
590	2
591	2
592	2
593	2
594	2
595	2
596	2
597	2
598	2
599	2
600	2
601	2
602	2
603	2
604	2
605	2
606	2
607	2
608	2
609	2
610	2
611	2
612	2
613	2
614	2
615	2
616	2
617	2
618	2
619	2
620	2
621	2
622	2
623	2
624	2
625	2
626	2
627	2
628	2
629	2
630	2
631	2
632	2
633	2
634	2
635	2
636	2
637	2
638	2
639	3
640	3
641	3
642	3
643	3
644	3
645	3
646	3
647	3
648	3
649	3
650	3
651	3
652	3
***
1	2
2	1
3	1
4	2
5	2
6	2
