0	1
0	2
0	3
0	4
0	55
0	58
1	2
1	3
1	4
1	5
1	20
2	3
2	4
2	5
2	6
3	4
3	5
3	6
3	7
4	5
4	6
4	7
4	8
4	9
4	10
5	6
5	7
5	8
5	9
5	10
6	7
6	8
7	8
7	9
7	265
7	266
8	9
8	10
9	10
9	11
9	216
9	217
10	11
10	12
10	13
10	214
10	215
10	216
10	217
11	12
11	190
11	215
11	216
11	217
12	13
12	214
12	215
13	14
13	15
13	213
13	214
13	215
14	15
14	16
14	212
14	213
14	214
15	16
15	17
15	18
15	19
16	17
16	18
16	19
16	20
17	18
17	19
17	20
17	21
18	19
18	20
18	21
18	22
19	20
19	21
19	22
19	23
19	212
20	21
20	22
20	23
20	24
21	22
21	23
21	24
21	25
22	23
22	24
22	25
22	26
23	24
23	25
23	26
23	27
23	28
24	25
24	26
25	26
26	27
26	28
27	28
27	29
27	59
27	60
27	61
28	29
28	30
28	60
28	61
28	184
29	30
29	31
29	60
29	61
29	62
29	182
29	183
29	184
29	185
30	31
30	61
30	62
30	63
30	183
30	184
30	185
30	186
31	32
31	33
31	62
31	63
31	64
31	65
31	185
31	186
31	187
32	33
32	34
32	63
32	64
32	65
32	186
32	187
32	188
33	34
33	35
33	64
33	65
33	66
33	67
34	35
34	36
34	65
34	66
34	67
35	36
35	37
35	66
35	67
35	68
36	37
36	38
36	39
37	38
37	39
38	39
38	40
39	40
39	93
39	96
39	97
40	41
40	42
40	96
40	97
40	237
40	238
40	239
41	42
41	45
41	97
41	237
41	238
42	43
42	44
42	45
42	235
42	236
42	237
42	238
43	44
43	45
43	46
43	228
43	236
43	237
44	45
44	46
44	228
45	46
45	47
45	48
45	49
46	47
46	48
46	49
46	50
47	48
47	49
47	50
47	51
47	266
47	267
48	49
48	50
48	51
48	52
48	187
48	188
48	189
48	216
49	50
49	51
49	52
49	53
49	104
50	51
50	52
50	53
50	54
50	104
50	267
51	52
51	53
51	54
51	55
52	53
52	54
52	55
52	56
52	62
53	54
53	55
53	56
53	57
53	104
53	105
54	55
54	56
54	57
54	58
55	56
55	57
55	58
55	59
55	60
55	62
56	57
56	58
56	59
56	60
56	61
56	62
56	112
57	58
57	59
58	59
58	60
59	60
59	112
60	61
60	62
60	112
61	62
61	63
61	111
61	112
61	113
61	114
62	63
62	64
62	114
62	115
63	64
63	65
63	114
63	115
63	116
64	65
64	66
64	115
64	116
64	117
65	66
65	67
65	116
65	117
65	118
65	119
66	67
66	68
66	94
66	117
66	118
66	119
67	68
67	69
67	70
67	118
67	119
68	69
68	70
68	71
68	72
68	90
68	118
68	119
68	120
69	70
69	71
69	72
69	73
69	119
69	120
69	123
70	71
70	72
70	73
70	74
71	72
71	73
71	74
71	75
72	73
72	74
72	75
73	74
73	75
74	75
74	76
75	76
75	77
76	77
76	78
77	78
77	79
77	81
77	82
78	79
78	80
78	81
78	82
79	80
79	81
79	82
79	83
80	81
80	82
80	83
81	82
81	83
81	84
82	83
82	84
82	85
82	86
83	84
83	85
83	86
84	85
84	86
85	86
85	87
85	88
85	89
86	87
86	88
86	89
86	90
87	88
87	89
87	90
87	91
88	89
88	90
88	91
88	92
89	90
89	91
89	92
89	93
90	91
90	92
90	93
90	94
91	92
91	93
91	94
91	95
92	93
92	94
92	95
92	96
93	94
93	95
93	96
93	97
94	95
94	96
94	97
94	98
95	96
95	97
95	98
95	99
96	97
96	98
96	99
96	100
97	98
97	99
97	100
97	101
98	99
98	100
98	101
98	102
98	116
99	100
99	101
99	102
100	101
100	102
100	103
101	102
101	103
101	104
101	105
102	103
102	104
102	105
102	106
102	107
103	104
103	105
103	302
103	303
104	105
104	106
105	106
105	107
105	114
106	107
106	108
106	113
106	114
107	108
107	113
107	114
107	115
108	109
108	110
108	113
108	114
109	110
109	113
110	111
110	112
110	113
111	112
111	113
112	113
112	114
113	114
113	115
114	115
114	116
115	116
115	117
116	117
116	118
117	118
117	119
118	119
118	120
118	121
119	120
119	121
119	122
119	123
119	173
120	121
120	122
120	123
120	124
121	122
121	123
121	124
122	123
122	124
122	125
122	126
123	124
123	125
123	126
124	125
124	126
125	126
125	127
126	127
126	128
126	130
126	131
127	128
127	129
127	130
127	131
128	129
128	130
128	131
128	132
129	130
129	131
129	132
129	133
130	131
130	132
130	133
130	134
131	132
131	133
131	134
131	135
131	136
132	133
132	134
132	135
132	136
132	137
133	134
133	135
133	136
133	137
134	135
134	136
134	137
135	136
135	137
135	138
136	137
136	138
136	139
137	138
137	139
138	139
138	140
139	140
139	141
140	141
140	142
140	143
140	144
141	142
141	143
141	144
141	145
142	143
142	144
142	145
142	146
143	144
143	145
143	146
143	147
144	145
144	146
144	147
145	146
145	147
145	150
145	151
146	147
146	148
146	151
147	148
147	149
147	150
147	151
148	149
148	150
148	151
148	152
149	150
149	151
149	152
149	153
150	151
150	152
150	153
150	154
151	152
151	153
151	154
152	153
152	154
152	155
153	154
153	155
153	158
154	155
154	156
154	158
154	159
155	156
155	157
155	158
156	157
156	158
157	158
157	159
158	159
159	160
159	161
159	163
159	164
160	161
160	162
160	163
160	164
161	162
161	163
161	164
161	165
162	163
162	164
162	165
162	166
163	164
163	165
163	166
164	165
164	166
164	167
165	166
165	167
165	168
165	169
166	167
166	168
166	169
166	170
167	168
167	169
167	170
167	171
167	195
168	169
168	170
168	171
168	172
169	170
169	171
169	172
169	173
170	171
170	172
170	173
170	195
170	199
171	172
171	173
171	174
171	175
171	195
171	196
171	198
171	199
171	202
172	173
172	174
172	175
172	176
172	199
173	174
173	175
173	176
173	177
174	175
174	176
174	177
174	178
174	199
174	203
175	176
175	177
175	178
175	179
175	199
175	203
176	177
176	178
176	179
176	180
177	178
177	179
177	180
177	181
177	182
177	183
178	179
178	180
178	181
178	182
178	183
178	184
179	180
179	181
179	182
180	181
180	182
181	182
181	183
182	183
182	184
183	184
183	185
184	185
184	211
184	212
185	186
185	187
185	211
185	212
185	213
186	187
186	188
186	212
186	213
186	214
187	188
187	213
187	214
187	215
188	189
188	190
188	192
188	215
188	216
189	190
189	191
189	192
189	215
189	216
189	217
189	218
190	191
190	192
190	193
190	215
190	216
190	217
190	218
191	192
191	193
192	193
192	194
192	195
192	196
193	194
193	195
193	196
193	197
193	215
194	195
194	196
194	197
194	198
195	196
195	197
195	198
195	199
196	197
196	198
196	199
196	200
196	213
197	198
197	199
197	200
197	201
197	213
198	199
198	200
198	201
198	202
199	200
199	201
199	202
199	203
200	201
200	202
200	203
200	204
200	211
200	212
201	202
201	203
201	204
201	205
202	203
202	204
202	205
202	206
203	204
203	205
203	206
203	207
203	208
203	209
204	205
204	206
204	207
204	208
204	209
204	210
205	206
205	207
205	208
206	207
206	208
207	208
207	209
208	209
208	210
209	210
209	211
210	211
210	212
211	212
212	213
213	214
213	215
214	215
214	216
215	216
215	217
216	217
216	218
217	218
217	219
218	219
218	220
219	220
219	221
219	226
219	227
220	221
220	222
220	224
220	225
220	226
220	227
221	222
221	223
221	224
221	225
221	226
221	227
221	259
222	223
222	224
222	258
222	259
223	224
223	225
224	225
224	226
225	226
225	227
226	227
226	228
226	229
227	228
227	229
228	229
228	230
228	235
228	236
229	230
229	231
229	233
229	234
229	235
229	236
230	231
230	232
230	233
230	234
230	235
230	236
231	232
231	233
232	233
233	234
234	235
234	236
235	236
235	237
236	237
236	238
236	243
237	238
237	239
237	242
237	243
238	239
238	240
238	243
238	303
239	240
239	241
239	242
239	243
240	241
240	242
240	243
240	244
240	245
241	242
241	243
241	244
242	243
242	244
243	244
243	245
243	247
243	248
244	245
244	246
244	247
244	248
244	335
245	246
245	247
245	248
245	249
245	300
245	304
245	308
246	247
246	248
246	249
246	250
246	312
246	332
246	335
246	336
247	248
247	249
247	250
247	251
248	249
248	250
248	251
248	252
248	300
249	250
249	251
249	252
249	253
249	296
249	300
250	251
250	252
250	253
250	254
251	252
251	253
251	254
251	255
252	253
252	254
252	255
252	292
252	295
252	296
253	254
253	255
253	292
253	293
253	295
253	296
254	255
254	256
254	292
255	256
255	257
255	259
255	260
255	292
256	257
256	258
256	259
256	260
257	258
257	259
257	260
257	282
258	259
258	260
259	260
259	261
259	262
259	263
260	261
260	262
260	263
260	264
260	291
260	292
261	262
261	263
261	264
261	265
261	275
261	279
261	291
262	263
262	264
262	265
262	266
263	264
263	265
263	266
263	267
264	265
264	266
264	267
264	268
264	295
265	266
265	267
265	268
265	270
266	267
266	268
267	268
268	269
268	270
268	298
269	270
269	271
270	271
270	272
270	274
270	275
271	272
271	273
271	274
271	275
272	273
272	274
272	275
272	276
273	274
273	275
273	276
273	277
274	275
274	276
274	277
274	278
275	276
275	277
275	278
275	279
276	277
276	278
276	279
276	280
277	278
277	279
277	280
277	281
278	279
278	280
278	281
278	282
278	290
278	291
279	280
279	281
279	282
279	283
280	281
280	282
280	283
280	284
281	282
281	283
281	284
281	285
281	290
282	283
282	284
282	285
282	286
282	289
282	290
282	291
283	284
283	285
283	286
284	285
284	286
285	286
285	287
285	288
286	287
286	288
286	289
287	288
287	289
288	289
288	290
289	290
289	291
289	292
289	293
290	291
290	292
290	293
290	294
291	292
291	293
291	294
291	295
292	293
292	294
292	295
292	296
293	294
293	295
293	296
293	297
294	295
294	296
294	297
294	298
295	296
295	297
295	298
295	299
296	297
296	298
296	299
296	300
297	298
297	299
297	300
297	301
297	309
298	299
298	300
298	301
298	302
299	300
299	301
299	302
299	303
300	301
300	302
300	303
300	304
300	305
300	309
301	302
301	303
301	304
301	305
301	306
301	309
302	303
302	304
302	305
303	304
303	305
304	305
304	308
305	306
305	307
305	308
305	309
306	307
306	308
306	309
306	310
307	308
307	309
307	310
307	311
308	309
308	310
308	311
308	312
309	310
309	311
309	312
309	313
310	311
310	312
310	313
310	314
311	312
311	313
311	314
311	315
311	328
311	332
312	313
312	314
312	315
312	316
312	332
313	314
313	315
313	316
313	317
314	315
314	316
314	317
314	318
315	316
315	317
315	318
315	319
315	325
315	328
315	333
316	317
316	318
316	319
316	320
317	318
317	319
317	320
317	321
317	322
317	323
318	319
318	320
318	321
318	322
318	323
318	324
318	325
319	320
319	321
319	325
320	321
320	322
320	409
320	410
321	322
321	323
321	382
322	323
323	324
323	325
324	325
324	326
324	327
325	326
325	327
325	328
326	327
326	328
327	328
327	329
328	329
328	330
328	333
329	330
329	331
329	332
329	333
330	331
330	332
330	333
330	334
330	399
331	332
331	333
331	334
331	335
332	333
332	334
332	335
332	336
333	334
333	335
333	336
333	337
334	335
334	336
334	337
334	338
335	336
335	337
335	338
335	339
336	337
336	338
336	339
337	338
337	339
337	340
337	342
337	413
337	414
338	339
338	340
338	341
338	342
339	340
339	341
340	341
340	342
340	413
341	342
341	343
341	360
341	413
341	414
342	343
342	344
342	360
342	413
342	414
342	415
343	344
343	345
343	359
343	360
343	414
343	415
343	416
344	345
344	346
344	415
344	416
344	417
344	418
345	346
345	347
345	349
345	415
345	416
345	417
345	418
346	347
346	348
346	349
346	417
346	418
347	348
347	349
347	418
348	349
348	350
349	350
349	351
350	351
350	352
350	355
351	352
351	353
351	355
351	356
351	391
351	392
352	353
352	354
352	355
352	356
352	389
352	390
352	391
353	354
353	355
353	356
353	357
353	389
353	390
353	391
354	355
354	356
354	357
354	358
354	366
354	369
354	370
355	356
355	357
355	358
355	359
355	366
356	357
356	358
356	359
356	360
357	358
357	359
357	360
357	361
357	362
357	363
357	369
358	359
358	360
358	361
358	362
358	363
358	364
358	365
358	366
359	360
359	361
360	361
360	362
360	413
360	414
361	362
361	363
361	364
362	363
362	364
362	407
362	413
363	364
363	365
363	368
363	369
364	365
364	368
365	366
365	367
365	368
365	369
366	367
366	368
366	369
366	370
367	368
367	369
367	370
367	371
368	369
368	370
368	371
368	372
369	370
369	371
369	372
369	373
370	371
370	372
370	373
370	388
371	372
371	373
371	374
372	373
372	374
372	376
372	377
372	378
373	374
373	375
373	376
373	377
373	378
373	385
373	386
374	375
374	376
374	377
374	386
375	376
375	377
376	377
377	378
377	379
377	384
377	385
377	386
377	407
378	379
378	380
378	384
378	385
378	405
378	406
378	407
379	380
379	381
379	382
379	383
379	384
379	385
379	405
379	406
379	407
380	381
380	382
380	383
380	384
380	385
380	403
380	404
380	405
380	406
381	382
381	383
381	403
381	404
381	405
382	383
382	384
383	384
383	385
384	385
384	386
385	386
385	387
386	387
386	388
387	388
387	389
387	390
388	389
388	390
389	390
389	391
390	391
390	392
391	392
391	393
392	393
392	394
392	396
393	394
393	395
393	396
394	395
394	396
394	397
395	396
395	397
396	397
396	398
397	398
397	399
397	400
397	401
397	402
397	403
398	399
398	400
398	401
398	402
398	403
399	400
399	401
399	402
400	401
400	402
401	402
401	416
401	417
402	403
402	404
402	414
402	415
402	416
403	404
403	405
403	414
403	415
403	416
404	405
404	406
404	413
404	414
404	415
405	406
405	407
405	412
405	413
405	414
406	407
406	408
406	409
406	411
406	412
406	413
407	408
407	409
407	411
407	412
408	409
408	410
408	411
409	410
409	411
410	411
410	412
411	412
412	413
413	414
414	415
414	416
415	416
415	417
416	417
416	418
417	418
