0	1
0	2
0	3
0	4
1	2
1	3
1	4
1	5
2	3
2	4
2	5
2	6
3	4
3	5
3	6
3	7
4	5
4	6
4	7
4	8
4	42
5	6
5	7
5	8
5	9
5	54
5	55
6	7
6	8
6	9
6	10
7	8
7	9
7	10
7	11
8	9
8	10
8	11
8	12
8	39
8	42
9	10
9	11
9	12
9	13
10	11
10	12
10	13
10	14
11	12
11	13
11	14
11	15
11	35
11	39
12	13
12	14
12	15
12	16
13	14
13	15
13	16
13	17
14	15
14	16
14	17
14	18
15	16
15	17
15	18
15	19
15	32
15	35
16	17
16	18
16	19
16	20
17	18
17	19
17	20
17	21
18	19
18	20
18	21
18	22
18	32
19	20
19	21
19	22
20	21
20	22
21	22
21	23
22	23
22	24
22	94
23	24
23	25
23	28
23	93
24	25
24	26
24	91
24	92
24	93
25	26
25	27
25	28
25	91
25	92
26	27
26	28
26	29
26	30
26	83
26	88
26	92
27	28
27	29
27	30
27	31
28	29
28	30
28	31
28	32
29	30
29	31
29	32
29	33
29	94
30	31
30	32
30	33
30	34
30	76
30	79
30	80
31	32
31	33
31	34
31	35
32	33
32	34
32	35
32	36
33	34
33	35
33	36
33	37
33	72
33	75
33	76
34	35
34	36
34	37
34	38
34	76
35	36
35	37
35	38
35	39
36	37
36	38
36	39
36	40
36	72
37	38
37	39
37	40
37	41
37	69
37	72
37	73
38	39
38	40
38	41
38	42
39	40
39	41
39	42
39	43
40	41
40	42
40	43
40	44
40	65
40	66
40	68
40	69
41	42
41	43
41	44
41	45
41	69
42	43
42	44
42	45
42	46
43	44
43	45
43	46
43	47
43	59
43	65
44	45
44	46
44	47
44	48
44	62
44	65
44	66
45	46
45	47
45	48
45	49
46	47
46	48
46	49
46	50
46	51
47	48
47	49
47	50
47	51
47	52
47	59
47	61
47	62
48	49
48	50
49	50
49	51
50	51
50	52
51	52
51	53
52	53
52	58
52	59
53	54
53	55
53	56
53	57
53	58
53	59
54	55
54	56
54	57
54	58
54	59
55	56
55	57
56	57
56	58
57	58
57	59
58	59
58	60
59	60
59	61
60	61
60	62
60	64
60	65
61	62
61	63
61	64
61	65
62	63
62	64
62	65
62	66
63	64
63	65
63	66
63	67
64	65
64	66
64	67
64	68
65	66
65	67
65	68
65	69
66	67
66	68
66	69
66	70
67	68
67	69
67	70
67	71
68	69
68	70
68	71
68	72
69	70
69	71
69	72
69	73
70	71
70	72
70	73
70	74
71	72
71	73
71	74
71	75
72	73
72	74
72	75
72	76
73	74
73	75
73	76
73	77
74	75
74	76
74	77
74	78
75	76
75	77
75	78
75	79
76	77
76	78
76	79
76	80
77	78
77	79
77	80
77	81
78	79
78	80
78	81
78	82
78	140
79	80
79	81
79	82
79	83
80	81
80	82
80	83
80	84
81	82
81	83
81	84
81	85
81	143
81	144
82	83
82	84
82	85
82	87
82	88
82	145
83	84
83	85
83	88
84	85
84	88
85	86
85	87
85	88
85	145
86	87
86	88
87	88
87	89
87	90
88	89
88	90
89	90
89	91
90	91
90	92
91	92
91	93
92	93
92	94
92	96
93	94
93	95
93	96
93	97
94	95
94	96
94	97
94	98
95	96
95	97
95	98
96	97
96	98
96	101
96	110
96	111
96	112
97	98
97	99
97	101
97	102
97	110
98	99
98	100
98	101
98	102
99	100
99	101
99	102
99	103
100	101
100	102
100	103
100	104
101	102
101	103
101	104
101	110
101	111
102	103
102	104
102	107
102	108
102	109
102	110
103	104
103	105
103	107
103	108
104	105
104	106
104	107
105	106
105	107
105	168
106	107
106	108
106	109
106	168
107	108
107	109
108	109
109	110
109	111
109	137
109	138
109	139
110	111
110	137
110	138
111	112
111	134
111	136
111	137
111	138
112	113
112	114
112	134
112	135
112	136
112	137
113	114
113	115
113	134
113	135
113	136
114	115
114	132
114	133
114	134
114	135
115	116
115	117
115	132
115	133
115	134
116	117
116	118
116	130
116	131
116	132
116	133
117	118
117	119
117	130
117	131
117	132
117	133
117	187
117	188
118	119
118	120
118	128
118	129
118	130
118	131
118	186
118	187
118	188
119	120
119	121
119	128
119	129
119	130
119	184
119	185
119	186
119	187
120	121
120	122
120	123
120	124
120	125
120	127
120	128
120	129
120	184
120	185
120	186
121	122
121	123
121	124
121	127
121	128
121	175
121	179
121	183
121	184
121	185
122	123
122	124
122	179
122	181
122	183
122	184
123	124
123	125
123	184
124	125
124	126
124	127
125	126
125	127
125	128
126	127
126	128
127	128
127	129
128	129
128	130
129	130
129	131
130	131
130	132
131	132
131	133
132	133
132	134
133	134
133	135
133	150
133	157
134	135
134	136
134	137
134	149
134	150
135	136
135	137
135	149
135	150
136	137
136	138
136	147
136	148
136	149
136	150
137	138
137	139
137	147
137	148
137	149
137	150
138	139
138	140
138	145
138	146
138	147
138	148
139	140
139	141
139	145
139	146
139	147
140	141
140	142
140	144
140	145
140	146
141	142
141	143
141	144
141	145
142	143
142	144
143	144
143	145
144	145
144	146
145	146
145	147
146	147
146	148
147	148
147	149
148	149
148	150
148	159
148	160
148	161
149	150
149	151
149	159
150	151
150	157
150	158
150	159
151	152
151	153
151	157
151	158
151	159
152	153
152	154
152	156
152	157
152	158
153	154
153	155
153	156
153	157
154	155
154	156
154	186
154	193
154	194
154	195
155	156
155	170
155	171
156	157
156	158
156	167
156	169
156	170
156	171
157	158
157	167
157	168
157	169
157	170
158	159
158	160
158	165
158	166
158	167
158	168
159	160
159	161
159	165
159	166
159	167
160	161
160	162
160	163
160	164
160	165
160	166
161	162
161	163
161	164
161	165
162	163
162	164
163	164
163	165
164	165
164	166
165	166
165	167
166	167
166	168
167	168
167	169
167	170
168	169
168	170
169	170
169	171
170	171
170	172
170	173
171	172
171	173
171	174
171	175
172	173
172	174
172	175
172	176
172	182
173	174
173	175
173	176
173	177
174	175
174	176
174	177
174	178
175	176
175	177
175	178
175	179
175	181
175	182
176	177
176	178
176	179
177	178
177	179
178	179
179	180
179	181
180	181
181	182
181	183
182	183
182	184
183	184
183	195
184	185
184	186
184	195
185	186
185	187
185	192
185	193
185	194
186	187
186	188
186	192
186	193
186	194
187	188
187	189
187	191
187	192
187	193
188	189
188	190
188	191
188	192
189	190
189	191
190	191
191	192
191	193
192	193
192	194
193	194
193	195
194	195
194	196
195	196
195	197
196	197
197	198
197	199
198	199
198	200
199	200
