0	1
0	2
0	4
0	5
0	77
1	2
1	3
1	4
1	5
2	3
2	4
2	5
2	6
2	69
2	75
3	4
3	5
3	6
3	7
3	68
3	69
4	5
4	6
4	7
4	8
5	6
5	7
5	8
5	75
5	76
5	77
5	78
5	79
6	7
6	8
6	9
6	75
6	79
7	8
7	9
7	10
8	9
8	10
8	78
8	79
9	10
9	11
9	79
10	11
10	40
10	41
11	12
11	13
11	38
11	39
11	40
11	41
11	129
12	13
12	14
12	15
12	35
12	36
12	37
12	38
12	39
12	40
12	129
12	130
13	14
13	15
13	16
13	35
13	36
13	37
13	38
13	39
13	127
13	128
13	129
13	130
14	15
14	16
14	17
14	34
14	35
14	36
14	37
14	127
14	128
14	129
14	130
15	16
15	17
15	34
15	35
15	36
15	37
15	127
15	128
15	129
15	130
16	17
16	33
16	34
16	35
16	36
16	126
16	127
16	128
17	18
17	19
17	30
17	31
17	32
17	33
17	34
17	125
17	126
17	127
18	19
18	20
18	30
18	31
18	32
18	33
18	34
18	123
18	124
18	125
19	20
19	21
19	29
19	30
19	31
19	32
19	123
19	124
19	125
20	21
20	22
20	27
20	28
20	29
20	30
20	122
20	123
20	124
21	22
21	23
21	25
21	26
21	27
21	28
21	121
21	122
21	123
22	23
22	24
22	25
22	26
22	27
22	28
22	121
22	122
23	24
23	25
23	119
23	120
23	121
23	122
24	25
24	26
24	203
25	26
25	27
25	201
25	202
25	217
25	219
26	27
26	28
27	28
27	29
28	29
28	30
29	30
29	31
29	32
30	31
30	32
30	33
31	32
31	33
31	34
31	55
31	56
31	57
32	33
32	34
32	55
32	56
32	57
33	34
33	55
33	56
33	57
34	35
34	36
34	37
34	54
34	55
34	56
34	57
35	36
35	37
35	38
35	39
35	53
35	54
35	55
36	37
36	38
36	39
36	53
36	54
36	55
37	38
37	39
37	40
37	51
37	52
37	53
37	54
38	39
38	40
38	41
38	51
38	52
38	53
39	40
39	41
39	51
39	52
39	53
40	41
40	42
40	49
40	50
40	51
40	52
41	42
41	43
41	49
41	50
41	51
42	43
42	44
42	46
42	48
42	49
42	50
43	44
43	45
43	46
43	47
43	48
43	49
44	45
44	46
44	47
44	48
45	46
45	47
46	47
46	48
46	49
47	48
47	49
47	67
48	49
48	50
48	65
48	66
48	67
49	50
49	51
49	65
49	66
49	67
50	51
50	52
50	64
50	65
50	66
51	52
51	53
51	63
51	64
51	65
52	53
52	54
52	61
52	62
52	63
52	64
53	54
53	55
53	61
53	62
53	63
54	55
54	56
54	57
54	60
54	61
54	62
55	56
55	57
55	58
55	59
55	61
56	57
56	58
56	59
57	58
57	59
58	59
59	60
59	61
60	61
60	62
61	62
61	63
62	63
62	64
63	64
63	65
64	65
64	66
65	66
65	67
66	67
66	68
67	68
68	69
68	70
69	70
69	71
69	73
70	71
70	72
70	73
71	72
71	73
72	73
72	74
72	83
72	84
72	85
72	86
73	74
73	75
73	81
73	82
73	83
73	84
74	75
74	81
74	82
74	83
75	76
75	77
75	79
75	80
75	81
75	82
76	77
76	78
76	79
76	80
76	81
77	78
77	79
78	79
78	80
78	101
79	80
79	81
79	101
80	81
80	99
80	100
80	101
81	82
81	83
81	98
81	99
81	100
82	83
82	84
82	97
82	98
82	99
83	84
83	96
83	97
83	98
84	85
84	86
84	95
84	96
84	97
85	86
85	87
85	88
85	96
86	87
86	88
86	262
86	263
87	88
87	89
87	261
87	262
87	263
88	89
88	92
88	93
88	94
88	261
88	262
89	90
89	91
89	92
89	261
90	91
90	92
91	92
91	93
92	93
92	94
93	94
93	95
93	113
93	114
93	115
94	95
94	112
94	113
94	117
95	96
95	111
95	112
95	113
96	97
96	98
96	110
96	111
96	112
97	98
97	99
97	108
97	109
97	110
97	111
98	99
98	100
98	108
98	109
98	110
98	242
99	100
99	101
99	106
99	107
99	108
99	109
100	101
100	102
100	106
100	107
100	108
101	102
101	103
101	105
101	106
101	107
102	103
102	104
102	105
102	106
103	104
103	105
104	105
104	128
104	129
104	132
105	106
105	107
105	127
105	128
105	129
106	107
106	108
106	126
106	127
106	128
107	108
107	109
107	125
107	126
107	127
108	109
108	110
108	124
108	125
108	126
109	110
109	111
109	123
109	124
109	125
110	111
110	112
110	122
110	123
110	124
111	112
111	113
111	121
111	122
111	123
112	113
112	114
112	119
112	120
112	121
112	122
113	114
113	115
113	117
113	118
113	119
113	120
114	115
114	116
114	117
114	118
114	119
114	120
115	116
115	117
116	117
116	118
117	118
117	119
117	230
117	231
118	119
118	120
118	229
118	230
118	231
119	120
119	121
119	227
120	121
121	122
121	123
122	123
122	124
123	124
123	125
124	125
124	126
125	126
125	127
126	127
127	128
127	129
128	129
128	130
128	132
128	133
128	134
129	130
129	131
129	132
130	131
130	132
131	132
131	133
132	133
132	134
133	134
133	135
134	135
134	136
135	136
135	137
136	137
136	138
136	221
137	138
137	139
137	221
137	222
138	139
138	140
138	220
138	221
138	222
139	140
139	141
139	219
139	220
139	221
139	222
140	141
140	142
140	144
140	218
140	219
140	220
140	221
140	222
140	223
141	142
141	143
141	144
141	218
142	143
142	144
142	145
142	146
143	144
143	145
143	146
144	145
144	146
145	146
145	147
145	174
146	147
146	148
146	174
146	175
147	148
147	149
147	173
147	174
147	175
148	149
148	150
148	172
148	173
148	174
148	273
148	274
149	150
149	151
149	171
149	172
149	173
149	271
149	272
149	273
149	274
150	151
150	170
150	171
150	172
150	271
150	272
150	273
150	274
151	152
151	168
151	169
151	170
151	171
151	270
151	271
151	272
152	153
152	154
152	165
152	166
152	167
152	168
152	169
152	170
152	269
152	270
152	271
153	154
153	155
153	165
153	166
153	167
153	168
153	169
153	170
153	267
153	268
153	269
153	270
154	155
154	156
154	163
154	164
154	165
154	166
154	167
154	267
154	268
154	269
155	156
155	157
155	163
155	164
155	165
155	166
155	265
155	266
155	267
155	268
156	157
156	160
156	163
156	164
156	265
156	266
156	267
157	158
157	159
157	160
157	161
157	163
157	264
157	265
157	266
158	159
158	160
158	264
158	265
159	160
159	161
160	161
160	162
161	162
161	163
162	163
162	164
163	164
163	165
163	166
164	165
164	166
164	167
165	166
165	167
166	167
167	168
167	169
167	170
167	187
167	188
168	169
168	170
168	171
168	187
168	188
169	170
169	171
169	187
169	188
170	171
170	172
170	186
170	187
170	188
171	172
171	173
171	185
171	186
171	187
172	173
172	174
172	184
172	185
172	186
173	174
173	175
173	183
173	184
173	185
174	175
174	182
174	183
174	184
175	176
175	177
175	182
175	183
176	177
176	178
176	180
176	181
176	182
177	178
177	179
177	180
177	181
177	182
178	179
178	180
178	181
179	180
179	181
180	181
180	182
181	182
181	195
181	196
181	197
181	198
182	183
182	195
182	196
182	197
182	198
183	184
183	185
183	193
183	194
183	195
184	185
184	186
184	191
184	192
184	193
184	194
185	186
185	187
185	191
185	192
185	193
186	187
186	188
186	190
186	191
186	192
187	188
187	189
187	190
187	191
188	189
188	190
189	190
189	191
190	191
190	192
191	192
191	193
192	193
192	194
193	194
194	195
194	196
194	209
195	196
195	206
196	197
196	198
196	204
196	205
196	206
197	198
197	199
197	204
197	205
197	206
198	199
198	200
198	203
198	204
198	205
199	200
199	201
199	202
199	203
199	204
200	201
200	202
200	203
201	202
201	203
201	204
201	217
201	218
202	203
202	204
202	217
202	218
203	204
203	205
203	215
203	216
203	217
203	218
204	205
204	206
204	215
204	216
204	217
205	206
205	207
205	214
205	215
205	216
206	207
206	208
206	212
206	213
206	214
206	215
207	208
207	209
207	212
207	213
207	214
208	209
208	210
209	210
209	211
209	212
209	213
210	211
210	212
210	213
211	212
211	213
212	213
212	214
213	214
213	228
213	229
214	215
214	216
214	226
214	227
214	228
214	229
215	216
215	217
215	226
215	227
215	228
215	229
216	217
216	218
216	224
216	225
216	226
216	227
217	218
217	219
217	224
217	225
217	226
218	219
218	223
218	224
218	225
219	220
219	221
219	222
219	223
219	224
220	221
220	222
220	223
221	222
221	223
222	223
222	224
222	244
222	245
222	246
223	224
223	225
223	243
223	244
223	245
224	225
224	226
224	242
224	243
224	244
225	226
225	227
225	240
225	241
225	242
225	243
226	227
226	239
226	240
226	241
226	242
227	228
227	229
227	239
227	240
227	241
228	229
228	230
228	231
229	230
229	231
230	231
230	232
231	232
231	233
232	233
232	234
232	235
233	234
233	235
234	235
234	236
234	259
234	260
235	236
235	237
235	259
236	237
236	238
236	257
236	258
236	259
237	238
237	239
237	256
237	257
237	258
238	239
238	240
238	241
238	254
238	255
238	256
238	257
239	240
239	241
239	254
239	255
239	256
240	241
240	242
240	243
240	254
240	255
241	242
241	243
241	254
241	255
242	243
242	253
242	254
243	244
243	245
243	252
243	253
244	245
244	246
244	251
244	252
244	253
245	246
245	247
245	248
245	250
245	251
245	252
246	247
246	248
246	250
246	251
247	248
247	249
247	250
247	251
248	249
248	250
249	250
249	251
249	272
249	273
250	251
250	252
250	271
250	272
250	273
251	252
251	253
251	270
251	271
251	272
252	253
252	268
252	269
252	270
252	271
253	254
253	268
253	269
253	270
254	255
254	256
254	266
254	267
254	268
255	256
255	257
255	265
255	266
255	267
256	257
256	258
256	263
256	264
256	265
256	266
257	258
257	259
257	261
257	262
257	263
257	264
258	259
258	260
258	261
258	262
258	263
258	264
259	260
259	261
260	261
260	262
261	262
261	263
262	263
262	264
263	264
263	265
264	265
265	266
265	267
266	267
266	268
267	268
267	269
268	269
268	270
269	270
269	271
270	271
271	272
271	273
272	273
272	274
273	274
