0	1
0	2
0	3
1	2
1	3
1	4
2	3
2	4
2	5
2	6
3	4
3	5
3	6
3	7
4	5
4	6
4	7
4	8
5	6
5	7
5	8
5	9
6	7
6	8
6	9
6	10
7	8
7	9
7	10
7	11
7	30
8	9
8	10
8	11
9	10
9	11
9	12
10	11
10	12
10	13
10	26
10	30
10	500
11	12
11	13
11	14
11	26
11	27
11	30
11	59
12	13
12	14
12	15
12	23
12	26
13	14
13	15
13	23
13	24
13	26
13	27
14	15
14	16
14	62
15	16
15	17
15	18
16	17
16	18
17	18
17	19
18	19
18	20
18	22
18	23
19	20
19	21
19	22
19	23
19	234
19	235
20	21
20	22
20	23
20	24
20	67
20	70
20	71
20	234
20	235
21	22
21	23
21	24
21	25
21	234
21	235
22	23
22	24
22	25
22	26
22	235
22	236
23	24
23	25
23	26
23	27
24	25
24	26
24	27
24	28
24	224
24	225
25	26
25	27
25	28
25	29
25	225
26	27
26	28
26	29
26	30
27	28
27	29
27	30
27	31
28	29
28	30
28	31
28	32
28	221
28	222
28	223
28	224
28	225
29	30
29	31
29	32
29	33
29	222
30	31
30	32
30	33
30	34
31	32
31	33
31	34
31	35
31	221
31	222
32	33
32	34
32	35
32	36
32	222
33	34
33	35
33	36
33	37
34	35
34	36
34	37
34	38
35	36
35	37
35	38
35	39
36	37
36	38
36	39
36	40
37	38
37	39
37	40
37	41
37	42
38	39
38	40
38	41
38	42
38	43
39	40
39	41
39	42
39	43
39	195
40	41
40	42
40	43
40	44
41	42
41	43
41	44
42	43
42	44
42	45
43	44
43	197
45	46
45	47
45	48
45	49
46	47
46	48
46	49
47	48
47	49
47	50
48	49
48	50
48	51
48	52
49	50
49	51
49	52
49	53
50	51
50	52
50	53
50	54
51	52
51	53
51	54
51	55
52	53
52	54
52	55
52	56
53	54
53	55
53	56
53	57
54	55
54	56
54	57
54	58
55	56
55	57
55	58
55	59
56	57
56	58
56	59
56	60
57	58
57	59
57	60
57	61
58	59
58	60
58	61
58	62
59	60
59	61
59	62
59	63
60	61
60	62
60	63
60	64
61	62
61	63
61	64
61	65
62	63
62	64
62	65
62	66
62	67
63	64
63	65
63	66
63	67
63	68
64	65
64	66
64	67
64	68
65	66
65	67
65	68
65	69
66	67
66	68
66	69
66	70
67	68
67	69
67	70
67	71
68	69
68	70
68	71
68	72
69	70
69	71
69	72
69	73
70	71
70	72
70	73
70	74
71	72
71	73
71	74
71	75
71	76
71	77
72	73
72	74
72	75
72	76
72	77
73	74
73	75
74	75
74	76
75	76
75	77
75	162
75	163
75	164
76	77
76	78
76	163
76	164
76	165
77	78
77	79
77	163
77	164
77	165
77	166
78	79
78	80
78	165
78	166
78	167
79	80
79	81
79	166
79	167
80	81
80	167
81	82
81	83
82	83
82	84
82	175
83	84
83	85
83	88
83	89
84	85
84	86
84	89
85	86
85	87
85	88
85	89
86	87
86	88
86	89
86	90
87	88
87	89
87	90
87	91
88	89
88	90
88	91
88	92
88	155
89	90
89	91
89	92
89	93
90	91
90	92
90	93
90	94
91	92
91	93
91	94
91	95
92	93
92	94
92	95
92	96
92	172
93	94
93	95
93	96
93	97
94	95
94	96
94	97
94	98
95	96
95	97
95	98
95	99
95	100
96	97
96	98
96	99
96	100
96	101
96	172
97	98
97	99
97	100
97	101
98	99
98	100
98	101
98	102
99	100
99	101
99	102
100	101
100	102
100	103
100	104
101	102
101	103
101	104
102	103
102	104
103	104
103	105
103	145
104	105
104	106
104	143
104	145
105	106
105	142
105	143
106	107
106	141
106	142
107	108
107	109
107	139
107	140
107	141
108	109
108	110
108	139
108	140
108	141
109	110
109	111
109	112
109	113
110	111
110	112
110	113
110	114
110	210
111	112
111	113
111	114
112	113
112	114
113	114
113	115
114	115
115	116
115	117
116	117
116	118
117	118
117	119
118	119
118	120
118	121
119	120
119	121
119	192
119	193
119	194
119	195
120	121
120	122
120	192
120	193
120	194
121	122
121	123
121	192
122	123
122	143
122	144
122	190
122	191
122	192
123	124
123	125
123	142
123	143
123	144
123	190
123	191
123	192
124	125
124	126
124	141
124	142
124	143
124	188
124	189
124	190
124	191
125	126
125	127
125	140
125	141
125	142
125	188
125	189
125	190
125	191
126	127
126	128
126	139
126	140
126	141
126	187
126	188
126	189
127	128
127	137
127	138
127	139
127	140
127	186
127	187
127	188
128	129
128	130
128	137
128	138
128	139
128	184
128	185
128	186
129	130
129	131
129	132
129	134
129	137
129	138
129	184
129	185
129	186
130	131
130	183
130	184
130	185
131	132
131	133
131	134
131	184
131	185
132	133
132	134
132	135
133	134
133	135
134	135
134	136
135	136
135	137
136	137
137	138
137	139
138	139
139	140
140	141
140	142
141	142
141	143
142	143
142	144
143	144
143	145
144	145
144	146
144	170
145	146
145	147
145	148
145	149
146	147
146	148
146	149
146	150
146	151
147	148
147	149
148	149
149	150
149	151
150	151
150	152
150	153
151	152
151	153
151	168
151	169
151	223
152	153
152	154
152	166
152	167
152	168
152	169
152	226
153	154
153	155
153	166
153	167
153	168
153	169
154	155
154	156
154	165
154	166
154	167
155	156
155	157
155	165
155	166
156	157
157	158
157	159
157	161
157	164
158	159
158	160
158	161
159	160
159	161
160	161
160	162
161	162
161	163
162	163
163	164
163	165
164	165
164	166
165	166
166	167
166	168
167	168
167	169
168	169
168	170
168	171
168	172
169	170
169	171
169	172
169	173
170	171
170	172
170	173
170	174
171	172
171	173
171	174
171	175
172	173
172	174
172	175
172	176
173	174
173	175
173	176
173	177
174	175
174	176
174	177
174	188
175	176
175	177
176	177
176	178
176	179
177	178
177	179
177	180
177	181
177	186
178	179
178	180
178	181
178	182
178	186
179	180
179	181
179	182
180	181
180	182
181	182
181	183
181	184
182	183
182	184
183	184
184	185
184	186
185	186
186	187
187	188
187	189
188	189
189	190
189	191
189	201
190	191
190	192
190	200
190	201
190	217
190	218
190	219
191	192
191	193
191	200
191	201
191	219
192	193
192	199
192	200
192	219
193	194
193	195
193	196
193	198
193	199
194	195
194	196
194	197
194	198
194	199
195	196
195	197
195	198
196	197
196	198
197	198
198	199
198	212
199	200
199	212
199	213
200	201
200	202
200	213
200	214
200	215
200	219
201	202
201	203
201	214
201	215
201	216
201	217
201	218
202	203
202	214
202	215
202	216
202	217
203	204
204	205
204	206
204	207
204	208
205	206
205	207
205	208
205	209
206	207
206	208
206	209
206	210
207	208
207	209
207	210
207	211
208	209
208	210
208	211
209	210
209	211
210	211
212	213
212	214
213	214
213	215
214	215
215	216
215	217
216	217
216	218
217	218
217	219
218	219
218	220
218	221
219	220
219	221
220	221
220	222
220	223
221	222
221	223
221	224
222	223
222	224
222	225
223	224
223	225
224	225
224	226
225	226
226	227
226	228
227	228
227	229
228	229
228	230
228	231
229	230
229	231
230	231
230	232
230	233
230	234
231	232
231	233
232	233
232	234
232	235
232	236
232	238
233	234
233	235
234	235
235	236
235	237
236	237
236	238
236	239
237	238
237	239
238	239
238	240
239	240
239	241
240	241
240	242
241	242
241	243
241	266
241	267
241	268
241	269
242	243
242	244
242	267
242	268
242	269
242	583
243	244
243	245
243	268
243	269
244	245
244	246
244	247
244	248
244	586
245	246
245	247
245	248
245	249
245	586
246	247
246	248
246	249
246	250
247	248
247	249
247	250
247	253
247	255
248	249
248	250
249	250
249	251
250	251
250	252
250	253
250	254
250	255
251	252
251	254
252	253
252	254
252	255
253	254
253	255
253	256
253	276
254	255
254	256
254	257
254	258
255	256
255	257
255	258
255	259
256	257
256	258
256	259
256	260
256	261
256	393
256	394
257	258
257	259
257	394
258	259
259	260
259	261
260	261
260	393
260	394
261	262
261	263
261	392
261	393
262	263
262	264
262	390
262	391
262	392
263	264
263	265
263	268
263	390
263	391
263	392
264	265
264	266
264	267
264	268
264	389
264	390
264	391
265	266
265	267
265	268
265	269
265	270
265	388
265	389
265	390
266	267
266	268
266	388
267	268
267	269
267	579
268	269
268	270
269	270
269	271
269	272
270	271
270	272
271	272
271	273
271	274
271	275
272	273
272	274
272	275
272	276
273	274
273	275
273	276
273	277
274	275
274	276
274	277
274	300
274	301
275	276
275	277
275	278
276	277
276	278
276	279
277	278
277	279
277	280
277	304
278	279
278	280
278	281
278	282
279	280
279	281
279	282
279	285
280	281
280	282
280	304
280	307
280	308
280	311
281	282
281	283
282	283
282	284
282	285
283	284
283	285
284	285
284	286
284	360
284	361
285	286
285	287
285	358
285	359
285	360
285	361
286	287
286	313
286	314
286	359
286	360
286	361
287	288
287	289
287	313
287	314
287	315
287	358
287	359
287	360
288	289
288	290
288	314
288	315
288	316
288	357
288	358
288	359
289	290
289	315
289	316
289	317
289	356
289	357
289	358
290	291
290	292
290	316
290	317
290	318
290	355
290	356
290	357
291	292
291	317
291	318
291	319
291	354
291	355
291	356
292	293
292	294
292	318
292	319
292	320
292	354
293	294
293	295
293	319
293	320
293	321
294	295
294	296
294	319
294	320
294	321
294	322
295	296
295	297
295	319
295	330
296	297
296	298
296	330
297	298
297	299
298	299
298	302
298	333
299	300
299	301
299	302
299	303
300	301
300	302
300	303
300	304
301	302
301	303
301	304
301	305
302	303
302	304
302	305
302	306
303	304
303	305
303	306
303	307
304	305
304	306
304	307
304	308
305	306
305	307
305	308
305	309
305	315
306	307
306	308
306	309
306	310
306	339
306	341
307	308
307	309
307	310
307	311
308	309
308	310
308	311
308	312
308	313
309	310
309	311
309	312
309	313
309	314
309	315
309	339
309	340
309	341
310	311
310	312
310	313
310	339
310	340
311	312
311	313
312	313
312	314
313	314
313	315
314	315
314	316
315	316
315	317
315	341
315	342
316	317
316	318
316	341
316	342
316	343
317	318
317	319
317	342
317	343
317	344
318	319
318	320
318	343
318	344
318	345
318	346
319	320
319	321
319	344
319	345
319	346
320	321
320	322
320	345
320	346
320	350
320	351
321	322
321	323
322	323
322	324
323	324
323	325
323	326
324	325
324	326
325	326
325	327
326	327
326	328
326	330
327	328
327	329
327	330
327	331
328	329
328	330
328	331
328	332
329	330
329	331
329	332
329	333
330	331
330	332
330	333
330	334
331	332
331	333
331	334
331	335
332	333
332	334
332	335
332	336
333	334
333	335
333	336
334	335
334	336
334	337
335	336
335	337
335	338
336	337
336	338
336	339
337	338
337	339
337	340
337	341
337	342
338	339
338	340
339	340
339	341
340	341
340	342
341	342
341	343
342	343
342	344
343	344
343	345
344	345
344	346
345	346
346	347
346	349
346	350
346	351
347	348
347	349
347	350
348	349
348	350
348	529
348	530
349	350
349	351
349	530
349	531
350	351
350	352
350	530
350	531
351	352
351	353
351	530
351	531
351	532
352	353
352	354
352	523
352	530
352	531
352	532
353	354
353	355
353	523
353	531
353	532
353	533
354	355
354	374
354	375
354	377
354	378
354	379
355	356
355	357
355	373
355	374
355	375
356	357
356	358
356	372
356	373
356	374
357	358
357	359
357	371
357	372
357	373
358	359
358	360
358	370
358	371
358	372
359	360
359	361
359	368
359	369
359	370
359	371
360	361
360	362
360	369
360	370
361	362
362	363
362	364
362	366
362	368
363	364
363	365
363	366
364	365
364	366
365	366
365	367
366	367
366	368
367	368
367	369
368	369
368	370
368	400
369	370
369	396
369	399
370	371
370	372
370	394
370	399
371	372
371	373
371	393
371	394
371	399
372	373
372	374
372	393
372	394
372	399
372	402
373	374
373	375
373	391
373	392
373	393
374	375
374	391
374	392
375	376
375	377
375	390
375	391
375	392
375	523
376	377
376	389
376	390
376	391
376	506
376	507
376	521
376	522
376	523
377	378
377	379
377	389
378	379
378	380
378	381
379	380
379	381
380	381
380	382
381	382
381	383
382	383
383	384
383	385
383	386
384	385
384	386
385	386
385	387
386	387
386	388
386	502
386	503
387	388
387	389
387	502
387	503
387	504
387	505
388	389
388	502
388	503
388	504
388	505
388	506
389	390
389	391
389	505
389	506
390	391
390	392
390	506
391	392
392	393
393	394
393	395
394	395
394	396
394	399
395	396
395	397
395	398
395	399
396	397
396	398
396	399
396	400
397	398
397	399
397	400
397	401
397	420
397	421
398	399
398	400
398	401
398	402
398	421
398	422
399	400
399	401
399	402
399	403
400	401
400	402
400	403
400	404
401	402
401	403
401	404
401	405
401	419
401	420
401	422
402	403
402	404
402	405
402	406
403	404
403	405
403	406
403	407
404	405
404	406
404	407
404	408
405	406
405	407
405	408
405	409
406	407
406	408
406	409
406	410
407	408
407	409
407	410
407	411
407	412
407	413
408	409
408	410
408	411
408	412
408	413
408	414
408	415
409	410
409	411
410	411
410	412
410	413
411	412
411	413
411	414
412	413
412	414
412	415
413	414
413	415
414	415
415	416
415	417
416	417
416	418
417	418
417	419
418	419
418	420
419	420
419	421
419	422
420	421
420	422
421	422
421	423
421	536
422	423
422	424
422	533
422	534
422	535
422	536
423	424
423	425
423	428
423	533
423	534
423	535
424	425
424	426
424	427
424	428
424	531
424	532
424	533
424	534
425	426
425	427
425	428
425	429
425	527
425	528
425	531
425	532
425	533
426	427
426	428
426	527
426	528
426	531
427	428
428	429
428	430
428	431
429	430
429	431
429	432
429	433
429	527
430	431
430	432
430	433
430	434
431	432
431	433
431	434
431	435
432	433
432	434
432	435
432	436
433	434
433	435
433	436
433	437
434	435
434	436
434	437
434	438
435	436
435	437
435	438
435	439
435	511
436	437
436	438
436	439
436	440
437	438
437	439
437	440
437	441
438	439
438	440
438	441
438	442
439	440
439	441
439	442
439	443
439	449
439	450
439	473
439	513
440	441
440	442
440	443
440	444
440	449
440	468
440	471
440	473
441	442
441	443
441	444
441	445
442	443
442	444
442	445
442	446
442	447
442	448
442	449
443	444
443	445
443	446
443	447
443	448
443	449
443	472
443	473
444	445
444	446
445	446
445	447
446	447
446	448
447	448
447	449
447	514
448	449
448	450
448	514
449	450
449	472
449	473
449	474
449	512
449	514
450	451
450	473
450	474
450	475
450	511
450	512
451	452
451	453
451	475
451	476
451	477
451	509
451	510
451	511
452	453
452	476
452	477
452	478
452	508
452	509
452	510
453	477
453	478
453	479
453	507
453	508
453	509
454	455
454	479
454	480
454	481
454	505
455	456
455	457
455	479
455	480
455	481
455	482
455	483
456	457
456	458
456	483
456	526
457	458
457	459
457	483
457	484
458	459
458	460
458	461
458	462
458	526
459	460
459	461
459	462
459	463
460	461
460	462
460	463
460	464
461	462
461	463
461	464
461	465
461	526
462	463
462	464
462	465
462	466
462	485
463	464
463	465
463	466
463	467
464	465
464	466
464	467
464	468
465	466
465	467
465	468
465	469
466	467
466	468
466	469
466	470
466	490
466	491
467	468
467	469
467	470
467	471
468	469
468	470
468	471
468	472
468	473
469	470
469	471
469	472
469	473
469	474
469	490
469	491
469	492
469	493
469	494
470	471
470	472
470	490
471	472
471	473
472	473
472	474
473	474
473	475
473	493
474	475
474	476
474	493
474	494
475	476
475	477
475	493
475	494
475	495
476	477
476	478
476	494
476	495
476	496
477	478
477	479
477	495
477	496
477	497
478	479
478	496
478	497
478	498
479	480
479	481
479	497
479	498
480	481
480	498
480	499
481	482
481	483
482	483
482	484
483	484
483	485
484	485
484	486
485	486
485	487
486	487
486	488
487	488
487	491
487	494
488	491
488	492
489	490
489	491
489	492
490	491
490	492
491	492
491	493
491	494
492	493
492	494
493	494
493	495
494	495
494	496
495	496
495	497
496	497
496	498
497	498
497	499
497	560
497	561
498	499
498	500
498	560
498	561
499	500
499	501
499	559
499	560
500	501
500	559
500	560
501	502
501	573
501	575
502	503
502	504
503	504
503	505
504	505
504	506
505	506
505	507
506	507
506	508
507	508
507	509
507	521
507	522
507	523
507	524
507	525
508	509
508	510
508	520
508	521
508	522
509	510
509	511
509	519
509	520
509	521
510	511
510	512
510	518
510	519
510	520
511	512
511	513
511	517
511	518
511	519
512	513
512	514
512	515
512	516
512	517
512	518
513	514
513	515
513	516
513	517
513	518
514	515
514	516
515	516
515	517
516	517
516	518
517	518
517	519
518	519
518	520
519	520
519	521
519	536
519	537
519	543
520	521
520	522
520	534
520	535
520	536
520	537
521	522
521	534
521	535
521	536
522	523
522	524
522	533
522	534
522	535
523	524
523	532
523	533
523	534
524	525
524	526
524	532
525	526
526	527
527	528
527	529
527	532
528	529
528	530
529	530
529	531
530	531
530	532
531	532
531	533
532	533
532	534
533	534
533	535
534	535
534	536
535	536
535	537
536	537
536	538
537	538
537	539
537	542
537	543
538	539
538	540
539	540
539	541
539	542
539	543
540	541
540	542
540	543
540	544
541	542
541	543
541	544
541	545
542	543
542	544
542	545
542	546
543	544
543	545
543	546
543	547
544	545
544	546
544	547
544	548
545	546
545	547
545	548
545	549
546	547
546	548
546	549
546	550
547	548
547	549
547	550
547	551
548	549
548	550
548	551
548	552
549	550
549	551
549	552
549	553
549	578
550	551
550	552
550	553
550	554
551	552
551	553
551	554
551	555
552	553
552	554
552	555
552	574
553	554
553	555
553	574
554	555
554	556
555	556
555	557
555	558
556	557
556	558
557	558
557	559
557	569
557	570
557	571
557	572
558	559
558	560
558	571
558	572
558	573
558	574
559	560
559	571
559	572
559	573
560	561
562	563
562	564
563	564
564	565
565	566
566	567
566	568
567	568
567	569
568	569
568	570
569	570
569	571
570	571
570	572
571	572
572	573
572	574
573	574
573	575
573	576
573	577
574	575
574	576
574	577
574	578
575	576
575	577
575	578
575	579
576	577
576	578
576	579
576	580
577	578
577	579
577	580
577	581
578	579
578	580
578	581
578	582
579	580
579	581
579	582
579	583
580	581
580	582
580	583
580	584
581	582
581	583
581	584
581	585
582	583
582	584
582	585
582	586
583	584
583	585
583	586
583	587
584	585
584	586
584	587
584	588
585	586
585	587
585	588
586	587
586	588
587	588
