1	1
2	1
3	1
4	1
5	1
6	1
7	5
8	3
9	3
10	3
11	3
12	3
13	3
14	3
15	3
16	3
17	3
18	3
19	3
20	3
21	3
22	3
23	3
24	3
25	3
26	3
27	3
28	3
29	1
30	1
31	1
32	1
33	1
34	1
35	1
36	2
37	2
38	2
39	2
40	2
41	2
42	2
43	2
44	2
45	2
46	1
47	1
48	1
49	1
50	1
51	1
52	1
53	1
54	1
55	3
56	1
57	1
58	1
59	1
60	1
61	1
62	1
63	1
64	3
65	3
66	3
67	3
68	2
69	2
70	2
71	2
72	2
73	2
74	2
75	2
76	2
77	2
78	4
79	4
80	4
81	4
82	4
83	4
84	4
85	4
86	4
87	4
88	4
89	4
90	4
91	5
92	5
93	5
94	5
95	5
96	2
97	2
98	2
99	2
100	2
101	2
102	2
103	2
104	2
105	5
106	2
107	2
108	5
109	2
110	2
111	2
112	2
113	2
114	4
115	4
116	4
117	4
118	4
119	5
120	5
121	5
122	5
123	5
124	5
125	4
126	4
127	4
128	4
129	4
130	5
131	5
132	5
133	5
134	5
135	2
136	2
137	2
138	2
139	2
140	2
141	2
142	2
143	2
144	2
145	2
146	2
147	2
148	2
149	2
150	2
151	2
152	2
153	2
154	2
155	2
156	2
157	2
158	2
159	2
160	2
161	2
162	2
163	2
164	2
165	2
166	2
167	2
168	2
169	2
170	2
171	2
172	2
173	2
174	2
175	2
176	2
177	2
178	2
179	2
180	2
181	2
182	2
183	2
184	2
185	2
186	2
187	2
188	2
189	2
190	2
191	2
192	2
193	2
194	2
195	2
196	2
197	2
198	2
199	2
200	2
201	2
202	2
203	3
204	3
205	3
206	3
207	3
208	3
209	3
210	3
211	3
212	3
213	3
214	2
215	2
216	2
217	2
218	2
219	2
220	2
221	2
222	2
223	2
224	2
225	2
226	2
227	2
228	2
229	2
230	2
231	2
232	2
233	2
234	2
235	2
236	2
237	2
238	2
239	2
240	2
241	2
***
1	1
2	1
3	1
4	2
5	2
