1	1
2	1
3	1
4	1
5	1
6	1
7	1
8	1
9	3
10	3
11	3
12	3
13	3
14	3
15	3
16	2
17	2
18	2
19	2
20	2
21	2
22	2
23	2
24	6
25	6
26	6
27	6
28	6
29	6
30	6
31	6
32	6
33	6
34	6
35	6
36	6
37	6
38	6
39	6
40	6
41	6
42	6
43	6
44	2
45	6
46	2
47	6
48	6
49	6
50	6
51	6
52	6
53	6
54	6
55	6
56	6
57	6
58	6
59	6
60	6
61	6
62	6
63	6
64	6
65	6
66	6
67	6
68	6
69	6
70	6
71	6
72	6
73	6
74	6
75	6
76	6
77	6
78	6
79	6
80	5
81	6
82	6
83	6
84	5
85	5
86	5
87	5
88	5
89	5
90	5
91	5
92	5
93	5
94	5
95	5
96	5
97	5
98	5
99	5
100	5
101	5
102	5
103	5
104	5
105	5
106	5
107	5
108	5
109	5
110	5
111	5
112	5
113	5
114	5
115	5
116	5
117	5
118	5
119	5
120	5
121	5
122	5
123	5
124	5
125	5
126	5
127	5
128	5
129	5
130	5
131	5
132	5
133	5
134	5
135	5
136	5
137	5
138	5
139	5
140	5
141	5
142	5
143	5
144	5
145	5
146	5
147	5
148	5
149	5
150	5
151	5
152	5
153	5
154	5
155	5
156	5
157	5
158	5
159	5
160	5
161	5
162	5
163	5
164	5
165	5
166	5
167	5
168	5
169	5
170	5
171	5
172	5
173	5
174	5
175	5
176	5
177	5
178	5
179	5
180	5
181	5
182	5
183	5
184	5
185	5
186	5
187	5
188	5
189	5
190	5
191	5
192	5
193	5
194	5
195	5
196	5
197	6
198	5
199	5
200	5
201	5
202	5
203	5
204	5
205	6
206	6
207	5
208	5
209	5
210	5
211	5
212	5
213	5
214	5
215	5
216	5
217	5
218	5
219	5
220	5
221	5
222	5
223	5
224	5
225	5
226	5
227	5
228	6
229	6
230	6
231	6
232	6
233	6
234	6
235	6
236	2
237	2
238	2
239	2
240	2
241	2
242	2
243	3
244	3
245	3
246	3
247	3
248	3
249	3
250	3
251	3
252	3
253	3
254	3
255	3
256	3
257	3
258	3
259	2
260	2
261	2
262	2
263	2
264	2
265	2
266	2
267	2
268	2
269	2
270	2
271	2
272	2
273	2
274	2
275	2
276	2
277	2
278	2
279	2
280	3
281	3
282	3
283	3
284	2
285	2
286	2
287	2
288	2
289	2
290	2
291	2
292	2
293	2
294	2
295	2
296	2
297	2
298	2
299	2
300	2
301	3
302	3
303	3
304	3
305	3
306	3
307	4
308	4
309	4
310	5
311	5
312	5
313	5
314	2
315	2
316	2
317	5
318	2
319	2
320	2
321	4
322	4
323	4
324	4
325	4
326	4
327	4
328	4
329	4
330	4
331	4
332	4
333	4
334	4
335	4
336	4
337	4
338	4
339	5
340	5
341	5
342	5
343	5
344	5
345	1
346	1
347	5
348	1
349	1
350	1
351	1
352	1
353	1
354	1
355	1
356	1
357	4
358	1
359	1
360	1
361	4
362	1
363	1
364	4
365	4
366	4
367	4
368	4
369	4
370	5
371	5
372	5
373	5
374	5
375	4
376	4
377	4
378	4
379	4
380	4
381	4
382	4
383	4
384	1
385	1
386	1
387	1
388	1
389	1
390	1
391	1
392	1
393	1
394	1
395	1
396	1
397	1
398	1
399	1
400	1
401	1
402	1
403	1
404	1
405	1
406	1
407	3
408	1
409	1
410	3
411	3
412	1
413	1
414	1
415	1
416	1
417	1
418	1
419	1
420	1
421	1
422	1
423	1
424	1
425	6
426	6
427	6
428	2
429	6
430	2
431	3
432	3
433	3
434	3
435	3
436	3
437	3
438	3
439	3
440	3
441	3
442	1
443	1
444	1
445	1
***
1	3
2	2
3	2
4	3
5	1
6	1
