1	1
2	1
3	1
4	1
5	1
6	1
7	1
8	2
9	1
10	1
11	1
12	2
13	1
14	2
15	2
16	2
17	2
18	2
19	2
20	2
21	2
22	2
23	2
24	2
25	2
26	2
27	2
28	2
29	2
30	2
31	2
32	2
33	2
34	2
35	2
36	2
37	2
38	2
39	3
40	3
41	2
42	3
43	3
44	2
45	2
46	2
47	2
48	2
49	2
50	2
51	2
52	2
53	2
54	2
55	2
56	2
57	2
58	2
59	2
60	2
61	2
62	2
63	2
64	2
65	2
66	2
67	2
68	2
69	2
70	2
71	2
72	2
73	2
74	2
75	2
76	2
77	2
78	2
79	2
80	2
81	2
82	2
83	2
84	2
85	2
86	2
87	2
88	2
89	2
90	2
91	2
92	2
93	2
94	3
95	3
96	3
97	3
98	3
99	3
100	3
101	3
102	3
103	3
104	3
105	3
106	3
107	3
108	3
109	3
110	3
111	3
112	3
113	3
114	3
115	3
116	3
117	2
118	3
119	3
120	3
121	3
122	2
123	3
124	3
125	2
126	2
127	2
128	2
129	2
130	2
131	2
132	2
133	2
134	2
135	2
136	2
137	2
138	2
139	2
140	2
141	2
142	2
143	2
144	2
145	2
146	2
147	2
148	2
149	2
150	2
151	2
152	2
153	2
154	2
155	2
156	2
157	2
158	2
159	2
160	2
161	2
162	2
163	2
164	2
165	2
166	2
167	2
168	2
169	2
170	2
171	5
172	2
173	5
174	2
175	2
176	2
177	2
178	6
179	2
180	6
181	6
182	6
183	6
184	6
185	6
186	6
187	6
188	6
189	6
190	6
191	6
192	6
193	6
194	6
195	5
196	5
197	5
198	5
199	5
200	5
201	5
202	5
203	5
204	5
205	5
206	5
207	5
208	5
209	5
210	5
211	5
212	5
213	5
214	5
215	4
216	3
217	3
218	3
219	3
220	3
221	3
222	3
223	3
224	3
225	3
226	3
227	3
228	3
229	3
230	3
231	3
232	3
233	3
234	3
235	3
236	3
237	3
238	3
239	3
240	3
241	3
242	3
243	3
244	3
245	3
246	3
247	3
248	3
249	3
250	3
251	3
252	3
253	3
254	3
255	3
256	3
257	3
258	3
259	3
260	3
261	3
262	3
263	3
264	3
265	3
266	3
267	3
268	3
269	3
270	3
271	3
272	3
273	2
274	2
275	3
276	3
277	3
278	3
279	3
280	3
281	3
282	3
283	3
284	3
285	3
286	3
287	3
288	3
289	3
290	3
291	3
292	3
293	3
294	3
295	3
296	3
297	3
298	3
299	3
300	3
301	3
302	3
303	3
304	3
305	4
306	4
307	4
308	4
309	4
310	4
311	4
312	4
313	4
314	4
315	4
316	4
317	4
318	4
319	4
320	4
321	4
322	4
323	4
324	4
325	4
326	4
327	4
328	4
329	4
330	4
331	4
332	4
333	4
334	4
335	3
336	4
337	4
338	3
339	4
340	4
341	4
342	4
343	4
344	4
345	4
346	6
347	6
348	6
349	6
350	6
351	6
352	6
353	6
354	6
355	6
356	6
357	6
358	6
359	6
360	6
361	6
362	6
363	6
364	6
365	6
366	6
367	6
368	6
369	6
370	6
371	6
372	6
373	6
374	6
375	6
376	6
377	6
378	6
379	4
380	4
381	4
382	4
383	4
384	4
385	4
386	4
387	4
388	4
389	4
390	4
***
1	3
2	3
3	2
4	2
5	1
6	1
