1	1
2	1
3	1
4	1
5	1
6	1
7	1
8	4
9	4
10	4
11	4
12	4
13	4
14	4
15	1
16	1
17	1
18	1
19	1
20	1
21	1
22	1
23	1
24	1
25	1
26	4
27	4
28	4
29	4
30	4
31	4
32	4
33	1
34	1
35	1
36	1
37	1
38	1
39	1
40	1
41	1
42	1
43	1
44	4
45	4
46	4
47	4
48	4
49	4
50	4
51	3
52	3
53	3
54	3
55	3
56	1
57	1
58	1
59	1
60	1
61	4
62	4
63	4
64	4
65	4
66	4
67	3
68	3
69	3
70	3
71	3
72	3
73	3
74	3
75	3
76	3
77	3
78	3
79	3
80	3
81	3
82	3
83	3
84	3
85	3
86	3
87	3
88	1
89	2
90	2
91	2
92	2
93	2
94	4
95	4
96	3
97	3
98	3
99	3
100	3
101	3
102	3
103	3
104	3
105	3
106	3
107	3
108	3
109	3
110	3
111	3
112	3
113	2
114	2
115	2
116	2
117	2
118	2
119	2
120	6
121	6
122	6
123	3
124	3
125	3
126	3
127	3
128	3
129	5
130	2
131	2
132	2
133	2
134	2
135	2
136	6
137	6
138	6
139	6
140	6
141	6
142	6
143	3
144	3
145	5
146	5
147	5
148	5
149	2
150	2
151	2
152	2
153	6
154	6
155	6
156	6
157	6
158	6
159	6
160	6
161	6
162	5
163	5
164	5
165	5
166	5
167	5
168	5
169	5
170	5
171	6
172	6
173	6
174	6
175	6
176	6
177	6
178	6
179	5
180	5
181	5
182	5
183	5
184	5
185	5
186	5
187	5
188	5
189	5
190	6
191	6
192	5
193	5
194	5
195	5
196	5
197	5
198	5
199	5
200	5
201	5
202	5
203	5
204	5
205	5
206	5
207	5
208	5
209	5
210	5
211	5
212	5
213	5
214	5
215	5
216	5
217	5
218	5
219	5
220	5
221	5
222	5
223	5
224	5
225	5
226	5
227	5
228	5
229	5
230	5
231	5
232	5
233	5
234	5
235	5
236	5
237	5
238	5
239	5
240	5
241	5
242	5
243	5
244	5
245	5
246	5
247	5
248	5
249	5
250	5
251	5
252	5
253	5
254	5
255	5
256	5
257	5
258	5
259	5
260	5
261	5
262	5
***
1	1
2	2
3	1
4	1
5	2
6	2
