0	1
0	2
1	2
1	3
1	32
1	36
2	3
2	4
2	5
2	35
2	36
3	4
3	5
3	6
3	32
3	35
3	36
4	5
4	6
5	6
5	7
6	7
6	8
6	85
6	86
6	87
6	88
7	8
7	9
7	85
7	86
7	87
7	88
7	105
8	9
8	10
8	83
8	84
8	85
8	86
9	10
9	11
9	12
9	83
9	84
9	85
10	11
10	12
10	83
10	84
11	12
11	78
11	79
11	80
11	81
11	82
11	83
12	13
12	76
12	77
12	78
12	79
12	82
12	83
12	84
13	14
13	15
13	53
13	76
13	77
13	78
13	79
13	82
13	83
13	84
14	15
14	16
14	68
14	74
14	75
14	76
14	77
15	16
15	17
15	74
15	75
15	76
16	17
16	18
16	73
16	74
16	75
17	18
17	19
17	73
17	74
18	19
18	20
18	21
18	73
18	74
19	20
19	21
20	21
20	22
21	22
21	23
22	23
22	64
22	65
23	24
23	25
23	62
23	63
23	64
24	25
24	26
24	62
24	63
24	64
25	26
25	60
25	61
25	62
25	63
26	27
26	28
26	60
26	61
26	62
27	28
27	59
27	60
27	61
28	29
28	30
28	59
28	60
28	61
29	30
29	59
30	31
30	32
30	33
30	59
31	32
31	33
31	34
31	35
31	54
32	33
32	34
32	35
32	36
33	34
33	35
33	36
33	37
33	38
34	35
34	36
34	37
34	38
34	39
34	61
35	36
35	37
35	38
35	39
35	40
36	37
36	38
36	39
36	40
36	41
37	38
37	39
37	40
37	41
37	42
37	43
38	39
38	40
38	41
38	42
38	43
39	40
39	41
39	42
39	43
39	49
39	63
40	41
40	42
41	42
41	43
42	43
42	44
42	45
42	48
42	49
43	44
43	45
44	45
44	46
45	46
45	47
46	47
47	48
47	49
47	65
48	49
48	50
48	65
49	50
49	51
49	63
49	64
49	65
50	51
50	64
50	65
50	66
50	67
50	86
50	87
50	90
51	52
51	63
51	64
51	65
51	66
51	67
51	85
51	86
51	87
52	53
52	54
52	61
52	62
52	63
52	64
52	84
52	85
52	86
53	54
53	55
53	61
53	62
53	63
53	82
53	83
53	84
53	85
54	55
54	56
54	59
54	60
54	61
54	62
54	82
54	83
54	84
55	56
55	57
55	58
55	59
55	60
55	61
55	81
55	82
55	83
56	57
56	58
56	59
56	81
56	82
57	58
57	59
57	81
58	59
58	60
59	60
60	61
60	62
61	62
61	63
62	63
62	64
63	64
64	65
64	66
65	66
66	67
66	71
67	68
67	69
67	70
67	71
67	86
68	69
68	70
68	71
68	74
68	75
68	76
69	70
69	71
69	72
70	71
70	72
71	72
71	73
71	74
72	73
72	74
73	74
73	75
74	75
74	76
75	76
75	77
76	77
77	78
77	79
78	79
78	80
79	80
79	81
79	82
80	81
80	82
81	82
82	83
82	84
83	84
83	85
84	85
84	86
85	86
85	87
86	87
86	88
87	88
87	89
87	90
88	89
88	90
88	91
89	90
89	91
90	91
90	92
91	92
91	93
91	104
92	93
92	94
92	103
92	104
93	94
93	104
94	95
94	96
94	172
94	173
94	174
94	175
95	96
95	97
95	99
95	102
95	172
95	173
95	174
95	175
96	97
96	98
96	99
96	174
96	175
97	98
97	99
97	100
98	99
98	100
98	150
98	151
98	152
98	153
98	154
99	100
99	101
99	102
99	147
99	150
99	154
99	155
100	101
100	102
100	147
100	148
100	150
101	102
101	103
101	138
102	103
102	104
102	146
103	104
103	105
103	139
104	105
104	106
105	106
105	107
105	144
106	107
106	108
106	144
106	145
107	108
107	109
107	115
107	116
107	143
107	144
107	145
108	109
108	110
108	113
108	114
108	115
108	116
108	170
109	110
109	111
109	112
109	113
109	114
109	115
109	116
109	167
109	168
109	169
109	170
109	171
110	111
110	112
110	113
110	168
110	169
110	170
110	171
111	112
111	113
111	114
112	113
112	114
113	114
113	115
114	115
114	116
114	159
114	160
115	116
115	117
115	159
115	160
116	117
116	118
116	143
116	157
116	158
116	159
116	160
117	118
117	119
117	122
117	143
117	157
117	158
117	159
117	160
118	119
118	120
118	121
118	122
118	142
118	143
119	120
119	121
119	122
119	130
119	131
119	140
119	141
119	142
119	143
120	121
120	122
120	123
120	131
121	122
121	123
121	131
122	123
122	124
123	124
123	125
123	126
123	127
123	128
124	125
124	126
124	127
125	126
125	160
125	162
126	127
126	128
126	165
127	128
128	129
128	130
129	130
129	131
130	131
130	132
130	134
131	132
131	133
131	134
131	135
132	133
132	134
132	135
132	136
132	140
132	141
133	134
133	135
133	136
134	135
134	136
135	136
135	137
135	138
136	137
136	138
136	139
137	138
137	139
138	139
138	140
138	148
139	140
139	141
140	141
140	142
140	146
141	142
141	143
141	144
142	143
142	144
143	144
143	145
144	145
144	146
145	146
145	155
145	156
145	157
145	170
146	147
146	148
146	155
146	156
146	157
147	148
147	149
147	150
147	151
147	154
147	155
147	156
148	149
148	150
149	150
149	151
150	151
150	152
151	152
151	153
151	154
152	153
152	154
153	154
153	155
153	168
153	169
154	155
154	156
154	168
154	169
155	156
155	168
155	169
155	170
156	157
156	166
156	167
156	168
156	169
156	170
157	158
157	159
157	166
157	167
157	168
157	169
158	159
158	160
158	165
158	166
158	167
159	160
159	161
159	164
159	165
159	166
159	167
160	161
160	162
161	162
161	163
161	164
162	163
162	164
162	165
163	164
163	165
164	165
164	166
165	166
166	167
167	168
167	169
167	170
168	169
168	170
168	171
169	170
169	171
170	171
170	172
171	172
171	173
172	173
172	174
173	174
173	175
173	177
174	175
174	176
174	177
175	176
175	177
176	177
176	178
177	178
