0	1
0	2
1	2
1	3
1	4
1	5
1	6
2	3
2	4
2	5
2	6
2	7
3	4
3	5
3	6
3	7
4	5
4	6
4	7
5	6
5	7
5	8
6	7
6	8
6	9
7	8
7	9
7	10
8	9
8	10
9	10
10	11
10	12
11	12
11	13
11	17
11	18
11	21
12	13
12	14
12	17
12	18
13	14
13	15
13	17
13	18
14	15
14	16
14	17
15	16
15	17
16	17
16	18
16	19
17	18
17	19
18	19
18	20
18	21
18	22
19	20
19	21
19	22
19	23
20	21
20	22
20	23
20	24
21	22
21	23
21	24
22	23
22	24
22	25
23	24
23	25
23	26
24	25
24	26
24	27
24	67
25	26
25	27
25	28
25	29
26	27
26	28
26	29
26	30
26	67
27	28
27	29
27	30
27	70
28	29
28	30
28	31
29	30
29	31
29	32
29	33
30	31
30	32
30	33
30	34
30	71
30	74
31	32
31	33
31	34
31	35
31	36
32	33
32	34
32	35
32	36
32	37
32	38
33	34
33	35
33	36
33	37
33	38
34	35
34	36
34	37
34	38
34	39
34	74
34	79
35	36
35	37
35	38
35	39
36	37
36	38
36	39
37	38
37	39
37	40
38	39
38	40
39	40
39	41
40	41
41	42
41	43
41	44
41	86
41	406
41	407
42	43
42	44
42	82
42	83
42	84
42	86
42	88
42	89
42	406
42	407
42	408
42	409
43	44
43	45
43	80
43	81
43	82
43	83
43	406
44	45
44	80
44	406
45	46
45	404
45	405
45	406
46	47
46	48
46	49
46	50
47	48
47	49
47	50
47	51
48	49
48	50
48	51
48	52
49	50
49	51
49	52
49	53
50	51
50	52
50	53
50	54
51	52
51	53
51	54
51	55
52	53
52	54
52	55
52	56
53	54
53	55
53	56
53	57
54	55
54	56
54	57
55	56
55	57
56	57
56	58
57	58
57	59
58	59
58	60
58	61
58	62
59	60
59	61
59	62
60	61
60	62
61	62
61	63
62	63
62	64
63	64
63	65
64	65
64	66
64	68
64	69
65	66
65	67
65	68
65	69
66	67
66	68
66	69
66	70
67	68
67	69
67	70
67	71
68	69
68	70
68	71
68	72
69	70
69	71
69	72
69	73
70	71
70	72
70	73
70	74
71	72
71	73
71	74
71	75
72	73
72	74
72	75
72	76
73	74
73	75
73	76
73	77
73	78
74	75
74	76
74	77
74	78
74	79
75	76
75	77
75	78
75	79
76	77
76	78
76	79
76	80
77	78
77	79
77	80
77	81
78	79
78	80
78	81
79	80
79	81
80	81
80	82
81	82
81	83
82	83
82	84
83	84
83	85
83	86
83	89
84	85
84	86
84	89
84	95
84	96
85	86
85	87
85	96
86	87
86	88
86	89
87	88
87	89
87	90
87	430
87	434
88	89
88	90
88	408
88	409
88	438
89	90
89	91
89	408
89	409
90	91
90	92
90	409
90	410
90	423
90	424
90	425
91	92
91	409
91	410
91	411
91	422
91	423
91	424
92	93
92	94
92	411
92	424
93	94
93	95
93	302
93	424
94	95
94	96
94	302
95	96
95	97
95	301
95	302
95	303
95	305
95	426
96	97
96	98
96	305
96	427
97	98
97	100
97	101
97	305
97	306
97	307
98	99
98	100
98	101
98	305
98	306
99	100
99	101
99	102
99	103
99	336
99	339
100	101
100	102
100	103
100	104
100	306
100	307
100	336
100	339
101	102
101	103
101	104
101	105
101	307
102	103
102	104
102	105
103	104
103	105
103	106
103	335
103	336
104	105
104	106
104	107
105	106
105	107
105	108
106	107
106	108
106	109
106	110
106	332
107	108
107	109
107	110
108	109
108	110
109	110
109	111
110	111
110	112
111	112
111	117
111	118
111	331
111	332
112	113
112	114
112	117
112	118
112	329
112	330
112	331
112	332
113	114
113	328
113	329
113	330
114	115
114	116
114	117
114	118
115	116
115	117
115	118
115	119
115	122
116	117
116	118
116	119
117	118
117	119
118	119
118	120
118	121
118	122
119	120
119	121
119	122
120	121
120	122
120	123
120	124
121	122
121	123
121	124
121	125
121	332
122	123
122	124
122	125
122	126
123	124
123	125
123	126
123	127
124	125
124	126
124	127
124	128
124	334
124	335
125	126
125	127
125	128
125	129
125	334
126	127
126	128
126	129
126	130
127	128
127	129
127	130
127	131
128	129
128	130
128	131
128	132
128	334
128	338
129	130
129	131
129	132
129	133
129	143
129	144
129	145
130	131
130	132
130	133
130	134
130	143
131	132
131	133
131	134
131	135
132	133
132	134
132	135
132	136
133	134
133	135
133	136
133	137
133	138
133	142
133	143
134	135
134	136
134	137
134	138
135	136
135	137
135	279
136	137
136	138
136	279
136	291
137	138
137	139
137	291
138	139
138	140
138	142
138	291
138	316
139	140
139	141
139	142
139	316
140	141
140	142
141	142
141	143
141	316
141	317
141	318
142	143
142	315
142	316
142	317
142	318
143	144
143	314
143	315
143	316
143	317
143	318
144	145
144	146
144	312
144	313
144	314
144	315
145	146
145	147
145	312
145	313
145	314
146	147
146	311
146	312
146	313
146	334
147	148
147	149
147	152
147	153
147	310
147	311
147	312
147	313
148	149
148	152
148	309
148	310
148	311
149	150
149	151
149	152
149	153
149	299
149	309
149	310
149	311
149	312
150	151
150	152
150	153
150	154
150	273
150	297
150	298
150	299
150	311
151	152
151	153
151	154
151	155
151	196
152	153
152	154
152	155
153	154
153	155
153	156
153	297
153	312
153	313
154	155
154	156
154	157
154	196
154	271
154	297
155	156
155	157
155	200
156	157
156	158
156	159
156	269
156	295
157	158
157	159
157	160
158	159
158	160
158	161
158	162
158	320
158	323
159	160
159	161
159	162
159	163
159	241
159	268
160	161
160	162
160	163
160	164
161	162
161	163
161	164
161	165
161	171
161	172
161	323
162	163
162	164
162	165
162	166
163	164
163	165
163	166
163	167
163	240
164	165
164	166
164	167
164	168
164	169
164	170
164	171
164	178
165	166
165	167
165	168
165	169
165	170
165	171
166	167
166	168
166	169
167	168
167	169
168	169
168	170
169	170
169	171
170	171
170	172
170	178
171	172
171	173
171	174
171	175
172	173
172	174
172	175
172	176
172	177
173	174
173	175
173	176
173	323
174	175
174	176
175	176
175	177
176	177
176	178
177	178
177	179
177	181
178	179
178	180
178	181
179	180
179	181
180	181
180	182
180	183
181	182
181	183
181	184
182	183
182	184
183	184
183	185
183	237
183	238
184	185
184	209
184	237
184	238
184	239
184	240
185	186
185	187
185	209
185	210
185	237
185	238
185	239
185	240
185	241
186	187
186	188
186	209
186	210
186	239
186	240
186	241
186	242
187	188
187	210
187	211
187	239
187	241
187	242
187	243
188	189
188	190
188	192
188	211
188	212
188	242
188	243
189	190
189	191
189	192
189	211
189	212
189	213
189	214
190	191
190	192
190	211
190	212
190	213
190	214
191	192
191	193
191	214
191	218
191	248
192	193
192	194
192	195
192	245
192	248
193	194
193	195
193	196
193	197
194	195
194	196
194	197
194	198
194	199
195	196
195	197
195	198
195	199
196	197
196	198
196	199
196	200
197	198
197	199
197	200
197	201
198	199
198	200
198	201
198	202
198	207
198	210
199	200
199	201
199	202
199	203
200	201
200	202
200	203
201	202
201	203
201	204
201	205
201	206
201	207
201	209
202	203
202	204
202	205
202	206
202	207
203	204
204	205
204	206
205	206
205	207
205	209
206	207
206	208
206	209
207	208
207	209
207	210
208	209
208	210
209	210
210	211
211	212
211	213
212	213
212	214
212	220
212	224
213	214
213	215
213	220
214	215
214	216
214	218
214	219
214	220
215	216
215	217
215	218
215	219
215	220
216	217
216	218
217	218
217	219
217	251
217	253
218	219
218	251
218	253
219	220
219	253
219	254
219	255
220	221
220	222
220	223
221	222
221	223
221	224
222	223
222	224
223	224
223	225
223	226
223	227
224	225
224	226
224	227
224	228
225	226
225	227
225	228
225	229
226	227
226	228
226	229
226	230
226	231
227	228
227	229
227	230
227	231
227	232
228	229
228	230
228	231
228	232
228	233
228	239
229	230
229	231
229	232
229	233
229	234
230	231
230	232
230	233
230	234
230	235
231	232
231	233
231	234
231	235
232	233
232	234
232	235
232	236
232	237
233	234
233	235
233	236
233	237
233	238
234	235
234	236
235	236
235	237
236	237
236	238
237	238
237	239
238	239
238	240
239	240
239	241
240	241
240	268
241	242
241	243
241	268
242	243
242	244
242	268
242	269
243	244
243	245
243	269
243	270
243	271
244	245
244	246
244	255
244	257
244	260
244	269
244	270
244	271
245	246
245	247
245	248
245	254
245	255
245	270
245	271
245	272
246	247
246	248
246	253
246	254
246	255
246	270
246	271
246	272
246	274
246	275
246	276
246	287
247	248
247	249
247	252
247	253
247	254
247	272
247	274
247	275
248	249
248	250
248	251
248	252
248	253
248	254
249	250
249	251
249	252
250	251
250	252
250	379
251	252
251	253
251	375
251	376
251	379
252	253
252	254
252	376
252	377
252	378
252	379
253	254
253	255
253	376
253	377
254	255
254	256
255	256
255	257
256	257
256	258
256	259
256	260
257	258
257	259
257	260
257	261
257	287
257	288
257	289
257	290
258	259
258	260
258	261
258	262
258	288
258	289
259	260
259	261
259	262
260	261
260	262
260	263
261	262
261	263
261	264
261	289
261	292
261	293
262	263
262	264
262	265
263	264
263	265
263	266
263	267
263	268
264	265
264	266
264	267
265	266
265	267
266	267
268	269
268	294
269	270
269	271
269	293
269	294
269	295
269	296
270	271
270	272
270	290
270	293
270	295
270	296
270	297
271	272
271	273
271	296
271	297
272	273
272	274
272	275
272	276
272	296
272	297
272	298
273	274
273	275
273	276
273	297
273	298
273	299
274	275
274	276
274	277
274	299
274	302
274	303
275	276
275	277
275	278
276	277
276	278
276	279
276	298
277	278
277	279
277	280
277	303
277	304
278	279
278	280
278	281
278	283
278	284
278	350
279	280
279	281
279	284
280	281
280	284
280	344
280	345
280	347
280	348
281	282
281	283
281	284
281	348
281	349
281	350
281	351
282	283
282	284
282	348
282	351
283	284
283	285
283	286
284	285
284	286
284	287
285	286
285	287
285	288
286	287
286	288
287	288
287	289
287	290
288	289
288	290
289	290
289	291
289	292
290	291
290	292
290	293
291	292
291	293
292	293
292	294
293	294
293	295
293	296
293	316
294	295
294	315
294	316
295	296
295	297
295	313
295	314
295	315
295	316
296	297
296	298
296	313
296	314
296	315
297	298
297	299
297	312
297	313
297	314
298	299
298	300
298	311
298	312
298	313
299	300
299	301
299	302
299	310
299	311
299	312
300	301
300	302
300	303
300	304
300	305
300	306
300	310
300	311
301	302
301	303
301	304
301	305
301	306
301	307
301	308
301	309
301	310
301	311
302	303
302	304
302	305
303	304
303	305
303	426
304	305
304	306
305	306
305	307
306	307
306	308
306	310
306	336
307	308
307	309
307	310
308	309
308	310
309	310
309	311
309	333
310	311
310	333
311	312
312	313
312	314
313	314
313	315
314	315
314	316
315	316
315	317
315	318
316	317
316	318
317	318
317	319
317	320
318	319
318	320
318	321
319	320
319	321
319	322
320	321
320	322
320	323
321	322
321	323
321	324
322	323
322	324
322	325
323	324
323	325
324	325
324	326
325	326
327	328
327	329
327	330
328	329
328	330
329	330
329	331
330	331
330	332
331	332
331	333
332	333
332	334
332	335
333	334
333	335
333	336
334	335
334	336
334	337
334	338
335	336
335	337
335	338
336	337
336	338
336	339
337	338
337	339
338	339
338	340
339	340
339	341
339	342
339	343
340	341
340	342
340	343
341	342
341	343
342	343
342	344
342	346
343	344
343	345
343	346
343	347
344	345
344	346
344	347
344	348
345	346
345	347
345	348
345	349
346	347
346	348
346	349
347	348
347	349
347	350
348	349
348	350
348	351
349	350
349	351
349	352
350	351
350	352
350	353
350	354
351	352
351	353
351	354
351	355
352	353
352	354
352	355
352	356
353	354
353	355
353	356
353	357
353	378
353	428
354	355
354	356
354	357
354	358
354	377
354	378
355	356
355	357
355	358
355	359
356	357
356	358
356	359
356	360
357	358
357	359
357	360
357	361
357	375
357	378
357	379
357	380
358	359
358	360
358	361
358	362
358	375
359	360
359	361
359	362
360	361
360	362
360	363
361	362
361	363
361	364
361	371
361	380
362	363
362	364
362	365
363	364
363	365
363	366
363	369
363	370
363	371
364	365
364	366
364	370
364	371
365	366
365	367
366	367
366	368
366	369
367	368
367	369
368	369
368	384
368	385
369	370
369	371
369	382
369	383
369	384
369	385
370	371
370	372
370	382
370	383
370	384
370	385
371	372
371	373
371	381
371	382
371	383
372	373
372	381
372	382
373	374
373	375
373	381
374	375
374	376
375	376
375	377
375	378
375	379
375	380
376	377
376	378
377	378
377	379
378	379
378	380
378	424
378	425
379	380
379	381
379	422
379	423
379	424
379	425
380	381
380	382
380	422
380	423
380	424
381	382
381	420
381	421
381	422
381	423
382	383
382	420
382	421
382	422
383	384
383	385
383	395
383	420
383	421
384	385
384	395
384	445
385	386
385	391
386	387
386	388
386	389
387	388
387	389
388	389
388	390
389	390
389	391
390	391
390	392
390	393
390	394
391	392
391	393
391	394
391	395
392	393
392	394
392	395
392	396
392	418
392	419
393	394
393	395
393	396
393	397
394	395
394	396
394	397
394	398
394	448
395	396
395	397
395	398
395	399
395	419
395	421
396	397
396	398
396	399
396	400
396	419
397	398
397	399
397	400
397	401
398	399
398	400
398	401
398	402
398	444
398	445
399	400
399	401
399	402
399	403
399	410
400	401
400	402
400	403
400	404
401	402
401	403
401	404
401	405
402	403
402	404
402	405
402	406
402	407
402	408
402	409
403	404
403	405
403	406
403	407
403	408
403	409
404	405
404	406
405	406
405	407
406	407
406	408
407	408
408	409
408	410
409	410
409	411
410	411
410	412
410	421
410	422
410	423
411	412
411	413
411	421
411	422
411	423
412	413
412	419
412	420
412	421
412	422
413	414
413	415
413	419
413	420
413	421
414	415
414	416
414	417
414	418
414	419
414	420
415	416
415	417
415	418
415	419
415	420
416	417
416	418
417	418
417	419
418	419
418	420
419	420
419	421
420	421
420	422
421	422
422	423
422	424
423	424
423	425
424	425
424	426
425	426
425	427
426	427
426	428
427	428
427	429
427	430
428	429
428	430
429	430
429	431
430	431
430	434
431	432
431	433
431	434
431	435
432	433
432	434
432	435
432	436
433	434
433	435
433	436
433	437
434	435
434	436
434	437
434	438
435	436
435	437
435	438
435	439
436	437
436	438
436	439
436	440
437	438
437	439
437	440
437	441
438	439
438	440
438	441
438	442
439	440
439	441
439	442
439	443
440	441
440	442
440	443
441	442
441	443
441	444
442	443
442	444
442	445
443	444
443	445
443	446
444	445
444	446
444	447
444	448
445	446
445	447
445	448
446	447
446	448
447	448
