0	1
0	2
1	2
1	3
2	3
2	4
2	5
3	4
3	5
3	6
3	7
4	5
4	6
4	7
4	8
5	6
5	7
5	8
5	9
6	7
6	8
6	9
6	10
7	8
7	9
7	10
7	11
8	9
8	10
8	11
8	12
9	10
9	11
9	12
9	13
9	402
10	11
10	12
10	13
10	14
11	12
11	13
11	14
11	15
12	13
12	14
12	15
12	16
12	399
13	14
13	15
13	16
13	17
13	399
14	15
14	16
14	17
14	18
15	16
15	17
15	18
15	19
16	17
16	18
16	19
16	20
16	395
16	396
17	18
17	19
17	20
17	21
18	19
18	20
18	21
18	22
19	20
19	21
19	22
19	23
19	392
20	21
20	22
20	23
20	24
20	392
21	22
21	23
21	24
21	25
22	23
22	24
22	25
22	26
23	24
23	25
23	26
23	27
23	388
23	391
24	25
24	26
24	27
24	28
25	26
25	27
25	28
25	29
26	27
26	28
26	29
27	28
27	29
27	30
27	383
28	29
28	30
29	30
29	31
30	31
30	32
30	245
30	246
30	383
31	32
31	246
31	381
31	382
31	383
32	33
32	34
32	246
32	379
32	380
32	381
32	382
33	34
33	35
33	379
33	380
33	381
33	382
34	35
34	36
34	377
34	378
34	379
34	380
35	36
35	37
35	377
35	378
35	379
35	380
36	37
36	38
36	376
36	377
36	378
37	38
37	39
37	375
37	376
37	377
38	39
38	372
38	374
38	375
38	376
39	40
39	41
39	372
39	373
39	374
39	375
40	41
40	42
40	371
40	372
40	373
40	374
41	42
41	43
41	44
41	373
41	374
42	43
42	44
42	169
43	44
43	45
43	167
43	168
43	169
44	45
44	46
44	167
44	168
44	169
45	46
45	47
45	165
45	166
45	167
45	168
46	47
46	48
46	166
46	167
46	168
47	48
47	49
47	157
47	208
47	209
47	210
47	211
48	49
48	50
48	155
48	156
48	157
48	158
48	208
48	209
48	210
48	211
49	50
49	51
49	155
49	156
49	157
49	207
49	208
49	209
50	51
50	154
50	155
50	156
50	206
50	207
50	208
51	52
51	53
51	153
51	154
51	155
51	204
51	205
51	206
51	207
52	53
52	54
52	150
52	153
52	154
52	204
52	205
52	206
53	54
53	55
53	56
53	183
53	203
53	204
53	205
54	55
54	56
54	150
54	199
54	201
54	202
54	203
54	204
54	205
55	56
55	57
55	188
55	199
56	57
56	58
56	121
56	150
56	151
57	58
57	59
57	117
57	120
57	121
57	122
57	189
58	59
58	60
58	61
58	62
58	120
58	121
58	122
58	187
58	188
58	189
59	60
59	61
59	62
59	187
59	188
59	189
60	61
60	62
60	187
61	62
61	63
61	120
62	63
62	64
62	66
62	67
62	120
63	64
63	65
63	66
63	67
63	100
64	65
64	66
64	67
64	68
64	100
64	101
65	66
65	67
65	68
65	69
65	108
65	109
66	67
66	68
66	69
66	70
66	71
67	68
67	69
67	70
67	71
67	101
68	69
68	70
68	71
68	81
69	70
69	71
69	296
70	71
70	72
70	73
70	74
70	296
71	72
71	73
71	74
71	75
71	76
71	77
72	73
72	74
72	75
72	76
72	77
72	78
72	79
73	74
73	75
73	296
73	300
74	75
74	76
74	197
74	198
75	76
75	77
75	78
75	192
75	193
76	77
76	78
76	83
76	192
77	78
77	79
77	81
77	82
77	83
77	84
78	79
78	80
78	81
78	82
78	83
78	84
79	80
79	81
80	81
80	82
81	82
82	83
82	84
82	101
83	84
83	85
84	85
84	86
85	86
85	87
86	87
86	88
86	192
87	88
87	89
87	94
88	89
88	90
88	192
89	90
89	91
89	93
89	94
90	91
90	92
90	94
91	92
91	93
91	94
92	93
92	94
92	95
92	96
93	94
93	95
93	96
93	97
94	95
94	96
94	97
94	98
95	96
95	97
95	98
95	99
96	97
96	98
96	99
96	100
97	98
97	99
97	100
97	101
98	99
98	100
98	101
98	102
99	100
99	101
99	102
100	101
100	102
101	102
101	103
102	103
102	104
103	104
103	105
103	106
104	105
104	106
105	106
105	107
106	107
106	108
107	108
107	109
108	109
108	110
109	110
109	111
110	111
110	112
111	112
111	113
112	113
112	114
112	115
112	116
112	295
113	114
113	115
113	116
113	117
113	285
113	295
113	296
114	115
114	116
114	117
114	118
114	285
115	116
115	117
115	118
115	119
116	117
116	118
116	119
116	120
117	118
117	119
117	120
117	121
117	151
117	152
118	119
118	120
118	121
118	152
119	120
119	121
120	121
120	122
121	122
121	123
121	151
121	152
122	123
122	124
122	152
123	124
123	125
123	126
123	127
124	125
124	126
124	127
124	128
124	140
125	126
125	127
125	128
125	140
126	127
126	128
127	128
127	129
127	181
127	182
127	183
128	129
128	130
128	180
128	181
128	182
129	130
129	180
129	181
129	182
130	131
130	132
130	179
130	180
131	132
131	133
131	137
131	138
131	139
131	178
131	179
131	180
132	133
132	134
132	135
132	136
132	137
132	138
132	177
132	178
132	179
133	134
133	135
133	136
133	137
133	138
133	176
133	177
133	178
134	135
134	136
134	174
134	175
134	176
134	177
135	136
135	137
136	137
136	138
137	138
137	139
138	139
138	142
139	140
139	141
139	142
140	141
140	142
140	143
141	142
141	143
142	143
142	144
142	156
143	144
143	145
143	154
143	155
143	156
144	145
144	146
144	154
144	155
144	156
144	158
145	146
145	147
145	152
145	153
145	154
145	155
146	147
146	148
146	152
146	153
146	154
146	155
147	148
147	149
147	151
147	152
147	153
147	285
147	286
148	149
148	150
148	151
148	152
148	153
148	286
149	150
149	151
149	218
149	286
150	151
150	152
150	218
151	152
151	153
152	153
153	154
154	155
154	156
155	156
155	157
155	158
156	157
156	158
157	158
157	159
158	159
158	160
158	211
159	160
159	161
159	211
160	161
160	162
161	162
161	163
162	163
162	164
163	164
163	165
163	166
164	165
164	166
165	166
165	167
166	167
167	168
167	169
168	169
168	170
168	175
169	170
169	175
170	171
170	172
170	175
170	371
171	172
171	175
171	369
171	370
171	371
172	173
172	174
172	175
172	368
172	369
172	370
173	174
173	175
173	176
173	366
173	368
174	175
174	176
175	176
175	368
176	177
176	178
176	367
176	368
177	178
177	179
177	366
177	367
177	368
178	179
178	180
178	365
178	366
178	367
179	180
179	181
179	364
179	365
179	366
180	181
180	363
180	364
180	365
181	182
181	183
181	362
181	363
181	364
182	183
182	184
182	361
182	362
182	363
183	184
183	185
183	203
183	361
183	362
184	185
184	186
184	187
184	188
184	361
185	186
185	187
185	188
185	361
186	187
186	188
187	188
187	189
188	189
188	190
189	190
189	191
190	191
190	192
191	192
191	193
191	198
192	193
193	194
193	195
194	195
194	198
195	196
195	197
195	198
196	197
196	198
197	198
197	199
198	199
198	200
199	200
199	201
200	201
201	202
201	203
202	203
203	204
203	224
203	225
203	226
204	205
204	206
204	223
204	224
204	225
205	206
205	217
205	221
205	222
205	223
205	224
206	207
206	208
206	217
206	221
206	222
206	223
207	208
207	209
207	215
207	217
207	220
207	221
207	222
208	209
209	210
209	211
209	213
210	211
210	212
210	213
210	327
211	212
211	213
212	213
212	214
212	261
213	214
213	215
213	263
213	265
213	266
214	215
214	216
214	265
214	266
215	216
215	217
216	217
216	218
216	219
216	220
216	265
217	218
217	219
217	220
217	221
218	219
218	220
218	221
219	220
219	221
220	221
220	222
221	222
221	223
222	223
222	224
223	224
223	225
224	225
224	226
225	226
225	227
225	228
225	363
226	227
226	228
226	360
226	361
226	362
226	363
227	228
227	337
227	338
227	339
227	359
227	360
227	361
227	362
227	363
228	229
228	230
228	335
228	336
228	337
228	338
228	363
228	364
229	230
229	231
229	335
229	336
229	337
229	338
229	363
229	364
229	365
230	231
230	232
230	333
230	334
230	335
230	336
230	364
230	365
230	366
231	232
231	233
231	333
231	334
231	335
231	365
231	366
231	367
232	233
232	234
232	331
232	332
232	333
232	334
232	366
232	367
232	368
233	234
233	331
233	332
233	333
233	367
233	368
233	369
233	370
234	235
234	236
234	329
234	330
234	331
234	332
234	368
234	369
234	370
234	373
235	236
235	237
235	329
235	330
235	331
235	369
235	370
235	372
235	373
235	374
236	237
236	238
236	327
236	328
236	329
236	330
236	373
236	374
236	375
237	238
237	239
237	327
237	328
237	329
237	374
237	375
237	376
238	239
238	240
238	326
238	327
238	328
238	375
238	376
238	377
239	240
239	241
239	325
239	326
239	327
239	376
239	377
239	378
240	241
240	324
240	325
240	326
240	377
240	378
240	379
241	242
241	243
241	247
241	249
241	324
241	325
241	378
241	379
242	243
242	244
242	246
242	247
242	248
242	249
242	324
242	379
243	244
243	245
243	246
243	247
243	248
243	249
243	250
243	324
244	245
244	246
244	247
244	248
245	246
245	247
246	247
247	248
247	249
248	249
248	250
248	322
249	250
249	321
249	322
249	323
249	324
250	251
250	252
250	321
250	322
250	323
250	324
251	252
251	253
251	262
251	323
251	324
252	253
252	254
252	261
252	262
253	254
253	255
254	255
254	256
254	260
255	256
255	257
255	260
256	257
256	258
256	259
256	260
257	258
257	259
258	259
258	260
258	288
259	260
259	261
259	266
260	261
260	262
261	262
261	263
262	263
262	266
262	267
262	323
263	264
263	265
263	266
263	267
263	323
264	265
264	266
264	267
264	268
264	320
264	323
265	266
265	267
265	268
265	269
266	267
266	268
266	269
266	270
267	268
267	269
267	270
267	271
267	320
268	269
268	270
268	271
268	272
268	318
268	320
269	270
269	271
269	272
269	273
270	271
270	272
270	273
270	274
271	272
271	273
271	274
271	275
271	318
272	273
272	274
272	275
272	276
272	307
273	274
273	275
273	276
273	277
273	283
273	287
274	275
274	276
274	277
274	278
275	276
275	277
275	278
275	279
276	277
276	278
276	279
276	280
276	281
276	282
276	283
276	303
276	306
277	278
277	279
277	280
277	281
277	282
277	283
278	279
278	280
278	281
279	280
279	281
280	281
280	282
280	302
280	303
281	282
282	283
282	284
282	291
282	292
282	293
282	294
283	284
283	285
283	287
283	291
283	292
283	293
283	294
284	285
284	286
284	287
284	293
284	294
284	303
285	286
285	287
285	293
286	287
286	288
287	288
287	289
288	289
288	290
289	290
289	291
290	291
290	292
291	292
291	293
292	293
292	294
293	294
293	295
294	295
294	296
294	298
294	299
295	296
295	297
295	298
295	299
296	297
296	298
296	299
296	300
297	298
297	299
297	300
297	301
298	299
298	300
298	301
298	302
298	303
299	300
299	301
299	302
299	303
299	304
300	301
300	302
300	303
300	304
301	302
301	303
302	303
302	304
302	305
302	306
303	304
303	305
303	306
303	307
304	305
304	306
304	307
304	308
305	306
305	307
305	308
305	309
306	307
306	308
306	309
306	310
307	308
307	309
307	310
307	311
308	309
308	310
308	311
308	312
309	310
309	311
309	312
309	313
309	314
310	311
310	312
310	313
310	314
311	312
311	313
311	314
312	313
312	314
313	314
313	315
314	315
314	316
314	317
315	316
315	317
316	317
316	318
316	319
317	318
317	319
318	319
318	320
319	320
319	321
320	321
320	322
321	322
321	323
322	323
322	324
323	324
323	325
323	326
324	325
324	326
325	326
325	327
326	327
326	328
327	328
327	329
328	329
328	330
329	330
329	331
330	331
331	332
331	333
332	333
332	334
333	334
334	335
335	336
335	337
336	337
336	338
337	338
337	339
337	340
338	339
338	340
338	359
339	340
339	341
339	343
339	344
339	359
340	341
340	342
340	343
340	344
341	342
341	343
341	344
342	343
342	344
343	344
343	345
343	346
343	347
344	345
344	346
344	347
344	348
344	355
345	346
345	347
345	348
345	349
345	355
346	347
346	348
346	349
346	350
347	348
347	349
347	350
347	351
348	349
348	350
348	351
348	352
348	353
348	354
348	355
348	358
349	350
349	351
349	352
349	353
350	351
350	352
351	352
351	353
352	353
353	354
353	355
353	357
353	358
354	355
354	356
354	357
354	358
355	356
355	357
355	358
355	359
356	357
356	358
356	359
356	360
357	358
357	359
357	360
357	361
358	359
358	360
358	361
358	362
359	360
359	361
359	362
360	361
360	362
361	362
361	363
362	363
362	364
363	364
363	365
364	365
364	366
365	366
365	367
366	367
366	368
367	368
368	369
368	370
369	370
369	371
369	373
370	371
370	372
370	373
371	372
371	373
372	373
372	374
373	374
373	375
374	375
374	376
375	376
375	377
376	377
376	378
377	378
377	379
378	379
378	380
379	380
379	381
380	381
380	382
381	382
381	383
381	384
382	383
382	384
383	384
383	385
383	387
383	388
384	385
384	386
384	387
384	388
385	386
385	387
385	388
385	389
386	387
386	388
386	389
386	390
387	388
387	389
387	390
387	391
388	389
388	390
388	391
388	392
389	390
389	391
389	392
389	393
390	391
390	392
390	393
390	394
391	392
391	393
391	394
392	393
392	394
392	395
392	396
393	394
393	395
393	396
393	397
394	395
394	396
394	397
394	398
395	396
395	397
395	398
395	399
396	397
396	398
396	399
396	400
397	398
397	399
397	400
397	401
398	399
398	400
398	401
398	402
399	400
399	401
399	402
399	403
400	401
400	402
400	403
400	404
401	402
401	403
401	404
401	405
402	403
402	404
402	405
402	406
403	404
403	405
403	406
403	407
404	405
404	406
404	407
404	408
405	406
405	407
405	408
405	409
406	407
406	408
406	409
406	410
407	408
407	409
407	410
407	411
408	409
408	410
408	411
409	410
409	411
410	411
410	412
410	413
410	414
411	412
411	413
411	414
411	415
412	413
412	414
412	415
412	416
413	414
413	415
413	416
414	415
414	416
415	416
