0	1
0	2
0	15
0	16
1	2
1	3
1	15
1	16
2	3
2	4
2	13
2	14
2	15
2	16
3	4
3	5
3	13
3	14
3	15
3	16
3	43
4	5
4	6
4	12
4	13
4	14
4	43
4	44
5	6
5	7
5	11
5	12
5	13
5	43
5	44
5	45
6	7
6	8
6	9
6	10
6	11
6	12
6	43
6	44
6	45
6	46
7	8
7	9
7	10
7	11
7	45
7	46
7	47
7	48
7	50
8	9
8	10
8	46
8	47
8	48
8	50
9	10
9	11
10	11
10	12
10	50
11	12
11	13
12	13
12	14
13	14
14	15
14	16
14	18
15	16
15	17
15	18
16	17
16	18
16	19
16	20
17	18
17	19
17	20
17	21
18	19
18	20
18	21
18	60
18	61
19	20
19	21
19	22
19	27
19	28
19	60
20	21
20	22
20	23
20	28
21	22
21	23
21	28
22	23
22	24
22	25
22	28
23	24
23	25
23	28
23	29
24	25
24	26
24	28
24	29
25	26
25	27
25	28
25	29
25	84
25	85
25	86
26	27
26	28
26	29
26	32
26	33
26	84
26	85
27	28
27	29
27	33
27	84
28	29
28	30
29	30
29	31
29	32
29	33
30	31
30	32
30	33
30	34
31	32
31	33
31	34
32	33
32	34
32	35
33	34
33	35
33	36
33	37
34	35
34	36
34	37
35	36
35	37
36	37
36	38
36	44
36	45
36	46
37	38
37	39
37	43
37	44
37	45
38	39
38	40
38	41
38	42
38	43
38	44
38	45
39	40
39	41
39	42
40	41
40	42
41	42
41	43
42	43
43	44
43	45
44	45
44	46
45	46
45	47
46	47
46	48
47	48
48	49
48	50
49	50
49	51
49	52
50	51
50	52
50	53
51	52
51	53
51	54
51	72
52	53
52	54
52	55
52	56
52	69
52	72
52	77
53	54
53	55
53	56
53	57
54	55
54	56
54	57
54	58
55	56
55	57
55	58
55	59
55	66
55	67
55	68
55	69
56	57
56	58
56	59
57	58
57	59
57	60
57	61
58	59
58	60
58	61
58	62
59	60
59	61
59	62
59	63
59	64
59	65
59	66
60	61
60	62
60	63
60	64
61	62
61	63
62	63
62	64
62	65
63	64
63	65
64	65
64	66
65	66
65	67
66	67
66	68
66	94
67	68
67	69
68	69
68	70
68	72
68	77
69	70
69	71
69	72
70	71
70	72
71	72
71	73
72	73
72	74
72	77
73	74
73	75
73	76
73	77
74	75
74	76
74	77
74	78
75	76
75	77
75	78
75	79
76	77
76	78
76	79
76	80
77	78
77	79
77	80
77	81
78	79
78	80
78	81
78	82
79	80
79	81
79	82
79	83
80	81
80	82
80	83
80	84
81	82
81	83
81	84
81	85
81	86
82	83
82	84
82	85
82	86
83	84
83	85
84	85
84	86
85	86
85	87
86	87
86	90
87	88
87	89
87	90
87	91
88	89
88	90
88	91
88	92
89	90
89	91
89	92
89	93
90	91
90	92
90	93
90	94
91	92
91	93
91	94
91	95
92	93
92	94
92	95
92	96
93	94
93	95
93	96
93	97
94	95
94	96
94	97
94	98
95	96
95	97
95	98
95	99
96	97
96	98
96	99
97	98
97	99
98	99
100	101
100	102
100	103
100	104
101	102
101	103
101	104
101	105
101	188
102	103
102	104
102	105
102	106
103	104
103	105
103	106
104	105
104	106
104	107
104	108
104	188
105	106
105	107
105	108
105	109
105	185
105	188
105	189
106	107
106	108
106	109
106	110
106	113
107	108
107	109
107	110
107	111
107	113
107	116
107	117
108	109
108	110
108	111
108	117
108	185
109	110
109	111
110	111
110	112
110	113
110	117
111	112
111	113
111	114
111	117
111	118
111	121
112	113
112	114
112	117
112	118
113	114
113	117
114	115
114	116
114	117
114	118
115	116
115	117
115	118
115	119
116	117
116	118
116	119
116	120
117	118
117	119
117	120
117	121
118	119
118	120
118	121
118	122
119	120
119	121
119	122
119	123
120	121
120	122
120	123
120	124
121	122
121	123
121	124
121	125
122	123
122	124
122	125
122	126
123	124
123	125
123	126
123	127
124	125
124	126
124	127
124	128
125	126
125	127
125	128
125	129
125	248
126	127
126	128
126	129
126	130
127	128
127	129
127	130
127	131
127	174
128	129
128	130
128	131
128	132
129	130
129	131
129	132
129	133
130	131
130	132
130	133
130	134
131	132
131	133
131	134
131	135
131	171
131	174
132	133
132	134
132	135
132	136
132	245
133	134
133	135
133	136
133	137
134	135
134	136
134	137
134	138
134	167
135	136
135	137
135	138
136	137
136	138
136	139
137	138
137	139
137	140
138	139
138	140
138	143
138	144
138	156
139	140
139	141
139	144
140	141
140	142
140	143
140	144
141	142
141	143
141	144
141	145
142	143
142	144
142	145
142	146
143	144
143	145
143	146
144	145
144	146
145	146
147	148
147	149
147	150
147	151
147	224
148	149
148	150
148	151
148	152
149	150
149	151
149	152
149	153
150	151
150	152
150	153
150	154
151	152
151	153
151	154
151	155
152	153
152	154
152	155
152	156
152	157
152	158
153	154
153	155
153	156
154	155
154	156
154	235
155	156
155	157
155	234
155	235
155	238
156	157
157	158
157	159
157	165
157	167
157	168
158	159
158	160
158	165
158	168
159	160
159	168
160	161
160	162
160	163
161	162
161	163
162	163
162	164
163	164
163	165
163	168
163	169
164	165
164	166
165	166
165	167
165	168
165	169
166	167
166	168
166	169
166	170
167	168
167	169
167	170
167	171
168	169
168	170
168	171
168	172
169	170
169	171
169	172
169	173
170	171
170	172
170	173
170	174
171	172
171	173
171	174
171	175
172	173
172	174
172	175
172	176
173	174
173	175
173	176
173	177
174	175
174	176
174	177
174	178
175	176
175	177
175	178
175	179
175	208
176	177
176	178
176	179
176	180
177	178
177	179
177	180
177	181
178	179
178	180
178	181
178	182
178	208
179	180
179	181
179	182
179	183
179	208
180	181
180	182
180	183
180	184
181	182
181	183
181	184
181	185
182	183
182	184
182	185
182	186
182	204
182	205
183	184
183	185
183	186
183	187
184	185
184	186
184	187
184	188
185	186
185	187
185	188
185	189
186	187
186	188
186	189
186	192
187	188
187	189
188	189
188	190
189	190
189	191
189	192
190	191
190	192
191	192
191	193
191	194
191	195
192	193
192	194
192	195
193	194
193	195
194	195
194	196
194	197
194	198
195	196
195	197
195	198
195	201
196	197
196	198
196	201
196	202
197	198
197	199
198	199
198	200
198	201
198	202
199	200
199	201
199	202
199	203
200	201
200	202
200	203
200	204
200	250
201	202
201	203
201	204
201	205
202	203
202	204
202	205
202	206
203	204
203	205
203	206
203	207
203	246
203	247
204	205
204	206
204	207
204	247
205	206
205	207
205	208
205	209
206	207
206	208
206	209
207	208
207	209
207	241
207	243
207	244
208	209
208	210
208	211
208	212
209	210
209	211
209	212
209	213
210	211
210	212
210	213
210	214
210	237
210	238
210	240
210	241
211	212
211	213
211	214
211	215
212	213
212	214
212	215
212	216
213	214
213	215
213	216
213	217
214	215
214	216
214	217
214	218
214	234
215	216
215	217
215	218
215	219
216	217
216	218
216	219
216	220
217	218
217	219
217	220
217	221
218	219
218	220
218	221
218	222
218	227
219	220
219	221
219	222
220	221
220	222
221	222
221	223
221	226
221	227
222	223
222	226
222	227
223	224
223	225
223	226
223	227
224	225
224	226
224	227
224	228
225	226
225	227
225	228
225	229
226	227
226	228
226	229
226	230
227	228
227	229
227	230
227	231
228	229
228	230
228	231
229	230
229	231
230	231
230	232
230	233
230	234
231	232
231	233
231	234
231	235
232	233
232	234
232	235
232	236
233	234
233	235
233	236
233	237
234	235
234	236
234	237
234	238
235	236
235	237
235	238
235	239
236	237
236	238
236	239
236	240
237	238
237	239
237	240
237	241
238	239
238	240
238	241
239	240
239	241
239	242
240	241
240	242
240	243
241	242
241	243
241	244
242	243
242	244
242	245
243	244
243	245
243	246
244	245
244	246
244	247
245	246
245	247
245	248
246	247
246	248
246	249
247	248
247	249
247	250
248	249
248	250
248	251
248	252
249	250
249	251
249	252
249	255
249	256
250	251
250	252
251	252
251	253
252	253
252	254
252	255
252	256
253	254
253	255
253	256
253	257
254	255
254	256
254	257
254	258
255	256
255	257
255	258
255	259
256	257
256	258
256	259
256	260
257	258
257	259
257	260
257	261
257	357
257	358
258	259
258	260
258	261
258	262
258	354
259	260
259	261
259	262
259	263
260	261
260	262
260	263
260	264
261	262
261	263
261	264
261	265
261	353
261	354
261	357
262	263
262	264
262	265
262	266
263	264
263	265
263	266
264	265
264	266
265	266
265	267
265	268
265	269
265	350
266	267
266	268
266	269
266	270
267	268
267	269
267	270
267	271
268	269
268	270
268	271
268	272
268	346
269	270
269	271
269	272
269	273
270	271
270	272
270	273
270	274
271	272
271	273
271	274
271	275
271	346
272	273
272	274
272	275
272	276
272	343
272	346
273	274
273	275
273	276
273	277
274	275
274	276
274	277
274	278
275	276
275	277
275	278
275	279
275	342
276	277
276	278
276	279
276	280
276	342
277	278
277	279
277	280
277	281
278	279
278	280
278	281
278	282
279	280
279	281
279	282
279	283
280	281
280	282
280	283
280	284
280	306
280	309
280	310
281	282
281	283
281	284
281	285
281	306
282	283
282	284
282	285
282	286
283	284
283	285
283	286
283	287
283	309
283	331
283	335
284	285
284	286
284	287
284	288
284	302
284	305
284	306
284	309
285	286
285	287
285	288
285	289
285	302
286	287
286	288
286	289
286	290
286	331
287	288
287	289
287	290
287	291
287	328
287	331
288	289
288	290
288	291
288	292
288	299
288	301
288	302
288	305
289	290
289	291
289	292
290	291
290	292
290	327
290	328
291	292
291	293
291	294
291	297
291	323
291	325
291	328
292	293
292	294
292	297
293	294
293	295
294	295
294	296
294	297
295	296
295	297
296	297
296	298
297	298
297	299
298	299
298	300
298	321
298	322
298	323
299	300
299	301
299	304
299	305
300	301
300	304
301	302
301	303
301	304
301	305
302	303
302	304
302	305
302	306
303	304
303	305
303	306
304	305
304	306
304	307
305	306
305	307
305	308
305	309
306	307
306	308
306	309
306	310
307	308
307	309
307	310
307	311
308	309
308	310
308	311
308	312
308	321
309	310
309	311
309	312
309	313
310	311
310	312
310	313
310	314
311	312
311	313
311	314
311	315
311	316
311	317
311	318
312	313
312	314
312	315
312	316
312	317
312	335
312	336
313	314
313	315
313	335
313	336
313	338
313	339
313	340
314	315
314	316
314	339
315	316
315	317
315	336
316	317
316	318
317	318
317	319
318	319
318	320
319	320
319	321
319	322
320	321
320	322
321	322
322	323
322	324
323	324
323	325
323	328
323	329
324	325
324	326
324	328
324	329
325	326
325	327
325	328
325	329
326	327
326	328
326	329
326	330
327	328
327	329
327	330
327	331
328	329
328	330
328	331
328	332
329	330
329	331
329	332
329	333
330	331
330	332
330	333
330	334
331	332
331	333
331	334
331	335
332	333
332	334
332	335
332	336
333	334
333	335
333	336
333	337
334	335
334	336
334	337
334	338
335	336
335	337
335	338
335	339
336	337
336	338
336	339
336	340
337	338
337	339
337	340
337	341
338	339
338	340
338	341
338	342
339	340
339	341
339	342
339	343
340	341
340	342
340	343
340	344
341	342
341	343
341	344
341	345
342	343
342	344
342	345
343	344
343	345
343	346
343	347
344	345
344	346
344	347
344	348
345	346
345	347
345	348
346	347
346	348
346	349
346	350
347	348
347	349
347	350
347	351
348	349
348	350
348	351
348	352
349	350
349	351
349	352
349	353
350	351
350	352
350	353
350	354
351	352
351	353
351	354
351	355
352	353
352	354
352	355
352	356
353	354
353	355
353	356
353	357
354	355
354	356
354	357
354	358
355	356
355	357
355	358
355	359
356	357
356	358
356	359
356	360
357	358
357	359
357	360
357	361
358	359
358	360
358	361
358	362
359	360
359	361
359	362
360	361
360	362
361	362
