0	1
0	2
1	2
1	3
2	3
2	4
3	4
3	5
3	6
3	50
3	51
3	52
4	5
4	6
4	16
4	17
4	51
5	6
5	7
5	15
5	16
5	17
5	51
5	52
6	7
6	8
6	14
6	15
6	16
6	51
6	52
6	53
7	8
7	9
7	12
7	13
7	14
7	15
7	52
7	53
7	54
7	57
8	9
8	10
8	11
8	12
8	13
8	14
8	53
8	54
8	55
9	10
9	11
9	12
9	54
9	55
9	56
10	11
10	12
10	13
10	59
11	12
11	13
11	59
12	13
12	14
12	57
12	58
12	59
13	14
13	15
14	15
14	16
14	20
14	21
14	26
15	16
15	17
15	18
15	19
15	20
15	21
16	17
16	18
16	19
16	20
16	21
17	18
17	19
18	19
18	20
19	20
19	21
20	21
20	22
21	22
21	23
21	25
21	26
22	23
22	24
22	25
22	26
23	24
23	25
23	26
23	27
23	79
24	25
24	26
24	27
24	28
24	79
25	26
25	27
25	28
25	29
26	27
26	28
26	29
26	30
26	79
27	28
27	29
27	30
27	31
27	79
27	80
27	81
28	29
28	30
28	31
29	30
29	31
29	32
29	33
30	31
30	32
30	33
31	32
31	33
32	33
32	34
32	42
32	43
33	34
33	40
33	41
33	42
33	43
34	35
34	36
34	40
34	41
34	42
34	103
34	104
34	105
35	36
35	37
35	38
35	39
35	40
35	41
35	103
35	104
35	105
36	37
36	38
36	39
36	40
36	104
37	38
37	39
38	39
38	40
39	40
39	41
40	41
40	50
40	51
40	52
41	42
41	43
41	48
41	49
41	50
41	51
42	43
42	44
42	48
42	49
42	50
42	51
43	44
43	45
43	47
43	48
43	49
44	45
44	46
44	47
44	48
45	46
45	47
46	47
46	48
47	48
47	49
48	49
49	50
49	51
50	51
50	52
51	52
51	53
52	53
52	54
53	54
53	55
53	56
53	57
54	55
54	56
55	56
55	57
56	57
56	58
56	106
56	107
56	108
57	58
57	105
57	106
57	107
58	59
58	60
58	77
58	106
58	107
58	108
59	60
59	61
59	77
59	78
59	107
59	108
59	109
59	110
60	61
60	62
60	75
60	76
60	77
60	78
60	107
60	108
60	109
60	110
61	62
61	76
61	77
61	78
61	109
61	110
61	113
61	114
62	63
62	75
62	76
62	77
62	113
62	114
63	64
63	73
63	74
63	75
63	76
64	65
64	66
64	73
64	74
64	75
65	66
65	67
65	68
65	69
65	71
65	72
65	73
65	74
66	67
66	68
66	71
66	73
66	74
67	68
67	69
67	70
67	71
68	69
68	70
68	71
69	70
69	71
70	71
70	72
70	123
70	125
71	72
71	73
72	73
72	74
72	85
72	86
72	87
73	74
73	75
73	84
73	85
73	86
73	87
74	75
74	76
74	83
74	84
74	85
74	86
75	76
75	77
75	82
75	83
75	84
76	77
76	80
76	81
76	82
76	83
77	78
77	79
77	80
77	81
77	82
78	79
78	80
79	80
79	81
80	81
80	82
81	82
81	83
82	83
82	84
83	84
83	101
84	85
84	86
85	86
85	87
86	87
86	88
86	100
86	101
87	88
87	89
87	90
88	89
88	90
88	99
88	126
89	90
89	126
89	127
90	91
90	99
90	100
91	92
91	93
91	97
91	98
91	99
92	93
92	94
92	96
92	97
92	98
93	94
93	95
93	96
93	97
94	95
94	96
95	96
96	97
96	98
96	108
97	98
97	99
97	108
97	109
98	99
98	100
98	106
98	107
98	108
98	109
99	100
99	101
99	106
99	107
99	108
100	101
100	102
100	105
100	106
100	107
101	102
101	103
101	104
101	105
101	106
101	107
102	103
102	104
102	105
103	104
103	105
104	105
104	106
105	106
105	107
106	107
106	108
107	108
107	109
108	109
108	110
109	110
109	111
109	113
109	114
109	115
110	111
110	112
110	113
110	114
110	115
111	112
111	113
111	114
111	115
112	113
112	114
112	115
113	114
113	115
113	116
113	117
113	118
114	115
114	116
114	117
114	118
115	116
115	117
115	118
115	119
116	117
116	118
116	119
116	120
117	118
117	119
117	120
117	121
118	119
118	120
118	121
118	122
119	120
119	121
119	122
120	121
120	122
121	122
121	123
122	123
122	124
122	126
123	124
123	125
123	126
124	125
124	126
124	127
125	126
125	127
125	128
126	127
126	128
127	128
