0	1
0	2
1	2
1	3
2	3
2	6
2	7
3	4
3	5
3	6
3	7
4	5
4	6
4	7
4	8
5	6
5	7
5	8
5	9
6	7
6	8
6	9
6	10
7	8
7	9
7	10
7	11
8	9
8	10
8	11
9	10
9	11
10	11
10	12
10	13
11	12
11	13
11	14
11	15
12	13
12	14
12	15
12	16
13	14
13	15
14	15
14	16
14	17
14	57
14	60
15	16
15	17
15	19
15	57
16	17
17	18
17	19
17	60
18	19
18	20
18	60
18	61
19	20
19	21
19	60
19	61
20	21
20	22
20	23
21	22
21	23
21	24
21	61
21	63
21	73
21	74
22	23
22	24
23	24
23	25
23	26
24	25
24	26
24	27
24	74
24	75
25	26
25	27
25	28
26	27
26	28
27	28
27	29
27	75
27	76
27	77
27	78
28	29
28	30
28	77
28	78
29	30
29	31
29	77
29	78
29	79
30	31
30	77
30	78
30	79
31	32
31	33
31	79
31	80
32	33
32	34
32	79
32	80
32	81
33	34
33	79
33	80
33	81
34	35
34	44
34	45
34	81
35	36
35	37
35	42
35	43
35	44
35	81
35	82
35	83
36	37
36	38
36	40
36	41
36	42
36	43
36	82
36	83
36	84
36	87
37	38
37	39
37	40
37	41
37	42
37	83
37	84
38	39
38	40
38	84
38	85
38	86
39	40
39	41
39	89
40	41
40	42
40	88
40	89
41	42
41	43
41	48
42	43
42	44
42	48
42	49
43	44
43	45
43	46
43	47
43	48
43	49
44	45
44	46
44	47
44	48
45	46
45	47
46	47
46	48
47	48
47	49
48	49
48	50
49	50
49	51
49	52
50	51
50	52
50	53
51	52
51	53
51	54
51	55
52	53
52	54
52	55
53	54
53	55
53	56
54	55
54	56
54	57
55	56
55	57
55	58
55	59
56	57
56	58
56	59
56	60
56	111
57	58
57	59
57	60
58	59
58	60
58	61
58	62
59	60
59	61
59	62
60	61
60	62
61	62
61	63
61	72
61	73
61	74
62	63
62	64
62	70
62	71
62	72
62	73
63	64
63	65
63	70
63	71
63	72
63	73
64	65
64	66
64	67
64	68
64	69
64	70
64	71
64	142
64	143
65	66
65	67
65	68
65	69
65	70
66	67
66	68
66	69
67	68
67	69
67	70
68	69
68	70
69	70
69	71
70	71
70	80
70	81
70	82
71	72
71	73
71	78
71	79
71	80
71	81
72	73
72	74
72	78
72	79
72	80
73	74
73	75
73	77
73	78
73	79
74	75
74	76
74	77
74	78
75	76
75	77
76	77
77	78
77	79
78	79
78	80
79	80
79	81
80	81
80	82
81	82
81	83
82	83
82	84
83	84
83	85
83	86
83	87
84	85
84	86
85	86
85	87
86	87
86	88
86	144
86	145
86	146
87	88
87	143
87	144
87	145
88	89
88	90
88	109
88	110
88	144
88	145
88	146
89	90
89	91
89	109
89	110
89	145
89	146
89	147
89	148
90	91
90	92
90	107
90	108
90	109
90	110
90	145
90	146
90	147
90	148
91	92
91	108
91	109
91	110
91	147
91	148
91	151
92	93
92	94
92	95
92	107
92	108
92	109
92	151
93	94
93	95
93	96
93	105
93	106
93	107
93	108
93	151
94	95
94	96
94	97
94	105
94	106
94	107
95	96
95	97
95	105
95	106
95	107
96	97
96	98
96	103
96	104
96	105
96	106
97	98
97	99
97	103
97	104
97	105
98	99
98	102
98	103
98	104
99	100
99	101
99	102
99	103
100	101
100	102
100	103
101	102
101	103
101	168
101	171
102	103
102	104
102	170
102	171
103	104
103	105
103	168
103	169
103	170
104	105
104	106
104	117
104	169
104	170
105	106
105	107
105	116
105	117
105	169
106	107
106	108
106	114
106	115
106	116
106	117
107	108
107	109
107	114
107	115
107	116
108	109
108	110
108	112
108	113
108	114
108	115
109	110
109	111
109	112
109	113
109	114
109	145
110	111
110	112
111	112
111	113
112	113
112	114
113	114
113	115
114	115
114	116
115	116
115	117
115	121
115	139
116	117
116	118
116	121
117	118
117	121
117	122
117	123
117	169
117	170
118	119
118	120
118	121
118	122
118	169
118	170
118	172
119	120
119	121
119	122
119	172
120	121
120	122
121	122
121	123
121	137
121	138
121	139
122	123
122	124
122	137
122	138
123	124
123	135
123	136
123	137
123	138
123	174
124	125
124	135
124	136
124	137
124	174
125	126
125	127
125	133
125	134
125	135
126	127
126	128
126	131
126	132
126	133
126	134
127	128
127	129
127	130
127	131
127	132
127	133
127	134
128	129
128	130
128	131
129	130
129	131
130	131
130	132
131	132
131	133
132	133
132	134
133	134
133	135
134	135
134	136
135	136
135	146
135	147
136	137
136	138
136	144
136	145
136	146
136	147
137	138
137	139
137	144
137	145
137	146
138	139
138	140
138	142
138	143
138	144
138	145
139	140
139	143
139	144
139	145
140	141
140	142
140	143
141	142
141	143
142	143
142	144
143	144
143	145
144	145
144	146
145	146
145	147
146	147
146	148
147	148
147	149
147	151
147	152
148	149
148	150
148	151
148	152
149	150
149	151
149	152
149	153
150	151
150	152
150	153
150	154
151	152
151	153
151	154
151	155
152	153
152	154
152	155
153	154
153	155
153	156
154	155
154	156
154	157
155	156
155	157
155	158
156	157
156	158
157	158
157	159
157	167
158	159
158	165
158	166
158	167
159	160
159	161
159	165
159	166
159	167
160	161
160	162
160	163
160	164
160	165
160	166
161	162
161	163
161	164
161	165
162	163
162	164
163	164
163	165
163	177
163	178
164	165
164	166
164	175
164	176
164	177
164	178
165	166
165	175
165	176
165	177
165	178
165	182
166	167
166	168
166	173
166	174
166	175
166	176
167	168
167	169
167	173
167	174
167	175
168	169
168	170
168	171
168	172
168	173
168	174
169	170
169	171
169	172
169	173
170	171
170	172
171	172
171	173
172	173
172	174
173	174
173	175
174	175
174	176
175	176
177	178
177	179
177	180
177	181
177	182
178	179
178	180
178	181
178	182
178	183
178	184
179	180
179	181
179	182
179	183
179	184
179	185
180	181
180	182
180	183
180	184
180	185
181	182
181	183
181	184
181	185
182	183
182	184
182	185
183	184
183	185
184	185
