0	1
0	2
1	2
1	3
2	3
2	4
3	4
3	5
3	6
3	9
4	5
4	6
4	9
4	10
4	13
5	6
5	9
5	10
5	13
6	7
6	8
6	9
6	10
7	8
7	9
7	10
7	11
8	9
8	10
8	11
8	12
9	10
9	11
9	12
9	13
10	11
10	12
10	13
10	14
11	12
11	13
11	14
11	15
12	13
12	14
12	15
12	16
13	14
13	15
13	16
13	17
14	15
14	16
14	17
14	18
15	16
15	17
15	18
15	19
16	17
16	18
16	19
16	20
17	18
17	19
17	20
17	21
18	19
18	20
18	21
18	22
18	77
19	20
19	21
19	22
19	23
20	21
20	22
20	23
20	26
20	39
21	22
21	23
21	24
21	25
21	26
22	23
22	24
22	73
23	24
23	25
24	25
24	26
24	30
25	26
25	27
25	28
25	30
25	31
26	27
26	28
26	30
26	31
27	28
27	29
27	31
27	38
28	29
28	30
28	31
29	30
29	31
29	32
29	33
30	31
30	32
31	32
31	33
32	33
32	34
32	35
32	36
32	37
33	34
33	35
34	35
34	36
35	36
35	37
36	37
37	38
37	39
37	40
38	39
39	40
39	41
40	41
40	42
41	42
41	43
42	43
42	44
42	55
42	56
42	57
43	44
43	45
43	46
43	54
43	55
43	56
44	45
44	46
45	46
45	47
46	47
46	48
46	53
47	48
47	49
47	52
47	53
48	49
48	50
48	51
48	52
48	53
49	50
49	51
50	51
50	52
51	52
52	53
53	54
54	55
54	56
55	56
55	57
56	57
57	58
57	59
57	60
57	61
58	59
58	60
58	61
58	62
59	60
59	61
59	62
59	63
60	61
60	62
60	63
60	64
61	62
61	63
61	64
62	63
62	64
62	65
62	66
63	64
63	65
63	66
63	67
64	65
64	66
64	67
65	66
65	67
66	67
66	68
67	68
67	69
68	69
68	70
69	70
69	71
70	71
70	72
70	73
70	74
71	72
71	73
71	74
71	75
72	73
72	74
72	75
72	76
73	74
73	75
73	76
73	77
74	75
74	76
74	77
74	78
75	76
75	77
75	78
75	79
76	77
76	78
76	79
76	80
77	78
77	79
77	80
77	81
78	79
78	80
78	81
79	80
79	81
79	82
80	81
80	82
80	83
81	82
81	83
82	83
82	84
82	85
83	84
83	85
83	86
84	85
84	86
84	87
84	88
85	86
85	87
85	88
86	87
86	88
87	88
87	89
88	89
88	90
88	210
89	90
89	91
90	91
90	92
91	92
91	93
91	145
92	93
92	94
92	145
93	94
93	95
93	145
93	146
93	147
94	95
94	141
94	142
94	143
94	144
94	145
95	96
95	97
95	138
95	141
95	142
95	148
96	97
96	98
96	137
96	138
96	141
96	148
96	149
96	150
97	98
97	99
97	148
97	149
97	150
98	99
98	100
98	149
98	150
98	151
99	100
99	101
99	104
99	105
99	149
99	150
99	151
100	101
100	104
100	151
100	155
101	102
101	103
101	104
101	105
101	155
101	156
102	103
102	104
102	105
102	106
102	155
102	156
102	157
103	104
103	105
103	106
103	107
104	105
104	106
104	107
104	108
105	106
105	107
105	108
105	109
106	107
106	108
106	109
106	110
107	108
107	109
107	110
107	111
108	109
108	110
108	111
108	112
109	110
109	111
109	112
109	173
109	176
110	111
110	112
110	176
111	112
111	113
112	113
112	114
112	116
113	114
113	115
113	116
113	175
114	115
114	116
114	174
114	175
114	176
115	116
115	117
115	174
115	175
116	117
116	118
116	146
116	174
116	175
117	118
117	119
117	146
117	147
117	173
117	174
118	119
118	120
118	146
118	147
118	148
118	172
118	173
118	174
119	120
119	121
119	147
119	148
119	149
119	171
119	172
119	173
120	121
120	122
120	148
120	149
120	150
120	170
120	171
120	172
121	122
121	123
121	149
121	150
121	151
121	169
121	170
121	171
122	123
122	150
122	151
122	152
122	153
122	168
122	169
122	170
123	124
123	125
123	130
123	151
123	152
123	153
123	167
123	168
123	169
124	125
124	126
124	127
124	130
124	152
124	153
125	126
125	127
125	130
126	127
126	128
127	128
127	129
127	130
127	164
128	129
128	130
129	130
129	131
129	132
129	133
129	168
129	186
130	131
130	132
130	133
130	134
130	168
131	132
131	133
131	134
131	135
132	133
132	134
132	135
132	136
132	193
132	194
133	134
133	135
133	136
133	137
134	135
134	136
134	137
134	138
135	136
135	137
135	138
135	139
136	137
136	138
136	139
136	140
136	194
136	195
136	198
137	138
137	139
137	140
137	141
137	195
138	139
138	140
138	141
138	142
139	140
139	141
139	142
139	143
139	195
140	141
140	142
140	143
140	144
140	195
141	142
141	143
141	144
141	145
141	146
141	147
141	148
142	143
142	144
142	145
143	144
143	145
144	145
144	146
145	146
146	147
146	148
147	148
147	149
148	149
149	150
150	151
151	152
151	153
151	155
151	156
152	153
152	154
152	155
152	156
153	154
153	155
153	156
153	159
153	162
154	155
154	156
154	157
154	159
155	156
155	157
156	157
156	158
157	158
157	159
158	159
158	160
158	161
158	162
159	160
159	161
159	162
160	161
160	162
160	163
161	162
161	163
162	163
162	164
162	166
162	167
163	164
163	165
163	166
163	167
164	165
164	166
164	167
165	166
165	167
166	167
166	168
166	169
166	183
166	184
167	168
167	169
167	183
167	184
168	169
168	170
168	183
168	184
168	185
168	186
169	170
169	171
169	182
169	183
169	184
169	185
170	171
170	172
170	181
170	182
170	183
170	185
171	172
171	173
171	180
171	181
171	182
172	173
172	178
172	179
172	180
172	181
173	174
173	175
173	176
173	177
173	178
173	179
174	175
174	176
174	177
174	178
174	179
175	176
175	177
176	177
177	178
177	179
178	179
178	180
179	180
180	181
180	182
181	182
181	183
182	183
182	184
182	185
183	184
183	185
184	185
184	186
184	187
185	186
185	187
185	188
186	187
186	188
186	189
187	188
187	189
188	189
189	190
189	191
189	193
189	197
190	191
190	192
190	193
191	192
191	193
192	193
192	194
193	194
193	197
194	195
194	196
194	197
194	198
195	196
195	197
195	198
195	199
196	197
196	198
196	199
196	200
197	198
197	199
197	200
197	201
198	199
198	200
198	201
198	202
199	200
199	201
199	202
199	203
200	201
200	202
200	203
200	204
201	202
201	203
201	204
201	205
202	203
202	204
202	205
202	206
202	207
202	208
203	204
203	205
203	206
203	207
203	208
204	205
204	206
205	206
205	207
206	207
206	208
207	208
207	209
208	209
208	210
209	210
209	211
210	211
