0	1
1	2
1	3
1	414
2	3
2	35
2	36
2	413
2	414
3	4
3	5
3	36
3	411
3	412
3	413
3	414
4	5
4	6
4	36
4	411
4	412
4	413
5	6
5	410
5	411
5	412
6	7
6	8
6	9
6	410
6	411
7	8
8	9
8	10
8	24
8	25
8	410
9	10
9	11
9	24
9	25
9	409
9	410
10	11
10	12
10	22
10	23
10	24
10	25
10	409
10	410
11	12
11	23
11	24
11	56
11	57
12	13
12	14
12	22
12	23
12	24
12	58
12	59
12	391
13	14
13	21
13	22
13	23
13	391
14	15
14	16
14	20
14	21
14	22
14	59
15	16
15	17
15	18
15	19
15	20
15	21
16	17
16	18
16	19
16	20
17	18
17	19
18	19
18	20
18	32
18	33
19	20
19	21
19	30
19	31
19	32
19	33
20	21
20	22
20	30
20	31
20	32
20	33
21	22
21	23
21	28
21	29
21	30
21	31
22	23
22	24
22	28
22	29
22	30
23	24
23	27
23	28
23	29
23	56
23	59
24	25
24	26
24	27
24	28
24	55
24	56
25	26
25	27
25	53
25	54
25	55
25	56
26	27
26	43
26	44
26	45
26	46
26	53
26	54
26	55
27	28
27	29
27	42
27	43
27	44
27	45
28	29
28	30
28	41
28	42
28	43
29	30
29	31
29	40
29	41
29	42
30	31
30	32
30	38
30	39
30	40
30	41
31	32
31	33
31	36
31	37
31	38
31	39
31	40
32	33
32	34
32	35
32	36
32	37
32	38
32	39
33	34
33	35
33	36
34	35
34	36
35	36
35	37
36	37
36	38
37	38
37	39
38	39
38	40
39	40
40	41
41	42
41	43
42	43
42	44
43	44
43	45
44	45
44	46
44	54
45	46
45	47
45	54
46	47
46	48
46	51
46	52
46	53
46	54
47	48
47	49
47	51
47	52
47	53
47	54
47	75
48	49
48	50
48	51
48	52
49	50
49	51
49	52
49	75
49	76
50	51
50	52
51	52
52	53
52	54
52	75
53	54
53	55
53	75
54	55
54	56
54	73
54	74
54	75
55	56
55	57
55	73
55	74
56	57
56	58
56	72
56	73
56	74
57	58
57	72
57	73
57	74
57	111
57	116
58	59
58	60
58	71
58	72
58	118
59	60
59	61
59	70
59	71
59	72
60	61
60	62
60	69
60	70
60	71
60	120
61	62
61	63
61	68
61	69
61	70
62	63
62	64
62	67
62	68
62	69
63	64
63	65
63	66
63	67
63	68
64	65
64	66
64	67
65	66
65	67
66	67
66	68
67	68
67	84
67	85
68	69
68	70
68	82
68	83
68	84
68	85
69	70
69	71
69	82
69	83
69	84
70	71
70	72
70	80
70	81
70	82
70	83
71	72
71	73
71	80
71	81
71	82
72	73
72	74
72	78
72	79
72	80
72	81
72	111
73	74
73	75
73	78
73	79
73	80
74	75
74	76
74	77
74	78
74	111
74	112
74	113
75	76
75	77
75	78
76	77
76	78
76	79
77	78
77	79
77	109
78	79
78	80
78	109
78	110
78	111
78	112
78	113
79	80
79	81
79	95
79	108
79	109
79	110
79	111
80	81
80	82
80	94
80	95
80	110
81	82
81	83
81	93
81	94
81	95
82	83
82	84
82	92
82	93
82	94
82	95
83	84
83	85
83	91
83	92
83	93
84	85
84	86
84	91
84	92
85	86
85	87
85	89
86	87
86	88
86	89
87	88
87	89
88	89
90	91
90	92
91	92
91	93
92	93
92	94
93	94
94	95
94	96
94	154
95	96
95	97
95	108
95	154
95	155
96	97
96	98
96	108
96	154
96	155
97	98
97	99
97	154
97	155
98	99
98	100
99	100
99	101
99	102
99	103
99	106
100	101
100	102
100	103
101	102
101	103
102	103
102	104
102	105
103	104
103	105
103	106
104	105
105	106
105	107
105	140
106	107
106	108
106	109
106	140
107	108
107	109
107	110
107	147
107	156
107	157
107	158
108	109
108	110
108	155
108	156
109	110
109	111
109	141
110	111
110	112
110	141
111	112
111	113
111	116
111	133
112	113
112	114
112	115
112	116
112	133
112	134
112	135
112	141
113	114
113	115
114	115
114	116
114	134
114	135
115	116
115	133
115	134
115	178
115	179
116	117
116	118
116	132
116	133
116	134
116	179
117	118
117	119
117	131
117	132
117	179
117	181
117	182
118	119
118	120
118	129
118	130
118	131
118	132
119	120
119	121
119	129
119	130
119	131
120	121
120	122
120	127
120	128
120	129
120	130
121	122
121	123
121	127
121	128
121	129
122	123
122	124
122	125
122	126
122	127
122	128
123	124
123	125
123	126
123	127
123	128
124	125
124	126
124	215
125	126
126	127
126	128
126	148
126	149
127	128
127	129
127	148
127	149
128	129
128	130
128	146
128	147
128	148
128	149
129	130
129	131
129	146
129	147
129	148
130	131
130	132
130	145
130	146
130	147
131	132
131	133
131	144
131	145
131	146
132	133
132	134
132	143
132	144
132	145
132	179
133	134
133	135
133	142
133	143
133	144
133	179
134	135
134	143
134	176
134	177
134	178
134	179
135	136
135	137
135	143
135	172
135	176
136	137
136	138
136	172
136	173
136	176
137	138
137	172
137	173
138	139
139	140
140	141
140	142
141	142
141	143
142	143
142	144
142	145
142	164
142	165
142	166
143	144
143	145
143	165
143	166
143	167
144	145
144	164
144	165
144	166
145	146
145	147
145	163
145	164
145	165
146	147
146	148
146	158
146	163
146	164
146	216
146	217
147	148
147	149
147	156
147	157
147	158
147	216
148	149
148	150
148	156
148	157
148	158
148	216
149	150
149	151
149	153
149	155
149	156
149	157
150	151
150	152
150	153
150	155
150	156
151	152
151	153
152	153
152	154
153	154
153	155
154	155
155	156
156	157
157	158
157	159
158	159
158	160
158	163
158	216
159	160
159	163
159	216
160	161
160	162
160	163
161	162
161	163
162	163
162	164
162	165
163	164
163	216
163	217
163	218
164	165
164	166
165	166
165	167
165	303
166	167
166	168
166	303
167	168
167	169
167	171
167	172
167	302
167	303
168	169
168	170
168	171
168	172
168	302
168	303
169	170
169	171
169	172
170	171
170	172
171	172
171	173
171	174
171	175
171	302
172	173
172	174
172	176
173	174
173	175
173	176
174	175
174	176
175	176
175	177
175	196
175	200
176	177
176	178
176	195
177	178
177	179
177	193
177	194
177	195
178	179
178	180
178	193
178	194
178	195
179	180
179	181
179	192
179	193
179	194
180	181
180	192
180	193
180	194
180	239
181	182
181	191
181	192
181	240
182	183
182	190
182	191
182	192
183	184
183	185
183	189
183	190
183	191
184	185
184	187
184	188
184	189
184	190
185	186
185	187
185	188
185	189
186	187
186	188
187	188
187	189
187	212
188	189
188	190
188	210
188	211
188	212
189	190
189	210
189	211
189	212
190	191
190	192
190	208
190	209
190	210
191	192
191	193
191	208
191	209
191	210
192	193
192	207
192	208
192	209
193	194
193	195
193	206
193	207
193	208
194	195
194	205
194	206
194	207
194	236
194	237
195	196
195	197
195	204
195	205
195	206
196	197
196	198
196	199
196	201
196	203
196	204
196	205
197	198
197	201
197	203
197	204
197	205
198	199
198	200
198	201
199	200
199	201
199	301
200	201
200	202
201	202
201	203
202	203
202	204
202	272
203	204
203	272
203	273
204	205
204	235
204	272
204	273
204	274
205	206
205	207
205	235
205	236
206	207
206	225
206	226
206	235
206	236
206	237
207	208
207	209
207	223
207	224
207	225
207	226
208	209
208	210
208	223
208	224
208	225
208	226
209	210
209	221
209	222
209	223
209	224
210	211
210	220
210	221
210	222
210	223
211	212
211	213
211	218
211	219
211	220
211	221
211	222
212	213
212	214
212	217
212	218
212	219
212	220
213	214
213	215
213	216
213	217
213	218
213	219
214	215
214	216
214	217
215	216
215	217
216	217
217	218
217	219
218	219
218	220
218	221
219	220
219	221
219	317
219	318
220	221
220	222
220	319
221	222
221	319
221	320
222	223
222	224
222	319
222	320
222	321
223	224
223	320
223	321
223	322
224	225
224	226
224	321
224	322
224	325
225	226
225	227
225	322
225	325
225	326
226	227
226	228
226	325
226	326
226	327
227	228
227	229
227	233
227	234
227	235
227	325
227	326
227	327
227	328
228	229
228	233
228	234
228	235
228	266
228	281
228	282
228	283
228	327
228	328
228	329
228	330
229	230
229	231
229	232
229	233
229	234
229	328
229	329
229	330
230	231
230	232
230	329
230	330
230	333
231	232
232	233
232	234
233	234
233	235
233	268
234	235
234	236
234	266
234	267
234	268
234	269
234	281
235	236
235	237
235	266
235	267
235	268
235	269
236	237
236	238
236	266
236	267
236	268
236	269
236	274
236	276
237	238
237	239
237	265
237	266
237	267
238	239
238	265
238	266
238	267
238	342
239	240
239	264
239	265
239	342
239	343
239	344
239	390
240	241
240	242
240	262
240	263
240	264
240	265
240	344
241	242
241	243
241	262
241	263
241	264
241	344
241	345
241	346
242	243
242	260
242	261
242	262
242	263
243	244
243	245
243	260
243	261
243	346
244	245
244	246
244	257
244	258
244	259
244	260
244	261
245	246
245	247
245	249
245	250
245	257
245	261
245	353
246	247
246	248
246	249
246	250
246	257
246	348
246	350
246	351
246	352
246	353
247	248
247	249
247	250
247	257
247	351
248	249
248	250
248	251
248	351
248	352
249	250
249	251
249	252
249	253
249	353
249	370
250	251
250	252
250	253
250	254
250	255
250	256
250	257
251	252
251	253
251	254
251	255
252	253
252	254
253	254
253	255
254	255
254	256
255	256
255	257
255	259
255	286
256	257
256	258
256	259
257	258
257	259
258	259
258	260
259	260
259	261
260	261
260	262
260	286
260	287
261	262
261	263
261	284
261	285
261	286
261	287
262	263
262	264
262	284
262	285
262	286
262	287
263	264
263	265
263	283
263	284
263	285
264	265
264	266
264	282
264	283
264	284
265	266
265	267
265	281
265	282
265	283
265	341
265	344
266	267
266	280
266	281
266	282
267	268
267	269
267	276
267	277
267	279
267	280
267	281
268	269
268	270
268	276
268	277
268	279
268	280
269	270
269	271
269	273
269	274
269	275
269	276
269	277
270	271
270	272
270	273
270	274
270	275
270	276
270	277
271	272
271	273
272	273
273	274
273	275
274	275
274	276
275	276
275	277
276	277
276	278
277	278
277	279
277	340
278	279
278	280
278	338
278	339
278	340
279	280
279	281
279	336
279	337
279	338
279	339
279	340
280	281
280	282
280	336
280	337
280	338
280	339
280	340
280	341
281	282
281	330
281	334
281	336
281	337
282	283
282	330
282	331
283	284
283	285
283	328
283	329
283	330
283	331
284	285
284	286
285	286
285	287
285	290
286	287
286	288
286	289
286	290
287	288
287	289
287	290
287	291
288	289
288	290
288	291
288	292
289	290
289	291
289	292
289	293
290	291
290	292
290	293
290	294
291	292
291	293
291	294
291	295
292	293
292	294
292	295
292	296
293	294
293	295
293	296
294	295
294	296
295	296
295	297
296	297
298	299
298	300
298	320
298	321
298	322
298	323
299	300
299	301
299	310
299	311
299	320
299	321
300	301
300	302
300	303
300	304
300	319
300	320
300	321
301	302
301	303
301	304
301	305
301	306
302	303
302	304
302	305
303	304
303	305
304	305
304	306
305	306
305	307
305	308
306	307
306	308
307	308
307	309
308	309
308	310
309	310
310	311
311	318
311	320
312	313
312	314
313	314
313	315
314	315
316	317
316	318
317	318
318	319
318	320
319	320
320	321
320	322
321	322
321	323
322	323
322	324
323	324
323	325
324	325
324	326
325	326
325	327
326	327
327	328
327	329
328	329
328	330
329	330
329	331
330	331
330	332
330	333
330	334
331	332
331	333
331	370
331	371
332	333
332	334
332	335
332	371
332	374
333	334
333	335
333	374
334	335
334	336
334	337
335	336
335	337
335	374
336	337
336	338
336	339
337	338
337	339
338	339
339	340
339	341
340	341
340	342
340	359
340	360
341	342
341	343
341	357
341	358
341	359
341	360
342	343
342	358
342	359
342	360
342	388
342	389
342	390
343	344
343	345
343	357
343	358
343	359
343	388
343	389
343	390
343	391
344	345
344	346
344	355
344	356
344	357
344	358
344	390
345	346
345	347
345	355
345	356
345	357
345	392
346	347
346	353
346	354
346	355
346	356
347	348
347	349
347	353
347	354
347	355
348	349
348	350
348	351
348	352
348	353
348	354
349	350
349	351
349	352
349	353
350	351
350	352
351	352
351	353
352	353
352	354
352	368
353	354
353	355
353	368
353	369
354	355
354	356
354	366
354	367
354	368
354	369
355	356
355	357
355	366
355	367
355	368
355	369
356	357
356	364
356	365
356	366
356	367
357	358
357	359
357	364
357	365
357	366
358	359
358	362
358	363
358	364
358	365
358	388
359	360
359	361
359	362
359	363
359	364
359	387
359	388
360	361
360	362
360	387
360	388
361	362
361	363
361	385
361	386
361	387
362	363
362	364
362	382
362	383
362	384
362	385
362	386
362	387
362	388
362	408
363	364
363	365
363	380
363	381
363	382
363	383
364	365
364	380
364	381
364	382
364	383
365	366
365	367
365	377
365	379
365	380
365	381
366	367
366	368
366	377
366	378
366	379
367	368
367	369
367	375
367	376
367	377
367	378
368	369
368	370
368	375
369	370
370	371
370	372
370	373
370	374
371	372
371	373
372	373
372	374
373	374
373	375
374	375
374	376
375	376
375	377
375	497
376	377
376	378
377	378
377	379
377	380
378	379
378	380
378	434
379	380
379	381
379	419
380	381
381	382
381	383
382	383
382	384
383	384
384	385
384	386
384	408
385	386
385	387
386	387
386	388
386	408
386	409
387	388
387	389
387	408
388	389
388	390
388	407
388	408
389	390
389	391
389	407
389	408
390	391
390	392
391	392
391	407
392	393
392	394
392	404
392	405
392	406
393	394
393	395
393	404
393	405
394	395
394	396
394	403
394	404
394	405
395	396
395	397
395	402
395	403
395	404
396	397
396	400
396	401
396	402
397	398
397	399
397	400
397	401
397	402
398	399
398	400
398	401
399	400
399	401
400	401
400	402
401	402
401	403
401	416
401	417
401	418
402	403
402	416
402	417
403	404
403	405
403	414
403	415
403	416
403	417
404	405
404	406
404	414
404	415
404	416
405	406
405	407
405	412
405	413
405	414
405	415
406	407
406	408
406	412
406	413
406	414
407	408
407	409
407	410
407	411
407	412
407	413
408	409
408	410
408	411
408	412
409	410
409	411
410	411
410	412
411	412
411	413
412	413
412	414
413	414
413	415
414	415
414	416
415	416
415	417
416	417
416	418
416	419
417	418
417	419
418	419
418	420
418	438
419	420
419	421
420	421
420	422
420	424
421	422
421	423
421	424
422	423
422	424
422	425
422	440
422	447
422	448
422	449
423	424
423	425
423	447
423	448
424	425
424	426
425	426
425	427
425	430
425	431
425	447
426	427
426	430
427	428
427	429
427	430
427	431
427	488
428	429
428	430
428	431
428	432
428	442
428	463
428	489
429	430
429	431
429	432
429	433
429	463
429	489
430	431
430	432
430	433
430	434
431	432
431	433
431	434
431	440
431	441
431	442
431	447
432	433
432	434
432	440
432	441
432	460
433	434
433	435
433	496
433	497
434	435
434	436
434	438
434	496
435	436
435	437
435	438
435	496
436	437
436	438
436	439
437	438
437	439
438	439
438	440
439	440
439	441
439	449
439	450
440	441
440	442
440	448
440	449
440	450
441	442
441	443
441	447
441	448
441	449
441	450
441	458
441	459
441	460
442	443
442	444
442	446
442	447
442	448
442	458
442	459
443	444
443	445
443	446
443	447
443	448
443	453
443	457
443	458
444	445
444	446
444	457
445	446
445	447
446	447
446	448
447	448
448	449
448	450
448	452
448	453
449	450
449	451
449	452
450	451
450	452
450	453
451	452
451	453
452	453
452	454
453	454
453	455
453	458
454	455
455	456
455	457
456	457
456	458
457	458
457	459
458	459
459	460
459	461
459	462
460	461
460	462
461	462
461	463
461	493
462	463
462	464
462	540
463	464
463	465
463	489
464	465
464	466
464	489
464	540
464	541
464	542
465	466
465	467
465	488
465	489
465	490
465	536
465	538
465	541
465	542
465	543
466	467
466	468
466	487
466	488
466	489
466	543
467	468
467	469
467	485
467	486
467	487
467	488
467	545
468	469
468	486
468	487
469	470
469	471
469	485
469	486
470	471
470	472
470	473
470	483
470	484
470	485
470	486
471	472
471	473
471	483
471	484
471	485
472	473
472	474
472	483
473	474
473	547
473	548
473	549
474	475
474	548
474	549
474	550
474	551
475	476
475	477
475	479
475	481
475	549
475	550
475	551
476	477
476	478
476	479
476	550
476	551
476	552
476	553
476	615
476	616
477	478
477	479
477	550
477	551
477	552
478	479
478	480
478	529
478	616
479	480
479	481
479	529
479	615
479	616
480	481
480	482
480	527
480	528
480	529
480	615
481	482
481	483
481	527
481	528
481	529
481	615
482	483
482	484
482	525
482	526
482	527
482	528
483	484
483	485
483	525
483	526
483	527
484	485
484	486
484	523
484	524
484	525
484	526
485	486
485	487
485	523
485	524
485	525
486	487
486	522
486	523
486	524
487	488
487	522
487	523
488	489
488	490
488	521
488	522
489	490
489	491
489	521
489	522
490	491
490	492
490	500
490	503
490	521
490	522
490	538
491	492
491	493
491	498
491	499
491	500
491	503
491	521
491	538
492	493
492	494
492	498
492	499
492	500
492	502
492	538
492	539
493	494
493	496
493	497
493	498
494	495
494	496
494	497
494	498
495	496
495	497
496	497
496	498
497	498
497	499
498	499
499	500
499	501
500	501
500	502
500	503
500	516
501	502
501	503
502	503
502	504
502	538
502	539
503	504
503	505
503	537
503	538
503	539
504	505
504	506
504	536
504	537
504	538
505	506
505	507
505	511
505	512
505	535
505	536
505	537
506	507
506	508
506	509
506	510
506	511
506	512
506	534
506	535
506	536
507	508
507	509
507	510
507	511
507	512
507	533
507	534
507	535
508	509
508	510
508	532
508	533
508	534
509	510
509	511
510	511
510	512
511	512
511	513
512	513
512	514
512	526
512	527
512	528
513	514
513	515
513	526
513	527
513	528
514	515
514	516
514	525
514	526
514	527
515	516
515	517
515	518
515	519
515	525
515	526
516	517
516	518
516	519
517	518
517	519
518	519
518	520
518	525
519	520
519	523
519	524
519	525
520	521
520	522
520	523
520	524
521	522
521	523
522	523
522	524
523	524
523	525
524	525
524	526
525	526
525	527
526	527
526	528
527	528
528	529
530	531
530	532
530	549
530	550
530	551
531	532
531	533
531	548
531	549
531	550
532	533
532	534
532	546
532	548
532	549
533	534
533	535
533	544
533	545
533	546
533	547
533	548
534	535
534	536
534	544
534	545
534	546
535	536
535	537
535	542
535	543
535	544
535	545
536	537
536	538
536	542
536	543
536	544
537	538
537	539
537	540
537	541
537	542
538	539
538	540
538	541
538	542
539	540
539	541
540	541
541	542
542	543
543	544
544	545
544	546
545	546
545	547
546	547
546	548
547	548
547	549
548	549
548	550
549	550
549	551
550	551
550	552
551	552
551	553
552	553
552	554
553	554
553	576
554	555
554	556
554	575
554	576
554	619
555	556
555	557
555	573
555	574
555	575
555	576
555	619
555	621
556	557
556	574
556	575
557	558
557	559
557	573
557	574
557	622
558	559
558	560
558	561
558	572
558	573
558	574
558	622
559	560
559	561
559	571
559	572
559	573
560	561
560	562
560	571
561	562
561	563
561	624
561	625
562	563
562	624
562	625
562	626
563	564
563	565
563	567
563	569
563	625
563	626
563	627
564	565
564	566
564	567
564	568
564	569
564	626
564	627
564	628
565	566
565	567
565	605
565	626
565	627
565	628
566	567
566	568
566	601
566	602
566	603
567	568
567	569
567	599
567	600
567	601
567	602
568	569
568	570
568	598
568	599
568	600
568	601
569	570
569	571
569	598
569	599
570	571
570	572
570	596
570	597
570	598
570	599
571	572
571	573
571	596
571	597
571	598
571	599
572	573
572	574
572	594
572	595
572	596
572	597
573	574
573	594
573	595
573	596
574	575
574	593
574	594
574	595
575	576
575	593
575	594
576	592
576	593
577	578
577	579
577	612
577	613
577	614
578	579
578	580
578	584
578	585
578	586
578	611
578	612
578	613
579	580
579	581
579	582
579	583
579	584
579	585
579	610
579	611
579	612
580	581
580	582
580	583
580	584
580	585
580	608
580	609
580	610
580	611
581	582
581	583
581	608
581	609
582	583
582	584
583	584
583	585
583	600
584	585
584	586
584	600
585	586
585	587
585	597
585	598
585	599
585	600
586	587
586	588
586	597
586	598
586	599
587	588
587	589
587	590
587	596
587	597
587	598
588	589
588	590
588	596
588	597
589	590
589	591
589	595
589	596
590	591
590	594
590	595
590	596
591	592
591	593
591	594
591	595
592	593
592	594
593	594
594	595
594	596
595	596
595	597
596	597
597	598
597	599
598	599
598	600
599	600
599	601
600	601
600	602
601	602
601	603
602	603
602	604
603	604
604	605
604	606
605	606
605	607
605	626
605	627
605	628
606	607
606	608
606	625
606	626
606	627
607	608
607	623
607	624
607	625
607	626
608	609
608	610
608	623
608	624
608	625
609	610
609	611
609	620
609	621
609	623
609	624
610	611
610	612
610	620
610	621
610	623
611	612
611	613
611	617
611	618
611	619
611	620
612	613
612	614
612	617
612	618
612	619
613	614
613	615
613	616
613	617
613	618
614	615
614	616
614	617
615	616
615	617
616	617
616	618
617	618
618	619
618	620
619	620
619	621
620	621
620	622
621	622
621	623
622	623
622	624
623	624
623	625
624	625
624	626
625	626
625	627
626	627
627	628
627	629
628	629
