0	1
0	2
0	107
0	108
0	109
1	2
1	3
1	5
1	108
1	109
2	3
2	4
2	5
3	4
3	5
3	137
3	138
3	139
4	5
4	6
4	136
4	137
4	138
5	6
5	7
5	136
5	137
6	7
6	8
6	135
6	136
6	137
7	8
7	9
7	135
7	136
7	137
8	9
8	10
9	10
9	11
9	20
9	21
9	22
10	11
10	12
10	20
10	21
11	12
11	18
11	19
11	20
11	21
12	13
12	14
12	18
12	19
12	20
12	97
12	98
12	99
13	14
13	17
13	18
13	19
13	97
13	98
14	15
14	16
14	17
14	18
14	72
14	95
14	96
14	97
14	98
15	16
15	17
15	72
15	75
15	76
15	95
15	96
15	97
16	17
16	18
16	95
17	18
17	19
18	19
19	20
19	21
19	24
20	21
20	22
20	23
20	24
21	22
21	23
21	24
21	25
22	23
22	24
22	25
22	26
23	24
23	25
23	26
24	25
24	26
25	26
25	27
25	28
25	30
26	27
26	28
27	28
27	133
28	29
28	30
28	61
28	62
28	63
28	132
28	133
29	30
29	61
29	62
29	63
29	131
29	132
29	133
30	31
30	32
30	62
30	63
30	64
30	130
30	131
30	132
31	32
31	33
31	62
31	63
31	64
31	65
31	128
31	129
31	130
31	131
32	33
32	34
32	64
32	65
32	66
32	128
32	129
32	130
33	34
33	65
33	66
33	67
33	126
33	127
33	128
33	129
34	35
34	36
34	66
34	67
34	68
34	124
34	125
34	126
34	127
34	128
35	36
35	37
35	43
35	67
35	68
35	124
35	125
35	126
36	37
36	68
36	123
36	124
36	125
36	126
36	145
37	38
37	39
37	40
37	68
37	70
38	39
38	40
38	70
38	74
38	75
38	78
39	40
39	41
39	78
40	41
40	42
40	43
40	44
41	42
41	43
41	44
41	45
42	43
42	44
42	45
42	46
42	148
43	44
43	45
43	46
43	47
44	45
44	46
44	47
44	48
44	82
45	46
45	47
45	48
45	49
45	85
46	47
46	48
46	49
46	50
46	148
47	48
47	49
47	50
47	51
47	82
48	49
48	50
48	51
48	52
48	82
48	83
48	85
48	86
49	50
49	51
49	52
49	53
49	86
50	51
50	52
50	53
50	54
51	52
51	53
51	54
51	86
51	93
52	53
52	54
52	86
52	88
53	54
53	55
53	56
53	57
54	55
54	56
54	57
54	58
55	56
55	57
55	58
55	59
56	57
56	58
56	59
56	60
57	58
57	59
57	60
57	61
57	62
58	59
58	60
58	61
58	62
58	63
59	60
59	61
60	61
60	62
61	62
61	63
62	63
62	64
63	64
63	65
64	65
64	66
64	94
65	66
65	67
65	94
65	95
65	96
66	67
66	95
66	96
66	97
67	68
67	69
67	96
67	97
67	98
67	99
68	69
68	70
68	97
68	98
68	99
68	124
69	70
69	71
69	98
69	99
69	100
69	102
69	123
69	124
70	71
70	72
70	74
70	75
70	98
70	99
70	100
71	72
71	73
71	74
71	75
71	98
71	100
72	73
72	74
72	75
72	76
72	98
73	74
73	75
73	76
73	77
74	75
74	76
74	77
74	78
75	76
75	77
75	78
75	79
75	96
76	77
76	78
76	79
77	78
77	79
77	80
78	79
78	80
78	81
78	82
79	80
79	81
79	82
79	83
80	81
80	82
80	83
80	84
81	82
81	83
81	84
81	85
82	83
82	84
82	85
82	86
83	84
83	85
83	86
83	87
83	88
83	89
84	85
84	86
84	87
85	86
85	87
86	87
86	88
87	88
87	89
88	89
88	90
89	90
90	91
90	92
91	92
91	93
92	93
92	94
93	94
94	95
94	96
95	96
95	97
96	97
96	98
97	98
97	99
98	99
98	100
99	100
99	101
99	102
99	103
99	104
100	101
100	102
101	102
101	103
102	103
102	104
102	105
102	106
103	104
103	105
103	106
103	107
104	105
104	106
104	107
104	108
105	106
105	107
105	108
105	109
105	110
105	111
105	124
106	107
106	108
106	109
106	110
106	111
107	108
107	109
108	109
108	110
109	110
109	111
110	111
110	112
110	124
110	125
110	127
110	142
111	112
111	113
111	122
111	123
111	124
111	125
112	113
112	114
112	115
112	123
112	124
112	125
112	144
112	145
113	114
113	115
114	115
114	116
115	116
115	117
115	123
116	117
116	118
116	120
116	121
116	122
116	123
117	118
117	119
117	120
117	121
117	122
118	119
118	120
119	120
119	121
120	121
120	122
121	122
121	123
122	123
122	124
123	124
123	125
124	125
124	126
125	126
125	127
125	142
125	143
125	144
125	145
126	127
126	128
126	142
126	143
126	144
126	145
127	128
127	129
127	141
127	142
127	143
128	129
128	130
128	140
128	141
128	142
129	130
129	131
129	137
129	139
129	140
129	141
130	131
130	132
130	137
130	138
130	139
130	140
131	132
131	133
131	135
131	136
131	137
131	138
132	133
132	134
132	135
132	136
132	137
132	138
133	134
133	135
134	135
134	136
135	136
135	137
136	137
136	138
137	138
137	139
138	139
139	140
140	141
140	142
141	142
141	143
142	143
142	144
143	144
143	145
143	147
144	145
144	146
144	147
145	146
145	147
146	147
146	148
147	148
147	149
148	149
148	150
149	150
149	151
150	151
150	152
150	153
150	154
151	152
151	153
151	154
151	155
152	153
152	154
152	155
152	156
153	154
153	155
153	156
153	157
154	155
154	156
154	157
154	158
155	156
155	157
155	158
155	159
156	157
156	158
156	159
156	160
156	176
157	158
157	159
157	160
157	161
158	159
158	160
158	161
158	162
159	160
159	161
159	162
159	163
159	177
160	161
160	162
160	163
160	164
160	171
161	162
161	163
161	164
161	165
162	163
162	164
162	165
162	166
163	164
163	165
163	166
163	167
164	165
164	166
164	167
164	168
164	169
164	170
165	166
165	167
166	167
167	168
167	169
168	169
168	183
168	184
169	170
169	171
169	181
169	182
169	183
169	184
170	171
170	172
170	181
170	182
170	183
170	184
171	172
171	173
171	175
171	181
171	182
172	173
172	174
172	175
172	181
172	182
173	174
173	175
174	175
174	176
175	176
175	177
175	179
176	177
176	178
176	179
177	178
177	179
178	179
178	180
178	216
179	180
179	181
179	215
179	216
180	181
180	182
180	213
180	214
180	215
180	216
181	182
181	183
181	213
181	214
181	215
181	216
182	183
182	184
182	212
182	213
182	214
183	184
183	185
183	212
183	213
183	214
184	185
184	186
184	187
185	186
185	187
185	210
186	187
186	188
187	188
187	189
187	191
187	192
188	189
188	190
188	191
188	192
189	190
189	191
189	192
189	193
190	191
190	192
190	193
191	192
191	193
191	194
191	195
192	193
192	194
192	195
192	196
192	197
193	194
193	195
193	196
193	197
194	195
194	196
194	197
195	196
195	197
196	197
196	198
196	199
196	214
197	198
197	199
198	199
198	200
198	214
199	200
199	201
199	212
199	213
199	214
200	201
200	202
200	212
200	213
200	214
201	202
201	203
201	209
201	211
201	212
201	213
202	203
202	204
202	211
202	212
203	204
203	207
204	205
204	206
204	207
204	208
205	206
205	207
206	207
206	208
207	208
207	209
208	209
208	210
209	210
209	211
210	211
210	212
211	212
211	213
212	213
212	214
213	214
213	215
214	215
214	216
215	216
215	217
216	217
216	218
217	218
