0	1
0	197
0	198
1	2
1	3
1	4
1	198
1	283
2	3
2	4
2	10
2	193
2	194
3	4
3	5
3	6
3	7
3	8
3	9
3	10
3	11
4	5
4	6
4	7
4	8
4	9
4	10
4	11
5	6
5	7
5	8
5	9
5	10
5	11
5	12
5	112
5	113
6	7
6	8
6	9
6	10
6	11
6	12
6	112
6	113
7	8
7	9
7	10
7	11
7	12
7	112
7	113
8	9
8	10
8	11
8	12
8	13
9	10
9	11
9	12
9	13
10	11
10	12
10	13
10	14
11	12
11	13
11	14
11	15
11	57
11	58
11	59
11	60
12	13
12	14
12	15
12	16
12	113
13	14
13	15
13	16
13	17
14	15
14	16
14	17
14	18
14	58
15	16
15	17
15	18
15	19
15	58
16	17
16	18
16	19
16	20
16	21
17	18
17	19
17	20
17	21
17	22
18	19
18	20
18	21
18	22
18	23
19	20
19	21
19	22
19	23
19	72
20	21
20	22
20	23
21	22
21	23
22	23
22	24
23	24
23	25
23	27
24	25
24	26
24	27
25	26
25	27
25	72
25	73
25	74
25	75
25	76
25	77
26	27
26	72
26	73
26	74
26	75
26	134
26	135
26	136
27	28
27	29
27	71
27	72
27	73
27	74
27	134
27	135
27	136
27	137
28	29
28	30
28	69
28	70
28	71
28	72
28	131
28	136
28	137
28	138
29	30
29	31
29	69
29	70
29	71
29	137
29	138
29	139
30	31
30	32
30	67
30	68
30	69
30	70
30	138
30	139
31	32
31	33
31	55
31	67
31	68
31	69
32	33
32	34
32	55
32	66
32	67
32	68
32	148
33	34
33	35
33	51
33	52
33	55
33	64
33	65
33	66
33	67
34	35
34	36
34	51
34	52
34	64
35	36
35	37
35	64
36	37
36	38
36	49
36	64
37	38
37	39
37	45
37	46
37	47
38	39
38	40
38	41
38	42
38	43
38	44
38	45
38	46
38	47
39	40
39	41
39	44
39	45
39	46
39	47
40	41
40	42
40	43
40	44
40	45
40	46
41	42
41	43
41	44
42	43
42	44
42	45
42	46
43	44
43	45
43	46
44	45
44	46
44	47
45	46
45	47
45	48
46	47
46	48
47	48
47	49
48	49
48	50
49	50
49	51
50	51
50	52
51	52
51	53
51	56
51	62
52	53
52	54
52	55
52	56
53	54
53	55
53	56
53	57
53	378
54	55
54	56
54	57
54	58
55	56
55	57
55	58
55	59
56	57
56	58
56	59
56	60
56	61
57	58
57	59
57	60
58	59
58	60
59	60
59	61
59	112
60	61
60	62
61	62
61	63
62	63
62	64
63	64
63	65
63	66
64	65
64	66
65	66
65	67
65	87
65	88
65	120
66	67
66	68
66	85
66	86
66	87
66	88
66	120
67	68
67	69
67	85
67	86
67	87
68	69
68	70
68	84
68	85
68	86
69	70
69	71
69	83
69	84
69	85
70	71
70	72
70	81
70	82
70	83
70	84
71	72
71	73
71	74
71	80
71	81
71	82
71	83
72	73
72	74
72	75
72	79
72	80
72	81
72	82
73	74
73	75
73	79
73	80
74	75
74	79
74	80
75	76
75	77
75	78
75	79
76	77
76	78
76	79
77	78
77	79
78	79
78	80
79	80
80	81
80	82
81	82
81	83
81	84
81	115
82	83
82	84
82	115
83	84
83	85
83	114
83	115
83	116
84	85
84	86
84	114
84	115
84	116
84	117
85	86
85	87
85	114
85	116
85	117
85	118
86	87
86	117
86	118
86	119
86	120
86	123
87	88
87	89
87	103
87	118
87	119
87	120
88	89
88	90
88	101
88	103
88	119
88	120
89	90
89	91
89	103
89	104
89	119
90	91
90	92
90	101
90	103
91	92
91	93
91	94
91	95
92	93
92	94
92	95
92	96
93	94
93	95
93	96
93	97
94	95
94	96
94	97
94	98
95	96
95	97
95	98
95	99
95	100
95	101
96	97
96	98
96	99
97	98
97	99
98	99
99	100
99	101
100	101
100	102
101	102
101	103
102	103
102	104
102	106
102	107
103	104
103	105
103	106
103	107
104	105
104	106
104	107
104	117
104	118
104	119
105	106
105	107
106	107
106	108
106	109
106	110
106	111
107	108
107	109
107	110
107	111
107	112
107	117
108	109
108	110
108	111
108	112
108	113
108	114
108	115
108	116
108	117
109	110
109	111
109	112
109	113
110	111
110	112
110	113
111	112
111	113
112	113
112	114
113	114
113	115
114	115
114	116
115	116
116	117
116	118
117	118
118	119
118	120
119	120
119	121
119	122
120	121
120	122
120	123
121	122
121	123
122	123
122	124
122	125
122	126
123	124
123	125
123	126
123	127
124	125
124	126
124	127
124	151
124	156
125	126
125	127
126	127
126	128
126	129
126	130
127	128
127	129
127	130
127	131
127	156
128	129
128	130
128	131
128	132
128	156
128	157
128	159
128	160
129	130
129	131
129	132
130	131
130	132
131	132
131	133
131	134
131	171
132	133
132	134
132	160
132	168
132	169
132	170
132	171
133	134
133	135
133	168
133	169
133	170
133	171
133	172
134	135
134	136
134	171
134	172
135	136
135	172
135	173
135	174
136	137
136	138
136	172
136	173
136	174
136	175
137	138
137	139
137	172
137	174
137	175
137	176
138	139
138	140
138	175
138	176
138	177
138	178
139	140
139	141
139	175
139	176
139	177
139	178
140	141
140	142
140	143
140	144
140	177
140	178
140	179
141	142
141	143
141	144
141	149
141	177
142	143
142	144
142	145
142	146
142	149
143	144
143	145
143	146
144	145
144	146
145	146
145	147
145	148
145	149
146	147
146	148
146	149
146	150
147	148
147	149
147	150
147	151
148	149
148	150
148	151
148	152
149	150
149	151
149	152
149	153
150	151
150	152
150	153
150	154
150	155
151	152
151	153
151	154
151	155
151	156
152	153
152	154
152	155
152	156
152	157
153	154
153	155
153	156
153	157
153	158
154	155
154	156
154	157
154	158
154	159
155	156
155	157
155	158
155	159
156	157
156	158
156	159
156	160
157	158
157	159
157	160
157	161
157	171
158	159
158	160
158	161
158	162
159	160
159	161
159	162
159	163
160	161
160	162
160	163
160	168
160	169
160	170
160	171
161	162
161	163
161	164
161	169
161	170
161	171
162	163
162	164
163	164
163	165
163	166
163	167
163	168
163	169
163	170
164	165
164	166
164	167
164	168
164	169
164	170
165	166
165	167
166	167
166	168
167	168
167	169
167	170
168	169
168	170
168	171
169	170
169	171
169	172
170	171
170	172
171	172
171	173
172	173
172	174
173	174
173	175
174	175
174	176
175	176
175	177
176	177
176	178
177	178
177	179
178	179
178	180
178	181
178	182
178	183
179	180
179	181
179	182
179	183
179	184
180	181
180	182
180	183
180	184
180	185
181	182
181	183
181	184
181	185
181	186
182	183
182	184
182	185
182	186
183	184
183	185
183	186
183	187
184	185
184	186
184	187
184	188
184	383
184	384
185	186
185	187
185	188
185	384
186	187
186	188
186	189
187	188
187	189
187	190
187	383
188	189
188	190
188	383
188	384
188	399
189	190
189	191
189	398
189	399
190	191
190	192
190	194
190	195
190	196
190	398
190	399
191	192
191	193
191	194
191	195
191	196
192	193
192	194
192	195
192	196
192	197
193	194
193	195
193	196
193	197
193	198
194	195
194	196
194	197
194	198
194	199
195	196
195	197
195	198
195	199
195	200
196	197
196	198
196	199
196	200
197	198
197	199
197	200
197	201
198	199
198	200
198	201
198	202
199	200
199	201
199	202
199	203
199	285
199	286
199	287
200	201
200	202
200	203
200	204
200	205
200	443
201	202
201	203
201	204
201	205
201	206
202	203
202	204
202	205
202	206
202	207
202	280
202	281
202	282
202	286
202	287
203	204
203	205
203	206
203	207
203	208
203	287
203	443
203	444
204	205
204	206
204	207
204	208
204	209
204	444
204	446
205	206
205	207
205	208
205	209
205	444
205	446
206	207
206	208
206	209
206	210
206	236
206	240
207	208
207	209
207	210
207	211
207	236
207	279
207	280
207	287
207	289
208	209
208	210
208	211
208	212
208	444
208	446
208	447
209	210
209	211
209	212
209	213
209	447
210	211
210	212
210	213
210	214
210	232
210	235
210	236
211	212
211	213
211	214
211	215
211	216
211	232
211	447
212	213
212	214
212	215
212	216
212	217
212	447
213	214
213	215
213	216
213	217
213	218
213	231
214	215
214	216
214	217
214	218
214	219
214	228
214	231
214	232
215	216
215	217
215	218
215	219
215	458
216	217
216	218
216	219
216	458
217	218
217	219
217	457
217	458
217	461
218	219
218	220
219	220
219	221
219	228
219	295
220	221
220	222
220	223
220	295
220	296
221	222
221	223
221	268
221	269
221	270
221	295
221	296
222	223
222	224
222	267
222	268
222	269
223	224
223	225
223	227
223	267
223	268
224	225
224	226
224	227
224	266
224	267
224	268
225	226
225	227
225	228
225	229
225	251
225	252
225	265
225	266
225	267
225	268
226	227
226	228
226	229
226	230
226	265
226	266
227	228
227	229
227	230
227	231
228	229
228	230
228	231
228	232
229	230
229	231
229	232
229	233
229	249
229	251
230	231
230	232
230	233
230	234
231	232
231	233
231	234
231	235
232	233
232	234
232	235
232	236
233	234
233	235
233	236
233	237
234	235
234	236
234	237
234	238
234	239
235	236
235	237
235	238
235	239
235	240
236	237
236	238
236	239
236	240
236	241
236	242
236	243
236	280
237	238
237	239
237	240
237	241
237	242
237	243
238	239
238	240
238	241
239	240
239	241
240	241
240	242
241	242
241	243
242	243
242	244
242	280
242	281
242	282
243	244
244	245
244	246
244	280
244	281
245	246
245	247
245	248
245	279
245	280
245	281
246	247
246	279
246	280
246	281
246	286
246	380
247	248
247	249
247	279
248	249
248	250
248	263
249	250
249	251
249	263
249	277
249	278
250	251
250	252
250	261
250	262
250	263
250	265
250	276
250	277
250	278
251	252
251	253
251	262
251	263
251	265
251	274
251	275
251	276
251	277
252	253
252	254
252	256
252	257
252	262
252	265
252	274
252	275
252	276
253	254
253	255
253	256
253	257
253	268
253	272
253	273
253	274
253	275
254	255
254	256
254	257
254	272
254	273
254	274
254	422
254	423
255	256
255	257
255	258
255	411
255	422
255	423
255	424
256	257
256	258
256	259
256	262
257	258
257	259
257	260
257	274
257	275
257	423
257	424
257	425
258	259
258	260
258	408
258	409
258	410
258	423
258	424
259	260
259	261
259	262
260	261
260	262
261	262
261	263
262	263
262	264
263	264
263	265
264	265
264	266
265	266
266	267
267	268
267	269
268	269
268	270
268	295
269	270
269	271
269	272
269	295
270	271
270	272
270	295
270	296
271	272
271	273
271	295
271	296
272	273
272	274
272	294
272	295
273	274
273	275
273	292
273	293
273	294
273	295
274	275
274	276
274	292
274	293
274	294
274	295
275	276
275	277
275	290
275	291
275	292
275	293
275	425
275	426
276	277
276	278
276	290
276	291
276	292
277	278
277	289
277	290
277	291
278	279
278	288
278	289
278	290
279	280
279	281
279	286
279	287
279	288
279	289
280	281
280	282
280	286
280	287
281	282
281	283
281	284
281	285
281	286
281	287
282	283
282	284
282	285
282	286
283	284
283	285
284	285
284	286
284	378
285	286
285	287
285	377
285	378
285	379
286	287
286	288
286	376
286	377
286	378
286	379
286	380
287	288
287	289
288	289
288	290
288	430
289	290
289	291
289	428
289	429
289	430
290	291
290	292
290	426
290	427
290	428
291	292
291	293
291	426
291	427
291	428
292	293
292	425
292	426
292	427
293	294
293	295
294	295
294	296
294	297
294	298
294	299
295	296
295	297
296	297
296	298
297	298
297	299
297	455
297	458
297	459
298	299
298	300
298	455
299	300
299	301
299	303
299	304
300	301
300	302
300	303
300	304
301	302
301	303
301	304
301	305
302	303
302	304
302	305
302	306
302	419
302	420
303	304
303	305
303	306
303	307
304	305
304	306
304	307
304	308
305	306
305	307
305	308
305	309
306	307
306	308
306	309
306	310
307	308
307	309
307	310
307	311
307	425
308	309
308	310
308	311
308	312
309	310
309	311
309	312
309	313
309	339
309	340
309	343
310	311
310	312
310	313
310	314
310	405
310	406
310	407
310	426
310	427
311	312
311	313
311	314
311	315
311	427
312	313
312	314
312	315
312	316
313	314
313	315
313	316
313	317
313	336
313	339
313	405
314	315
314	316
314	317
314	318
314	403
314	404
314	405
315	316
315	317
315	318
315	319
316	317
316	318
316	319
316	320
317	318
317	319
317	320
317	321
317	331
318	319
318	320
318	321
319	320
319	321
320	321
320	322
320	331
321	322
321	325
321	438
321	439
321	440
322	323
322	324
322	325
322	395
322	433
322	434
322	437
322	438
322	439
322	440
323	324
323	325
323	395
323	396
323	397
323	433
323	435
323	438
323	439
324	325
324	326
324	394
324	395
324	396
325	326
325	329
325	330
325	394
325	395
326	327
326	328
326	329
326	330
326	331
326	392
326	393
326	394
326	395
327	328
327	329
327	330
327	331
327	332
327	373
327	390
327	391
327	392
328	329
328	330
328	331
328	332
328	333
328	389
328	390
328	391
328	392
329	330
329	331
329	332
329	333
329	334
329	335
330	331
330	332
330	333
330	334
330	335
331	332
331	333
331	334
331	335
331	336
332	333
332	334
332	335
332	336
332	337
332	372
333	334
333	335
333	336
333	337
333	338
334	335
334	336
334	337
334	338
334	339
335	336
335	337
335	338
335	339
336	337
336	338
336	339
336	340
337	338
337	339
337	340
337	341
337	363
338	339
338	340
338	341
338	342
338	358
339	340
339	341
339	342
339	343
340	341
340	342
340	343
340	344
340	363
341	342
341	343
341	344
341	345
341	354
341	358
341	363
342	343
342	344
342	345
342	346
342	354
343	344
343	345
343	346
343	347
344	345
344	346
344	347
344	348
344	349
344	350
345	346
345	347
345	348
345	349
345	350
345	351
346	347
346	348
347	348
347	349
348	349
348	350
348	351
349	350
349	351
349	415
349	416
350	351
350	352
351	352
352	353
352	354
352	357
353	354
353	355
353	356
353	357
354	355
354	356
354	357
354	358
355	356
355	357
355	358
355	359
356	357
356	358
356	359
356	360
357	358
357	359
357	360
357	361
357	362
358	359
358	360
358	361
358	362
359	360
359	361
360	361
360	362
361	362
361	363
361	364
361	365
362	363
362	364
362	365
363	364
363	365
363	366
363	367
363	368
364	365
364	366
364	367
364	368
364	369
365	366
365	367
365	368
365	369
366	367
366	368
366	369
367	368
367	369
367	407
367	408
367	409
368	369
368	370
368	406
368	407
368	408
369	370
370	371
370	372
371	372
371	373
372	373
372	403
372	404
372	405
373	374
373	375
373	401
373	402
373	403
373	404
374	375
374	376
374	381
374	401
374	402
375	376
375	377
375	381
375	382
375	383
375	400
375	401
375	402
376	377
376	379
376	380
376	381
376	382
376	400
376	401
376	402
377	378
377	379
377	380
377	382
378	379
378	380
378	382
379	380
379	381
379	382
380	381
380	382
381	382
381	383
382	383
382	384
383	384
384	385
384	386
385	386
385	387
386	387
386	388
386	390
386	391
386	392
386	393
387	388
387	389
387	390
387	391
387	392
387	393
388	389
388	390
388	391
388	392
389	390
389	391
389	392
390	391
390	392
390	393
391	392
391	393
392	393
392	394
393	394
393	395
394	395
394	396
395	396
395	397
396	397
396	398
396	399
396	433
397	398
397	399
397	433
397	434
397	435
398	399
398	400
398	432
398	433
398	434
399	400
399	401
399	432
399	433
400	401
400	431
400	432
400	433
401	402
401	403
401	430
401	431
401	432
402	403
402	404
402	428
402	429
402	430
402	431
403	404
403	405
403	428
403	429
403	430
404	405
404	406
404	426
404	427
404	428
404	429
405	406
405	426
405	427
405	428
406	407
406	408
406	425
406	426
406	427
407	408
407	409
407	424
407	425
407	426
408	409
408	410
408	423
408	424
408	425
409	410
409	411
409	413
409	420
409	421
409	422
409	423
409	424
410	411
410	412
410	413
410	421
410	422
411	412
411	413
411	421
411	422
412	413
412	414
412	421
413	414
413	415
413	421
414	415
415	416
415	417
415	418
416	417
416	418
416	419
416	420
417	418
417	419
417	420
417	421
418	419
418	420
418	421
419	420
419	421
420	421
420	422
420	423
421	422
421	423
422	423
422	424
423	424
423	425
424	425
424	426
425	426
425	427
426	427
426	428
427	428
428	429
428	430
429	430
429	431
429	442
429	444
430	431
430	442
430	443
430	444
431	432
431	433
431	440
431	441
431	442
431	443
432	433
432	434
432	440
432	441
432	442
433	434
433	438
433	439
433	440
433	441
434	435
434	436
434	437
434	438
434	439
434	440
434	441
435	436
435	437
435	438
435	439
436	437
436	438
436	439
436	440
437	438
437	439
437	440
438	439
438	440
439	440
440	441
440	442
441	442
441	443
442	443
442	444
442	445
443	444
443	445
444	445
444	446
444	447
445	446
445	447
445	448
446	447
446	448
447	448
447	449
448	449
448	450
448	453
448	454
449	450
449	451
449	453
449	454
450	451
450	452
450	453
450	454
451	452
451	453
451	454
451	455
452	453
452	454
452	455
452	456
453	454
453	455
453	456
453	457
454	455
454	456
454	457
454	458
455	456
455	457
455	458
455	459
456	457
456	458
456	459
456	460
457	458
457	459
457	460
457	461
458	459
458	460
458	461
458	462
459	460
459	461
459	462
459	463
460	461
460	462
460	463
460	464
461	462
461	463
461	464
462	463
462	464
463	464
