0	1
0	2
1	2
1	3
1	67
1	68
1	69
2	3
2	4
3	4
4	5
4	6
5	6
5	7
5	8
6	7
6	8
6	9
6	19
7	8
7	9
7	10
7	11
8	9
8	10
8	11
8	12
8	38
9	10
9	11
9	12
9	13
10	11
10	12
10	13
10	14
10	15
10	16
10	17
10	31
11	12
11	13
11	14
11	31
11	35
11	36
11	37
11	38
12	13
12	14
12	37
12	38
13	14
13	15
13	57
13	61
14	15
14	16
14	35
14	36
14	37
15	16
15	17
16	17
16	18
16	31
17	18
17	19
17	65
18	19
18	20
18	21
18	24
18	111
19	20
19	21
19	111
19	112
19	113
20	21
20	22
20	23
20	24
20	111
21	22
21	23
21	24
21	110
21	111
22	23
22	24
22	25
22	26
22	110
23	24
23	25
23	26
23	28
23	29
24	25
24	26
24	29
25	26
25	27
25	29
26	27
26	28
26	29
27	28
27	29
27	32
28	29
28	30
28	32
29	30
29	31
29	32
30	31
30	32
30	33
30	34
31	32
31	33
31	34
31	35
32	33
32	34
32	35
33	34
33	35
34	35
34	36
35	36
35	37
36	37
36	38
36	42
36	43
37	38
37	39
37	42
38	39
38	42
39	40
39	41
39	42
40	41
40	42
41	42
41	43
41	44
42	43
42	44
43	44
43	45
44	45
44	46
45	46
45	47
46	47
46	48
47	48
47	49
48	49
48	50
49	50
49	51
49	53
49	54
50	51
50	52
50	53
50	54
51	52
51	53
51	54
51	55
52	53
52	54
52	55
52	56
53	54
53	55
53	56
53	57
54	55
54	56
54	57
54	58
55	56
55	57
55	58
55	59
55	200
55	201
55	204
56	57
56	58
56	59
56	60
56	204
57	58
57	59
57	60
57	61
58	59
58	60
58	61
58	62
58	196
58	200
58	201
59	60
59	61
59	62
59	63
59	201
60	61
60	62
60	63
60	64
61	62
61	63
61	64
61	65
62	63
62	64
62	65
62	196
63	64
63	65
63	66
63	67
63	68
63	73
64	65
64	66
64	67
64	68
65	66
65	67
66	67
66	68
66	112
67	68
67	69
68	69
68	70
68	72
68	73
69	70
69	71
69	72
69	73
70	71
70	72
70	73
70	74
71	72
71	73
71	74
71	75
72	73
72	74
72	75
72	76
73	74
73	75
73	76
73	77
74	75
74	76
74	77
74	78
75	76
75	77
75	78
75	79
76	77
76	78
76	79
76	80
76	91
77	78
77	79
77	80
77	81
77	91
78	79
78	80
78	81
78	82
79	80
79	81
79	82
79	83
80	81
80	82
80	83
80	87
80	90
80	91
81	82
81	83
81	87
82	83
82	84
83	84
83	85
84	85
85	86
85	87
85	90
86	87
86	88
86	89
86	90
87	88
87	89
87	90
87	91
88	89
88	90
88	91
88	92
88	198
88	199
88	202
89	90
89	91
89	92
89	93
89	189
90	91
90	92
90	93
90	94
91	92
91	93
91	94
91	95
92	93
92	94
92	95
92	96
93	94
93	95
93	96
93	97
93	186
93	187
94	95
94	96
94	97
94	98
95	96
95	97
95	98
96	97
96	98
96	101
96	102
97	98
97	99
97	102
97	137
97	138
97	139
98	99
98	100
98	101
98	102
98	134
98	135
98	136
98	137
98	138
99	100
99	101
99	102
99	103
99	134
99	135
99	136
99	137
99	138
100	101
100	102
100	103
100	104
100	112
100	115
100	116
100	119
100	134
100	135
101	102
101	103
101	104
101	105
101	112
101	115
102	103
102	104
102	105
102	106
103	104
103	105
103	106
103	107
103	108
103	109
103	115
104	105
104	106
104	107
104	108
104	109
104	110
104	111
104	112
104	115
105	106
105	107
106	107
106	108
106	168
106	174
106	181
107	108
107	109
107	110
107	159
107	160
107	163
108	109
108	110
108	156
108	159
108	160
109	110
109	111
109	114
109	115
109	159
110	111
110	114
110	159
111	112
111	113
111	114
111	115
112	113
112	114
112	115
112	116
113	114
113	115
113	116
113	117
114	115
114	116
114	117
114	118
115	116
115	117
115	118
115	119
116	117
116	118
116	119
116	120
116	134
117	118
117	119
117	120
117	121
118	119
118	120
118	121
118	122
118	123
118	124
119	120
119	121
119	122
119	123
119	124
119	131
119	132
119	133
119	134
120	121
120	122
120	132
120	133
120	134
121	122
121	123
121	132
122	123
122	124
122	130
122	131
122	132
123	124
123	146
123	147
123	150
124	125
124	130
124	131
124	145
124	146
124	147
125	126
125	127
125	128
125	129
125	130
125	131
125	144
125	145
125	146
125	147
126	127
126	128
126	129
126	130
126	131
126	142
126	143
126	144
126	145
127	128
127	129
127	142
127	143
127	144
128	129
128	130
129	130
129	131
130	131
130	132
131	132
131	133
132	133
132	134
133	134
133	135
133	136
134	135
134	136
135	136
135	137
136	137
136	138
137	138
137	139
138	139
138	140
138	142
139	140
139	141
139	142
139	183
140	141
140	142
140	183
140	184
140	185
140	186
141	142
141	143
141	182
141	183
141	184
142	143
142	144
142	182
142	183
143	144
143	145
143	180
143	181
143	182
143	183
144	145
144	180
144	181
144	182
145	146
145	147
145	179
145	180
145	181
146	147
146	148
146	150
146	151
146	179
146	180
147	148
147	149
147	150
147	151
148	149
148	150
148	151
149	150
149	151
150	151
150	152
150	153
151	152
151	153
151	156
152	153
152	154
152	157
153	154
153	155
153	156
153	157
154	155
154	156
154	157
154	158
155	156
155	157
155	158
155	159
156	157
156	158
156	159
156	160
157	158
157	159
157	160
157	161
158	159
158	160
158	161
158	162
159	160
159	161
159	162
159	163
160	161
160	162
160	163
160	176
161	162
161	163
161	164
162	163
162	164
163	164
163	165
163	166
163	176
164	165
164	166
164	176
165	166
165	167
166	167
166	168
167	168
167	169
168	169
168	170
168	172
168	173
168	174
169	170
169	171
169	172
170	171
170	172
171	172
171	183
171	184
171	185
171	186
171	187
172	173
172	174
172	182
172	183
172	184
173	174
173	175
173	181
173	182
174	175
174	176
174	180
174	181
174	182
175	176
175	177
175	178
175	179
175	180
175	181
176	177
176	178
176	179
176	180
177	178
177	179
178	179
178	180
179	180
180	181
181	182
182	183
182	184
183	184
183	185
184	185
185	186
185	187
186	187
186	188
187	188
187	189
187	191
187	192
188	189
188	190
188	191
189	190
189	191
189	192
190	191
190	192
191	192
191	193
192	193
192	194
193	194
193	195
194	195
194	196
195	196
196	197
196	198
197	198
197	199
197	200
198	199
198	200
198	201
198	202
199	200
199	201
199	202
199	203
200	201
200	202
200	203
200	204
201	202
201	203
201	204
201	205
202	203
202	204
202	205
202	206
203	204
203	205
203	206
203	207
204	205
204	206
204	207
205	206
205	207
206	207
