0	1
0	2
0	3
0	4
1	2
1	3
1	4
1	27
1	31
2	3
2	4
3	4
3	5
4	5
4	6
4	7
4	25
4	26
4	27
5	6
5	7
5	8
5	11
5	12
5	25
5	26
5	27
6	7
6	8
6	11
6	25
6	26
6	27
6	28
7	8
7	11
7	25
7	26
7	27
7	28
8	9
8	10
8	11
8	12
8	25
8	26
8	48
9	10
9	11
9	12
9	13
9	38
9	46
9	47
9	48
10	11
10	12
10	13
10	14
10	46
10	47
10	230
10	231
11	12
11	13
11	14
11	15
12	13
12	14
12	15
12	16
12	17
13	14
13	15
13	16
13	17
13	18
13	40
13	46
14	15
14	16
15	16
15	17
16	17
16	18
17	18
17	19
18	19
18	20
18	40
19	20
19	21
19	40
20	21
20	38
20	39
20	40
20	41
21	22
21	23
21	37
21	38
21	39
22	23
22	35
22	36
22	37
22	38
23	24
23	25
23	26
23	35
23	36
23	37
24	25
24	26
24	27
24	33
24	34
24	35
24	36
25	26
25	27
25	28
25	33
25	34
25	35
26	27
26	28
26	33
26	34
26	35
27	28
27	29
27	31
27	32
27	33
27	34
28	29
28	30
28	31
28	32
28	33
28	89
28	90
29	30
29	31
29	89
30	31
30	32
31	32
31	33
32	33
32	34
33	34
33	35
34	35
34	36
35	36
36	37
36	38
36	48
37	38
37	39
37	48
37	49
38	39
38	40
38	46
38	47
38	48
38	49
39	40
39	41
39	42
39	45
39	46
39	47
39	48
39	49
40	41
40	42
40	45
40	46
40	47
41	42
41	43
41	44
41	45
42	43
42	44
42	45
43	44
43	45
44	45
44	46
45	46
45	47
46	47
46	48
46	230
46	231
47	48
47	49
47	228
47	229
47	230
47	231
48	49
48	50
48	228
48	229
48	230
48	231
49	50
49	51
49	226
49	227
49	228
49	229
50	51
50	52
50	53
50	81
50	82
50	227
50	228
51	52
51	53
51	54
51	80
51	81
51	82
51	226
51	227
52	53
52	54
52	55
52	56
52	79
52	80
52	81
52	224
52	225
52	226
52	227
53	54
53	55
53	56
53	79
53	80
53	81
53	224
53	225
53	226
53	227
54	55
54	56
54	57
54	58
54	79
54	223
54	224
54	225
54	226
55	56
55	57
55	58
55	79
55	221
55	222
55	223
55	224
55	225
56	57
56	58
56	79
56	221
56	222
56	223
56	224
56	225
57	58
57	59
57	221
57	222
58	59
58	60
58	195
59	60
59	61
60	61
60	62
60	74
60	79
61	62
61	63
62	63
62	64
62	179
62	192
62	193
63	64
63	177
63	178
63	179
64	65
64	68
64	69
65	66
65	67
65	68
65	69
65	159
65	160
65	161
66	67
66	68
66	69
66	70
66	159
66	161
66	162
67	68
67	69
67	70
67	71
68	69
68	70
68	71
68	72
68	73
69	70
69	71
69	72
69	83
69	84
70	71
70	72
70	83
70	84
70	85
71	72
71	73
71	83
71	84
71	85
72	73
72	81
72	82
72	83
72	84
73	74
73	75
73	80
73	81
73	82
74	75
74	79
74	80
74	81
75	76
75	77
75	78
75	79
75	80
76	77
76	78
77	78
78	79
78	80
79	80
80	81
80	82
81	82
81	83
82	83
82	86
83	84
83	85
83	86
83	87
84	85
84	86
84	87
84	88
84	133
85	86
85	87
85	88
85	89
86	87
86	88
86	89
86	90
87	88
87	89
87	90
87	91
87	124
88	89
88	90
88	91
88	92
88	123
88	124
88	125
88	126
89	90
89	91
89	92
90	91
90	92
91	92
91	93
91	96
91	123
91	124
92	93
92	94
92	123
93	94
93	95
94	95
94	96
95	96
95	97
95	98
95	121
95	232
95	233
96	97
96	98
96	99
96	121
96	122
96	229
96	230
96	231
96	232
96	233
97	98
97	99
97	100
97	118
97	119
97	120
97	121
97	122
97	229
97	230
97	231
97	232
97	233
98	99
98	100
98	118
98	119
98	120
98	121
98	122
98	229
98	230
98	231
98	232
98	233
99	100
99	101
99	116
99	117
99	118
99	119
99	120
99	121
99	122
99	228
99	229
99	230
99	231
100	101
100	102
100	115
100	116
100	117
100	118
100	227
100	228
100	229
101	102
101	103
101	114
101	115
101	116
101	117
101	226
101	227
101	228
102	103
102	113
102	114
102	115
102	224
102	225
102	226
102	227
103	104
103	105
103	111
103	112
103	113
103	114
103	220
103	223
103	224
103	225
103	226
104	105
104	106
104	109
104	110
104	111
104	112
104	113
104	220
104	221
104	222
104	223
104	224
104	225
105	106
105	107
105	108
105	109
105	110
105	111
105	112
105	220
105	221
105	222
105	223
106	107
106	108
106	109
106	199
106	220
106	221
106	222
107	108
107	109
107	110
108	109
108	110
109	110
109	111
109	112
110	111
110	112
110	113
111	112
111	113
111	114
112	113
112	114
113	114
113	144
113	145
114	115
114	116
114	117
114	143
114	144
114	145
115	116
115	117
115	118
115	142
115	143
115	144
115	145
115	146
115	147
116	117
116	118
116	119
116	120
116	140
116	141
116	142
116	143
117	118
117	119
117	120
117	140
117	141
117	142
117	143
118	119
118	120
118	121
118	138
118	139
118	140
118	141
119	120
119	121
119	138
119	139
119	140
119	141
119	233
120	121
120	138
120	139
120	140
120	141
121	122
121	123
121	137
121	138
121	139
122	123
122	124
122	136
122	137
122	138
123	124
123	125
123	135
123	136
123	137
124	125
124	126
124	133
124	134
124	135
124	136
125	126
125	127
125	129
125	130
125	131
125	132
125	133
125	134
125	135
126	127
126	128
126	129
126	130
126	131
126	132
126	133
127	128
127	129
127	130
127	131
127	132
127	133
128	129
128	130
128	131
128	132
129	130
129	131
129	132
129	133
129	134
130	131
130	132
130	133
130	134
131	132
131	133
131	134
131	156
131	157
132	133
132	134
132	156
132	157
133	134
133	135
133	156
133	157
134	135
134	136
134	154
134	155
134	156
134	157
135	136
135	137
135	153
135	154
135	155
135	156
135	182
136	137
136	138
136	153
136	154
137	138
137	139
137	150
137	153
138	139
138	140
139	140
139	141
140	141
140	142
140	147
141	142
142	143
142	146
143	144
143	145
143	146
144	145
144	146
145	146
145	147
145	212
145	213
146	147
146	148
146	212
146	213
147	148
147	149
147	150
147	212
148	149
148	150
148	151
148	188
148	189
148	210
148	211
148	212
149	150
149	151
149	152
149	153
149	188
149	189
150	151
150	152
150	153
151	152
151	153
151	188
152	153
152	154
152	155
152	182
152	183
152	184
153	154
153	155
154	155
154	156
155	156
155	157
155	165
155	182
155	183
155	184
156	157
156	158
156	164
156	165
156	182
157	158
157	164
157	181
157	182
157	183
158	159
158	160
158	162
158	163
158	164
158	165
158	172
158	180
158	181
158	182
158	183
159	160
159	161
159	162
159	163
159	172
159	180
160	161
160	162
160	163
160	172
160	173
160	174
161	162
161	163
162	163
162	164
163	164
163	165
163	170
164	165
164	166
165	166
165	167
165	171
165	183
165	184
165	185
166	167
166	168
166	184
166	185
167	168
167	169
167	170
167	184
167	185
167	186
168	169
168	170
169	170
169	171
170	171
170	172
170	173
170	174
170	175
171	172
171	173
171	174
171	175
171	176
171	183
171	186
172	173
172	174
172	175
172	176
172	177
172	178
172	179
172	180
173	174
173	175
173	176
173	177
173	178
173	179
174	175
174	176
174	177
174	178
174	179
175	176
175	177
175	178
176	177
176	178
176	179
176	205
176	206
177	178
177	179
177	193
177	194
177	206
178	179
178	193
178	194
178	206
179	180
179	181
179	190
179	192
179	193
179	194
180	181
180	192
181	182
181	183
181	190
181	192
182	183
182	184
183	184
183	185
183	186
183	187
184	185
184	186
184	187
185	186
185	187
186	187
187	188
187	189
187	190
188	189
188	190
188	210
188	211
189	190
189	191
189	209
189	210
189	211
190	191
190	192
190	193
190	207
190	208
190	209
190	210
191	192
191	193
191	208
191	209
191	224
191	225
192	193
192	194
192	208
193	194
193	195
193	206
193	207
193	208
194	195
194	196
194	206
194	207
194	208
195	196
195	197
195	198
195	207
195	208
195	219
196	197
196	198
196	199
196	201
196	207
196	219
197	198
197	199
197	200
197	219
197	220
197	221
197	222
198	199
198	200
198	219
198	220
198	221
198	222
199	200
199	201
199	218
199	219
199	220
200	201
200	217
200	218
200	219
201	202
201	203
201	217
201	218
202	203
202	204
202	217
203	204
203	205
203	206
203	217
204	205
204	206
204	216
204	217
205	206
205	207
205	209
205	216
205	217
206	207
207	208
207	209
207	218
207	219
208	209
208	210
208	219
208	220
209	210
209	211
209	215
209	216
209	218
209	219
209	220
210	211
210	212
210	213
210	214
210	215
211	212
211	213
211	214
211	215
211	216
212	213
212	214
212	215
213	214
213	215
214	215
214	216
214	218
215	216
215	217
215	218
216	217
216	218
217	218
217	219
218	219
218	220
219	220
219	221
219	222
220	221
220	222
220	223
220	224
220	225
221	222
221	223
221	224
221	225
222	223
222	224
222	225
223	224
223	225
223	226
224	225
224	226
224	227
225	226
225	227
226	227
226	228
227	228
228	229
229	230
229	231
230	231
230	232
230	233
231	232
231	233
232	233
