0	1
0	2
1	2
1	3
1	4
1	257
2	3
2	4
2	5
2	257
2	260
2	261
3	4
3	5
3	6
3	253
3	256
3	257
4	5
4	6
5	6
5	7
5	273
5	274
5	277
5	278
6	7
6	8
6	99
6	274
6	277
6	278
6	281
7	8
7	9
7	99
7	274
7	278
8	9
8	24
8	25
8	98
8	99
8	100
8	278
9	10
9	11
9	23
9	24
9	594
10	11
10	12
10	13
10	19
10	20
10	21
10	22
10	594
10	595
10	596
10	597
11	12
11	13
11	20
11	21
11	22
11	23
11	46
11	47
11	48
11	594
11	595
12	13
12	19
12	47
12	48
12	49
12	594
12	595
13	14
13	17
13	18
13	19
13	20
13	21
13	47
14	15
14	16
14	17
14	18
15	16
15	17
16	17
16	18
16	548
17	18
17	19
17	548
18	19
18	20
18	21
18	599
18	600
19	20
19	21
19	595
19	596
19	597
19	598
19	599
19	600
20	21
20	22
20	596
20	597
20	598
20	599
20	600
20	601
21	22
21	600
21	601
22	23
22	24
23	24
23	25
23	46
24	25
24	26
24	35
25	26
25	27
25	33
25	34
25	35
25	100
26	27
26	33
26	34
26	35
26	99
26	100
26	101
26	102
26	103
26	117
27	28
27	29
27	31
27	33
27	34
27	100
27	101
27	117
27	118
27	119
28	29
28	30
28	31
28	101
28	117
28	118
28	119
28	252
29	30
29	31
29	256
29	284
29	285
30	31
30	284
30	285
30	286
30	287
30	288
30	289
31	32
31	33
31	119
31	120
31	285
31	288
31	289
32	33
32	34
32	58
32	59
32	60
32	119
32	120
33	34
33	35
33	58
33	59
33	60
34	35
34	56
34	57
34	58
34	59
35	36
35	37
35	56
35	57
35	58
36	37
36	38
36	46
36	53
36	55
36	56
36	57
37	38
37	39
37	45
37	46
37	53
37	54
37	55
37	56
37	57
38	39
38	40
38	45
38	46
38	47
38	50
38	52
38	53
38	54
39	40
39	42
39	44
39	45
39	46
40	41
40	42
40	45
41	42
41	43
42	43
42	44
42	45
43	44
43	45
43	64
43	65
43	67
44	45
44	46
44	47
44	64
45	46
45	47
46	47
46	48
47	48
47	49
47	50
48	49
48	50
48	594
49	50
49	51
50	51
50	52
51	52
51	90
51	91
51	92
52	53
52	54
52	88
52	89
52	90
52	91
53	54
53	55
53	88
53	89
53	90
54	55
54	84
54	85
54	87
54	88
54	89
55	56
55	57
55	73
55	74
56	57
56	73
56	74
57	58
57	59
57	71
57	72
57	73
57	74
58	59
58	71
58	72
58	73
59	60
59	61
59	68
59	69
59	70
59	71
60	61
60	62
60	68
60	69
60	70
61	62
61	63
61	67
61	68
61	69
62	63
62	66
62	67
62	316
62	603
62	604
63	64
63	65
63	66
63	67
64	65
64	66
64	67
65	66
65	67
66	67
66	68
67	68
67	164
68	69
68	163
68	164
69	70
69	71
69	162
69	163
69	164
70	71
70	72
70	160
70	161
70	162
70	163
70	172
70	173
71	72
71	160
71	162
72	73
72	139
72	140
72	141
72	160
73	74
73	138
73	139
73	140
74	75
74	136
74	137
74	138
74	139
75	76
75	135
75	136
75	137
76	77
76	78
76	87
76	110
76	134
76	135
76	136
77	78
77	79
77	110
77	133
77	134
77	135
78	79
78	80
78	133
78	134
79	80
79	81
80	81
80	82
80	135
80	209
81	82
81	83
81	86
81	87
82	83
82	84
82	87
82	137
83	84
83	85
83	86
83	87
84	85
84	86
84	87
84	88
85	86
85	87
85	88
86	87
86	88
87	88
87	89
88	89
89	90
89	91
89	107
89	108
89	109
89	110
90	91
90	107
90	108
90	109
91	92
91	93
91	95
91	106
91	107
91	108
92	93
92	94
92	95
92	96
93	94
93	95
93	96
94	95
94	96
95	96
95	105
95	106
96	97
96	98
96	104
96	105
96	106
97	98
97	99
97	103
97	104
97	105
98	99
98	100
98	102
98	103
98	104
99	100
99	101
99	102
99	103
100	101
100	102
101	102
101	116
101	117
101	249
101	252
101	253
102	103
102	104
102	116
102	249
103	104
103	105
103	115
103	116
104	105
104	114
104	115
105	106
105	107
105	113
105	114
105	115
106	107
106	108
106	112
106	113
106	114
107	108
107	109
107	110
107	111
107	112
107	113
108	109
108	110
108	111
108	112
109	110
109	111
110	111
110	112
111	112
111	113
111	128
111	129
112	113
112	114
112	126
112	127
112	128
112	129
113	114
113	115
113	126
113	127
113	128
114	115
114	125
114	126
114	127
115	124
115	125
115	126
116	117
116	118
116	122
116	123
116	124
116	245
116	248
116	249
117	118
117	119
117	121
117	122
117	123
118	119
118	120
118	121
118	122
118	239
119	120
119	121
120	121
120	225
120	226
120	237
121	122
121	224
121	225
121	226
121	237
121	239
121	240
122	123
122	124
122	223
122	224
122	225
123	124
123	125
123	222
123	223
123	224
123	245
124	125
124	126
124	221
124	222
124	223
125	126
125	127
125	219
125	220
125	221
125	222
126	127
126	128
126	219
126	220
126	221
127	128
127	129
127	217
127	218
127	219
127	220
128	129
128	130
128	214
128	216
128	217
128	218
128	219
129	130
129	131
129	214
129	215
129	216
129	217
129	218
130	131
130	214
130	215
130	216
131	132
131	133
131	134
131	213
131	214
131	215
132	133
132	134
132	213
132	214
133	134
133	135
133	211
133	212
133	213
134	135
134	211
134	212
134	213
134	214
135	136
135	137
135	209
135	210
135	211
135	212
136	137
136	138
136	209
136	210
136	211
137	138
137	139
137	208
137	209
137	210
138	139
138	140
138	207
138	208
138	209
139	140
139	141
139	206
139	207
139	208
140	141
140	142
140	145
140	146
140	158
140	159
140	160
140	205
140	206
140	207
141	142
141	145
141	160
141	162
141	205
141	206
142	143
142	144
142	145
142	162
142	204
142	205
143	144
143	145
143	161
143	162
143	204
143	205
144	145
144	161
144	162
144	203
144	204
144	205
145	146
145	147
145	159
145	160
145	161
145	202
145	203
145	204
145	205
145	206
146	147
146	158
146	159
146	160
146	201
146	202
146	203
146	206
147	148
147	149
147	157
147	158
147	159
147	200
147	201
147	202
147	206
147	207
147	208
148	149
148	150
148	156
148	157
148	158
148	199
148	200
148	201
149	150
149	151
149	155
149	156
149	157
149	199
149	200
150	151
150	152
150	153
150	154
150	155
150	156
151	152
151	153
151	154
151	155
151	183
152	153
152	154
153	154
153	155
154	155
154	178
154	179
154	182
154	183
155	156
155	157
155	177
155	178
155	179
156	157
156	158
156	176
156	177
156	178
157	158
157	175
157	176
157	177
158	159
158	160
158	174
158	175
158	176
159	160
159	161
159	172
159	173
159	174
159	175
160	161
160	162
160	172
160	173
160	174
161	162
161	163
161	171
161	172
161	173
162	163
163	164
163	165
164	165
164	166
165	166
165	167
166	167
166	358
166	359
166	360
166	361
166	362
167	168
167	169
167	171
167	304
167	305
167	359
167	360
168	169
168	170
168	171
168	304
168	305
168	306
168	307
169	170
169	171
170	171
170	172
170	307
171	172
172	173
172	174
172	228
173	174
173	175
173	226
173	227
173	228
174	175
174	226
174	227
174	228
174	230
174	231
174	234
175	176
175	177
175	225
175	226
175	227
175	231
175	234
176	177
176	178
176	224
176	225
176	226
176	234
176	235
177	178
177	179
177	222
177	223
177	224
177	225
178	179
178	180
178	222
178	223
178	224
179	180
179	181
179	182
179	221
179	222
179	223
180	181
180	182
180	220
180	221
180	222
181	182
181	183
181	220
182	183
182	184
183	184
183	185
183	186
183	210
183	211
183	212
184	185
184	186
184	211
184	212
185	186
185	187
185	210
185	211
185	212
186	187
186	196
186	197
186	209
186	210
186	211
187	188
187	189
187	194
187	195
187	196
187	197
187	198
187	208
187	209
187	210
188	189
188	190
188	194
188	195
188	196
188	198
188	199
188	200
188	201
188	207
188	208
188	209
189	190
189	191
189	192
189	193
189	194
189	195
189	206
189	207
189	208
190	191
190	192
190	193
190	194
190	201
190	203
190	205
190	206
190	207
191	192
191	193
191	204
191	205
191	206
192	193
192	194
193	194
193	195
194	195
194	196
195	196
195	197
195	198
196	197
196	198
197	198
197	199
198	199
198	200
199	200
200	201
200	202
201	202
201	203
201	206
202	203
202	206
203	204
203	205
203	206
204	205
204	206
205	206
205	207
206	207
207	208
208	209
208	210
209	210
209	211
210	211
211	212
212	213
212	214
213	214
213	215
214	215
214	216
214	218
215	216
215	217
215	218
216	217
216	218
217	218
217	219
218	219
218	220
219	220
219	221
220	221
220	222
221	222
221	223
222	223
222	224
223	224
223	225
224	225
225	226
225	234
225	237
226	227
226	234
226	237
227	228
227	229
227	230
227	233
227	234
228	229
228	230
228	302
229	230
229	233
229	302
229	309
230	231
230	232
230	233
230	234
231	232
231	233
231	234
231	235
232	233
232	234
232	235
232	236
233	234
233	235
233	236
233	237
234	235
234	236
234	237
235	236
235	237
236	237
236	238
237	238
237	239
238	239
238	240
238	241
239	240
239	241
240	241
240	242
240	243
241	242
241	243
242	243
242	244
243	244
243	245
243	247
243	248
244	245
244	246
244	247
244	248
245	246
245	247
245	248
245	249
246	247
246	248
246	249
246	250
247	248
247	249
247	250
247	251
248	249
248	250
248	251
248	252
249	250
249	251
249	252
249	253
250	251
250	252
250	253
250	254
251	252
251	253
251	254
251	255
252	253
252	254
252	255
252	256
253	254
253	255
253	256
253	257
254	255
254	256
254	257
254	258
255	256
255	257
255	258
255	259
256	257
256	258
256	259
256	260
257	258
257	259
257	260
257	261
258	259
258	260
258	261
258	262
259	260
259	261
259	262
260	261
260	262
260	263
260	280
261	262
261	263
261	264
262	263
262	264
262	639
262	640
263	264
263	265
263	637
263	638
263	639
263	640
264	265
264	266
264	637
264	638
264	639
265	266
265	634
265	636
265	637
265	638
266	267
266	268
266	634
266	635
266	636
266	637
267	268
267	634
267	635
267	636
268	269
268	270
268	272
268	273
268	634
268	635
269	270
269	271
269	272
269	273
270	271
270	272
270	273
270	274
271	272
271	273
271	274
271	275
271	592
272	273
272	274
272	275
272	276
273	274
273	275
273	276
273	277
274	275
274	276
274	277
274	278
274	592
275	276
275	277
275	278
275	279
275	591
275	592
276	277
276	278
276	279
276	280
276	612
277	278
277	279
277	280
277	281
278	279
278	280
278	281
278	282
279	280
279	281
279	282
279	283
279	608
279	609
279	611
279	612
280	281
280	282
280	283
280	284
280	608
280	609
280	612
281	282
281	283
281	284
282	283
282	284
282	285
282	605
282	608
283	284
283	285
283	326
283	605
283	608
283	609
284	285
284	286
285	286
285	287
285	288
286	287
286	288
286	316
286	317
286	603
286	604
286	605
287	288
287	289
287	314
287	315
287	316
287	317
288	289
288	290
288	314
288	315
288	316
289	290
289	291
289	314
289	315
290	291
290	292
290	301
290	314
290	315
291	292
291	293
291	299
291	300
291	301
291	313
292	293
292	294
292	299
292	300
292	301
293	294
293	295
293	297
293	298
293	299
293	300
294	295
294	296
294	297
294	298
294	299
294	300
295	296
295	297
296	297
296	298
297	298
297	299
298	299
298	300
299	300
299	301
299	311
299	312
299	313
300	301
300	309
300	310
300	311
300	312
300	313
301	302
301	303
301	309
301	310
301	311
301	312
301	313
302	303
302	304
302	307
302	308
302	309
302	310
303	304
303	305
303	306
303	307
303	308
303	309
303	310
304	305
304	306
304	307
304	359
304	360
305	306
305	307
305	349
305	350
305	360
306	307
306	308
306	349
306	350
307	308
307	309
308	309
308	310
309	310
310	311
310	312
311	312
312	313
313	314
313	339
313	341
313	342
314	315
314	342
315	316
315	317
315	357
315	358
315	359
316	317
316	318
316	357
316	358
316	359
317	318
317	319
317	356
317	357
317	603
317	604
318	319
318	320
318	321
318	322
318	355
318	356
318	357
319	320
319	321
319	322
319	323
319	355
319	356
319	368
319	369
320	321
320	322
320	323
320	355
320	365
320	366
320	368
321	322
321	323
321	324
321	563
321	602
321	606
322	323
322	324
322	325
322	326
322	327
322	605
322	606
323	324
323	325
323	326
323	327
323	368
323	371
323	372
324	325
324	326
325	326
325	327
325	328
325	329
325	606
325	609
325	610
325	620
326	327
326	328
326	329
326	330
326	605
326	606
326	609
327	328
327	329
327	330
327	331
327	372
328	329
328	330
328	331
328	332
328	620
328	623
329	330
329	331
329	332
330	331
330	332
330	333
330	334
330	337
331	332
331	333
331	334
331	337
331	376
331	378
332	333
332	334
333	334
333	335
333	336
333	337
333	642
334	335
334	336
334	337
334	338
334	380
335	336
335	337
335	338
335	339
336	337
336	338
336	339
337	338
337	339
337	340
338	339
338	340
338	341
338	380
338	381
338	382
339	340
339	341
339	342
340	341
340	342
340	343
340	344
340	373
340	382
341	342
341	343
341	344
341	345
341	382
342	343
342	344
342	345
342	346
343	344
343	345
343	346
343	347
343	353
344	345
344	346
344	347
344	348
344	388
345	346
345	347
345	348
345	349
346	347
346	348
346	349
346	350
346	352
346	353
346	354
347	348
347	349
347	350
347	351
347	352
347	353
347	391
348	349
348	350
348	351
349	350
349	351
350	351
350	352
351	352
352	353
352	354
352	391
352	395
352	408
353	354
353	355
353	369
353	391
354	355
354	356
354	357
354	361
354	369
354	407
355	356
355	357
355	367
355	368
355	369
355	406
355	407
356	357
356	358
356	361
356	362
356	363
356	364
357	358
357	359
357	360
357	361
357	362
358	359
358	360
358	361
358	362
359	360
359	361
360	361
360	362
361	362
361	363
361	404
362	363
362	364
362	404
363	364
363	404
363	405
363	406
364	365
364	406
365	366
365	406
365	433
366	367
366	368
366	409
366	433
366	436
366	437
367	368
367	369
367	370
367	408
367	409
367	436
367	437
367	440
368	369
368	370
368	371
368	372
368	440
369	370
369	371
369	372
369	373
370	371
370	372
370	373
370	374
370	392
370	440
370	443
370	444
371	372
371	373
371	374
371	375
371	440
371	443
371	623
371	624
372	373
372	374
372	375
372	376
373	374
373	375
373	376
373	377
374	375
374	376
374	377
374	443
374	447
374	624
375	376
375	377
375	378
375	623
375	624
376	377
376	378
376	379
376	380
376	381
377	378
377	379
377	380
377	381
378	379
378	380
378	626
379	380
379	381
380	381
380	382
381	382
381	383
382	383
382	384
382	385
383	384
383	385
384	385
384	386
384	387
384	388
385	386
385	387
385	388
385	389
386	387
386	388
386	389
386	390
387	388
387	389
387	390
387	391
388	389
388	390
388	391
388	392
389	390
389	391
389	392
389	393
390	391
390	392
390	393
390	394
391	392
391	393
391	394
391	395
392	393
392	394
392	395
392	396
393	394
393	395
393	396
394	395
394	396
394	397
394	398
395	396
395	397
395	398
395	408
395	409
396	397
396	398
396	408
396	409
396	412
397	398
397	409
397	412
398	399
398	400
398	408
398	409
399	400
399	401
399	405
399	407
399	408
399	409
399	410
400	401
400	402
400	403
400	404
400	405
400	407
400	408
401	402
401	403
401	404
401	405
402	403
402	404
402	405
403	404
403	405
404	405
404	406
404	407
405	406
405	407
405	410
406	407
406	408
406	409
406	410
407	408
407	409
408	409
408	410
409	410
409	411
409	412
410	411
410	412
411	412
411	413
411	414
411	415
411	421
411	427
412	413
412	414
412	415
412	416
413	414
413	415
413	416
413	417
414	415
414	416
414	417
414	418
414	420
414	421
415	416
415	417
415	418
415	419
415	420
415	421
416	417
416	418
416	419
417	418
417	419
418	419
418	420
419	420
419	464
419	466
419	469
420	421
420	422
420	434
420	466
420	469
421	422
421	423
421	430
421	431
421	434
422	423
422	424
422	425
422	430
422	479
422	480
422	481
422	482
423	424
423	425
423	430
423	479
423	480
423	481
423	482
423	498
424	425
424	426
424	481
424	482
425	426
425	427
426	427
426	428
427	428
427	429
427	430
428	429
428	430
428	497
428	498
429	430
429	431
429	432
429	433
429	496
429	497
429	498
429	499
429	500
430	431
430	432
430	433
430	434
430	498
430	499
431	432
431	433
431	434
431	435
431	478
431	479
431	498
431	499
432	433
432	434
432	435
432	436
432	498
432	499
432	500
432	507
433	434
433	435
433	436
433	437
434	435
434	436
434	437
434	438
434	467
435	436
435	437
435	438
435	439
435	467
435	510
435	511
436	437
436	438
436	439
436	440
437	438
437	439
437	440
437	441
438	439
438	440
438	441
438	442
438	464
438	465
438	466
438	467
439	440
439	441
439	442
439	443
439	465
439	511
439	512
439	513
440	441
440	442
440	443
440	444
441	442
441	443
441	444
441	445
441	461
441	464
441	465
442	443
442	444
442	445
442	446
442	461
442	462
442	465
442	513
443	444
443	445
443	446
443	447
443	624
444	445
444	446
444	447
444	448
444	461
445	446
445	447
445	448
445	449
445	458
445	461
445	462
446	447
446	448
446	449
446	450
447	448
447	449
447	450
447	451
448	449
448	450
448	451
448	452
448	453
448	458
449	450
449	451
449	452
449	453
449	458
450	451
450	452
451	452
451	453
452	453
452	454
453	454
453	455
453	457
453	458
454	455
454	456
454	457
454	458
455	456
455	457
455	458
455	459
456	457
456	458
456	459
456	460
457	458
457	459
457	460
457	461
458	459
458	460
458	461
458	462
459	460
459	461
459	462
459	463
460	461
460	462
460	463
460	464
461	462
461	463
461	464
461	465
462	463
462	464
462	465
463	464
463	465
464	465
464	466
465	466
466	467
466	468
466	469
467	468
467	469
467	470
468	469
468	470
468	471
469	470
469	471
470	471
470	472
470	478
470	479
470	480
471	472
471	473
471	476
471	477
471	478
472	473
472	474
472	475
472	476
472	477
472	478
473	474
473	475
473	476
474	475
474	476
475	476
475	477
476	477
477	478
477	504
477	508
478	479
478	480
478	486
479	480
479	481
479	486
479	487
479	498
480	481
480	482
480	484
480	485
480	486
480	487
481	482
481	483
481	484
481	485
481	486
481	487
482	483
482	484
483	484
483	485
484	485
484	486
485	486
485	487
486	487
486	488
487	488
487	489
487	490
488	489
488	490
489	490
489	491
490	491
490	492
491	492
491	493
491	494
492	493
492	494
492	503
492	504
492	505
493	494
493	495
493	503
493	504
493	505
493	538
493	539
494	495
494	496
494	503
494	538
494	539
494	540
495	496
495	497
495	499
495	500
495	502
495	503
495	539
495	540
495	542
496	497
496	498
496	499
496	500
496	501
496	502
496	503
496	542
497	498
497	499
497	500
497	542
498	499
499	500
499	501
499	502
499	503
500	501
500	502
501	502
501	562
502	503
502	504
502	506
502	507
502	562
503	504
503	505
503	506
503	507
504	505
504	506
504	507
504	508
505	506
505	507
505	508
506	507
506	508
506	509
506	564
506	565
507	508
507	509
507	510
507	564
507	565
508	509
508	510
509	510
509	511
510	511
510	512
510	564
511	512
511	513
511	514
511	515
512	513
512	514
512	515
512	621
512	622
513	514
513	515
513	622
513	706
513	707
514	515
514	516
514	517
514	518
514	706
514	707
514	708
515	516
515	517
515	518
515	519
515	573
515	706
516	517
516	518
516	519
516	520
516	706
516	708
517	518
517	519
517	520
517	521
517	708
518	519
518	520
518	521
519	520
519	521
519	522
519	523
519	524
519	526
520	521
520	522
520	523
521	522
522	523
523	524
523	525
523	526
524	525
524	526
524	527
524	574
525	526
525	527
525	528
526	527
526	528
527	528
527	529
527	574
528	529
528	530
529	530
529	531
529	532
529	533
530	531
530	532
530	533
530	534
531	532
531	533
531	534
531	556
531	557
531	558
532	533
532	534
532	556
532	557
532	558
533	534
533	535
533	556
534	535
534	536
534	556
534	557
535	536
535	537
535	556
535	557
536	537
536	538
536	553
536	556
536	557
537	538
538	539
538	540
539	540
539	541
540	541
540	542
540	543
540	544
540	545
540	546
541	542
541	543
541	544
542	543
542	544
543	544
543	545
544	545
545	546
545	547
546	547
546	548
546	550
546	551
547	548
547	549
547	550
547	551
548	549
548	550
548	551
548	552
549	550
549	551
549	552
550	551
550	552
550	553
551	552
551	553
551	554
552	553
552	554
552	598
552	599
553	554
553	555
554	555
555	556
556	557
556	558
557	558
557	559
558	559
558	560
559	560
559	561
559	562
560	561
560	562
560	565
560	566
561	562
561	563
561	598
561	599
561	600
562	563
562	564
562	565
562	566
563	564
563	565
563	566
564	565
564	566
565	566
565	567
566	567
567	568
567	569
567	621
568	569
568	570
568	571
568	580
568	583
568	584
569	570
569	571
569	572
569	580
569	629
569	630
570	571
570	572
570	573
570	574
571	572
571	573
571	574
571	575
571	576
571	577
571	579
571	580
572	573
572	574
572	575
572	576
572	577
572	580
572	673
573	574
573	575
573	704
574	575
574	576
575	576
575	577
575	698
575	699
576	577
576	578
576	579
576	699
577	578
577	579
577	580
577	581
577	698
578	579
578	580
578	581
578	582
578	660
578	693
578	694
579	580
579	581
579	582
579	583
580	581
580	582
580	583
580	584
580	630
581	582
581	583
581	584
581	585
581	630
581	631
581	659
581	660
582	583
582	584
582	585
582	586
582	659
582	660
583	584
583	585
583	586
583	587
584	585
584	586
584	587
584	630
585	586
585	587
585	588
585	659
586	587
586	588
586	589
587	588
587	589
588	589
588	590
589	590
590	591
590	592
590	596
590	597
590	598
591	592
591	593
591	596
591	597
592	593
592	596
593	594
593	595
593	596
594	595
594	596
595	596
595	597
596	597
596	598
597	598
597	599
597	601
598	599
599	600
599	601
600	601
600	602
601	602
601	603
601	604
601	605
601	606
601	607
601	608
602	603
602	604
602	605
602	606
602	607
603	604
603	605
603	606
604	605
604	606
605	606
605	607
605	608
605	609
606	607
606	608
606	609
606	610
607	608
607	609
607	610
607	611
608	609
608	610
608	611
608	612
609	610
609	611
609	612
609	613
610	611
610	612
610	613
610	614
611	612
611	613
611	614
611	615
612	613
612	614
612	615
612	616
613	614
613	615
613	616
613	617
613	618
613	619
614	615
614	616
614	617
614	618
614	619
614	630
614	632
615	616
615	617
615	632
615	633
616	617
616	618
616	632
616	633
616	637
617	618
617	630
617	631
617	632
618	619
618	628
618	629
618	630
618	631
619	620
619	621
619	628
619	629
620	621
620	622
620	623
620	627
620	628
620	629
621	622
621	623
621	628
621	629
622	623
622	624
622	625
623	624
623	625
624	625
624	626
625	626
625	627
626	627
626	676
626	677
627	628
627	629
627	674
627	675
627	676
627	677
628	629
628	674
628	675
628	676
629	630
629	673
629	674
629	675
629	704
630	631
630	632
631	632
631	633
631	659
631	660
631	661
632	633
632	634
633	634
634	635
634	636
634	637
634	654
635	636
635	650
635	651
635	652
635	653
635	654
636	637
636	638
636	649
636	650
636	651
636	652
637	638
637	639
637	648
637	649
637	650
638	639
638	640
638	646
638	647
638	648
638	649
639	640
639	641
639	646
639	647
639	648
640	641
640	642
640	644
640	645
640	646
640	647
641	642
641	643
641	644
641	645
641	646
641	681
642	643
642	644
643	644
643	645
644	645
644	646
645	646
645	681
645	682
645	683
646	647
646	648
646	683
646	684
647	648
647	649
647	680
647	683
647	684
647	685
648	649
648	650
648	684
648	685
648	686
649	650
649	651
649	685
649	686
649	687
650	651
650	652
650	686
650	687
650	688
651	652
651	653
651	654
651	687
651	688
651	689
652	653
652	654
653	654
653	655
653	689
654	655
654	658
654	659
655	656
655	657
655	658
655	659
656	657
656	658
656	659
657	658
657	659
657	691
658	659
658	660
658	690
658	691
659	660
659	661
659	690
659	691
660	661
660	662
660	690
660	691
660	692
660	693
661	662
661	663
661	688
661	689
661	690
662	663
662	689
662	690
662	693
662	694
663	688
663	689
664	665
664	666
664	667
664	668
664	669
664	670
664	686
664	687
664	688
665	666
665	667
665	668
665	669
665	670
665	685
665	686
665	687
666	667
666	668
666	684
666	685
666	686
667	668
667	669
668	669
668	670
669	670
669	671
670	671
670	672
671	672
671	673
671	697
671	698
671	703
672	673
672	674
672	698
672	702
672	703
673	674
673	698
673	703
673	704
674	675
674	676
674	704
675	676
675	677
676	677
676	678
676	679
676	680
677	678
677	679
677	680
677	681
678	679
678	680
678	681
678	682
679	680
679	681
679	682
680	681
680	682
680	683
681	682
681	683
682	683
682	684
683	684
683	685
684	685
684	686
685	686
685	687
686	687
686	688
687	688
687	689
688	689
689	690
690	691
690	692
691	692
691	693
692	693
692	694
693	694
693	695
694	695
694	696
694	697
695	696
695	697
696	697
696	698
696	699
697	698
697	699
698	699
698	700
698	703
699	700
699	701
699	703
700	701
700	702
700	703
701	702
701	703
702	703
703	704
704	705
704	706
705	706
705	707
706	707
706	708
706	709
706	710
707	708
707	709
707	710
708	709
708	710
709	710
