0	1
0	2
0	3
0	4
1	2
1	3
1	4
1	5
1	53
2	3
2	4
2	5
2	6
2	56
3	4
3	5
3	6
3	7
4	5
4	6
4	7
4	8
5	6
5	7
5	8
5	9
6	7
6	8
6	9
6	10
7	8
7	9
7	10
7	11
8	9
8	10
8	11
8	12
8	453
9	10
9	11
9	12
9	73
10	11
10	12
10	72
10	73
11	12
11	13
11	72
11	73
11	450
11	451
12	13
12	14
12	15
12	72
12	73
12	450
12	451
12	452
13	14
13	15
13	71
13	72
13	103
13	124
13	125
13	451
14	15
14	39
14	40
14	70
14	71
14	72
14	123
14	124
15	16
15	17
15	39
15	40
15	41
15	69
15	70
15	71
16	17
16	18
16	40
16	41
16	42
16	67
16	68
16	69
16	70
17	18
17	41
17	42
17	43
17	66
17	67
17	68
17	69
18	19
18	20
18	25
18	41
18	42
18	43
18	44
18	66
18	67
18	68
19	20
19	21
19	22
19	25
19	43
19	44
19	45
19	66
20	21
20	22
20	43
20	45
21	22
21	23
22	23
22	24
22	25
22	26
23	24
23	25
23	26
23	27
24	25
24	26
24	27
24	28
24	67
24	79
25	26
25	27
25	28
25	29
25	66
25	67
26	27
26	28
26	29
26	30
27	28
27	29
27	30
27	31
28	29
28	30
28	31
28	32
28	79
28	82
29	30
29	31
29	32
29	33
30	31
30	32
30	33
30	34
31	32
31	33
31	34
31	35
32	33
32	34
32	35
32	36
32	37
33	34
33	35
33	36
33	37
34	35
34	36
35	36
35	37
36	37
36	38
37	38
37	39
38	39
38	122
38	123
38	124
39	40
39	41
39	122
39	123
39	124
40	41
40	42
40	123
40	451
40	452
41	42
41	43
42	43
42	44
43	44
43	45
43	46
44	45
44	46
44	47
44	50
45	46
45	47
45	50
46	47
46	48
47	48
47	49
47	50
48	49
48	50
49	50
49	51
49	52
49	53
50	51
50	52
50	53
50	54
51	52
51	53
51	54
51	55
52	53
52	54
52	55
52	56
53	54
53	55
53	56
53	57
54	55
54	56
54	57
54	64
54	65
55	56
55	57
55	58
55	64
56	57
56	58
56	59
57	58
57	59
57	60
57	61
57	63
57	64
58	59
58	60
58	61
58	62
58	63
58	64
59	60
59	61
59	62
60	61
60	62
60	75
61	62
61	63
61	75
62	63
63	64
63	65
64	65
65	66
65	67
66	67
66	68
67	68
67	69
67	78
67	79
68	69
68	70
68	77
68	78
69	70
69	71
69	75
69	76
69	77
69	78
70	71
70	72
70	73
70	74
70	75
70	76
71	72
71	73
71	74
71	75
71	76
71	95
72	73
72	74
73	74
73	75
74	75
74	76
75	76
75	77
76	77
77	78
77	79
77	81
77	82
78	79
78	80
78	81
78	82
79	80
79	81
79	82
79	83
80	81
80	82
80	83
80	84
81	82
81	83
81	84
81	85
82	83
82	84
82	85
82	86
83	84
83	85
83	86
83	87
84	85
84	86
84	87
84	88
85	86
85	87
85	88
85	89
85	90
85	91
86	87
86	88
86	89
86	90
86	91
87	88
87	89
88	89
88	90
89	90
89	91
90	91
90	92
90	93
90	94
91	92
91	93
91	94
91	95
92	93
92	94
92	95
92	96
93	94
93	95
93	96
93	97
94	95
94	96
94	97
95	96
95	97
96	97
96	98
97	98
98	99
98	100
99	100
100	101
100	102
100	103
100	243
100	244
100	245
101	102
101	242
101	243
101	244
102	103
102	104
102	105
102	126
102	127
102	128
102	243
102	244
102	245
103	104
103	125
103	126
103	127
103	244
103	245
103	246
104	105
104	106
104	125
104	126
104	127
104	128
104	244
104	245
104	246
104	247
105	106
105	107
105	127
105	128
105	129
105	244
105	246
105	247
105	248
106	107
106	108
106	113
106	117
106	128
106	129
106	130
106	247
106	248
106	249
106	250
107	108
107	109
107	129
107	130
107	131
107	222
107	248
107	249
107	250
107	251
108	109
108	110
108	113
108	129
108	130
108	131
108	249
108	250
108	251
109	110
109	113
109	114
109	129
109	130
109	131
109	144
109	145
109	146
110	111
110	112
110	113
110	114
110	145
110	146
110	147
111	112
111	113
111	114
111	115
111	145
111	146
111	148
111	436
111	439
111	440
112	113
112	114
112	115
112	116
112	250
112	425
112	426
112	439
112	440
112	443
113	114
113	115
113	116
113	117
113	250
113	443
114	115
114	116
114	117
114	118
115	116
115	117
115	118
115	119
115	440
115	443
115	444
116	117
116	118
116	119
116	120
116	443
116	444
116	447
117	118
117	119
117	120
117	121
117	127
117	129
118	119
118	120
118	121
118	122
118	210
118	213
119	120
119	121
119	122
119	444
119	447
120	121
120	122
120	123
120	125
120	447
120	448
120	451
121	122
121	123
121	124
121	125
121	126
121	127
121	213
121	214
121	215
122	123
122	124
123	124
123	125
123	451
123	452
124	125
124	126
125	126
125	127
125	451
126	127
127	128
127	129
127	215
127	216
128	129
128	130
128	215
128	216
128	217
129	130
129	131
129	216
129	217
129	218
130	131
130	132
130	217
130	218
130	219
130	220
130	221
130	222
131	132
131	133
131	144
131	218
131	219
131	220
131	221
132	133
132	134
132	219
132	220
132	221
133	134
133	135
133	141
133	142
134	135
134	136
134	141
135	136
135	137
135	139
135	140
135	141
136	137
136	138
136	139
136	140
136	141
137	138
137	139
137	264
138	139
138	140
139	140
139	141
140	141
140	272
141	142
142	143
142	150
143	144
143	145
143	203
144	145
144	146
144	203
144	206
145	146
145	149
145	150
145	203
145	206
146	147
146	148
146	149
146	150
147	148
147	149
147	150
147	151
147	152
148	149
148	150
148	151
148	152
148	153
148	154
148	436
149	150
149	151
149	152
149	153
149	154
149	199
150	151
150	152
150	154
150	155
150	199
151	152
151	155
151	270
151	271
151	274
152	153
152	154
152	155
152	156
153	154
153	155
153	156
153	157
154	155
154	156
154	157
154	158
155	156
155	157
155	158
155	159
155	195
155	274
156	157
156	158
156	159
156	160
157	158
157	159
157	160
157	161
158	159
158	160
158	161
158	162
158	195
159	160
159	161
159	162
159	163
159	298
160	161
160	162
160	163
160	164
160	298
161	162
161	163
161	164
161	165
162	163
162	164
162	165
162	166
163	164
163	165
163	166
163	298
163	301
163	302
164	165
164	166
164	167
164	168
165	166
165	167
165	168
165	169
166	167
166	168
166	169
166	170
166	301
166	302
167	168
167	169
167	170
167	171
168	169
168	170
168	171
168	172
169	170
169	171
169	172
170	171
170	172
170	173
171	172
171	173
171	174
171	175
171	507
172	173
172	174
172	175
172	176
172	177
173	174
173	175
173	176
173	177
173	178
174	175
174	176
174	506
174	507
175	176
175	177
175	506
176	177
176	178
177	178
177	179
178	179
179	180
179	181
180	181
180	182
180	183
181	182
181	183
181	184
182	183
182	184
183	184
183	185
184	185
185	186
185	187
186	187
186	188
186	302
187	188
187	189
187	190
187	191
188	189
188	190
188	191
188	192
188	279
189	190
189	191
189	192
189	193
189	277
189	278
190	191
190	192
190	193
190	194
191	192
191	193
191	194
191	195
192	193
192	194
192	195
192	196
192	274
192	275
193	194
193	195
193	196
193	197
194	195
194	196
194	197
194	198
195	196
195	197
195	198
195	199
196	197
196	198
196	199
196	200
196	275
197	198
197	199
197	200
197	201
198	199
198	200
198	201
198	202
199	200
199	201
199	202
199	203
200	201
200	202
200	203
200	204
201	202
201	203
201	204
201	205
202	203
202	204
202	205
202	206
203	204
203	205
203	206
203	207
204	205
204	206
204	207
204	208
205	206
205	207
205	208
205	209
206	207
206	208
206	209
206	210
207	208
207	209
207	210
207	211
208	209
208	210
208	211
208	212
209	210
209	211
209	212
209	213
210	211
210	212
210	213
210	214
210	215
210	217
211	212
211	213
211	214
211	215
212	213
212	214
213	214
213	215
214	215
214	216
215	216
215	217
216	217
216	218
217	218
217	219
218	219
218	220
219	220
219	234
220	221
220	222
220	232
220	233
220	234
220	235
221	222
221	223
221	232
221	233
221	234
222	223
222	224
222	230
222	231
222	232
222	233
222	394
223	224
223	225
223	230
223	231
223	232
223	394
223	395
224	225
224	226
224	229
224	230
224	231
224	394
224	395
224	396
225	226
225	229
225	230
225	231
225	395
225	396
225	399
226	227
226	228
226	229
226	399
227	228
227	229
227	399
227	419
228	229
228	230
228	243
228	244
228	245
229	230
229	231
229	241
229	242
229	243
229	244
230	231
230	232
230	241
230	242
230	243
231	232
231	233
231	240
231	241
231	242
232	233
232	234
232	239
232	240
232	241
233	234
233	237
233	238
233	239
233	240
234	235
234	236
234	237
234	238
234	239
235	236
235	237
236	237
236	238
237	238
237	239
238	239
238	240
239	240
240	241
240	242
241	242
241	243
242	243
242	244
243	244
244	245
244	246
244	247
245	246
245	247
245	421
246	247
246	248
246	421
246	422
247	248
247	249
247	421
247	422
247	423
248	249
248	250
248	422
248	423
248	424
249	250
249	251
249	423
249	424
249	425
250	251
250	252
250	424
250	425
250	426
250	428
251	252
251	253
252	253
252	389
252	426
252	427
252	428
253	254
253	255
253	387
253	388
253	389
253	390
253	427
253	428
254	255
254	256
254	387
254	388
254	389
255	256
255	257
255	269
255	386
255	387
255	388
256	257
256	258
256	385
256	386
256	387
256	388
257	258
257	259
257	263
257	264
257	383
257	385
258	259
258	260
258	263
259	260
259	261
260	261
260	262
260	263
260	344
260	345
261	262
261	263
261	345
261	346
262	263
262	264
262	265
262	266
262	345
262	346
262	347
263	264
263	265
263	266
263	267
263	346
264	265
264	266
264	267
265	266
265	267
266	267
266	268
266	348
267	268
267	269
267	381
267	382
267	383
268	269
268	272
268	381
268	382
268	383
269	270
269	271
269	272
269	273
269	382
269	383
269	384
270	271
270	272
270	273
270	274
271	272
271	273
271	274
272	273
272	274
272	275
272	276
273	274
273	275
273	276
274	275
274	276
275	276
275	277
276	277
276	278
277	278
277	357
278	279
278	280
278	357
278	358
278	359
279	280
279	281
279	358
279	359
280	281
280	282
280	283
280	359
280	379
280	380
281	282
281	283
281	304
281	305
281	359
281	379
281	380
282	283
282	304
282	305
282	306
282	378
282	379
282	380
283	284
283	285
283	305
283	306
283	307
283	378
283	379
283	380
283	381
284	285
284	286
284	306
284	307
284	308
284	378
284	380
284	381
284	382
285	286
285	287
285	292
285	296
285	307
285	308
285	309
285	381
285	382
285	383
285	384
286	287
286	308
286	309
286	310
286	382
286	383
286	384
286	385
287	288
287	289
287	292
287	308
287	309
287	310
287	383
287	384
287	385
288	289
288	290
288	292
288	293
288	310
288	313
288	314
288	315
289	290
289	291
289	292
289	293
289	314
289	315
289	384
289	385
290	291
290	292
290	293
290	294
290	315
290	467
291	292
291	293
291	294
291	295
291	384
292	293
292	294
292	295
292	296
292	384
293	294
293	295
293	296
293	297
293	469
294	295
294	296
294	297
294	298
294	468
294	469
295	296
295	297
295	298
295	299
296	297
296	298
296	299
296	300
296	306
296	308
297	298
297	299
297	300
297	301
297	330
297	469
297	470
298	299
298	300
298	301
298	302
298	470
299	300
299	301
299	302
299	303
299	304
300	301
300	302
300	303
300	304
300	305
300	306
300	334
300	335
301	302
301	303
301	304
302	303
302	304
303	304
303	305
304	305
304	306
305	306
306	307
306	308
306	335
306	336
307	308
307	309
307	335
307	336
307	337
307	338
308	309
308	310
308	336
308	337
308	338
309	310
309	311
309	337
309	338
309	339
309	341
310	311
310	312
310	313
310	337
310	338
310	339
310	340
310	341
311	312
311	313
311	339
311	340
311	341
311	342
312	313
312	340
313	314
313	315
313	316
314	315
314	316
314	323
315	316
315	317
315	318
315	323
316	317
316	318
317	318
317	319
318	319
318	320
318	323
318	479
319	320
319	321
319	322
319	323
319	479
319	480
320	321
320	322
320	323
320	324
321	322
321	323
321	324
321	325
322	323
322	324
322	325
322	326
323	324
323	325
323	326
323	327
324	325
324	326
324	327
324	328
325	326
325	327
325	328
325	329
326	327
326	328
326	329
326	330
326	471
327	328
327	329
327	330
327	331
328	329
328	330
328	331
328	332
329	330
329	331
329	332
329	333
329	471
330	331
330	332
330	333
330	334
330	335
330	470
331	332
331	333
331	334
331	335
331	336
332	333
332	334
333	334
333	335
334	335
334	336
335	336
335	337
336	337
336	338
337	338
337	339
338	339
338	340
338	341
339	340
339	341
340	341
340	342
340	368
340	369
341	342
341	343
341	367
341	368
341	369
342	343
342	344
342	366
342	367
342	368
343	344
343	345
343	365
343	366
343	367
344	345
344	365
344	366
345	346
345	347
345	364
345	365
345	366
346	347
346	348
346	362
346	363
346	364
346	365
347	348
347	349
347	362
347	363
347	364
348	349
348	350
348	361
348	362
348	363
349	350
349	351
349	361
349	362
349	363
350	351
350	352
350	360
350	361
350	362
351	352
351	353
351	360
351	361
352	353
352	354
352	358
352	359
352	360
353	354
353	355
353	356
353	357
353	358
353	359
353	360
354	355
354	356
354	357
355	356
355	357
356	357
356	358
357	358
357	359
358	359
358	360
359	360
359	361
359	379
359	380
360	361
360	362
360	379
361	362
361	377
361	378
361	379
361	380
362	363
362	364
362	377
362	378
362	379
362	380
363	364
363	365
363	376
363	377
363	378
364	365
364	366
364	375
364	376
364	377
365	366
365	374
365	375
365	376
366	367
366	373
366	374
366	375
367	368
367	369
367	371
367	372
367	373
367	374
368	369
368	370
368	371
368	372
368	373
368	374
369	370
369	371
370	371
370	372
371	372
371	373
372	373
372	374
373	374
373	375
374	375
374	376
375	376
376	377
376	378
377	378
377	379
378	379
378	380
378	381
379	380
379	381
380	381
380	382
381	382
381	383
382	383
382	384
383	384
383	385
384	385
384	386
385	386
386	387
387	388
388	389
388	390
389	390
389	391
389	407
389	408
389	428
390	391
390	392
390	393
391	392
391	393
391	394
391	395
391	407
392	393
392	394
392	395
393	394
393	395
394	395
395	396
395	397
396	397
396	398
396	399
397	398
397	399
397	400
398	399
398	400
399	400
399	401
400	401
400	402
400	418
400	419
401	402
401	403
401	417
401	418
401	419
402	403
402	404
402	409
402	410
402	418
403	404
403	405
403	407
403	408
403	409
403	410
404	405
404	406
404	407
404	408
404	409
404	410
405	406
405	407
406	407
406	408
407	408
407	409
408	409
408	410
408	428
408	429
408	430
409	410
409	411
409	424
409	428
409	429
409	430
410	411
410	417
410	429
410	430
411	412
411	413
411	415
411	416
411	417
411	429
411	430
412	413
412	414
412	415
412	416
412	417
413	414
413	415
414	415
414	416
414	457
415	416
415	417
415	423
415	424
415	425
416	417
416	418
416	420
416	422
416	423
416	424
417	418
417	419
417	420
417	422
417	423
417	424
418	419
418	420
419	420
419	421
419	422
420	421
420	422
421	422
421	423
422	423
423	424
423	425
424	425
424	428
424	429
425	426
425	427
425	428
425	429
425	439
425	442
425	443
426	427
426	428
426	429
426	434
426	438
426	439
427	428
427	429
427	434
428	429
428	430
429	430
429	431
429	432
430	431
430	432
431	432
431	433
432	433
432	434
432	460
433	434
433	435
434	435
435	436
435	437
435	438
435	439
436	437
436	438
436	439
436	440
437	438
437	439
437	440
437	441
438	439
438	440
438	441
438	442
439	440
439	441
439	442
439	443
440	441
440	442
440	443
440	444
441	442
441	443
441	444
441	445
441	458
442	443
442	444
442	445
442	446
442	458
443	444
443	445
443	446
443	447
444	445
444	446
444	447
444	448
445	446
445	447
445	448
445	449
445	456
445	457
445	458
446	447
446	448
446	449
446	450
447	448
447	449
447	450
447	451
448	449
448	450
448	451
448	452
448	453
448	454
449	450
449	451
449	452
449	453
449	454
449	455
450	451
450	452
450	453
451	452
451	453
452	453
452	454
453	454
453	455
454	455
454	456
455	456
455	457
456	457
456	458
457	458
457	459
458	459
458	460
459	460
459	461
460	461
460	462
460	463
461	462
461	463
462	463
462	464
462	476
462	477
462	550
463	464
463	465
463	476
463	477
464	465
464	475
464	476
464	477
464	543
464	546
465	466
465	467
465	474
465	475
465	476
466	467
466	468
466	473
466	474
466	475
466	538
466	539
467	468
467	469
467	472
467	473
467	474
468	469
468	470
468	472
468	473
469	470
469	471
469	472
470	471
470	472
471	472
471	473
471	534
471	535
471	536
472	473
472	474
472	534
472	535
472	536
472	537
472	538
473	474
473	475
473	533
473	534
473	535
473	538
474	475
474	532
474	533
474	534
474	538
474	539
474	542
475	476
475	477
475	531
475	532
475	533
475	542
476	477
476	478
476	530
476	531
476	532
476	546
477	478
477	479
477	529
477	530
477	531
478	479
478	480
478	482
478	483
478	529
478	530
479	480
479	481
479	482
479	483
479	530
480	481
480	482
480	483
480	484
480	519
481	482
481	483
481	484
481	485
482	483
482	484
482	485
482	486
483	484
483	485
483	486
483	487
484	485
484	486
484	487
484	488
484	489
484	492
485	486
485	487
485	488
486	487
486	488
487	488
487	489
487	491
488	489
488	490
488	491
488	492
489	490
489	491
489	492
490	491
490	492
491	492
491	493
491	521
491	522
491	523
492	493
492	494
492	519
492	520
492	521
492	522
493	494
493	495
493	519
493	520
493	521
493	522
493	578
494	495
494	496
494	517
494	518
494	519
494	520
494	578
494	579
495	496
495	517
495	518
495	519
495	575
495	576
495	577
495	578
495	579
496	497
496	516
496	517
496	518
496	575
496	577
496	578
496	585
497	498
497	499
497	515
497	516
497	517
497	575
497	577
497	585
497	586
498	499
498	512
498	513
498	514
498	515
498	516
498	585
498	586
498	587
499	500
499	501
499	512
499	514
499	515
499	587
500	501
500	502
500	504
500	511
500	512
500	514
501	502
501	503
501	504
501	568
502	503
502	504
502	505
503	504
503	505
503	506
503	507
504	505
504	506
504	507
504	508
504	509
505	506
505	507
505	508
505	509
506	507
506	508
507	508
507	509
508	509
508	510
509	510
509	511
510	511
510	512
510	513
511	512
511	513
512	513
512	514
512	586
512	587
513	514
513	515
514	515
514	534
514	535
515	516
515	533
515	534
515	535
516	517
516	532
516	533
516	534
517	518
517	519
517	531
517	532
517	533
518	519
518	520
518	528
518	530
518	531
518	532
519	520
519	528
519	529
519	530
519	531
520	521
520	522
520	526
520	527
520	528
520	529
521	522
521	523
521	524
521	526
521	527
521	528
521	529
522	523
522	524
522	525
522	526
523	524
523	525
523	526
524	525
524	526
524	527
525	526
525	527
525	554
526	527
526	528
526	554
526	555
527	528
527	529
527	552
527	553
527	554
527	555
528	529
528	530
528	549
528	553
528	554
528	555
529	530
530	531
530	532
531	532
531	533
532	533
532	534
533	534
533	535
533	538
534	535
534	538
535	536
535	537
535	538
536	537
536	538
537	538
537	539
537	540
537	541
538	539
538	540
538	541
538	542
539	540
539	541
539	542
539	543
540	541
540	542
540	543
541	542
541	543
541	544
541	569
542	543
542	544
542	545
542	546
543	544
543	545
543	546
544	545
544	546
544	547
545	546
545	547
545	548
545	549
546	547
546	548
546	549
546	550
547	548
547	549
547	550
547	551
548	549
548	550
548	551
548	552
548	553
549	550
549	551
549	552
549	553
550	551
550	552
551	552
551	553
552	553
552	554
553	554
553	555
553	557
554	555
554	556
554	557
554	558
555	556
555	557
555	558
555	559
556	557
556	558
556	559
556	560
557	558
557	559
557	560
557	561
558	559
558	560
558	561
558	572
558	573
559	560
559	561
559	573
559	574
560	561
560	562
561	562
561	563
561	573
562	563
562	564
562	573
563	564
563	565
563	570
563	573
564	565
564	566
564	567
564	570
565	566
565	567
565	570
566	567
567	568
567	569
567	570
568	569
568	570
568	571
569	570
569	571
569	572
570	571
570	572
570	573
571	572
571	573
571	574
571	575
572	573
572	574
572	575
573	574
573	575
574	575
574	576
575	576
575	577
576	577
576	578
577	578
577	579
577	583
577	585
578	579
578	580
578	581
579	580
579	581
579	582
580	581
580	582
581	582
581	583
582	583
582	584
583	584
583	585
584	585
584	586
585	586
585	587
586	587
