0	1
0	2
0	4
0	5
1	2
1	3
1	4
1	5
2	3
2	4
2	5
2	8
2	12
3	4
3	5
3	8
3	9
3	11
3	12
3	13
3	14
4	5
4	6
4	8
4	14
5	6
5	7
5	8
6	7
6	8
6	341
6	342
7	8
7	9
7	10
7	342
7	344
8	9
8	10
8	11
8	12
9	10
9	11
9	12
9	13
9	14
10	11
10	12
10	422
11	12
11	13
12	13
12	14
13	14
13	15
14	15
14	16
14	17
15	16
16	17
16	18
17	18
17	19
17	317
18	19
18	20
18	22
18	316
18	317
18	320
19	20
19	21
19	22
19	313
19	316
19	317
19	466
20	21
20	22
20	23
20	316
21	22
21	23
22	23
22	24
23	24
23	25
23	27
23	28
24	25
24	26
24	27
24	28
25	26
25	27
25	28
25	29
26	27
26	28
26	29
26	30
27	28
27	29
27	30
27	31
27	87
28	29
28	30
28	31
28	32
29	30
29	31
29	32
29	33
30	31
30	32
30	33
30	34
31	32
31	33
31	34
31	35
31	90
31	91
31	94
32	33
32	34
32	35
32	36
33	34
33	35
33	36
33	37
34	35
34	36
34	37
34	38
34	91
34	94
34	95
35	36
35	37
35	38
35	39
35	94
36	37
36	38
36	39
36	40
37	38
37	39
37	40
37	41
38	39
38	40
38	41
38	42
38	43
38	95
38	98
39	40
39	41
39	42
39	43
40	41
40	42
40	43
40	44
41	42
41	43
41	44
41	45
42	43
42	44
42	45
42	46
42	98
43	44
43	45
43	46
43	98
44	45
44	46
45	46
45	47
45	48
45	49
46	47
46	48
46	49
46	50
46	99
46	222
47	48
47	49
47	50
47	51
48	49
48	50
48	51
48	52
48	53
49	50
49	51
49	52
49	53
49	54
49	56
49	222
50	51
50	52
50	221
50	222
51	52
51	53
52	53
52	54
53	54
53	55
53	56
54	55
54	56
54	57
54	222
54	223
54	224
55	56
55	57
55	58
56	57
56	58
56	59
56	60
57	58
57	59
57	60
57	61
57	101
58	59
58	60
58	61
58	62
59	60
59	61
59	62
59	63
60	61
60	62
60	63
60	64
61	62
61	63
61	64
61	65
61	135
62	63
62	64
62	65
62	66
62	135
62	136
63	64
63	65
63	66
63	67
64	65
64	66
64	67
64	68
64	69
64	70
65	66
65	67
65	68
65	69
65	70
65	133
65	134
65	135
66	67
66	68
66	134
67	68
67	69
68	69
68	70
68	71
68	72
69	70
69	71
69	72
70	71
70	72
70	109
70	133
70	134
70	135
71	72
71	73
71	74
71	79
71	80
71	81
71	133
71	134
72	73
72	74
72	80
72	81
72	82
72	83
72	88
73	74
73	75
73	80
73	81
73	82
73	83
73	88
74	75
74	76
74	78
74	80
74	81
74	82
74	133
75	76
75	77
75	78
75	79
75	80
75	81
75	82
76	77
76	78
76	79
76	80
76	81
76	82
77	78
77	79
77	80
78	79
78	80
78	126
78	129
78	130
79	80
79	81
79	130
79	133
80	81
80	82
80	133
81	82
81	83
82	83
82	84
83	84
83	85
83	87
84	85
84	86
84	87
84	323
85	86
85	87
85	88
85	89
85	319
85	323
86	87
86	88
86	89
86	90
86	319
86	320
87	88
87	89
87	90
87	91
88	89
88	90
88	91
88	92
89	90
89	91
89	92
89	93
89	261
89	264
90	91
90	92
90	93
90	94
91	92
91	93
91	94
91	95
92	93
92	94
92	95
92	96
92	261
92	264
92	265
93	94
93	95
93	96
93	264
93	265
93	267
93	268
94	95
94	96
94	97
94	268
95	96
95	97
95	98
95	102
96	97
96	98
96	99
96	102
96	265
96	268
96	269
97	98
97	99
97	268
97	269
97	272
98	99
99	100
99	101
99	102
99	220
99	222
100	101
100	102
100	103
100	104
100	220
100	221
100	222
100	223
101	102
101	103
101	104
101	105
101	222
101	223
102	103
102	104
102	105
102	106
103	104
103	105
103	106
103	107
103	223
104	105
104	106
104	107
104	108
104	178
104	179
104	223
105	106
105	107
105	108
105	109
106	107
106	108
106	109
106	110
107	108
107	109
107	110
107	111
107	112
107	140
107	178
108	109
108	110
108	111
108	112
108	113
108	138
108	139
108	140
109	110
109	111
109	112
109	113
110	111
110	112
110	113
110	114
110	254
110	257
110	258
111	112
111	113
111	114
111	115
111	141
111	254
112	113
112	114
112	115
112	139
112	140
112	141
112	187
113	114
113	115
113	116
113	117
113	132
113	139
114	115
114	116
114	117
114	118
114	254
115	116
115	117
115	118
115	119
115	120
115	250
115	254
116	117
116	118
116	119
116	120
116	125
117	118
117	119
117	120
117	125
117	332
118	119
118	120
118	332
119	120
119	121
119	241
119	242
120	121
120	122
120	124
120	125
120	241
120	242
121	122
121	123
121	124
121	125
122	123
122	124
122	125
122	126
123	124
123	125
123	126
123	127
124	125
124	126
124	127
124	128
125	126
125	127
125	128
125	129
126	127
126	128
126	129
126	130
127	128
127	129
127	130
128	129
128	130
128	131
128	132
129	130
129	131
129	132
129	133
130	131
130	132
130	133
130	134
131	132
131	133
131	134
131	135
131	136
131	137
132	133
132	134
132	135
132	136
132	137
132	138
132	139
133	134
133	135
134	135
134	136
135	136
135	137
135	138
136	137
136	138
137	138
137	139
137	183
137	184
138	139
138	140
138	183
138	184
138	185
139	140
139	141
139	183
139	184
139	185
139	186
140	141
140	142
140	177
140	178
140	179
140	180
140	183
140	185
140	186
140	187
141	142
141	143
141	177
141	186
141	187
141	188
142	143
142	144
142	174
142	177
142	186
142	187
142	188
142	189
143	144
143	145
143	152
143	174
143	188
143	189
144	145
144	148
144	149
144	152
144	155
144	174
144	175
145	146
145	147
145	148
145	149
145	155
145	173
145	174
145	175
146	147
146	148
146	175
147	148
147	149
148	149
148	150
148	151
148	152
148	154
148	155
149	150
149	151
149	152
150	151
150	152
150	394
151	152
151	153
151	154
152	153
152	154
152	155
153	154
153	155
153	197
153	248
154	155
154	156
155	156
155	157
155	190
156	157
156	158
156	172
156	190
156	191
157	158
157	159
157	170
157	171
157	172
157	173
157	190
157	191
158	159
158	160
158	170
158	171
158	172
158	190
158	191
158	192
158	193
158	194
159	160
159	161
159	168
159	169
159	170
159	171
159	190
159	191
159	192
159	193
159	194
160	161
160	162
160	168
160	169
160	170
160	192
160	193
161	162
161	163
161	165
161	167
161	168
161	169
162	163
162	164
162	165
162	166
162	167
162	168
162	169
163	164
163	165
164	165
164	166
165	166
165	167
166	167
166	236
166	237
167	168
167	169
167	234
167	235
167	236
167	237
168	169
168	170
168	234
168	235
168	236
168	237
169	170
169	171
169	232
169	233
169	234
169	235
170	171
170	172
170	230
170	231
170	232
170	233
170	234
171	172
171	230
171	231
171	232
171	233
172	173
172	174
172	229
172	230
172	231
173	174
173	175
173	228
173	229
173	230
174	175
174	176
174	177
174	227
174	228
174	229
175	176
175	177
175	227
175	228
176	177
176	178
176	225
176	226
176	227
177	178
177	179
177	180
177	225
177	226
177	227
177	228
178	179
178	180
178	224
178	225
178	226
179	180
179	181
179	182
179	183
179	224
179	225
180	181
180	182
180	183
180	224
180	225
180	226
181	182
181	183
181	224
181	225
181	226
182	183
182	184
183	184
183	185
184	185
184	186
184	203
184	204
185	186
185	187
185	202
185	203
185	204
186	187
186	188
186	201
186	202
186	203
186	204
187	188
187	189
187	199
187	200
187	201
187	202
188	189
188	190
188	199
188	200
188	201
188	202
189	190
189	197
189	198
189	199
189	200
190	191
190	192
190	197
190	198
190	199
191	192
191	193
191	194
191	195
191	196
191	197
191	198
192	193
192	194
192	195
192	196
192	197
193	194
193	195
193	196
194	195
194	196
195	196
195	197
196	197
196	198
196	244
196	245
197	198
197	244
197	245
197	246
197	247
197	248
198	199
198	200
198	243
198	244
198	245
198	246
198	247
199	200
199	201
199	240
199	241
199	242
199	247
200	201
200	202
200	239
200	240
200	241
201	202
201	203
201	239
201	240
201	241
202	203
202	204
202	235
203	204
203	205
203	206
204	205
204	206
205	206
205	207
206	207
206	208
206	209
206	233
207	208
207	209
207	233
208	209
208	210
208	230
208	231
208	232
208	233
209	210
209	229
209	230
209	231
209	233
210	211
210	212
210	228
210	229
210	230
211	212
211	213
211	226
211	227
211	228
211	229
212	213
212	214
212	226
212	227
212	228
213	214
213	215
213	226
214	215
214	216
214	224
214	225
214	226
215	216
215	217
215	225
215	226
216	217
217	218
217	219
217	221
218	219
218	384
219	220
219	221
219	384
219	385
220	221
220	222
220	223
220	385
221	222
221	223
222	223
222	224
223	224
223	225
224	225
224	226
225	226
226	227
226	228
227	228
227	229
228	229
228	230
229	230
229	231
230	231
230	232
230	233
231	232
231	233
232	233
232	234
233	234
233	235
234	235
234	236
235	236
235	237
235	239
236	237
236	238
236	239
237	238
237	239
237	240
238	239
238	240
239	240
239	241
240	241
240	242
241	242
241	243
242	243
242	244
242	247
243	244
243	245
243	246
243	247
244	245
244	246
244	247
245	246
245	247
246	247
246	248
246	249
247	248
247	249
247	250
247	251
248	249
248	250
248	251
248	252
249	250
249	251
249	252
249	253
250	251
250	252
250	253
250	254
251	252
251	253
251	254
251	255
252	253
252	254
252	255
253	254
253	255
253	256
253	336
254	255
254	256
254	257
254	258
255	256
255	257
255	258
255	259
255	393
256	257
256	258
256	259
256	260
256	339
256	340
256	343
256	346
257	258
257	259
257	260
257	261
258	259
258	260
258	261
258	262
258	393
259	260
259	261
259	262
259	263
259	346
259	347
259	350
259	393
260	261
260	262
260	263
260	264
260	315
260	346
260	349
260	350
261	262
261	263
261	264
261	265
262	263
262	264
262	265
262	266
262	350
263	264
263	265
263	266
263	267
263	315
263	349
263	350
263	353
263	354
264	265
264	266
264	267
264	268
264	315
265	266
265	267
265	268
265	269
266	267
266	268
266	269
266	270
266	353
266	354
266	357
267	268
267	269
267	270
267	271
267	308
267	311
267	312
267	353
267	357
268	269
268	270
268	271
268	272
269	270
269	271
269	272
269	273
269	357
270	271
270	272
270	273
270	274
270	308
270	357
270	360
270	361
271	272
271	273
271	274
271	275
271	540
271	541
272	273
272	274
272	275
272	276
273	274
273	275
273	276
273	277
273	360
273	361
273	364
273	379
274	275
274	276
274	277
274	278
274	360
274	364
274	540
274	541
275	276
275	277
275	278
275	279
275	539
275	540
275	541
276	277
276	278
276	279
276	280
276	379
277	278
277	279
277	280
277	281
277	364
277	367
278	279
278	280
278	281
278	282
278	535
278	536
278	539
278	540
279	280
279	281
279	282
279	283
279	539
280	281
280	282
280	283
280	284
280	368
281	282
281	283
281	284
281	290
281	291
281	292
281	367
282	283
282	284
282	290
282	291
282	292
282	536
283	284
283	285
283	290
284	285
284	286
284	290
284	291
285	286
285	287
285	288
285	289
285	290
285	291
286	287
286	288
286	289
286	290
286	291
287	288
287	289
288	289
289	290
289	291
289	293
290	291
290	292
290	293
291	292
291	293
291	294
291	297
292	293
292	294
292	297
292	298
293	294
293	295
293	298
294	295
294	296
294	297
294	298
295	296
295	297
295	298
295	299
296	297
296	298
296	299
296	300
297	298
297	299
297	300
297	301
297	367
298	299
298	300
298	301
298	302
298	528
298	529
298	532
299	300
299	301
299	302
299	303
299	528
299	529
300	301
300	302
300	303
300	304
300	363
301	302
301	303
301	304
301	305
301	532
301	535
302	303
302	304
302	305
302	306
302	528
302	529
302	531
302	532
303	304
303	305
303	306
303	307
303	528
304	305
304	306
304	307
304	308
304	360
305	306
305	307
305	308
305	309
305	477
305	531
305	541
306	307
306	308
306	309
306	310
306	477
306	478
306	480
306	481
307	308
307	309
307	310
307	311
307	356
307	481
308	309
308	310
308	311
308	312
308	356
309	310
309	311
309	312
309	313
309	463
309	477
310	311
310	312
310	313
310	314
310	459
310	460
310	462
310	463
310	478
311	312
311	313
311	314
311	315
311	349
311	352
311	353
311	459
312	313
312	314
312	315
312	316
313	314
313	315
313	316
313	317
313	462
313	463
314	315
314	316
314	317
314	318
314	349
314	458
314	459
314	462
315	316
315	317
315	318
315	319
315	349
316	317
316	318
316	319
316	320
317	318
317	319
317	320
317	321
317	462
318	319
318	320
318	321
318	322
318	345
318	346
319	320
319	321
319	322
319	323
320	321
320	322
320	323
320	324
321	322
321	323
321	324
321	325
322	323
322	324
322	325
322	326
322	338
322	339
322	342
323	324
323	325
323	326
323	327
324	325
324	326
324	327
325	326
325	327
325	338
326	327
326	328
326	329
326	335
326	338
327	328
327	329
328	329
328	330
329	330
329	331
329	334
329	335
330	331
330	332
330	334
330	335
331	332
331	333
331	334
331	335
332	333
332	334
332	335
332	336
333	334
333	335
333	336
333	337
334	335
334	336
334	337
334	338
335	336
335	337
335	338
335	339
336	337
336	338
336	339
336	340
337	338
337	339
337	340
337	341
338	339
338	340
338	341
339	340
339	341
339	342
339	343
340	341
340	342
340	343
341	342
341	343
342	343
342	344
342	345
342	346
343	344
343	345
343	346
343	347
344	345
344	346
344	347
344	348
344	403
345	346
345	347
345	348
345	349
346	347
346	348
346	349
346	350
347	348
347	349
347	350
347	351
347	399
347	403
348	349
348	350
348	351
348	352
348	403
348	455
349	350
349	351
349	352
349	353
350	351
350	352
350	353
350	354
351	352
351	353
351	354
351	355
351	396
351	399
352	353
352	354
352	355
352	356
352	455
353	354
353	355
353	356
353	357
354	355
354	356
354	357
354	358
354	389
354	390
355	356
355	357
355	358
355	359
356	357
356	358
356	359
356	360
357	358
357	359
357	360
357	361
357	386
358	359
358	360
358	361
358	362
358	386
359	360
359	361
359	362
359	363
360	361
360	362
360	363
360	364
361	362
361	363
361	364
361	365
361	379
361	382
361	383
362	363
362	364
362	365
362	366
362	383
363	364
363	365
363	366
363	367
364	365
364	366
364	367
364	368
364	379
365	366
365	367
365	368
365	369
365	372
365	373
365	379
365	380
366	367
366	368
366	369
366	372
367	368
367	369
368	369
368	370
368	371
368	372
369	370
369	371
369	372
370	371
370	372
370	373
371	372
371	373
371	374
371	377
372	373
372	374
372	377
372	379
372	380
373	374
373	375
373	380
374	375
374	376
374	377
374	380
375	376
375	377
375	380
375	381
376	377
376	378
377	378
377	379
377	380
378	379
378	380
378	381
378	382
379	380
379	381
379	382
379	383
380	381
380	382
380	383
380	384
381	382
381	383
381	384
381	385
382	383
382	384
382	385
382	386
383	384
383	385
383	386
383	387
384	385
384	386
384	387
385	386
385	387
385	388
386	387
386	388
386	389
387	388
387	389
387	390
388	389
388	390
388	391
388	392
389	390
389	391
389	392
390	391
390	392
390	395
390	396
391	392
391	393
391	394
391	395
391	396
392	393
392	394
392	395
393	394
393	395
394	395
394	396
394	398
394	399
395	396
395	397
395	398
395	399
396	397
396	398
396	399
396	400
397	398
397	399
397	400
397	401
398	399
398	400
398	401
398	402
399	400
399	401
399	402
399	403
400	401
400	402
400	403
400	448
400	451
401	402
401	403
401	404
401	405
401	444
401	447
401	448
402	403
402	404
402	405
403	404
403	405
403	406
403	451
404	405
404	406
404	407
404	408
404	447
404	450
404	451
405	406
405	407
405	408
405	410
406	407
406	408
406	409
406	410
407	408
407	409
407	410
408	409
408	410
408	433
409	410
411	412
411	413
412	413
412	414
412	415
412	416
413	414
413	415
413	416
413	417
414	415
414	416
414	417
414	418
415	416
415	417
415	418
415	419
416	417
416	418
416	419
416	420
417	418
417	419
417	420
417	421
418	419
418	420
418	421
418	422
418	457
418	460
418	461
419	420
419	421
419	422
419	423
420	421
420	422
420	423
420	424
420	516
420	517
421	422
421	423
421	424
421	425
421	453
421	457
421	516
421	517
422	423
422	424
422	425
422	426
422	454
422	457
423	424
423	425
423	426
423	427
424	425
424	426
424	427
424	428
424	513
424	516
425	426
425	427
425	428
425	429
425	450
425	453
425	454
426	427
426	428
426	429
426	430
427	428
427	429
427	430
427	431
428	429
428	430
428	431
428	432
428	450
428	497
429	430
429	431
429	432
429	433
429	450
430	431
430	432
430	433
430	434
431	432
431	433
431	434
431	435
431	500
432	433
432	434
432	435
432	436
432	440
432	500
433	434
433	435
433	436
433	437
433	440
434	435
434	436
434	437
435	436
435	437
435	500
436	437
436	438
436	439
436	440
437	438
437	439
437	440
438	439
438	440
439	440
439	441
439	442
440	441
440	442
440	443
441	442
441	443
441	444
442	443
442	444
443	444
443	445
443	446
443	447
444	445
444	446
444	447
444	448
445	446
445	447
445	448
445	449
446	447
446	448
446	449
446	450
446	496
447	448
447	449
447	450
447	451
448	449
448	450
448	451
448	452
449	450
449	451
449	452
449	453
449	492
449	493
450	451
450	452
450	453
450	454
451	452
451	453
451	454
451	455
452	453
452	454
452	455
452	456
453	454
453	455
453	456
453	457
453	489
454	455
454	456
454	457
454	458
455	456
455	457
455	458
455	459
456	457
456	458
456	459
456	460
456	485
457	458
457	459
457	460
457	461
458	459
458	460
458	461
458	462
459	460
459	461
459	462
459	463
460	461
460	462
460	463
460	464
460	478
460	481
460	482
461	462
461	463
461	464
461	465
462	463
462	464
462	465
462	466
463	464
463	465
463	466
463	467
463	478
464	465
464	466
464	467
464	468
464	475
464	478
465	466
465	467
465	468
465	469
466	467
466	468
466	469
466	470
467	468
467	469
467	470
467	471
467	474
467	475
467	478
468	469
468	470
468	471
468	475
469	470
469	471
470	471
470	472
470	474
471	472
471	473
471	474
471	475
472	473
472	474
472	475
473	474
473	475
473	476
473	477
474	475
474	476
474	477
474	478
475	476
475	477
475	478
475	479
476	477
476	478
476	479
476	480
476	527
477	478
477	479
477	480
477	481
478	479
478	480
478	481
478	482
479	480
479	481
479	482
479	483
480	481
480	482
480	483
480	484
480	524
480	527
481	482
481	483
481	484
481	485
482	483
482	484
482	485
482	486
483	484
483	485
483	486
483	487
483	522
484	485
484	486
484	487
484	488
485	486
485	487
485	488
485	489
486	487
486	488
486	489
486	490
486	517
487	488
487	489
487	490
487	491
488	489
488	490
488	491
488	492
489	490
489	491
489	492
489	493
490	491
490	492
490	493
490	494
490	513
490	514
490	517
491	492
491	493
491	494
491	495
492	493
492	494
492	495
492	496
493	494
493	495
493	496
493	497
494	495
494	496
494	497
494	498
495	496
495	497
495	498
496	497
496	498
496	499
497	498
497	499
497	500
497	501
498	499
498	500
498	501
498	502
499	500
499	501
500	501
501	502
501	506
502	503
502	504
502	505
502	506
503	504
503	505
503	506
504	505
504	506
504	507
505	506
505	507
505	508
505	509
506	507
506	508
506	509
506	510
507	508
507	509
507	510
507	511
508	509
508	510
508	511
508	512
509	510
509	511
509	512
509	513
510	511
510	512
510	513
510	514
511	512
511	513
511	514
511	515
512	513
512	514
512	515
512	516
513	514
513	515
513	516
513	517
514	515
514	516
514	517
514	518
515	516
515	517
515	518
516	517
516	518
517	518
517	519
518	519
519	520
519	521
520	521
520	522
521	522
521	523
522	523
522	524
523	524
523	525
523	526
523	527
524	525
524	526
524	527
524	528
525	526
525	527
525	528
525	529
526	527
526	528
526	529
526	530
527	528
527	529
527	530
527	531
528	529
528	530
528	531
528	532
529	530
529	531
529	532
529	533
530	531
530	532
530	533
530	534
531	532
531	533
531	534
531	535
532	533
532	534
532	535
532	536
533	534
533	535
533	536
533	537
534	535
534	536
534	537
534	538
534	542
535	536
535	537
535	538
535	539
535	540
535	541
535	542
536	537
536	538
536	539
536	540
537	538
537	539
538	539
538	540
538	541
538	542
539	540
540	541
540	542
541	542
541	543
542	543
542	544
543	544
543	545
544	545
