0	1
0	2
0	60
0	61
0	62
1	2
1	3
1	25
1	26
1	27
1	60
1	61
1	62
2	3
2	61
2	62
2	66
3	4
3	5
3	26
3	27
3	61
3	65
3	66
3	67
4	5
4	6
4	26
4	27
4	28
4	61
4	66
4	67
4	68
5	6
5	7
5	12
5	16
5	27
5	28
5	29
5	67
5	68
5	69
6	7
6	8
6	28
6	29
6	30
6	68
6	69
6	70
6	71
7	8
7	9
7	12
7	29
7	30
7	69
7	70
7	71
8	9
8	10
8	12
8	13
8	30
8	35
8	36
9	10
9	11
9	12
9	13
10	11
10	12
10	13
10	14
10	128
11	12
11	13
11	14
11	15
11	70
11	128
11	131
12	13
12	14
12	15
12	16
12	70
13	14
13	15
13	16
13	17
14	15
14	16
14	17
14	18
14	128
14	131
14	132
15	16
15	17
15	18
15	19
15	131
15	132
16	17
16	18
16	19
16	20
16	26
17	18
17	19
17	20
17	21
17	132
18	19
18	20
18	21
18	22
18	132
18	133
18	156
19	20
19	21
19	22
19	24
19	156
20	21
20	22
20	23
20	24
20	25
20	26
20	46
20	47
21	22
21	23
22	23
22	24
22	155
23	24
23	25
24	25
24	26
25	26
25	27
25	47
25	48
26	27
26	28
26	47
26	48
26	49
27	28
27	29
27	48
27	49
27	50
27	57
27	60
28	29
28	48
28	49
28	50
28	51
29	30
29	36
29	50
29	51
29	52
29	57
30	31
30	32
30	33
30	36
31	32
31	33
32	33
32	34
32	35
33	34
33	35
33	36
33	37
33	52
34	35
34	36
34	37
34	38
35	36
35	37
35	38
35	39
36	37
36	38
36	39
36	40
36	50
37	38
37	39
37	40
37	41
38	39
38	40
38	41
38	42
39	40
39	41
39	42
39	43
40	41
40	42
40	43
40	44
41	42
41	43
41	44
42	43
42	44
43	44
43	45
43	46
44	45
44	46
45	46
45	47
46	47
46	48
47	48
47	49
48	49
48	50
49	50
49	51
50	51
50	52
51	52
51	53
51	56
51	57
52	53
52	54
53	54
53	55
53	56
53	57
54	55
54	56
54	57
54	58
54	84
55	56
55	57
55	58
55	59
55	87
56	57
56	58
56	59
56	60
57	58
57	59
57	60
58	59
58	60
58	61
58	87
59	60
59	61
60	61
60	62
61	62
61	63
61	65
62	63
62	64
62	65
63	64
63	65
63	92
64	65
64	66
64	91
64	92
64	93
65	66
65	67
65	92
65	93
66	67
66	68
66	92
66	93
66	94
67	68
67	69
67	93
67	94
67	95
68	69
68	70
68	94
68	95
68	96
68	97
69	70
69	71
69	94
69	95
69	96
69	97
70	71
70	72
70	96
70	97
70	98
71	72
71	73
71	76
71	77
71	98
72	73
72	74
72	76
72	77
72	98
73	74
73	75
73	76
73	77
73	98
73	99
73	100
74	75
74	76
74	77
75	76
75	77
75	78
75	79
76	77
76	78
76	79
76	80
77	78
77	79
77	80
77	81
78	79
78	80
78	81
78	82
79	80
79	81
79	82
79	83
80	81
80	82
80	83
80	84
81	82
81	83
81	84
81	85
82	83
82	84
82	85
83	84
83	85
83	86
84	85
84	86
84	87
84	88
85	86
85	87
85	88
86	87
86	88
87	88
87	89
88	89
88	90
88	92
89	90
89	91
89	92
90	91
90	92
90	116
90	117
91	92
91	93
91	116
91	117
91	118
92	93
92	94
92	117
92	118
93	94
93	95
93	117
93	118
93	119
93	145
94	95
94	96
94	118
94	119
94	120
95	96
95	97
95	119
95	120
95	121
95	122
96	97
96	98
96	120
96	121
96	122
97	98
97	99
97	121
97	122
97	123
97	124
98	99
98	100
98	123
99	100
99	101
99	123
100	101
100	102
100	177
101	102
101	103
101	104
101	105
101	177
102	103
102	104
102	105
102	106
102	174
102	177
102	178
103	104
103	105
103	106
103	107
103	174
104	105
104	106
104	107
104	108
105	106
105	107
105	108
105	109
105	121
105	173
105	174
106	107
106	108
106	109
106	110
106	173
106	174
107	108
107	109
107	110
107	111
108	109
108	110
108	111
108	112
109	110
109	111
109	112
109	113
109	118
109	119
109	173
110	111
110	112
110	113
110	114
111	112
111	113
111	114
111	115
112	113
112	114
112	115
112	116
112	117
112	118
112	119
113	114
113	115
113	116
113	117
113	118
114	115
114	116
115	116
115	117
116	117
116	118
117	118
117	119
118	119
118	120
118	142
118	145
119	120
119	121
119	141
119	142
120	121
120	122
120	139
120	140
120	141
120	142
121	122
121	123
121	139
121	140
121	141
121	174
121	176
121	177
122	123
122	124
122	137
122	138
122	139
122	140
122	176
122	177
123	124
123	125
123	137
123	138
123	139
123	176
123	177
123	180
124	125
124	126
124	135
124	136
124	137
124	138
125	126
125	127
125	135
125	136
125	137
125	360
125	361
125	362
126	127
126	128
126	129
126	130
126	131
126	135
126	136
126	360
126	361
126	362
127	128
127	129
127	130
127	131
128	129
128	130
128	131
128	132
129	130
129	131
129	132
129	133
130	131
130	132
130	133
130	134
130	135
130	360
131	132
131	133
131	134
131	135
132	133
132	134
133	134
133	135
134	135
134	136
134	156
134	157
134	158
134	360
135	136
135	137
135	157
135	158
135	360
135	361
136	137
136	138
136	157
136	158
136	166
136	167
136	356
136	357
136	359
136	360
136	361
137	138
137	139
137	157
137	166
137	167
138	139
138	140
138	167
138	168
138	170
138	176
138	179
138	180
139	140
139	141
139	169
139	170
139	176
140	141
140	142
140	169
140	170
140	171
140	172
140	173
140	174
140	175
140	176
141	142
141	143
141	171
141	172
141	173
141	174
142	143
142	144
142	145
142	146
142	172
142	173
143	144
143	145
143	146
143	147
143	169
144	145
144	146
144	147
144	148
145	146
145	147
145	148
145	149
146	147
146	148
146	149
146	150
146	169
147	148
147	149
147	150
148	149
148	150
149	150
149	151
149	152
149	153
150	151
150	152
150	153
150	154
151	152
151	153
151	154
151	155
152	153
152	154
152	155
152	156
153	154
153	155
153	156
153	157
154	155
154	156
154	157
154	165
154	167
155	156
155	157
156	157
156	158
157	158
157	159
157	165
157	166
157	167
158	159
158	160
158	165
158	166
158	359
158	360
159	160
159	161
159	163
159	164
159	165
159	166
159	359
160	161
160	162
160	163
160	164
160	165
160	166
160	358
160	359
161	162
161	163
162	163
162	164
163	164
163	165
164	165
164	166
165	166
165	167
166	167
166	168
166	355
166	356
166	357
166	359
167	168
167	356
168	169
168	170
169	170
169	171
170	171
170	175
170	176
170	348
171	172
171	173
171	175
171	176
171	346
171	348
172	173
172	174
172	175
172	346
173	174
173	175
174	175
174	176
174	177
174	178
175	176
175	177
175	178
175	179
175	346
176	177
176	178
176	179
176	180
177	178
177	179
177	180
177	181
178	179
178	180
178	181
178	182
179	180
179	181
179	182
179	183
180	181
180	182
180	183
180	184
181	182
181	183
181	184
181	185
181	262
181	263
182	183
182	184
182	185
182	186
182	263
182	333
183	184
183	185
183	186
183	187
184	185
184	186
184	187
184	188
185	186
185	187
185	188
185	189
185	260
185	263
185	277
186	187
186	188
186	189
186	190
186	277
186	330
186	333
187	188
187	189
187	190
187	191
187	362
187	363
188	189
188	190
188	191
188	192
188	277
188	280
188	281
189	190
189	191
189	192
189	193
189	276
189	277
189	280
189	329
190	191
190	192
190	193
190	194
190	326
191	192
191	193
191	194
191	195
192	193
192	194
192	195
192	196
192	280
193	194
193	195
193	196
193	197
193	322
193	417
194	195
194	196
194	197
194	198
195	196
195	197
195	198
195	199
196	197
196	198
196	199
196	200
196	415
197	198
197	199
197	200
197	201
197	318
197	322
198	199
198	200
198	201
198	202
199	200
199	201
199	202
199	203
200	201
200	202
200	203
200	204
201	202
201	203
201	204
201	205
201	206
201	207
202	203
202	204
202	205
202	206
202	207
203	204
203	205
203	206
203	305
204	205
204	206
204	305
204	308
205	206
205	207
205	308
206	207
206	208
207	208
207	209
207	211
207	212
208	209
208	210
208	211
208	212
209	210
209	211
209	212
209	213
209	236
209	237
210	211
210	212
210	213
210	214
210	236
210	237
211	212
211	213
211	214
211	215
212	213
212	214
212	215
212	216
212	236
213	214
213	215
213	216
213	217
213	233
213	236
213	237
214	215
214	216
214	217
214	218
215	216
215	217
215	218
215	219
216	217
216	218
216	219
216	220
216	229
216	233
217	218
217	219
217	220
217	221
217	233
218	219
218	220
218	221
219	220
219	221
219	222
219	224
219	225
220	221
220	222
220	224
220	225
220	226
220	229
220	230
221	222
221	225
222	223
222	224
222	225
223	224
223	225
223	367
224	225
224	226
224	323
225	226
225	229
225	365
225	366
226	227
226	228
226	229
226	230
226	364
226	365
226	366
227	228
227	229
227	230
227	231
227	362
227	363
227	364
227	365
228	229
228	230
228	231
228	232
228	363
229	230
229	231
229	232
229	233
230	231
230	232
230	233
230	234
231	232
231	233
231	234
231	235
232	233
232	234
232	235
232	236
233	234
233	235
233	236
233	237
234	235
234	236
234	237
234	238
235	236
235	237
235	238
235	247
236	237
236	238
236	247
237	238
237	239
238	239
238	240
238	245
238	246
239	240
239	241
239	243
239	244
239	245
239	246
240	241
240	242
240	243
240	244
240	245
240	246
241	242
241	243
242	243
242	244
243	244
243	245
244	245
244	246
245	246
245	247
245	248
246	247
246	248
246	249
246	250
247	248
247	249
247	250
248	249
248	250
249	250
249	251
250	251
250	252
251	252
251	253
252	253
252	254
252	287
253	254
253	255
253	287
253	288
253	290
254	255
254	256
254	284
254	287
254	288
255	256
255	257
255	284
256	257
256	258
256	259
256	260
257	258
257	259
258	259
258	260
258	261
259	260
259	261
259	262
260	261
260	262
260	281
261	262
261	263
261	264
261	265
261	281
262	263
262	264
262	265
262	266
263	264
263	265
263	266
263	267
264	265
264	266
264	267
264	268
264	274
264	278
265	266
265	267
265	268
265	269
266	267
266	268
266	269
266	270
267	268
267	269
267	270
267	271
267	272
267	273
267	274
267	336
268	269
268	270
268	271
268	272
269	270
269	271
270	271
270	272
270	339
271	272
271	273
272	273
272	274
272	336
273	274
273	275
274	275
274	276
274	277
274	278
274	332
274	333
275	276
275	277
275	278
275	279
275	420
276	277
276	278
276	279
276	280
276	329
276	417
276	420
276	421
277	278
277	279
277	280
277	281
277	329
278	279
278	280
278	281
278	282
279	280
279	281
279	282
279	283
279	416
279	417
280	281
280	282
280	283
280	284
280	417
281	282
281	283
281	284
281	285
282	283
282	284
282	285
282	286
283	284
283	285
283	286
283	287
284	285
284	286
284	287
284	288
285	286
285	287
285	288
285	289
286	287
286	288
286	289
287	288
287	289
287	290
288	289
288	290
289	290
289	291
289	292
289	293
290	291
290	292
290	293
290	294
291	292
291	293
291	294
291	295
292	293
292	294
292	295
292	296
293	294
293	295
293	296
293	297
294	295
294	296
294	297
294	298
295	296
295	297
295	298
295	299
296	297
296	298
296	299
296	300
297	298
297	299
297	300
298	299
298	300
299	300
299	301
300	301
300	302
301	302
302	303
302	304
302	412
303	304
303	305
303	411
303	412
304	305
304	306
304	411
304	412
305	306
305	307
305	411
305	412
306	307
306	308
306	410
306	411
307	308
307	309
308	309
308	310
308	314
309	310
309	311
309	314
310	311
310	312
310	313
310	314
311	312
311	313
311	314
311	315
312	313
312	314
312	315
312	316
313	314
313	315
313	316
313	317
314	315
314	316
314	317
314	318
315	316
315	317
315	318
315	319
316	317
316	318
316	319
316	320
317	318
317	319
317	320
317	321
317	400
317	401
317	404
318	319
318	320
318	321
318	322
318	404
319	320
319	321
319	322
319	323
320	321
320	322
320	323
320	324
320	397
320	400
320	401
321	322
321	323
321	324
321	325
321	397
321	400
321	401
322	323
322	324
322	325
322	326
323	324
323	325
323	326
323	327
324	325
324	326
324	327
324	328
324	394
324	397
325	326
325	327
325	328
325	329
325	418
325	421
326	327
326	328
326	329
326	330
327	328
327	329
327	330
327	331
328	329
328	330
328	331
328	332
328	421
329	330
329	331
329	332
329	333
330	331
330	332
330	333
330	334
331	332
331	333
331	334
331	335
331	383
331	384
331	385
332	333
332	334
332	335
332	336
333	334
333	335
333	336
333	337
334	335
334	336
334	337
334	338
335	336
335	337
335	338
335	339
335	382
335	383
336	337
336	338
336	339
336	340
337	338
337	339
337	340
337	341
338	339
338	340
338	341
338	342
339	340
339	341
339	342
339	343
340	341
340	342
340	343
340	344
341	342
341	343
341	344
341	345
341	346
341	347
341	348
342	343
342	344
342	345
342	346
343	344
343	345
344	345
344	346
345	346
345	347
346	347
346	348
347	348
347	349
348	349
348	350
349	350
349	351
349	352
349	353
350	351
350	352
350	353
350	354
350	375
351	352
351	353
351	354
351	355
351	372
351	375
351	376
352	353
352	354
352	355
352	356
353	354
353	355
353	356
353	357
354	355
354	356
354	357
354	358
354	368
354	371
354	372
355	356
355	357
355	358
355	368
355	369
355	372
356	357
356	358
356	359
357	358
357	359
357	361
357	363
357	364
357	368
358	359
358	364
358	365
358	366
358	368
358	369
359	360
359	361
359	364
360	361
360	362
360	364
361	362
361	363
361	364
362	363
362	364
363	364
363	365
364	365
365	366
365	367
365	368
366	367
366	368
366	369
367	368
367	369
367	370
367	371
368	369
368	370
368	371
368	372
369	370
369	371
369	372
369	373
370	371
370	372
370	373
370	374
371	372
371	373
371	374
371	375
372	373
372	374
372	375
372	376
373	374
373	375
373	376
373	377
374	375
374	376
374	377
374	378
374	387
375	376
375	377
375	378
375	379
375	381
376	377
376	378
376	379
377	378
377	379
378	379
378	380
378	381
379	380
379	381
380	381
380	382
381	382
381	383
381	384
382	383
382	384
383	384
383	385
383	386
384	385
384	386
384	387
384	390
385	386
385	387
385	390
385	391
386	387
386	388
386	390
386	391
387	388
387	389
387	390
387	391
388	389
388	390
388	391
388	392
389	390
389	391
389	392
389	393
390	391
390	392
390	393
390	394
391	392
391	393
391	394
391	395
392	393
392	394
392	395
392	396
393	394
393	395
393	396
393	397
394	395
394	396
394	397
394	398
395	396
395	397
395	398
396	397
396	398
397	398
397	399
397	400
397	401
398	399
398	400
398	401
398	402
399	400
399	401
399	402
399	403
400	401
400	402
400	403
400	404
401	402
401	403
401	404
401	405
402	403
402	404
402	405
402	406
403	404
403	405
403	406
403	407
404	405
404	406
404	407
404	408
405	406
405	407
405	408
405	409
405	415
405	418
405	419
406	407
406	408
406	409
406	410
407	408
407	409
407	410
407	411
408	409
408	410
408	411
408	412
408	413
408	414
408	415
409	410
409	411
409	412
409	413
410	411
410	412
411	412
411	413
412	413
412	414
413	414
413	415
414	415
414	416
415	416
415	417
415	418
415	419
416	417
416	418
416	419
416	420
417	418
417	419
417	420
417	421
418	419
418	420
418	421
418	422
419	420
419	421
419	422
419	423
420	421
420	422
420	423
420	424
421	422
421	423
421	424
421	425
422	423
422	424
422	425
422	426
423	424
423	425
423	426
423	427
424	425
424	426
424	427
424	428
425	426
425	427
425	428
425	429
426	427
426	428
426	429
426	430
427	428
427	429
427	430
428	429
428	430
429	430
429	431
430	431
430	432
430	433
431	432
431	433
432	433
432	434
433	434
433	435
433	436
434	435
434	436
434	437
435	436
435	437
435	438
435	439
436	437
436	438
436	439
436	440
437	438
437	439
437	440
437	441
438	439
438	440
438	441
438	442
439	440
439	441
439	442
439	443
439	450
440	441
440	442
440	443
440	444
441	442
441	443
441	444
441	445
442	443
442	444
442	445
442	446
442	447
442	448
443	444
443	445
443	446
443	447
443	448
443	449
443	450
443	460
444	445
444	446
444	447
444	463
445	446
445	447
446	447
446	448
447	448
447	449
447	460
448	449
448	450
449	450
449	458
449	459
449	460
450	451
450	452
450	458
450	459
450	460
451	452
451	453
451	457
451	458
451	459
452	453
452	454
452	455
452	456
453	454
453	455
454	455
455	456
455	457
456	457
457	458
457	459
458	459
459	460
459	461
460	461
460	462
461	462
461	463
462	463
