0	1
0	2
0	8
0	9
1	2
1	3
1	7
1	8
1	9
2	3
2	4
2	5
2	6
2	7
2	8
2	9
3	4
3	5
4	5
4	278
5	6
5	7
5	278
5	296
6	7
6	8
7	8
7	9
8	9
8	10
9	10
9	11
10	11
10	12
10	82
10	83
10	84
10	170
10	173
10	174
11	12
11	13
11	56
11	57
11	58
11	59
11	82
11	83
11	84
11	85
12	13
12	14
12	57
12	58
12	59
12	83
12	84
12	85
12	86
13	14
13	15
13	58
13	59
13	60
13	78
13	83
13	85
13	86
13	87
14	15
14	16
14	37
14	59
14	60
14	61
14	86
14	87
14	88
15	16
15	17
15	60
15	61
15	87
15	88
15	89
16	17
16	18
16	33
16	34
16	37
16	61
16	64
16	65
16	88
16	89
16	90
17	18
17	64
17	65
17	66
17	88
17	89
17	90
17	94
17	99
18	19
18	20
18	26
18	64
18	65
18	66
18	90
18	92
18	93
18	94
19	20
19	21
19	26
19	66
19	92
19	93
19	94
19	95
20	21
20	22
20	26
20	66
20	67
21	22
21	23
21	25
21	26
22	23
22	24
22	25
22	26
22	27
23	24
23	25
24	25
24	26
24	27
24	28
25	26
25	27
25	28
25	29
26	27
26	28
26	29
26	30
27	28
27	29
27	30
28	29
28	30
29	30
29	31
29	32
29	33
30	31
30	32
30	33
30	34
30	64
31	32
31	33
31	34
31	35
32	33
32	34
32	35
32	36
32	150
33	34
33	35
33	36
33	37
33	90
33	91
34	35
34	36
34	37
34	38
35	36
35	37
35	38
35	39
35	152
36	37
36	38
36	39
36	40
36	89
36	152
37	38
37	39
37	40
37	41
37	60
37	89
38	39
38	40
38	41
38	42
39	40
39	41
39	42
39	43
39	152
40	41
40	42
40	43
40	44
41	42
41	43
41	44
41	45
41	58
42	43
42	44
42	45
42	46
43	44
43	45
43	46
43	47
44	45
44	46
44	47
44	48
44	163
45	46
45	47
45	48
45	55
45	56
45	57
46	47
46	48
46	55
47	48
47	49
48	49
48	55
48	56
48	167
49	50
49	51
49	53
49	54
49	55
49	56
50	51
50	52
50	53
50	54
50	55
50	56
51	52
51	53
51	357
52	53
52	54
52	333
53	54
53	55
53	419
54	55
54	56
55	56
55	57
56	57
56	58
57	58
57	59
58	59
58	60
59	60
59	61
60	61
60	62
61	62
61	63
61	64
61	74
62	63
63	64
63	65
64	65
64	66
65	66
65	67
65	70
65	71
65	99
66	67
66	70
66	94
66	95
66	99
67	68
67	69
67	70
67	71
67	95
67	98
67	99
68	69
68	70
68	71
68	72
68	98
68	99
69	70
69	71
69	72
69	73
70	71
70	72
70	73
70	74
71	72
71	73
71	74
71	75
71	99
72	73
72	74
72	75
72	76
73	74
73	75
73	76
73	77
74	75
74	76
74	77
74	78
75	76
75	77
75	78
75	79
76	77
76	78
76	79
76	80
77	78
77	79
77	80
77	81
78	79
78	80
78	81
78	82
78	83
79	80
79	81
79	82
79	83
80	81
80	82
81	82
81	83
82	83
82	84
83	84
83	85
84	85
84	86
84	106
84	173
85	86
85	106
85	107
85	108
85	169
85	170
86	87
86	88
86	106
86	107
86	108
86	109
87	88
87	89
87	108
87	109
87	110
88	89
88	90
88	109
88	110
88	111
89	90
89	110
89	111
89	112
90	91
90	92
90	111
90	112
90	113
90	120
91	92
91	112
91	113
91	115
91	118
91	120
92	93
92	94
92	118
92	119
92	120
92	123
93	94
93	95
93	118
93	119
93	120
93	122
93	123
94	95
94	96
94	123
95	96
95	97
95	98
95	99
96	97
96	98
96	99
96	100
96	123
96	126
96	127
96	130
97	98
97	99
97	100
97	127
97	130
98	99
98	100
99	100
99	101
100	101
100	102
101	102
101	103
102	103
102	104
103	104
103	105
103	106
104	105
104	106
104	136
105	106
105	107
106	107
106	108
107	108
107	169
107	548
108	109
108	138
108	139
109	110
109	111
109	138
109	139
109	140
110	111
110	112
110	124
110	139
110	140
110	141
111	112
111	113
111	124
111	140
111	141
111	142
112	113
112	114
112	120
112	121
112	124
112	141
112	142
113	114
113	115
113	120
113	121
113	142
114	115
114	116
114	120
114	121
114	142
114	143
114	145
114	146
114	147
115	116
115	117
115	118
115	120
115	146
115	147
115	148
115	149
116	117
116	118
116	119
117	118
117	149
118	119
118	120
119	120
119	121
119	122
119	123
120	121
120	122
120	123
120	124
121	122
121	123
121	124
121	125
122	123
122	124
122	125
122	126
123	124
123	125
123	126
123	127
124	125
124	126
124	127
124	128
124	140
125	126
125	127
125	128
125	129
126	127
126	128
126	129
126	130
127	128
127	129
127	130
127	131
128	129
128	130
128	131
128	132
128	138
128	567
129	130
129	131
129	132
129	133
130	131
130	132
130	133
130	134
131	132
131	133
131	134
131	135
131	136
131	137
131	138
132	133
132	134
132	135
132	136
132	137
132	568
133	134
133	135
134	135
134	136
135	136
135	137
135	588
136	137
136	138
137	138
137	139
137	566
137	567
137	568
138	139
138	140
138	566
138	567
139	140
139	141
139	565
139	566
139	567
140	141
140	142
140	566
140	567
141	142
141	143
141	158
141	161
142	143
142	144
142	158
143	144
143	145
143	155
143	157
143	158
144	145
144	146
145	146
145	147
146	147
146	148
147	148
147	149
147	151
148	149
148	150
148	151
149	150
149	151
150	151
150	152
151	152
151	153
152	153
152	154
153	154
153	155
154	155
154	156
154	158
154	159
155	156
155	157
155	158
155	159
156	157
156	158
156	159
156	160
157	158
157	159
157	160
157	161
158	159
158	160
158	161
158	162
159	160
159	161
159	162
159	163
160	161
160	162
160	163
160	164
161	162
161	163
161	164
161	165
162	163
162	164
162	165
162	166
163	164
163	165
163	166
163	167
164	165
164	166
164	167
164	168
164	541
165	166
165	167
165	168
165	169
165	544
166	167
166	168
166	169
166	170
167	168
167	169
167	170
167	171
167	355
168	169
168	170
168	171
168	172
168	355
168	541
168	544
168	545
169	170
169	171
169	172
169	173
169	545
170	171
170	172
170	173
170	174
171	172
171	173
171	174
171	175
171	354
171	355
172	173
172	174
172	175
173	174
173	175
173	176
174	175
174	176
175	176
175	177
175	178
175	204
175	205
175	206
176	177
176	178
176	204
176	205
176	206
177	178
177	179
177	205
177	206
177	207
178	179
178	206
178	207
178	296
178	297
178	298
179	180
179	181
179	206
179	207
179	208
179	209
179	295
179	296
179	297
179	298
179	299
180	181
180	182
180	207
180	208
180	209
180	297
180	298
180	299
180	300
181	182
181	183
181	208
181	209
181	210
181	297
181	299
181	300
181	301
182	183
182	184
182	209
182	210
182	211
182	300
182	301
182	302
182	341
183	184
183	185
183	210
183	211
183	212
183	213
183	301
183	302
183	303
183	341
184	185
184	211
184	212
184	213
184	302
184	303
185	186
185	187
185	303
186	187
186	188
186	189
186	190
186	193
186	194
186	303
186	341
187	188
187	189
187	190
187	193
187	303
187	305
187	306
187	340
187	341
188	189
188	190
188	305
188	306
189	190
189	191
190	191
190	192
190	193
191	192
191	193
191	194
192	193
192	194
192	342
192	343
192	344
193	194
193	195
193	340
193	341
193	342
193	343
194	195
194	196
195	196
195	197
195	343
196	197
196	198
196	199
197	198
197	199
197	200
197	201
197	208
198	199
198	200
198	201
198	202
199	200
199	201
199	202
199	203
199	204
200	201
200	202
200	203
200	204
200	205
200	206
200	207
201	202
201	203
201	204
201	205
201	206
201	207
202	203
202	204
202	205
203	204
203	205
203	549
204	205
204	206
205	206
205	207
206	207
206	208
207	208
207	209
208	209
208	210
209	210
210	211
210	212
211	212
211	213
211	215
212	213
212	214
212	215
213	214
213	215
213	216
214	215
214	216
214	217
214	218
215	216
215	217
215	218
215	219
216	217
216	218
216	219
216	220
216	272
217	218
217	219
217	220
217	221
218	219
218	220
218	221
218	222
219	220
219	221
219	222
219	223
219	224
219	225
220	221
220	222
220	223
220	224
220	268
221	222
221	223
222	223
222	224
223	224
223	225
224	225
225	226
225	227
225	271
225	272
225	283
226	227
226	228
226	229
226	230
226	282
227	228
227	229
227	230
227	231
228	229
228	230
228	231
228	232
229	230
229	231
229	232
229	233
230	231
230	232
230	233
230	234
230	268
231	232
231	233
231	234
231	235
232	233
232	234
232	235
232	236
233	234
233	235
233	236
233	237
233	328
234	235
234	236
234	237
234	238
234	264
234	267
235	236
235	237
235	238
235	239
236	237
236	238
236	239
236	240
236	328
237	238
237	239
237	240
237	241
238	239
238	240
238	241
239	240
239	241
240	241
240	242
240	430
241	242
241	243
241	430
241	435
242	243
242	244
242	434
242	435
243	244
243	245
243	434
243	435
243	436
244	245
244	246
244	434
244	435
244	436
245	246
245	247
245	436
246	247
246	248
246	436
246	437
247	248
247	249
248	249
248	250
248	252
248	253
248	439
248	440
249	250
249	251
249	252
249	253
250	251
250	252
250	253
251	252
251	253
252	253
252	254
252	440
253	254
253	255
254	255
254	256
254	258
254	259
255	256
255	257
255	258
255	259
256	257
256	258
256	259
256	260
257	258
257	259
257	260
257	261
258	259
258	260
258	261
258	262
259	260
259	261
259	262
259	263
260	261
260	262
260	263
260	264
261	262
261	263
261	264
261	265
262	263
262	264
262	265
262	266
262	313
262	446
262	447
263	264
263	265
263	266
263	267
263	447
264	265
264	266
264	267
264	268
265	266
265	267
265	268
265	269
265	313
266	267
266	268
266	269
266	270
266	313
266	317
266	318
266	447
267	268
267	269
267	270
267	271
267	318
268	269
268	270
268	271
268	272
269	270
269	271
269	272
269	273
269	318
270	271
270	272
270	273
270	274
270	318
270	322
271	272
271	273
271	274
271	275
272	273
272	274
272	275
272	276
273	274
273	275
273	276
273	277
274	275
274	276
274	277
274	278
275	276
275	277
275	278
275	279
275	280
275	294
276	277
276	278
276	279
276	294
276	295
277	278
277	279
277	294
277	295
277	296
277	297
278	279
278	280
278	294
278	295
278	296
278	297
279	280
279	281
279	291
279	292
279	293
279	294
279	295
280	281
280	282
280	283
280	292
280	293
281	282
281	283
281	284
281	285
281	292
282	283
282	284
282	285
282	286
283	284
283	285
283	286
283	287
283	288
283	289
283	291
283	292
284	285
284	286
284	287
284	288
284	289
284	292
285	286
285	287
286	287
286	288
287	288
287	289
288	289
288	290
288	291
288	292
289	290
289	291
289	292
289	293
290	291
290	292
290	293
291	292
291	293
291	294
292	293
292	294
293	294
293	295
294	295
294	296
295	296
295	297
296	297
296	298
297	298
297	299
297	300
298	299
298	336
299	300
299	335
299	336
299	337
299	346
300	301
300	336
300	337
300	338
300	346
301	302
301	303
301	337
301	338
301	339
301	340
301	341
301	342
301	343
302	303
302	304
302	338
302	339
302	340
302	341
303	304
303	305
303	339
303	340
303	341
304	305
304	306
304	307
304	308
304	309
304	314
304	315
304	340
305	306
305	307
305	308
305	309
305	340
306	307
306	308
306	309
306	310
307	308
307	309
307	310
308	309
308	310
308	311
308	312
309	310
309	311
309	312
309	313
309	314
309	443
309	444
309	445
310	311
310	312
310	443
310	444
310	445
311	312
311	444
311	445
312	313
312	314
312	445
312	446
313	314
313	315
313	445
313	446
313	447
314	315
314	316
314	443
314	445
314	446
314	447
315	316
315	317
315	318
315	319
316	317
316	318
316	319
316	320
316	397
316	398
316	448
316	449
316	450
317	318
317	319
317	320
317	321
317	398
317	448
317	449
318	319
318	320
318	321
318	322
319	320
319	321
319	322
319	323
319	337
319	339
319	398
319	399
320	321
320	322
320	323
320	324
320	398
320	399
320	400
320	401
321	322
321	323
321	324
321	327
321	400
322	323
322	324
322	334
322	335
322	337
323	324
323	325
323	334
323	335
323	336
323	337
323	359
323	360
323	400
324	325
324	326
324	334
324	359
324	400
324	401
324	402
325	326
325	331
325	332
325	333
325	334
325	359
325	402
325	418
326	327
326	330
326	331
326	332
327	328
327	329
327	330
327	331
328	329
328	330
329	330
329	331
330	331
330	332
331	332
331	418
332	333
332	334
332	418
333	334
333	335
333	418
334	335
334	336
334	359
335	336
335	337
336	337
336	338
336	346
336	349
336	350
337	338
337	339
337	346
338	339
338	340
338	341
338	342
338	343
338	345
338	346
339	340
339	341
339	342
340	341
340	342
341	342
341	343
342	343
342	344
342	345
342	346
343	344
343	345
343	346
343	347
344	345
344	346
344	347
344	348
344	465
344	466
345	346
345	347
345	348
345	349
345	464
345	465
345	530
345	531
345	532
346	347
346	348
346	349
346	350
347	348
347	349
347	350
347	351
348	349
348	350
348	351
348	352
348	463
348	464
348	465
348	532
349	350
349	351
349	352
349	353
349	360
349	532
350	351
350	352
350	353
350	354
351	352
351	353
351	354
351	355
352	353
352	354
352	355
352	356
352	360
352	534
353	354
353	355
353	356
353	357
353	358
353	359
353	360
354	355
354	356
354	357
355	356
355	357
356	357
356	358
357	358
357	359
357	417
358	359
358	360
358	415
358	416
358	417
359	360
359	361
359	400
359	402
360	361
360	362
360	400
360	532
360	533
360	534
361	362
361	363
361	399
361	400
361	403
361	532
361	533
361	534
362	363
362	395
362	399
362	531
362	532
362	533
363	364
363	365
363	393
363	394
363	395
363	530
363	531
363	532
364	365
364	366
364	393
364	394
364	395
364	529
364	530
364	531
365	366
365	367
365	392
365	393
365	394
365	529
365	530
365	531
366	367
366	392
366	393
366	394
367	368
367	369
367	391
367	392
368	369
368	370
368	390
368	391
368	392
368	520
368	523
369	370
369	371
369	373
369	374
369	389
369	390
369	391
370	371
370	372
370	373
370	374
370	388
370	389
370	390
371	372
371	373
371	374
371	375
371	381
371	382
371	387
371	388
371	389
372	373
372	374
372	375
372	376
373	374
373	375
373	376
373	377
374	375
374	376
374	377
374	378
374	379
374	380
375	376
375	377
375	378
375	379
375	380
375	381
376	377
376	378
376	379
377	378
377	379
378	379
378	380
378	489
378	492
379	380
379	381
380	381
380	382
381	382
381	383
382	383
382	386
382	387
383	384
383	385
383	386
383	387
384	385
384	386
384	387
385	386
385	387
385	507
386	387
386	388
386	389
386	390
386	483
386	507
387	388
387	389
388	389
388	519
389	390
389	519
390	391
390	392
390	505
390	506
390	507
390	519
391	392
391	393
391	505
391	506
391	507
392	393
392	394
392	503
392	504
392	505
392	506
393	394
393	395
393	503
393	504
393	505
393	506
394	395
394	396
394	501
394	502
394	503
394	504
395	396
395	397
395	398
395	399
395	501
395	502
396	397
396	398
396	501
397	398
397	399
397	449
397	450
397	501
397	502
398	399
398	449
398	450
399	400
399	401
399	403
399	450
399	502
400	401
400	402
400	403
401	402
401	403
401	404
401	429
402	403
402	404
402	405
402	415
402	429
403	404
403	405
403	454
404	405
404	406
404	429
404	432
404	452
404	453
404	454
404	455
405	406
405	407
405	413
405	414
405	415
405	454
405	455
406	407
406	408
406	413
406	425
406	428
406	429
406	455
407	408
407	413
407	414
407	415
407	425
407	429
408	409
408	410
408	411
408	412
408	413
408	414
408	425
409	410
409	411
409	412
409	413
409	414
410	411
410	412
411	412
411	413
412	413
412	414
413	414
413	455
413	458
414	415
414	416
414	458
414	535
415	416
415	417
415	535
416	417
416	418
416	420
416	421
417	418
417	419
417	420
418	419
418	420
418	421
419	420
419	421
420	421
420	422
421	422
421	423
421	425
421	426
422	423
422	424
422	425
422	426
423	424
423	425
423	426
423	427
424	425
424	426
424	427
424	428
425	426
425	427
425	428
425	429
426	427
426	428
426	429
426	430
427	428
427	429
427	430
427	431
428	429
428	430
428	431
428	432
429	430
429	431
429	432
429	433
430	431
430	432
430	433
431	432
431	433
432	433
432	434
432	452
433	434
433	435
433	450
433	451
433	452
434	435
434	436
434	450
434	451
434	452
435	436
435	437
435	448
435	449
435	450
435	451
436	437
436	438
436	448
436	449
436	450
436	451
436	500
437	438
437	439
437	446
437	447
437	448
437	449
438	439
438	440
438	443
438	446
438	447
438	448
438	449
439	440
439	441
439	442
439	443
440	441
440	442
440	443
440	444
440	445
440	446
441	442
441	443
441	444
442	443
442	444
443	444
443	445
443	446
444	445
444	446
445	446
445	447
446	447
446	448
447	448
447	449
448	449
448	450
449	450
449	451
449	500
449	501
450	451
450	452
450	500
450	501
450	502
451	452
451	500
451	501
451	502
452	453
452	454
452	502
452	503
453	454
453	455
453	502
453	503
453	504
454	455
454	456
454	503
454	504
455	456
455	457
455	484
456	457
456	458
456	482
456	483
456	484
457	458
457	459
457	481
457	482
457	483
458	459
458	460
458	481
458	482
459	460
459	480
459	481
459	482
459	535
459	536
459	537
460	461
460	462
460	479
460	480
460	481
460	482
460	533
460	534
460	535
460	536
460	537
461	462
461	463
461	478
461	479
461	480
461	533
461	534
461	535
461	536
461	537
461	538
461	539
462	463
462	477
462	478
462	479
462	531
462	532
462	533
462	534
463	464
463	465
463	476
463	477
463	478
463	531
463	532
463	533
464	465
464	466
464	475
464	476
464	477
464	531
464	532
465	466
465	467
465	473
465	474
465	475
465	476
466	467
466	468
466	473
466	474
466	475
466	527
467	468
467	469
467	472
467	473
467	474
468	469
468	470
468	471
468	472
468	473
469	470
469	471
469	472
470	471
470	472
471	472
471	473
472	473
472	474
473	474
473	475
473	551
474	475
474	476
474	551
474	552
474	553
474	554
475	476
475	477
475	551
475	552
475	553
475	554
476	477
476	553
476	554
476	555
476	556
477	478
477	479
477	539
477	555
477	556
477	557
478	479
478	480
478	508
478	556
478	557
479	480
479	508
479	509
479	537
479	539
479	557
480	481
480	507
480	508
480	509
481	482
481	483
481	506
481	507
481	508
482	483
482	504
482	505
482	506
482	507
483	484
483	485
483	505
483	506
484	485
484	486
485	486
485	487
485	489
485	490
486	487
486	488
486	489
486	490
487	488
487	489
487	490
487	491
488	489
488	490
488	491
488	492
489	490
489	491
489	492
489	493
490	491
490	492
490	493
490	494
491	492
491	493
491	494
491	495
492	493
492	494
492	495
492	496
493	494
493	495
493	496
493	497
494	495
494	496
494	497
494	498
494	499
495	496
495	497
495	498
495	499
496	497
496	498
497	498
497	499
498	499
498	500
498	501
499	500
499	501
500	501
500	502
501	502
501	503
502	503
502	504
503	504
503	505
504	505
504	506
505	506
505	507
506	507
506	508
507	508
507	509
508	509
508	510
508	519
509	510
509	511
509	557
510	511
510	512
510	516
510	517
510	518
511	512
511	513
511	516
511	517
511	557
512	513
512	516
512	517
512	518
513	514
513	515
513	516
513	517
514	515
514	516
514	517
515	516
515	517
515	521
515	522
515	525
516	517
516	518
516	519
516	521
516	522
516	557
517	518
517	521
518	519
518	520
518	521
518	522
519	520
519	521
519	522
519	523
520	521
520	522
520	523
520	524
521	522
521	523
521	524
521	525
522	523
522	524
522	525
522	526
523	524
523	525
523	526
524	525
524	526
525	526
525	527
526	527
526	528
527	528
528	529
528	530
529	530
530	531
531	532
531	533
532	533
532	534
533	534
533	535
534	535
534	536
535	536
536	537
536	538
537	538
537	539
538	539
538	540
538	541
538	542
539	540
539	541
539	542
539	543
539	558
540	541
540	542
540	543
540	544
540	558
540	562
540	563
541	542
541	543
541	544
541	545
542	543
542	544
542	545
542	546
543	544
543	545
543	546
543	547
543	563
544	545
544	546
544	547
544	548
544	564
544	565
545	546
545	547
545	548
545	549
546	547
546	548
546	549
546	550
546	551
546	552
547	548
547	549
547	550
547	551
547	552
547	565
548	549
548	550
549	550
549	551
550	551
550	552
550	585
551	552
551	553
551	585
552	553
552	554
552	581
552	582
552	585
553	554
553	555
553	556
554	555
555	556
556	557
556	558
557	558
557	559
558	559
558	560
558	562
559	560
559	561
559	562
560	561
560	562
560	563
561	562
561	563
562	563
562	564
563	564
563	565
564	565
565	566
565	567
565	569
566	567
566	568
566	569
567	568
567	569
567	570
568	569
568	570
568	571
569	570
569	571
569	572
569	573
569	580
569	581
569	584
570	571
570	572
570	573
570	574
571	572
571	573
572	573
572	580
572	583
572	584
573	574
573	575
573	576
573	577
573	580
574	575
574	576
574	577
575	576
575	577
576	577
576	578
576	579
576	580
577	578
577	579
577	580
577	581
578	579
578	580
578	581
578	582
579	580
579	581
579	582
579	583
580	581
580	582
580	583
580	584
581	582
581	583
581	584
581	585
582	583
582	584
582	585
582	586
583	584
583	585
583	586
583	587
584	585
584	586
584	587
584	588
585	586
585	587
585	588
586	587
586	588
587	588
