0	1
1	2
1	3
2	3
2	4
3	4
4	5
4	28
5	6
5	7
5	28
5	29
6	7
6	8
6	28
6	29
7	8
7	9
7	26
7	27
7	28
8	9
8	10
8	26
8	27
8	28
9	10
9	11
9	24
9	25
9	26
9	27
10	11
10	25
10	26
10	27
11	12
11	13
11	24
11	25
11	26
12	13
12	14
12	15
12	23
12	24
12	25
13	14
13	23
13	24
13	25
13	95
13	96
13	97
14	15
14	16
14	22
14	23
14	95
14	96
14	97
15	16
15	17
15	21
15	22
15	23
16	17
16	18
16	19
16	20
16	21
16	22
17	18
17	19
17	20
17	21
18	19
18	20
19	20
19	21
20	21
20	37
20	38
21	22
21	23
21	36
21	37
21	38
22	23
22	24
22	35
22	36
22	37
23	24
23	25
23	33
23	34
23	35
23	36
24	25
24	26
24	33
24	34
24	35
25	26
25	27
25	32
25	33
25	34
26	27
26	28
26	31
26	32
26	33
27	28
27	29
27	30
27	31
27	32
28	29
28	30
28	31
28	32
29	30
30	31
30	32
30	86
31	32
31	33
31	85
31	86
31	87
32	33
32	34
32	84
32	85
32	86
32	87
33	34
33	35
33	83
33	84
33	85
33	87
34	35
34	36
34	81
34	82
34	83
34	84
35	36
35	37
35	81
35	82
35	83
36	37
36	38
36	79
36	80
36	81
36	82
37	38
37	39
37	79
37	80
37	81
38	39
38	40
38	79
38	80
39	40
39	41
39	78
39	79
39	80
40	41
40	42
41	42
41	43
41	76
42	43
42	44
42	45
42	46
43	44
43	45
43	46
43	47
44	45
44	46
44	47
44	48
45	46
45	47
45	48
45	49
46	47
46	48
46	49
46	50
47	48
47	49
47	50
47	51
48	49
48	50
48	51
48	52
49	50
49	51
49	52
49	53
49	54
50	51
50	52
50	54
51	52
51	53
52	53
52	54
53	54
53	55
54	55
54	56
54	72
55	56
55	57
55	70
55	71
55	72
56	57
56	58
56	68
56	69
56	70
56	71
57	58
57	59
57	68
57	69
57	70
58	59
58	60
58	67
58	68
58	69
59	60
59	67
59	68
59	69
60	61
60	66
60	67
61	62
61	63
61	65
61	66
61	67
62	63
62	64
62	65
62	66
63	64
63	65
64	65
64	66
65	66
65	67
66	67
66	68
67	68
68	69
68	70
69	70
69	71
70	71
70	72
71	72
71	73
72	73
72	74
72	76
73	74
73	75
73	76
74	75
74	76
74	77
75	76
75	77
75	78
76	77
76	78
77	78
77	79
78	79
78	80
79	80
79	81
80	81
80	82
81	82
81	83
82	83
82	84
83	84
83	85
84	85
84	86
84	87
85	86
85	87
86	87
86	88
87	88
87	89
87	91
87	92
88	89
88	90
88	91
88	92
89	90
89	91
89	92
89	93
90	91
90	92
90	93
90	94
91	92
91	93
91	94
91	95
92	93
92	94
92	95
92	96
93	94
93	95
93	96
94	95
94	96
95	96
95	97
96	97
96	98
97	98
97	99
98	99
98	100
98	274
98	275
99	100
99	101
99	274
99	275
100	101
100	102
100	272
100	273
100	274
100	275
101	102
101	103
101	272
101	273
101	274
101	275
102	103
102	104
102	271
102	272
102	273
103	104
103	105
103	270
103	271
103	272
104	105
104	106
104	268
104	269
104	270
104	271
105	106
105	107
105	109
105	110
105	268
105	269
105	270
106	107
106	108
106	109
106	110
106	267
106	268
106	269
107	108
107	109
107	110
107	111
107	265
107	266
107	267
107	268
108	109
108	110
108	111
108	112
109	110
109	111
109	112
109	113
109	114
110	111
110	112
110	113
110	114
110	115
111	112
111	113
111	114
111	115
112	113
112	114
112	115
112	116
113	114
113	115
113	116
113	117
113	282
113	283
114	115
114	116
114	117
114	118
114	279
115	116
115	117
115	118
115	119
116	117
116	118
116	119
116	120
117	118
117	119
117	120
117	279
118	119
118	120
118	121
119	120
119	121
120	121
120	122
121	122
121	123
122	123
122	124
123	124
123	125
124	125
124	126
125	126
125	127
125	128
125	129
126	127
126	128
126	129
126	130
127	128
127	129
127	130
127	131
128	129
128	130
128	131
128	132
129	130
129	131
129	132
129	133
130	131
130	132
130	133
130	134
130	135
130	136
131	132
131	133
131	134
131	135
131	136
131	137
131	138
132	133
132	134
132	175
133	134
133	135
134	135
134	136
134	137
134	138
135	136
135	138
136	137
136	138
137	138
137	139
137	140
138	139
138	140
138	141
139	140
139	141
140	141
140	142
140	155
141	142
141	143
141	153
141	154
141	155
142	143
142	154
142	155
143	144
143	153
143	154
143	203
144	145
144	146
144	152
144	153
144	154
145	146
145	147
145	151
145	152
145	153
146	147
146	148
146	151
146	152
147	148
147	149
147	150
147	151
148	149
148	150
148	151
148	175
148	176
149	150
149	151
149	175
149	176
150	151
150	191
150	192
151	152
151	174
151	175
151	192
152	153
152	154
152	172
152	173
152	174
152	175
152	196
153	154
153	155
153	172
153	173
153	174
154	155
154	156
154	170
154	171
154	172
154	173
154	200
155	156
155	157
155	170
155	171
155	172
156	157
156	158
156	160
156	169
156	170
156	171
157	158
157	159
157	160
157	169
157	170
157	171
158	159
158	160
159	160
159	161
160	161
160	162
160	167
160	168
160	169
161	162
161	163
162	163
162	164
163	164
164	165
164	166
164	167
165	166
165	167
165	168
166	167
166	168
166	234
166	236
166	237
167	168
167	169
167	234
167	237
168	169
168	170
168	233
168	234
169	170
169	171
169	232
169	233
169	234
170	171
170	172
170	231
170	232
170	233
171	172
171	173
171	229
171	230
171	231
171	232
172	173
172	174
172	196
172	229
172	230
172	231
173	174
173	175
173	228
173	229
173	230
174	175
174	176
174	228
174	229
175	176
175	177
176	177
176	178
177	178
177	179
178	179
178	180
178	227
179	180
179	181
179	184
179	227
179	228
180	181
180	184
180	226
180	227
180	228
181	182
181	183
181	184
181	223
181	226
181	227
181	228
182	183
182	184
182	185
182	221
182	264
183	184
183	185
183	264
183	265
184	185
184	186
185	186
185	189
185	264
186	187
186	188
186	189
186	257
186	261
186	262
187	188
187	189
187	190
187	257
187	258
187	261
188	189
188	190
189	190
189	191
189	192
189	193
190	191
190	192
190	193
190	194
190	254
191	192
191	193
191	194
191	195
192	193
192	194
192	195
192	196
193	194
193	195
193	196
193	197
193	254
194	195
194	196
194	197
194	198
195	196
195	197
195	198
195	199
196	197
196	198
196	199
196	200
197	198
197	199
197	200
197	201
197	250
198	199
198	200
198	201
198	202
199	200
199	201
199	202
199	203
200	201
200	202
200	203
200	204
201	202
201	203
201	204
201	205
201	212
202	203
202	204
202	205
202	206
203	204
203	205
203	206
203	207
204	205
204	206
204	207
204	208
204	209
204	210
205	206
205	207
205	208
205	209
205	210
205	211
206	207
206	208
206	209
207	208
207	209
208	209
208	210
209	210
209	211
210	211
210	212
210	214
211	212
211	213
211	214
212	213
212	214
212	215
213	214
213	215
214	215
214	216
214	234
214	235
215	216
215	217
215	232
215	233
215	234
215	235
216	217
216	218
216	232
216	233
216	234
216	235
217	218
217	230
217	231
217	232
217	233
217	249
217	250
218	219
218	220
218	230
218	231
218	232
218	247
218	248
218	249
218	250
219	220
219	221
219	229
219	230
219	231
219	247
219	248
219	249
219	250
220	221
220	222
220	223
220	246
220	247
220	248
221	222
221	223
221	246
221	247
221	271
222	223
222	224
222	246
222	271
223	224
223	225
223	226
224	225
224	226
225	226
225	227
226	227
226	228
227	228
227	229
228	229
229	230
229	231
230	231
230	232
231	232
231	233
232	233
233	234
233	235
233	237
234	235
234	236
234	237
235	236
235	237
235	238
236	237
236	238
237	238
237	239
238	239
238	240
238	242
239	240
239	241
239	242
240	241
240	242
241	242
241	243
241	246
241	247
242	243
242	244
242	246
242	247
243	244
243	245
243	246
243	247
244	245
244	246
244	247
245	246
245	247
245	270
245	271
245	272
246	247
246	248
246	271
247	248
247	249
248	249
248	250
248	253
249	250
249	251
249	252
249	253
250	251
250	252
250	253
250	254
251	252
251	253
251	254
251	255
252	253
252	254
252	255
252	256
253	254
253	255
253	256
253	257
254	255
254	256
254	257
254	258
255	256
255	257
255	258
255	259
256	257
256	258
256	259
256	260
256	263
257	258
257	259
257	260
257	261
257	263
258	259
258	260
258	261
259	260
259	261
260	261
260	262
260	263
261	262
261	263
262	263
262	264
262	265
262	266
263	264
263	265
263	266
263	267
264	265
264	266
264	267
265	266
265	267
266	267
266	268
267	268
267	269
268	269
268	270
269	270
269	271
270	271
271	272
271	273
272	273
272	274
273	274
273	275
273	277
273	280
274	275
274	276
274	277
275	276
275	277
275	280
276	277
276	278
277	278
277	279
277	280
278	279
278	280
278	281
278	282
279	280
279	281
279	282
279	283
280	281
280	282
280	283
280	284
281	282
281	283
281	284
281	285
282	283
282	284
282	285
282	286
283	284
283	285
283	286
283	287
284	285
284	286
284	287
284	288
285	286
285	287
285	288
286	287
286	288
287	288
