0	1
0	2
0	23
0	24
0	33
0	34
0	35
1	2
1	3
1	23
1	24
1	31
1	32
1	33
1	34
2	3
2	4
2	22
2	23
2	24
2	31
2	32
2	33
3	4
3	21
3	22
3	23
3	31
3	32
4	5
4	6
4	20
4	21
4	22
4	28
4	29
4	31
5	6
5	7
5	19
5	20
5	21
5	27
5	28
6	7
6	8
6	18
6	19
6	20
6	26
6	27
6	28
7	8
7	9
7	17
7	18
7	19
7	25
7	26
7	27
8	9
8	16
8	17
8	18
8	25
8	26
9	16
9	17
10	11
10	12
10	19
10	20
10	21
11	12
11	13
11	18
11	19
11	20
12	13
12	14
12	17
12	18
12	19
13	14
13	15
13	16
13	17
13	18
14	15
14	16
15	16
15	17
16	17
16	18
17	18
17	19
18	19
18	20
19	20
20	21
21	22
21	23
22	23
22	24
23	24
25	26
25	27
26	27
26	28
27	28
27	29
28	29
28	30
29	30
29	31
30	31
30	32
31	32
31	33
32	33
32	34
33	34
33	35
33	36
34	35
34	36
35	36
35	37
36	37
36	38
36	39
37	38
37	39
38	39
38	40
38	55
38	56
38	57
39	40
39	41
40	41
40	42
40	51
40	52
40	53
40	54
41	42
41	43
41	50
41	51
41	52
42	43
42	44
42	50
42	51
43	44
43	45
43	47
43	48
43	49
43	50
44	45
44	46
44	47
44	48
44	49
44	50
45	46
45	47
45	231
46	47
46	48
46	233
46	234
47	48
47	49
48	49
48	50
49	50
49	51
50	51
50	52
51	52
51	53
52	53
52	54
53	54
53	55
53	73
53	74
54	55
54	56
54	71
54	72
54	73
54	74
55	56
55	72
55	73
56	57
56	58
56	71
56	72
57	58
57	59
57	60
57	70
57	71
57	72
58	59
58	70
58	71
58	72
59	60
59	61
59	69
59	70
59	71
60	61
60	68
60	69
60	70
61	62
61	63
61	67
61	68
61	69
62	63
62	64
62	66
62	67
62	68
63	64
63	65
63	66
63	67
63	142
64	65
64	66
65	66
65	140
66	67
66	68
66	82
66	83
67	68
67	69
67	82
67	83
68	69
68	70
68	81
68	82
68	83
68	143
69	70
69	71
69	80
69	81
69	82
70	71
70	72
70	78
70	79
70	80
70	81
71	72
71	73
71	78
71	79
71	80
72	73
72	74
72	77
72	78
72	79
73	74
73	75
73	76
73	77
73	78
73	79
74	75
74	76
74	77
75	76
75	77
76	77
76	78
76	89
76	90
76	91
76	263
77	78
77	79
77	89
77	90
77	91
78	79
78	80
78	89
78	90
78	151
79	80
79	81
79	88
79	89
79	90
80	81
80	82
80	86
80	87
80	88
80	89
81	82
81	83
81	84
81	85
81	86
81	87
82	83
82	84
82	85
82	86
82	87
83	84
83	85
84	85
84	86
85	86
85	87
86	87
86	88
87	88
88	89
88	90
88	92
89	90
89	91
89	92
89	263
90	91
90	92
90	151
90	153
90	154
91	92
91	93
91	262
92	93
92	94
92	95
92	261
92	262
92	263
93	94
93	95
93	96
93	97
94	95
94	96
94	97
94	98
94	261
95	96
95	97
95	98
95	99
95	261
96	97
96	98
96	99
96	100
96	121
96	122
97	98
97	99
97	100
97	101
97	102
97	103
98	99
98	100
98	101
98	102
98	270
99	100
99	101
99	226
99	227
99	228
99	270
100	101
100	102
100	226
101	102
101	103
101	104
101	105
102	103
102	104
103	104
103	105
104	105
104	106
105	106
105	107
106	107
106	108
107	108
107	109
107	110
107	129
107	130
107	131
108	109
108	110
108	129
108	130
108	131
109	110
109	111
109	130
109	131
109	132
110	111
110	112
110	131
110	132
110	133
110	189
111	112
111	113
111	131
111	132
111	133
111	134
111	188
111	189
111	190
112	113
112	114
112	133
112	134
112	135
112	188
112	189
112	190
112	191
113	114
113	115
113	134
113	135
113	136
113	188
113	190
113	191
113	192
114	115
114	116
114	117
114	135
114	136
114	137
114	191
114	192
114	193
114	194
115	116
115	117
115	136
115	137
115	138
115	174
115	192
115	193
115	194
115	195
116	117
116	118
116	136
116	137
116	138
116	139
116	194
116	195
117	118
117	119
117	120
117	122
117	138
117	194
117	195
118	119
118	120
118	138
118	143
118	144
119	120
119	121
119	143
119	144
119	147
119	155
120	121
120	122
120	123
120	124
120	154
120	155
120	158
120	159
121	122
121	123
121	124
121	125
121	154
121	155
122	123
122	124
122	125
122	126
123	124
123	125
123	126
123	127
124	125
124	126
124	127
124	155
124	156
124	158
125	126
125	127
125	128
126	127
126	128
126	129
127	128
127	129
127	130
127	131
127	166
128	129
128	130
129	130
129	131
130	131
130	132
131	132
131	133
131	134
131	166
132	133
132	134
132	166
133	134
133	135
133	166
133	167
134	135
134	136
134	166
134	167
134	168
135	136
135	137
135	167
135	168
135	169
136	137
136	138
136	168
136	169
136	170
137	138
137	139
137	169
137	170
137	171
137	172
137	174
138	139
138	140
138	170
138	171
138	172
138	173
139	140
139	141
139	171
139	172
139	173
140	141
140	142
140	143
140	144
140	171
141	142
141	143
141	144
141	145
141	171
142	143
142	144
142	145
142	146
143	144
143	145
143	146
143	147
144	145
144	146
144	147
144	148
144	159
145	146
145	147
145	148
145	149
146	147
146	148
146	149
146	150
147	148
147	149
147	150
147	151
147	152
148	149
148	150
148	151
148	152
148	155
148	159
148	160
149	150
149	151
149	152
150	151
150	152
151	152
151	153
151	154
151	155
152	153
152	154
152	155
152	156
152	157
153	154
153	155
153	156
154	155
154	156
155	156
155	157
155	158
155	159
156	157
156	158
157	158
157	159
157	160
158	159
158	160
158	161
159	160
159	161
159	162
160	161
160	162
161	162
161	163
161	164
162	163
162	164
162	168
162	169
163	164
163	167
163	168
163	169
164	165
164	166
164	167
164	168
165	166
165	167
166	167
167	168
167	169
168	169
168	170
169	170
169	171
170	171
170	172
171	172
172	173
172	174
173	174
173	175
173	176
173	177
174	175
174	176
174	177
174	178
175	176
175	177
175	178
175	179
176	177
176	178
176	179
176	180
177	178
177	179
177	180
177	181
178	179
178	180
178	181
178	182
178	214
178	215
179	180
179	181
179	182
179	183
179	214
180	181
180	182
180	183
180	184
181	182
181	183
181	184
181	185
181	186
181	218
182	183
182	184
182	185
182	186
182	217
182	218
183	184
183	185
184	185
184	186
185	186
185	187
186	187
186	188
186	218
187	188
187	218
187	219
187	220
188	189
188	190
188	191
188	218
188	219
188	220
189	190
189	191
189	219
189	220
189	223
189	224
190	191
190	192
190	219
190	223
190	224
190	225
191	192
191	193
191	215
191	219
191	224
191	225
191	226
192	193
192	194
192	225
192	226
192	227
193	194
193	195
193	226
193	227
194	195
194	196
194	227
194	228
195	196
195	197
195	199
196	197
196	198
196	199
197	198
197	199
198	199
198	200
199	200
199	201
200	201
201	202
201	203
202	203
204	205
204	206
204	207
204	208
205	206
205	207
205	208
205	209
206	207
206	208
206	209
206	210
207	208
207	209
207	210
207	211
208	209
208	210
208	211
208	212
209	210
209	211
209	212
209	213
209	244
209	248
210	211
210	212
210	213
210	214
211	212
211	213
211	214
211	215
212	213
212	214
212	215
212	216
213	214
213	215
213	216
213	217
213	248
213	249
214	215
214	216
214	217
214	218
215	216
215	217
215	218
215	219
216	217
216	218
216	219
217	218
217	219
218	219
218	220
219	220
219	221
219	223
220	221
220	222
220	223
221	222
221	223
221	275
222	223
223	224
223	274
224	225
224	226
224	272
224	273
224	274
225	226
225	227
225	272
225	273
225	274
226	227
226	271
226	272
226	273
227	228
227	229
227	270
227	271
227	272
228	229
228	230
228	269
228	270
228	271
229	230
229	238
229	269
229	270
229	271
230	231
230	232
230	234
230	238
230	268
230	269
231	232
231	233
231	234
231	266
231	267
231	268
231	269
232	233
232	234
232	235
232	267
232	268
232	269
233	234
233	235
234	235
234	236
234	237
234	238
235	236
235	237
235	238
235	239
236	237
236	238
236	239
236	240
237	238
237	239
237	240
237	241
238	239
238	240
238	241
238	242
239	240
239	241
239	242
239	243
240	241
240	242
240	243
240	244
241	242
241	243
241	244
241	245
242	243
242	244
242	245
242	246
243	244
243	245
243	246
243	247
244	245
244	246
244	247
244	248
245	246
245	247
245	248
245	252
246	247
246	248
246	251
247	248
247	249
248	249
248	250
248	251
249	250
249	251
250	251
250	252
251	252
251	275
251	276
252	253
252	254
252	273
252	274
252	275
252	276
253	254
253	273
253	274
253	275
253	276
254	255
254	256
254	271
254	272
254	273
254	274
255	256
255	271
255	272
255	273
256	257
256	258
256	269
256	270
256	271
256	272
257	258
257	259
257	269
257	270
257	271
258	259
258	267
258	268
258	269
258	270
259	260
259	261
259	267
259	268
259	269
260	261
260	262
260	267
260	268
261	262
261	263
261	264
261	267
262	263
262	264
262	265
263	264
263	265
264	265
264	266
265	266
265	267
266	267
266	268
267	268
268	269
268	270
269	270
269	271
270	271
270	272
271	272
271	273
272	273
273	274
274	275
274	276
275	276
275	277
276	277
