0	1
0	2
1	2
2	3
2	4
2	5
2	6
3	4
3	5
3	6
3	7
3	151
3	154
4	5
4	6
4	7
4	8
4	154
5	6
5	7
5	8
5	9
6	7
6	8
6	9
6	10
6	116
7	8
7	9
7	10
7	11
8	9
8	10
8	11
8	12
9	10
9	11
9	12
9	13
10	11
10	12
10	13
10	79
11	12
11	13
12	13
12	14
13	14
13	15
13	78
13	79
14	15
14	16
14	78
15	16
15	76
15	77
15	78
16	17
16	18
16	50
16	75
16	76
16	77
16	78
17	18
17	19
17	50
17	51
17	74
17	75
17	76
17	77
18	19
18	49
18	50
18	51
18	72
18	74
19	20
19	21
19	48
19	49
19	50
19	51
19	70
19	71
19	72
20	21
20	22
20	46
20	47
20	48
20	49
20	70
20	71
20	72
21	22
21	23
21	46
21	47
21	48
21	68
21	69
21	70
21	71
22	23
22	45
22	46
22	47
22	68
22	69
22	70
23	24
23	25
23	44
23	45
23	46
23	67
23	68
23	69
24	25
24	43
24	44
24	45
24	65
24	66
24	67
24	68
25	26
25	27
25	43
25	44
25	64
25	65
25	66
26	27
26	28
26	29
26	42
26	43
26	64
26	65
27	28
27	29
27	30
27	42
27	43
28	29
28	30
28	42
29	30
29	31
30	31
30	32
31	32
31	33
32	33
32	34
32	36
33	34
33	35
33	36
34	35
34	36
35	36
35	37
35	49
35	53
36	37
36	38
36	47
36	48
36	49
37	38
37	47
37	48
37	49
38	39
38	40
38	46
38	47
38	48
39	40
39	45
39	46
39	47
40	41
40	42
40	44
40	45
40	46
41	42
41	43
41	44
41	45
42	43
42	44
43	44
44	45
45	46
45	47
46	47
46	48
47	48
47	49
48	49
49	50
49	51
49	53
49	54
50	51
50	52
50	53
50	54
51	52
51	53
51	54
51	55
52	53
52	54
52	55
53	54
53	55
53	56
53	57
54	55
54	56
54	57
54	58
55	56
55	57
55	58
55	59
56	57
56	58
56	59
56	60
57	58
57	59
57	60
57	61
58	59
58	60
58	61
58	62
59	60
59	61
59	62
60	61
60	62
61	62
61	63
61	64
61	65
62	63
62	64
62	65
63	64
63	65
64	65
64	66
65	66
65	67
66	67
67	68
68	69
68	70
69	70
69	71
70	71
70	72
71	72
72	73
72	74
73	74
74	75
74	76
74	77
75	76
75	77
76	77
76	78
77	78
77	79
78	79
78	80
79	80
79	81
79	98
79	99
80	81
80	82
80	98
80	99
81	82
81	83
81	97
81	98
81	99
82	83
82	84
82	97
82	98
82	99
83	84
83	85
84	85
84	86
84	87
85	86
85	87
86	87
86	88
87	88
87	89
88	89
88	105
88	106
89	90
89	91
89	104
89	105
89	106
89	107
89	108
90	91
90	92
90	106
90	107
90	108
90	109
91	92
91	93
91	95
91	108
91	109
92	93
92	94
92	95
92	109
93	94
93	95
94	95
94	96
94	110
95	96
95	97
95	109
95	110
95	111
95	112
96	97
96	98
96	110
96	111
96	112
96	113
97	98
97	99
97	112
97	113
97	114
98	99
98	100
98	101
98	113
98	114
98	115
99	100
99	101
99	115
100	101
100	102
100	115
100	116
101	102
101	103
101	115
101	116
101	117
101	118
102	103
102	104
102	117
102	118
102	119
103	104
103	105
103	107
103	118
103	119
103	120
104	105
104	106
104	107
104	119
104	120
104	121
105	106
105	107
105	121
105	122
106	107
106	108
106	121
106	122
107	108
107	109
107	120
107	121
107	122
107	123
108	109
108	123
108	124
109	111
109	124
109	125
110	111
110	112
110	126
111	112
111	113
111	124
111	125
111	126
111	127
111	128
112	113
112	114
112	126
112	127
112	128
112	129
113	114
113	115
113	117
113	128
113	129
113	130
114	115
114	116
114	117
114	129
114	130
114	131
115	116
115	117
115	131
115	132
116	117
116	118
116	131
116	132
117	118
117	119
117	129
117	130
117	131
117	132
117	133
117	134
118	119
118	120
118	132
118	133
118	134
118	135
119	120
119	121
119	123
119	134
119	135
119	136
120	121
120	122
120	123
120	135
120	136
120	137
121	122
121	123
121	137
121	138
122	123
122	137
122	138
123	124
123	137
123	138
123	139
123	140
124	125
124	127
124	140
124	141
124	142
125	126
125	127
125	141
125	142
125	143
126	127
126	128
126	143
126	144
127	128
127	129
127	142
127	143
127	144
127	145
127	146
128	129
128	130
128	144
128	145
128	146
128	147
129	130
129	131
129	133
129	146
129	147
129	148
129	149
130	131
130	132
130	133
130	147
130	148
130	149
130	150
131	132
131	133
131	149
131	150
131	151
132	133
132	134
132	149
132	150
132	151
132	158
133	134
133	135
133	147
133	149
133	158
133	159
133	160
134	135
134	136
134	158
134	159
134	160
134	161
135	136
135	137
135	160
135	161
135	162
136	137
136	138
136	139
136	161
136	162
136	163
137	138
137	139
137	163
137	164
138	139
138	140
138	163
138	164
139	140
139	141
139	163
139	164
139	165
139	166
140	141
140	142
140	165
140	166
140	167
141	142
141	143
141	145
141	166
141	167
141	168
142	143
142	144
142	145
142	167
142	168
142	169
143	144
143	145
143	169
143	170
144	145
144	146
144	169
144	170
145	146
145	147
145	169
145	170
145	171
145	172
146	147
146	148
146	171
146	172
146	173
147	148
147	149
147	159
147	172
147	173
147	174
148	149
148	150
148	159
148	173
148	174
148	175
149	150
149	151
149	158
149	175
150	151
150	152
150	156
150	158
150	175
151	152
151	153
151	154
152	153
152	154
153	154
153	155
153	156
154	155
154	156
155	156
155	157
156	157
156	158
157	158
157	159
157	176
158	159
158	160
158	175
158	176
159	160
159	161
159	175
159	176
159	177
159	178
160	161
160	162
160	177
160	178
160	179
161	162
161	163
161	165
161	178
161	179
161	180
162	163
162	164
162	165
162	179
162	180
162	181
163	164
163	165
163	181
163	182
164	165
164	166
164	181
164	182
165	166
165	167
165	181
165	182
165	183
165	184
166	167
166	168
166	183
166	184
166	185
167	168
167	169
167	184
167	185
167	186
167	187
168	169
168	170
168	171
168	185
168	186
168	187
168	188
169	170
169	171
169	187
169	188
170	171
170	172
170	187
170	188
171	172
171	173
171	187
171	188
171	189
171	190
172	173
172	174
172	189
172	190
172	191
173	174
173	175
173	177
173	190
173	191
173	192
174	175
174	176
174	177
174	191
174	192
175	176
175	177
176	177
176	178
177	178
177	179
177	192
177	193
177	194
178	179
178	180
178	194
178	195
179	180
179	181
179	183
179	194
179	195
179	196
180	181
180	182
180	183
180	195
180	196
180	197
180	198
181	182
181	183
181	197
181	198
182	183
182	184
182	197
182	198
183	184
183	185
183	197
183	198
183	199
183	200
184	185
184	186
184	199
184	200
184	201
185	186
185	187
185	189
185	200
185	201
185	202
186	187
186	188
186	189
186	201
186	202
187	188
187	189
188	189
188	190
189	190
189	191
189	202
189	203
189	204
189	205
189	206
190	191
190	192
190	203
190	204
190	205
190	206
191	192
191	193
191	205
191	206
192	193
192	205
192	206
193	194
193	195
194	195
194	196
195	196
195	197
196	197
196	198
196	199
197	198
197	199
198	199
198	200
198	211
198	212
199	200
199	201
199	208
199	210
199	211
199	212
200	201
200	202
200	208
200	209
200	210
200	211
200	212
201	202
201	206
201	207
201	208
201	209
202	203
202	206
202	207
202	208
202	209
203	204
203	205
203	206
203	207
204	205
204	206
205	206
205	207
206	207
206	208
207	208
207	209
208	209
208	210
209	210
210	211
210	212
211	212
