0	1
0	2
0	6
0	187
1	2
1	3
1	6
1	187
1	294
1	295
2	3
2	4
2	6
2	7
2	221
2	294
2	295
2	296
3	4
3	5
3	6
3	7
4	5
4	6
4	7
4	8
4	218
5	6
5	7
5	8
6	7
6	8
6	9
6	10
7	8
7	9
7	10
7	11
7	214
7	217
7	218
8	9
8	10
8	11
8	12
8	214
9	10
9	11
9	12
9	13
10	11
10	12
10	13
10	14
11	12
11	13
11	14
11	15
12	13
12	14
12	15
12	16
13	14
13	15
13	16
13	17
14	15
14	16
14	17
14	18
15	16
15	17
15	18
15	19
16	17
16	18
16	19
16	20
17	18
17	19
17	20
18	19
18	20
18	21
18	381
19	20
19	21
19	22
20	21
20	22
21	22
21	23
21	25
21	381
22	23
22	377
23	24
23	25
24	25
24	26
24	27
25	26
25	27
26	27
26	28
26	29
26	30
27	28
27	29
27	30
27	31
28	29
28	30
28	31
28	32
28	33
29	30
29	31
29	32
29	33
30	31
30	32
30	33
30	380
30	383
31	32
31	33
32	33
32	34
33	34
33	35
34	35
34	36
35	36
35	37
35	39
35	40
36	37
36	38
36	39
36	40
36	337
37	38
37	39
37	40
37	41
38	39
38	40
38	41
38	42
38	337
39	40
39	41
39	42
39	43
39	337
39	338
39	340
39	341
40	41
40	42
40	43
40	44
41	42
41	43
41	44
41	45
42	43
42	44
42	45
42	46
42	338
42	341
43	44
43	45
43	46
43	341
44	45
44	46
45	46
45	47
45	48
45	51
46	47
46	48
46	51
46	52
46	344
47	48
47	49
48	49
48	50
48	51
48	52
49	50
49	51
49	52
49	53
49	129
50	51
50	52
50	53
50	54
50	128
50	129
51	52
51	53
51	54
51	55
52	53
52	54
52	55
53	54
53	55
53	56
53	128
53	129
53	130
54	55
54	56
54	57
54	58
54	59
54	128
55	56
55	57
55	58
55	59
55	60
55	62
56	57
56	58
56	59
56	61
56	62
56	65
57	58
57	59
57	62
57	246
57	248
58	59
58	60
58	62
58	246
58	247
58	248
58	433
59	60
59	61
59	62
59	334
59	338
60	61
60	62
60	331
60	334
60	335
60	338
61	62
61	63
61	172
61	331
62	63
62	64
62	65
62	248
63	64
63	65
64	65
64	66
64	100
65	66
65	98
65	99
65	100
66	67
66	68
66	98
66	99
66	100
66	238
66	239
67	68
67	69
67	97
67	98
67	99
67	238
67	239
68	69
68	70
68	71
68	92
68	97
68	98
68	99
69	70
70	71
70	72
71	72
71	73
72	73
72	74
72	75
73	74
73	75
73	76
74	75
74	76
74	137
74	138
75	76
75	77
76	77
76	78
76	144
77	78
77	79
77	81
77	144
78	79
78	80
78	81
78	144
79	80
79	81
80	81
80	82
81	82
81	83
81	84
81	85
82	83
82	84
82	85
82	86
83	84
83	85
83	86
83	87
84	85
84	86
84	87
84	88
85	86
85	87
85	88
85	89
86	87
86	88
86	89
86	90
87	88
87	89
87	90
87	91
88	89
88	90
88	91
88	92
89	90
89	91
89	92
89	93
90	91
90	92
90	93
90	94
91	92
91	93
91	94
91	95
91	96
91	97
91	121
92	93
92	94
92	95
92	96
92	97
93	94
93	95
94	95
94	96
95	96
95	97
96	97
96	98
96	121
96	122
97	98
97	120
97	121
97	122
98	99
98	119
98	120
98	121
99	100
99	101
99	118
99	119
99	120
100	101
100	102
100	117
100	118
100	119
101	102
101	103
101	116
101	117
101	118
102	103
102	104
102	105
102	115
102	116
102	117
102	167
103	104
103	105
103	106
103	115
103	116
104	105
104	106
105	106
105	107
105	108
105	114
105	115
105	216
106	107
106	108
106	114
106	115
107	108
107	109
108	109
108	110
108	212
109	110
109	113
109	211
109	212
110	111
110	112
110	113
110	212
111	112
111	348
111	349
111	350
111	351
112	113
112	114
112	349
112	350
112	351
112	352
113	114
114	115
114	116
114	135
114	136
114	167
115	116
115	117
115	135
115	136
115	137
115	167
116	117
116	118
116	134
116	135
116	136
116	137
116	164
117	118
117	119
117	133
117	134
117	135
118	119
118	120
118	132
118	133
118	134
119	120
119	130
119	131
119	132
119	133
120	121
120	122
120	128
120	129
120	130
120	131
121	122
121	123
121	128
121	129
121	130
121	131
122	123
122	124
122	126
122	127
122	128
122	129
123	124
123	125
123	126
123	127
123	128
124	125
124	126
125	126
125	127
126	127
126	128
126	244
126	245
127	128
127	129
127	245
128	129
128	130
129	130
129	131
130	131
130	132
131	132
131	149
131	150
132	133
132	134
132	147
132	148
132	149
133	134
133	135
133	147
133	148
133	149
133	160
134	135
134	136
134	146
134	147
134	148
135	136
135	137
135	160
135	163
136	137
136	138
137	138
137	139
138	139
138	140
138	142
138	143
138	144
138	145
139	140
139	141
139	142
139	143
140	141
140	142
140	143
141	142
141	143
142	143
142	144
142	145
143	144
143	145
144	145
145	146
145	147
146	147
146	148
146	355
146	356
147	148
147	149
148	149
148	152
148	157
148	160
148	357
149	150
149	151
149	152
149	157
150	151
150	152
150	157
151	152
151	153
152	153
152	154
152	156
152	157
153	154
153	155
153	156
153	157
153	357
154	155
154	156
154	157
154	158
155	156
155	157
155	158
155	159
155	360
155	361
156	157
156	158
156	159
156	160
156	357
156	358
156	360
157	158
157	159
157	160
157	161
158	159
158	160
158	161
158	162
159	160
159	161
159	162
159	163
159	365
160	161
160	162
160	163
160	164
161	162
161	163
161	164
161	165
162	163
162	164
162	165
162	166
163	164
163	165
163	166
163	167
164	165
164	166
164	167
164	168
165	166
165	167
165	168
165	169
165	344
165	345
165	346
166	167
166	168
166	169
166	170
166	345
166	346
166	347
166	348
167	168
167	169
167	170
167	171
168	169
168	170
168	171
168	172
169	170
169	171
169	172
169	173
169	345
169	347
170	171
170	172
170	173
170	174
171	172
171	173
171	174
171	175
171	176
172	173
172	174
172	175
172	176
172	177
173	174
173	175
173	176
173	177
173	178
174	175
174	176
174	177
174	178
174	179
174	217
175	176
175	177
175	178
175	179
175	180
175	217
175	220
176	177
176	178
176	179
176	180
176	181
177	178
177	179
177	180
177	181
177	182
177	331
178	179
178	180
178	181
178	182
178	183
179	180
179	181
179	182
179	183
179	184
179	221
180	181
180	182
180	183
180	184
181	182
181	183
181	184
181	185
181	323
181	324
181	328
182	183
182	184
182	185
182	186
183	184
183	185
183	186
183	187
184	185
184	186
184	187
184	188
185	186
185	187
185	188
185	189
185	324
186	187
186	188
186	189
186	190
187	188
187	189
187	190
187	191
187	290
187	294
188	189
188	190
188	191
188	192
188	290
189	190
189	191
189	192
189	193
189	210
190	191
190	192
190	193
190	194
191	192
191	193
191	194
191	195
191	286
191	289
191	290
192	193
192	194
192	195
192	196
192	203
192	286
193	194
193	195
193	196
194	195
194	196
195	196
195	197
195	282
195	285
195	286
196	197
196	198
196	200
196	203
196	282
196	286
197	198
197	199
197	200
197	203
198	199
198	200
198	203
198	204
199	200
199	201
199	203
199	204
200	201
200	202
200	203
200	204
201	202
201	203
201	204
201	205
202	203
202	204
202	205
202	206
203	204
203	205
203	206
203	207
204	205
204	206
204	207
204	398
205	206
205	207
206	207
206	208
206	209
206	210
207	208
207	209
207	210
208	209
208	210
208	394
208	444
209	210
209	324
209	443
209	444
209	445
210	444
210	445
211	212
211	213
211	214
211	215
212	213
212	214
212	215
212	216
213	214
213	215
213	216
213	217
214	215
214	216
214	217
214	218
215	216
215	217
215	218
215	219
216	217
216	218
216	219
216	220
217	218
217	219
217	220
217	221
218	219
218	220
218	221
218	222
219	220
219	221
219	222
219	223
220	221
220	222
220	223
220	224
221	222
221	223
221	224
222	223
222	224
223	224
223	225
224	225
224	301
225	226
225	227
225	228
225	229
225	301
225	302
225	303
226	227
226	228
226	229
226	230
226	301
226	302
226	303
227	228
227	229
227	230
227	233
227	234
227	302
228	229
228	230
228	233
228	234
229	230
229	231
229	234
229	319
229	323
230	231
230	232
230	233
230	234
230	319
231	232
231	233
231	234
231	235
231	252
231	253
231	256
232	233
232	234
232	235
232	236
232	253
233	234
233	235
233	236
233	237
234	235
234	236
234	237
234	238
235	236
235	237
235	238
235	239
235	240
235	241
235	249
236	237
236	238
236	239
236	240
236	241
237	238
237	239
238	239
238	240
239	240
239	241
240	241
240	242
240	243
240	249
241	242
241	243
241	249
242	243
242	244
242	250
243	244
243	245
243	246
244	245
244	246
245	246
245	247
246	247
246	248
246	249
246	250
247	248
247	249
247	250
247	251
247	433
248	249
248	250
248	251
248	252
249	250
249	251
249	252
249	253
250	251
250	252
250	253
250	254
251	252
251	253
251	254
251	255
251	436
252	253
252	254
252	255
252	256
253	254
253	255
253	256
253	257
254	255
254	256
254	257
254	258
255	256
255	257
255	258
255	259
256	257
256	258
256	259
256	260
256	322
257	258
257	259
257	260
257	261
258	259
258	260
258	261
258	262
258	411
258	414
259	260
259	261
259	262
259	263
259	318
260	261
260	262
260	263
260	264
260	314
260	318
261	262
261	263
261	264
261	265
262	263
262	264
262	265
262	266
262	407
262	408
262	411
263	264
263	265
263	266
263	267
263	314
263	317
263	318
264	265
264	266
264	267
264	268
264	314
265	266
265	267
265	268
265	269
265	407
266	267
266	268
266	269
266	270
266	404
266	407
267	268
267	269
267	270
267	271
268	269
268	270
268	271
268	272
269	270
269	271
269	272
270	271
270	272
271	272
271	273
271	276
271	277
272	273
273	274
273	275
273	276
273	310
274	275
274	276
274	277
274	278
274	308
274	309
274	310
275	276
275	277
275	278
275	279
276	277
276	278
276	279
276	280
277	278
277	279
277	280
277	307
277	308
277	309
277	310
278	279
278	280
278	307
278	308
278	309
279	280
279	281
280	281
280	282
280	283
280	284
281	282
281	283
281	284
281	285
282	283
282	284
282	285
282	286
283	284
283	285
283	286
283	287
284	285
284	286
284	287
284	288
284	306
284	307
285	286
285	287
285	288
285	289
286	287
286	288
286	289
286	290
287	288
287	289
287	290
287	291
287	305
287	306
288	289
288	290
288	291
288	292
288	293
288	305
288	306
289	290
289	291
289	292
289	293
289	294
290	291
290	292
290	293
290	294
290	295
291	292
291	293
291	294
291	295
291	296
291	297
291	298
291	299
291	303
291	304
291	305
292	293
292	294
292	295
292	296
292	297
292	298
292	299
293	294
293	295
293	296
293	297
294	295
294	296
295	296
295	297
295	298
296	297
296	298
297	298
297	299
297	300
298	299
298	300
298	301
298	302
298	303
299	300
299	301
299	302
299	303
299	304
299	305
300	301
300	302
301	302
301	303
302	303
302	304
303	304
303	305
304	305
304	306
305	306
306	307
306	308
307	308
307	309
307	312
307	313
308	309
308	312
309	310
309	311
309	312
309	313
310	311
310	312
310	313
310	314
311	312
311	313
311	314
311	315
312	313
312	314
312	315
312	316
313	314
313	315
313	316
313	317
314	315
314	316
314	317
314	318
315	316
315	317
315	318
315	319
316	317
316	318
316	319
316	320
317	318
317	319
317	320
317	321
318	319
318	320
318	321
318	322
319	320
319	321
319	322
319	323
320	321
320	322
320	323
320	324
321	322
321	323
321	324
321	325
322	323
322	324
322	325
322	326
322	327
323	324
323	325
323	326
323	327
323	328
324	325
324	326
324	327
324	328
324	444
324	445
325	326
325	327
325	328
325	329
325	441
325	442
325	443
325	444
325	445
326	327
326	328
326	329
326	330
326	436
326	441
327	328
327	329
327	330
327	331
328	329
328	330
328	331
328	332
329	330
329	331
329	332
329	333
329	435
329	436
329	441
330	331
330	332
330	333
330	435
330	436
331	332
331	333
331	334
332	333
332	334
332	335
332	386
333	334
333	335
333	386
333	435
334	335
334	336
334	337
334	338
334	435
335	336
335	337
335	338
335	339
335	382
335	386
336	337
336	338
336	339
336	340
336	382
336	383
336	386
337	338
337	339
337	340
338	339
338	340
338	341
339	340
339	341
339	342
339	344
339	345
339	379
339	382
340	341
340	342
340	379
341	342
341	343
341	344
342	343
342	344
342	345
342	346
342	375
343	344
343	345
343	346
344	345
344	346
345	346
345	347
346	347
346	348
346	369
346	370
347	348
347	378
348	349
348	350
348	369
348	370
349	350
349	351
349	368
349	369
349	370
350	351
350	352
350	367
350	368
350	369
350	370
351	352
351	353
351	367
351	368
352	353
352	354
353	354
353	355
354	355
354	356
355	356
355	357
356	357
356	358
357	358
357	359
357	360
358	359
358	360
359	360
359	361
360	361
360	364
361	362
361	363
361	364
361	365
362	363
362	364
362	365
362	366
363	364
363	365
363	366
363	367
364	365
364	366
364	367
364	368
365	366
365	367
365	368
365	369
366	367
366	368
366	369
367	368
367	369
368	369
368	370
369	370
370	371
370	372
370	374
370	375
371	372
371	373
371	374
371	375
372	373
372	374
372	375
372	376
373	374
373	375
373	376
373	377
374	375
374	376
374	377
374	378
375	376
375	377
375	378
375	379
376	377
376	378
376	379
376	380
377	378
377	379
377	380
377	381
378	379
378	380
378	381
378	382
379	380
379	381
379	382
379	383
380	381
380	382
380	383
380	384
381	382
381	383
381	384
381	385
382	383
382	384
382	385
382	386
383	384
383	385
383	386
384	385
384	386
384	387
385	386
385	387
386	387
388	389
388	390
388	442
389	390
389	391
389	393
389	394
389	442
389	443
390	391
390	392
390	393
390	439
390	440
390	441
390	442
390	443
391	392
391	393
391	438
391	441
391	442
391	443
392	393
392	394
392	411
392	412
392	443
393	394
393	395
394	395
394	396
395	396
395	397
396	397
396	398
397	398
397	399
398	399
399	400
399	401
399	404
400	401
400	404
401	402
401	403
401	404
401	405
402	403
402	404
402	405
402	406
403	404
403	405
403	406
403	407
404	405
404	406
404	407
404	408
405	406
405	407
405	408
405	409
406	407
406	408
406	409
406	410
407	408
407	409
407	410
407	411
408	409
408	410
408	411
408	412
409	410
409	411
409	412
409	413
410	411
410	412
410	413
410	414
411	412
411	413
411	414
411	415
412	413
412	414
412	415
412	416
413	414
413	415
413	416
413	417
414	415
414	416
414	417
414	418
415	416
415	417
415	418
415	419
415	438
416	417
416	418
416	419
416	420
417	418
417	419
417	420
417	421
418	419
418	420
418	421
418	422
419	420
419	421
419	422
419	423
419	437
419	438
420	421
420	422
420	423
420	424
421	422
421	423
421	424
421	425
422	423
422	424
422	425
422	426
422	437
423	424
423	425
423	426
423	427
424	425
424	426
424	427
425	426
425	427
425	428
425	429
426	427
426	428
426	429
426	432
426	433
427	428
427	429
428	429
429	430
429	431
429	432
430	431
430	432
431	432
431	433
432	433
432	434
433	434
433	435
434	435
434	436
434	437
435	436
435	437
436	437
436	438
436	441
437	438
437	439
437	440
437	441
438	439
438	440
438	441
439	440
439	441
440	441
440	442
441	442
441	443
442	443
442	444
443	444
444	445
444	446
445	446
