0	1
0	2
0	3
0	4
1	2
1	3
1	4
1	5
1	49
1	52
1	53
2	3
2	4
2	5
2	6
2	53
3	4
3	5
3	6
3	7
3	396
3	397
4	5
4	6
4	7
4	8
5	6
5	7
5	8
5	9
5	49
5	50
5	53
6	7
6	8
6	9
6	10
6	209
6	212
6	213
7	8
7	9
7	10
7	11
7	399
8	9
8	10
8	11
8	12
9	10
9	11
9	12
9	13
9	212
9	213
10	11
10	12
10	13
10	14
10	212
10	401
11	12
11	13
11	14
11	15
11	401
11	402
12	13
12	14
12	15
12	16
13	14
13	15
13	16
13	17
13	217
14	15
14	16
14	17
14	18
14	401
15	16
15	17
15	18
15	19
16	17
16	18
16	19
16	20
17	18
17	19
17	20
17	235
18	19
18	20
19	20
19	21
19	22
20	21
20	22
20	223
20	232
20	233
21	22
21	23
21	223
21	224
21	226
21	229
21	230
21	231
21	232
21	233
22	23
22	24
22	27
22	231
22	232
23	24
23	230
23	231
24	25
24	26
24	27
24	28
25	26
25	27
25	28
25	29
25	92
26	27
26	28
26	29
26	30
27	28
27	29
27	30
27	31
28	29
28	30
28	31
28	32
29	30
29	31
29	32
29	33
29	89
30	31
30	32
30	33
30	34
31	32
31	33
31	34
31	35
32	33
32	34
32	35
32	36
33	34
33	35
33	36
33	37
34	35
34	36
34	37
34	38
35	36
35	37
35	38
35	39
36	37
36	38
36	39
36	40
37	38
37	39
37	40
37	41
38	39
38	40
38	41
39	40
39	41
39	46
40	41
40	42
40	45
40	46
40	78
41	42
41	43
42	43
42	44
43	44
43	45
44	45
44	46
45	46
45	47
45	48
45	49
46	47
46	48
46	49
46	50
47	48
47	49
47	50
47	51
47	71
47	133
48	49
48	50
48	51
48	52
48	71
49	50
49	51
49	52
49	53
50	51
50	52
50	53
50	54
50	132
50	133
51	52
51	53
51	54
51	55
51	129
51	130
51	133
52	53
52	54
52	55
52	56
53	54
53	55
53	56
53	57
54	55
54	56
54	57
54	58
54	129
55	56
55	57
55	58
55	59
55	60
55	61
55	129
56	57
56	58
56	59
57	58
57	59
57	202
57	206
58	59
58	60
59	60
59	61
60	61
60	62
61	62
61	63
62	63
62	64
62	66
62	67
62	126
62	129
63	64
63	65
63	66
63	67
64	65
64	66
64	67
64	68
65	66
65	67
65	68
65	69
66	67
66	68
66	69
66	70
67	68
67	69
67	70
67	71
68	69
68	70
68	71
68	72
69	70
69	71
69	72
69	73
70	71
70	72
70	73
70	74
70	120
70	121
71	72
71	73
71	74
71	75
72	73
72	74
72	75
72	76
73	74
73	75
73	76
73	77
73	117
74	75
74	76
74	77
74	78
75	76
75	77
75	78
75	79
76	77
76	78
76	79
76	80
77	78
77	79
77	80
77	81
77	110
78	79
78	80
78	81
78	82
79	80
79	81
79	82
79	83
80	81
80	82
80	83
80	84
80	110
81	82
81	83
81	84
81	85
81	110
82	83
82	84
82	85
82	86
83	84
83	85
83	86
83	87
83	106
84	85
84	86
84	87
84	88
84	103
84	106
84	107
85	86
85	87
85	88
85	89
86	87
86	88
86	89
86	90
87	88
87	89
87	90
87	91
87	102
87	103
88	89
88	90
88	91
88	92
88	103
89	90
89	91
89	92
89	93
90	91
90	92
90	93
90	94
90	99
91	92
91	93
91	94
91	95
91	99
91	100
92	93
92	94
93	94
94	95
95	96
95	99
96	97
96	98
96	99
96	100
97	98
97	99
97	100
97	101
98	99
98	100
98	101
98	102
99	100
99	101
99	102
99	103
100	101
100	102
100	103
100	104
100	155
101	102
101	103
101	104
101	105
102	103
102	104
102	105
102	106
103	104
103	105
103	106
103	107
104	105
104	106
104	107
104	108
104	155
105	106
105	107
105	108
105	109
106	107
106	108
106	109
106	110
107	108
107	109
107	110
107	111
108	109
108	110
108	111
108	112
109	110
109	111
109	112
109	113
110	111
110	112
110	113
110	114
111	112
111	113
111	114
111	115
112	113
112	114
112	115
112	116
113	114
113	115
113	116
113	117
114	115
114	116
114	117
114	118
114	141
115	116
115	117
115	118
116	117
116	118
117	118
117	119
117	120
118	119
118	120
118	121
119	120
119	121
119	122
119	123
120	121
120	122
120	123
121	122
121	123
121	130
121	133
121	134
122	123
122	124
122	126
122	127
122	130
123	124
123	125
123	126
123	127
124	125
124	126
124	127
125	126
125	127
126	127
126	128
126	129
126	130
127	128
127	129
127	130
127	131
127	184
128	129
128	130
128	131
128	184
128	188
129	130
129	131
130	131
130	132
130	133
130	134
131	132
131	133
131	134
131	135
131	181
132	133
132	134
132	135
132	136
132	213
132	214
133	134
133	135
133	136
133	137
134	135
134	136
134	137
134	138
135	136
135	137
135	138
135	139
135	181
135	214
135	218
136	137
136	138
136	139
136	140
137	138
137	139
137	140
137	141
138	139
138	140
138	141
138	142
138	177
139	140
139	141
139	142
139	143
139	221
140	141
140	142
140	143
140	144
141	142
141	143
141	144
141	145
142	143
142	144
142	145
142	146
142	169
142	174
142	224
143	144
143	145
143	146
143	224
144	145
144	146
144	147
145	146
145	147
145	148
145	165
145	169
146	147
146	148
146	149
146	150
146	224
146	225
146	226
147	148
147	149
147	150
147	151
147	152
148	149
148	150
148	151
148	152
148	162
148	165
149	150
149	151
149	152
149	162
149	166
150	151
150	152
151	152
151	153
151	154
151	155
152	153
152	154
152	155
152	156
152	157
152	162
153	154
153	155
153	156
153	157
154	155
154	156
155	156
155	157
156	157
156	158
157	158
157	159
157	161
157	162
158	159
158	160
158	161
158	162
159	160
159	161
159	162
159	163
160	161
160	162
160	163
160	164
161	162
161	163
161	164
161	165
162	163
162	164
162	165
162	166
163	164
163	165
163	166
163	167
164	165
164	166
164	167
164	168
165	166
165	167
165	168
165	169
166	167
166	168
166	169
166	170
166	171
167	168
167	169
167	170
167	171
167	172
168	169
168	170
168	171
168	172
168	173
169	170
169	171
169	172
169	173
169	174
170	171
170	172
170	173
170	174
170	175
171	172
171	173
171	174
171	175
172	173
172	174
172	175
172	176
173	174
173	175
173	176
173	177
174	175
174	176
174	177
174	178
174	221
174	222
175	176
175	177
175	178
175	179
175	540
175	541
176	177
176	178
176	179
176	180
177	178
177	179
177	180
177	181
178	179
178	180
178	181
178	182
178	218
178	540
179	180
179	181
179	182
179	183
179	539
179	540
180	181
180	182
180	183
180	184
181	182
181	183
181	184
181	185
181	214
182	183
182	184
182	185
182	186
182	468
182	469
183	184
183	185
183	186
183	187
184	185
184	186
184	187
184	188
185	186
185	187
185	188
185	189
186	187
186	188
186	189
186	190
187	188
187	189
187	190
187	191
188	189
188	190
188	191
188	192
189	190
189	191
189	192
189	203
189	206
189	207
190	191
190	192
190	193
191	192
191	193
192	193
192	194
192	203
193	194
193	195
193	203
194	195
194	196
194	199
194	200
194	262
195	196
195	199
195	261
195	262
195	263
196	197
196	198
196	199
196	200
196	261
196	262
197	198
197	199
197	200
197	201
197	256
197	259
197	260
197	261
197	262
198	199
198	200
198	201
198	202
198	256
199	200
199	201
199	202
199	203
199	262
200	201
200	202
200	203
200	204
200	262
201	202
201	203
201	204
201	205
201	244
202	203
202	204
202	205
202	206
203	204
203	205
203	206
203	207
204	205
204	206
204	207
204	208
205	206
205	207
205	208
205	209
205	244
206	207
206	208
206	209
206	210
207	208
207	209
207	210
207	211
208	209
208	210
208	211
208	212
208	241
208	242
209	210
209	211
209	212
209	213
210	211
210	212
210	213
210	214
210	215
211	212
211	213
211	214
211	215
211	216
212	213
212	214
212	215
212	216
213	214
213	215
213	216
213	217
214	215
214	216
214	217
214	218
215	216
215	217
215	218
215	219
215	468
216	217
216	218
216	219
216	471
217	218
217	219
217	220
217	221
218	219
218	220
218	221
219	220
219	221
219	469
219	470
219	471
220	221
220	222
220	223
221	222
221	223
221	224
222	223
222	224
222	225
223	224
223	225
223	229
224	225
224	226
225	226
225	227
225	228
225	229
226	227
226	228
226	229
226	230
227	228
227	229
227	230
228	229
228	230
229	230
229	231
230	231
231	232
231	233
231	447
232	233
232	446
232	447
233	234
233	235
233	446
233	447
233	448
234	235
234	236
234	446
234	447
234	448
234	449
235	236
235	435
235	449
236	237
236	238
236	435
236	436
236	449
237	238
237	239
237	433
237	435
237	436
237	471
237	472
238	239
238	240
238	276
238	432
238	433
238	436
238	471
238	472
239	240
239	241
239	432
239	471
239	472
239	473
240	241
240	242
240	430
240	431
240	432
241	242
241	243
241	430
241	431
241	432
242	243
242	244
242	428
242	429
242	430
242	431
243	244
243	245
243	397
243	428
243	429
243	430
244	245
244	246
244	428
245	246
245	247
245	426
245	427
245	428
246	247
246	248
246	347
246	426
246	427
246	428
247	248
247	249
247	255
247	347
247	358
247	359
247	426
248	249
248	250
248	254
248	255
248	347
248	348
248	349
248	389
248	390
249	250
249	253
249	254
249	255
250	251
250	252
250	253
250	254
251	252
251	253
252	253
253	254
253	255
254	255
254	256
254	257
255	256
255	257
255	258
255	259
255	358
255	424
256	257
256	258
256	259
257	258
257	259
258	259
258	260
258	424
259	260
259	261
259	424
260	261
260	262
260	264
260	265
261	262
261	263
261	264
261	265
262	263
262	264
262	265
262	266
263	264
263	265
263	266
263	267
264	265
264	266
264	267
264	268
265	266
265	267
265	268
265	269
266	267
266	268
266	269
266	270
267	268
267	269
267	270
268	269
268	270
269	270
269	271
269	419
269	420
269	428
270	271
270	272
271	272
271	273
272	273
272	274
273	274
273	460
273	461
273	462
273	463
274	275
274	276
274	460
274	461
275	276
275	277
275	309
275	453
275	454
275	455
275	460
276	277
276	309
276	453
276	454
277	278
277	279
277	307
277	308
277	309
277	310
278	279
278	280
278	307
278	308
278	309
278	416
279	280
279	281
279	306
279	307
279	308
279	335
279	336
279	416
279	417
280	281
280	306
280	307
280	308
280	334
280	335
280	336
281	282
281	283
281	305
281	306
281	333
281	334
281	335
281	336
282	283
282	284
282	303
282	304
282	305
282	306
282	332
282	333
282	334
283	284
283	285
283	303
283	304
283	305
283	330
283	331
283	332
283	333
284	285
284	286
284	300
284	302
284	303
284	304
284	330
284	331
284	332
285	286
285	287
285	300
285	301
285	302
285	303
285	322
285	327
285	329
285	330
285	331
286	287
286	288
286	298
286	299
286	300
286	301
286	327
286	328
286	329
286	330
287	288
287	289
287	298
287	299
287	300
287	301
287	326
287	327
287	328
288	289
288	290
288	296
288	297
288	298
288	299
289	290
289	296
289	297
289	298
290	291
290	292
290	295
290	296
290	297
291	292
291	293
291	295
291	296
291	352
292	293
292	294
292	295
293	294
293	295
294	295
294	296
294	385
294	386
295	296
295	385
295	386
295	387
296	297
296	298
296	350
296	384
296	385
296	386
296	387
297	298
297	299
297	350
297	361
297	384
297	385
297	387
298	299
298	361
298	382
298	383
298	384
299	300
299	301
299	359
299	360
299	361
300	301
300	302
300	359
300	360
300	361
300	425
301	302
301	320
301	321
301	422
301	425
302	303
302	319
302	320
302	321
302	322
303	304
303	305
303	318
303	319
303	320
303	322
304	305
304	306
304	317
304	318
304	319
305	306
305	307
305	316
305	317
305	318
306	307
306	314
306	315
306	316
306	317
307	308
307	314
307	315
307	316
308	309
308	310
308	312
308	313
308	314
308	315
309	310
309	311
309	312
309	313
309	455
309	456
310	311
310	312
310	438
310	439
310	454
310	455
310	456
310	487
311	312
311	456
311	487
312	313
312	314
312	456
312	457
313	314
313	315
314	315
314	316
315	316
315	317
316	317
317	318
317	319
318	319
318	320
319	320
319	321
319	419
319	420
320	321
320	322
320	420
320	421
320	422
321	322
321	323
322	323
323	324
323	325
323	327
324	325
324	326
324	327
325	326
325	327
326	327
326	328
327	328
327	329
328	329
329	330
329	331
330	331
330	332
331	332
331	333
332	333
332	334
333	334
333	335
334	335
334	336
335	336
335	337
335	338
336	337
336	338
337	338
337	339
337	369
338	339
338	340
338	367
338	368
338	369
338	370
339	340
339	341
339	367
339	368
339	369
339	370
339	414
339	415
340	341
340	342
340	365
340	366
340	367
340	368
340	414
340	415
341	342
341	366
341	367
341	408
341	411
341	413
341	414
341	415
342	343
342	344
342	365
342	366
342	394
342	395
343	344
343	345
343	363
343	364
343	365
343	366
343	393
343	394
344	345
344	346
344	363
344	364
344	365
344	391
344	392
344	393
344	394
345	346
345	347
345	362
345	363
345	364
345	391
345	392
345	393
346	347
346	348
346	360
346	361
346	362
346	363
346	389
346	390
346	391
346	392
347	348
347	359
347	360
347	361
347	389
347	390
347	391
348	349
348	350
348	358
348	359
348	360
348	361
348	387
348	388
348	389
348	390
349	350
349	351
349	356
349	357
349	358
349	359
349	387
349	388
349	389
350	351
350	352
350	356
350	357
350	358
350	387
350	388
351	352
351	353
351	355
351	356
351	357
352	353
352	354
352	355
352	356
353	354
353	355
354	355
355	356
356	357
356	358
357	358
357	359
358	359
358	424
358	425
359	360
359	361
359	425
359	426
360	361
360	362
361	362
361	381
361	383
361	384
362	363
362	364
362	380
362	381
363	364
363	365
363	379
363	380
363	381
364	365
364	366
364	377
364	378
364	379
364	380
365	366
365	367
365	377
365	378
365	379
366	367
366	376
366	377
366	378
367	368
367	369
367	375
367	376
367	377
368	369
368	370
368	373
368	374
368	375
368	376
368	408
369	370
369	371
369	372
369	373
369	374
369	375
370	371
370	372
370	373
371	372
371	373
372	373
372	374
373	374
373	375
374	375
374	376
375	376
376	377
376	378
377	378
377	379
378	379
378	380
379	380
379	381
380	381
380	382
381	382
381	383
382	383
382	384
383	384
383	385
384	385
385	386
385	387
386	387
386	388
387	388
387	389
388	389
389	390
389	391
390	391
390	392
391	392
391	393
392	393
392	394
393	394
393	395
393	396
394	395
394	396
394	397
394	398
395	396
395	397
395	398
395	399
396	397
396	398
396	399
397	398
397	399
398	399
398	400
398	412
398	413
399	400
399	401
399	411
399	412
400	401
400	402
400	407
400	410
400	411
400	412
401	402
401	410
401	411
401	412
402	403
402	404
402	405
402	410
403	404
403	405
403	406
404	405
405	406
405	407
405	409
405	410
406	407
406	408
406	409
406	410
407	408
407	409
407	410
407	411
408	409
408	410
408	411
409	410
409	411
410	411
410	412
411	412
411	413
412	413
412	433
412	434
413	414
413	415
413	431
413	432
413	433
413	434
414	415
414	416
414	431
414	432
414	433
414	434
415	416
415	417
415	429
415	430
415	431
415	432
416	417
416	430
416	431
416	432
417	418
417	419
417	429
417	430
417	431
418	419
418	420
418	427
418	428
418	429
418	430
419	420
419	427
419	428
419	429
420	421
420	422
420	426
420	427
420	428
421	422
421	423
421	424
421	425
421	426
421	427
422	423
422	424
422	425
422	426
423	424
423	425
424	425
424	426
425	426
425	427
426	427
426	428
427	428
427	429
428	429
428	430
429	430
429	431
430	431
431	432
431	433
432	433
432	434
433	434
433	435
433	436
434	435
434	436
434	437
435	436
435	437
436	437
436	438
437	438
437	439
437	440
438	439
438	440
439	440
439	441
439	488
439	489
440	441
440	442
440	487
440	488
440	489
441	442
441	443
441	488
441	489
441	490
441	491
442	443
442	444
442	448
442	488
442	489
442	490
442	491
443	444
443	445
443	446
443	448
443	490
443	491
444	445
444	446
444	491
444	492
444	496
444	586
445	446
445	586
446	447
446	448
446	586
447	448
447	449
447	583
447	584
447	585
447	586
448	449
448	450
448	583
448	584
448	585
449	450
449	451
449	581
449	582
449	583
449	584
450	451
450	452
450	581
450	582
450	583
451	452
451	453
451	454
451	580
451	581
451	582
452	453
452	454
452	455
452	474
452	475
452	483
452	580
452	581
452	582
453	454
453	455
453	473
453	474
453	475
454	455
454	456
454	486
455	456
455	457
455	484
455	485
455	486
455	487
456	457
456	484
456	485
456	486
456	487
457	458
457	459
457	484
457	485
458	459
458	460
458	483
458	484
459	460
459	461
459	483
459	484
460	461
460	462
460	475
461	462
461	463
461	473
461	474
461	475
461	476
462	463
462	464
462	475
462	476
463	464
464	465
464	466
465	466
465	467
465	468
466	467
466	468
466	469
466	535
467	468
467	469
467	470
467	471
467	472
467	473
467	474
468	469
468	470
468	471
468	472
469	470
469	471
470	471
470	472
471	472
472	473
472	474
473	474
473	475
474	475
474	476
474	578
474	579
474	580
475	476
475	578
475	579
475	580
476	477
476	478
476	576
476	577
476	578
476	579
477	478
477	479
477	480
477	481
477	576
477	577
477	578
478	479
478	571
478	574
478	575
478	576
478	577
479	480
479	481
479	566
479	568
479	571
480	481
480	565
480	566
480	567
481	482
481	564
481	565
481	566
482	483
482	484
482	563
482	564
482	565
483	484
483	485
483	562
483	563
483	564
484	485
484	486
484	562
485	486
485	487
485	560
485	561
485	562
486	487
486	488
486	560
486	561
486	562
487	488
487	559
487	560
487	561
488	489
488	490
488	558
488	559
488	560
489	490
489	491
489	557
489	558
489	559
490	491
490	492
490	557
490	558
491	492
491	493
491	557
492	493
492	494
493	494
493	495
493	496
494	495
494	496
494	553
494	554
494	556
494	557
495	496
495	497
495	553
496	497
496	498
496	553
497	498
497	551
497	552
497	553
497	586
497	587
498	499
498	500
498	551
498	552
498	553
498	584
498	585
498	586
498	587
499	500
499	501
499	548
499	549
499	550
499	551
499	552
499	584
499	585
499	586
499	587
500	501
500	502
500	547
500	548
500	582
500	583
500	584
500	585
501	502
501	503
501	545
501	546
501	547
501	548
501	582
501	583
501	584
502	503
502	504
502	545
502	546
502	547
502	581
502	582
502	583
503	504
503	543
503	544
503	545
503	546
503	579
503	580
503	581
503	582
504	505
504	506
504	543
504	544
504	545
504	578
504	579
504	580
505	506
505	529
505	530
505	542
505	543
505	544
505	577
505	578
505	579
506	507
506	508
506	528
506	529
506	530
506	576
506	577
506	578
507	508
507	528
507	529
507	530
507	531
507	532
507	575
507	576
507	577
508	509
508	510
508	527
508	528
508	568
508	569
508	570
508	575
508	576
509	510
509	526
509	527
509	528
509	568
509	569
510	511
510	512
510	525
510	526
510	527
510	565
510	566
510	567
510	568
510	569
511	512
511	513
511	524
511	525
511	526
511	565
511	566
511	567
512	513
512	514
512	523
512	524
512	525
512	563
512	564
512	565
512	566
513	514
513	515
513	520
513	522
513	523
513	524
513	563
513	564
513	565
514	515
514	516
514	520
514	521
514	522
514	523
514	562
514	563
514	564
515	516
515	517
515	518
515	519
515	520
515	521
515	561
515	562
515	563
516	517
516	518
516	519
516	520
516	521
516	560
516	561
516	562
517	518
517	519
517	559
517	560
517	561
518	519
518	520
519	520
519	521
520	521
520	522
521	522
521	552
522	523
522	524
523	524
524	525
524	526
525	526
526	527
526	528
526	546
527	528
527	529
528	529
528	530
529	530
529	542
529	543
529	544
530	531
530	532
530	542
531	532
531	533
532	533
532	575
533	534
533	535
533	537
534	535
534	536
534	537
535	536
535	537
535	538
536	537
536	538
537	538
537	539
538	539
538	542
539	540
539	541
539	542
540	541
540	542
540	543
541	542
541	543
542	543
542	544
543	544
544	545
544	546
545	546
545	547
546	547
546	548
547	548
547	549
548	549
548	550
549	550
549	551
550	551
550	552
551	552
552	553
552	554
553	554
553	555
554	555
554	556
554	559
555	556
555	559
556	557
556	558
556	559
557	558
557	559
558	559
559	560
560	561
560	562
561	562
561	563
562	563
562	564
563	564
563	565
564	565
564	566
565	566
566	567
566	568
567	568
567	569
568	569
568	570
568	571
569	570
570	571
570	572
570	575
571	572
571	575
572	573
572	574
572	575
573	574
573	575
574	575
574	576
575	576
576	577
576	578
577	578
577	579
578	579
578	580
579	580
579	581
580	581
581	582
581	583
582	583
582	584
583	584
583	585
584	585
584	586
585	586
585	587
586	587
586	588
587	588
