1	1
2	1
3	1
4	1
5	4
6	1
7	1
8	1
9	1
10	1
11	1
12	1
13	1
14	1
15	1
16	1
17	1
18	1
19	1
20	1
21	1
22	1
23	3
24	3
25	4
26	4
27	4
28	4
29	4
30	4
31	4
32	4
33	4
34	4
35	4
36	4
37	4
38	4
39	4
40	4
41	4
42	4
43	4
44	4
45	4
46	4
47	5
48	5
49	5
50	5
51	5
52	5
53	5
54	5
55	5
56	6
57	6
58	6
59	6
60	6
61	6
62	5
63	5
64	5
65	5
66	3
67	3
68	3
69	3
70	3
71	3
72	3
73	3
74	3
75	3
76	3
77	3
78	3
79	3
80	2
81	2
82	2
83	2
84	2
85	2
86	2
87	2
88	2
89	2
90	2
91	2
92	6
93	6
94	6
95	6
96	6
97	6
98	6
99	6
100	6
101	2
102	6
103	6
104	6
105	6
106	6
107	2
108	2
109	2
110	2
111	2
112	2
113	2
114	2
115	2
116	2
117	2
118	2
119	2
120	2
121	2
122	2
123	2
124	2
125	2
126	2
127	2
128	2
129	2
130	2
131	2
132	2
133	2
134	3
135	3
136	3
137	3
138	3
139	3
140	3
141	3
142	3
143	3
144	3
145	3
146	3
147	2
148	2
149	3
150	2
151	2
152	2
153	2
154	2
155	2
156	2
157	2
158	2
159	2
160	2
161	2
162	2
163	2
164	2
165	2
166	2
167	2
168	2
169	2
170	2
171	2
172	3
173	3
174	3
175	3
176	3
177	3
178	2
179	3
180	3
181	3
182	3
183	2
184	2
185	2
186	2
187	2
188	2
189	2
190	2
191	2
192	2
193	2
194	2
195	2
196	2
197	2
198	2
199	2
200	2
201	2
202	2
203	2
204	2
205	2
206	2
207	2
208	2
209	2
210	2
211	2
212	3
213	3
214	3
215	3
216	2
217	3
218	3
219	3
***
1	1
2	2
3	2
4	1
5	1
6	1
