0	1
0	2
1	2
1	3
1	5
1	6
2	3
2	4
2	5
2	6
3	4
3	5
3	6
3	7
4	5
4	6
4	7
4	8
4	39
4	40
4	42
4	43
5	6
5	7
5	8
5	9
5	43
6	7
6	8
6	9
6	10
7	8
7	9
7	10
7	11
7	43
8	9
8	10
8	11
8	12
8	43
8	44
8	46
8	47
9	10
9	11
9	12
9	13
10	11
10	12
10	13
10	14
11	12
11	13
11	14
11	15
12	13
12	14
12	15
12	16
13	14
13	15
13	16
13	17
14	15
14	16
14	17
14	18
14	19
14	20
15	16
15	17
15	18
15	19
15	20
15	21
16	17
16	18
17	18
17	19
18	19
18	20
18	21
19	20
19	21
20	21
20	63
21	22
21	23
21	63
22	23
22	62
22	63
22	64
22	65
22	136
22	137
23	133
23	134
23	135
23	136
24	25
24	26
24	28
24	29
25	26
25	27
25	28
25	29
25	60
25	61
26	27
26	28
26	29
26	30
26	40
27	28
27	29
27	30
27	31
28	29
28	30
28	31
28	32
29	30
29	31
29	32
29	33
29	40
30	31
30	32
30	33
30	34
30	35
30	36
30	37
30	40
31	32
31	33
31	34
31	35
32	33
32	34
33	34
33	35
34	35
35	36
35	37
35	39
35	40
36	37
36	38
36	39
36	40
37	38
37	39
37	40
37	41
38	39
38	40
38	41
38	42
39	40
39	41
39	42
39	43
40	41
40	42
40	43
40	44
41	42
41	43
41	44
41	45
42	43
42	44
42	45
42	46
43	44
43	45
43	46
43	47
44	45
44	46
44	47
44	48
45	46
45	47
45	48
45	49
46	47
46	48
46	49
46	50
47	48
47	49
47	50
47	51
47	52
47	53
48	49
48	50
48	51
48	52
48	53
48	54
49	50
49	51
50	51
50	52
51	52
51	53
52	53
52	63
52	64
53	54
53	55
53	61
53	62
53	63
53	64
54	55
54	56
54	61
54	62
54	63
54	64
55	56
55	57
55	60
55	61
55	62
56	57
56	58
56	59
56	60
56	61
56	105
56	106
57	58
57	59
57	104
58	59
58	60
59	60
60	61
60	62
61	62
61	63
62	63
62	64
63	64
63	65
64	65
64	66
64	88
64	89
65	66
65	67
65	87
65	88
65	137
66	67
66	68
67	68
67	69
67	71
67	72
68	69
68	70
68	71
68	72
69	70
69	71
69	72
69	73
69	78
70	71
70	72
70	73
70	74
71	72
71	73
71	74
71	137
71	138
72	73
72	74
72	75
72	77
73	74
73	75
73	76
73	77
74	75
74	76
74	138
74	141
75	76
75	77
75	82
75	141
75	142
75	143
76	77
79	80
79	81
79	115
80	81
80	82
80	114
80	115
80	116
81	82
81	83
81	114
81	115
82	83
82	84
82	112
82	113
82	114
83	84
83	85
83	112
83	113
83	114
84	85
84	86
84	111
84	112
84	113
85	86
85	111
85	112
86	87
86	88
86	110
86	111
87	88
87	109
87	110
87	111
88	89
88	90
88	108
88	109
88	110
89	90
89	106
89	107
89	108
89	109
90	91
90	92
90	106
90	107
90	108
91	92
91	93
91	103
91	104
91	105
91	106
91	107
92	93
92	94
92	96
92	97
92	103
92	104
92	105
92	106
92	107
93	94
93	95
93	96
93	97
93	103
93	104
94	95
94	96
94	97
94	98
94	103
95	96
95	97
95	98
95	99
96	97
96	98
96	99
96	100
97	98
97	99
97	100
97	101
97	102
97	103
98	99
98	100
98	101
99	100
99	101
100	101
100	198
102	103
102	104
102	105
103	104
103	105
104	105
104	106
105	106
105	107
106	107
106	108
106	128
106	129
107	108
107	109
107	126
107	127
107	128
107	129
108	109
108	110
108	126
108	127
108	128
108	129
109	110
109	111
109	125
109	126
109	127
110	111
110	112
110	124
110	125
110	126
111	112
111	123
111	124
111	125
112	113
112	114
112	122
112	123
112	124
113	114
113	115
113	120
113	121
113	122
113	123
114	115
114	116
114	120
114	121
114	122
115	116
115	119
115	120
115	121
116	117
116	118
116	119
116	120
116	121
117	118
117	119
118	119
118	207
119	120
119	121
120	121
120	122
121	122
121	123
121	205
121	206
122	123
122	124
122	177
122	204
122	205
123	124
123	125
123	203
123	204
123	205
124	125
124	126
124	202
124	203
124	204
125	126
125	127
125	201
125	202
125	203
126	127
126	128
126	200
126	201
126	202
127	128
127	129
127	199
127	200
127	201
128	129
128	130
128	131
128	132
129	130
129	131
129	132
129	133
130	131
130	132
130	133
131	132
131	133
131	152
131	153
131	199
132	133
132	134
132	135
132	152
132	153
133	134
133	135
134	135
134	136
135	136
135	137
135	139
136	137
136	138
136	139
137	138
137	139
137	140
138	139
138	140
138	141
139	140
139	141
140	141
140	142
140	148
141	142
141	143
141	148
142	143
142	144
142	145
142	148
143	144
143	145
144	145
144	146
144	147
144	148
145	146
145	147
145	148
145	149
146	147
146	148
146	149
146	150
147	148
147	149
147	150
147	151
148	149
148	150
148	151
149	150
149	151
149	152
149	156
149	200
150	151
150	152
150	154
150	155
150	156
151	152
152	153
152	154
153	154
154	155
154	156
154	194
155	156
155	157
155	194
156	157
156	158
156	159
156	192
156	193
156	194
157	158
157	159
157	193
157	194
157	195
158	159
158	160
158	161
158	162
158	192
158	193
158	194
159	160
159	161
159	162
159	192
159	193
159	194
160	161
160	162
160	163
160	190
160	191
160	192
160	193
161	162
161	163
161	190
161	191
161	192
162	163
162	190
162	191
162	192
163	164
163	165
163	188
163	189
163	190
163	191
164	165
164	166
164	188
164	189
164	190
165	166
165	187
165	188
165	189
166	167
166	168
166	186
166	187
166	188
167	168
167	184
167	185
167	186
167	187
168	169
168	170
168	184
168	185
168	186
168	187
169	170
169	171
169	182
169	183
169	184
169	185
170	171
170	172
170	174
170	175
170	180
170	181
170	182
170	183
170	184
170	185
171	172
171	173
171	174
171	175
171	181
172	173
172	174
172	175
172	176
173	174
173	175
173	176
173	177
174	175
174	176
174	177
174	178
174	179
175	176
175	177
175	178
175	179
175	180
175	181
176	177
176	178
177	178
178	179
178	180
179	180
179	181
179	183
180	181
180	182
180	183
181	182
181	183
182	183
182	184
183	184
183	185
184	185
184	207
184	208
184	209
184	215
185	186
185	187
185	205
185	206
185	207
185	208
186	187
186	188
186	205
186	206
186	207
186	208
187	188
187	189
187	203
187	204
187	205
187	206
188	189
188	190
188	203
188	204
188	205
189	190
189	191
189	202
189	203
189	204
190	191
190	192
190	201
190	202
190	203
191	192
191	193
191	198
191	200
191	201
191	202
192	193
192	198
192	199
192	200
192	201
193	194
193	195
193	197
193	198
193	199
194	195
194	196
194	197
194	198
194	199
195	196
195	197
196	197
197	198
198	199
198	200
199	200
200	201
200	202
201	202
201	203
202	203
202	204
203	204
203	205
204	205
204	206
205	206
205	207
206	207
206	208
207	208
207	209
208	209
208	210
209	210
210	211
210	212
210	213
210	214
211	212
211	213
212	213
213	214
213	215
214	215
214	216
215	216
215	217
216	217
216	218
217	218
