0	1
0	2
1	2
1	3
1	4
1	523
2	3
2	4
2	5
2	523
2	524
2	525
3	4
3	5
3	523
3	524
3	525
4	5
4	6
5	6
5	7
6	7
6	8
7	8
7	9
7	583
7	584
8	9
8	10
9	10
9	11
9	584
9	585
9	586
10	11
10	12
10	212
10	584
10	585
10	586
11	12
11	13
11	584
11	585
12	13
12	214
12	584
12	585
13	14
13	15
13	214
14	15
14	16
14	214
15	16
15	17
15	214
15	215
15	216
16	17
16	18
16	214
16	215
16	216
17	18
17	19
17	215
17	216
17	217
18	19
18	20
18	215
18	216
18	217
18	218
19	20
19	21
19	217
19	218
19	219
20	21
20	22
20	218
20	219
20	220
21	22
21	219
21	220
21	221
22	23
22	24
22	25
22	52
22	53
22	54
22	220
22	221
23	24
23	25
23	51
23	52
23	53
23	221
23	222
23	223
24	25
24	26
24	52
24	53
24	54
24	221
24	222
24	223
24	224
25	26
25	27
25	53
25	54
25	55
25	221
25	223
25	224
25	225
26	27
26	28
26	33
26	54
26	55
26	56
26	224
26	225
26	226
27	28
27	29
27	55
27	56
27	57
27	225
27	226
27	227
27	228
28	29
28	30
28	33
28	56
28	57
28	58
28	226
28	227
28	228
29	30
29	31
29	33
29	34
29	56
29	57
29	61
29	64
30	31
30	32
30	33
30	34
30	64
30	65
31	32
31	33
31	34
31	35
31	469
31	472
31	473
32	33
32	34
32	35
32	36
32	227
32	457
32	458
32	472
32	473
32	475
32	476
33	34
33	35
33	36
33	37
33	227
33	476
34	35
34	36
34	37
34	38
34	171
34	172
34	175
34	473
35	36
35	37
35	38
35	39
35	473
35	474
35	476
35	477
36	37
36	38
36	39
36	40
36	476
36	477
36	479
36	480
37	38
37	39
37	40
37	41
37	175
37	480
38	39
38	40
38	41
38	174
38	175
38	178
39	40
39	41
39	42
39	43
39	477
39	480
39	481
40	41
40	42
40	43
40	44
40	480
40	481
40	484
41	42
41	43
41	44
41	45
41	178
41	179
42	43
42	44
42	45
42	46
43	44
43	45
43	46
43	47
43	481
43	484
44	45
44	46
44	47
44	48
44	49
44	484
45	46
45	47
45	48
45	49
46	47
46	48
46	49
47	48
47	49
48	49
48	50
48	51
49	50
49	51
50	51
50	52
51	52
51	53
52	53
52	54
53	54
53	183
54	55
54	56
54	183
54	184
55	56
55	57
55	183
55	184
55	185
56	57
56	184
56	185
56	186
56	188
57	58
57	59
57	60
57	61
57	185
57	186
57	187
57	188
57	189
58	59
58	186
58	187
58	188
58	189
59	60
59	61
59	64
59	186
59	187
60	61
60	62
60	63
60	64
60	186
60	187
61	62
61	63
61	64
61	172
61	186
62	63
62	64
62	168
62	169
62	172
63	64
63	65
63	68
63	168
63	169
64	65
64	68
65	66
65	67
65	68
66	67
66	68
66	249
66	250
67	68
67	69
67	70
67	71
67	167
67	168
68	69
68	70
68	168
69	70
69	71
69	165
69	381
69	382
70	71
70	164
70	165
70	166
70	167
70	168
70	381
70	382
71	72
71	73
71	164
71	165
71	167
71	381
71	382
72	73
72	161
72	162
72	163
72	164
72	378
72	381
72	382
73	74
73	75
73	159
73	160
73	161
73	162
74	75
74	76
74	159
74	160
74	161
74	162
74	469
74	470
75	76
75	77
75	158
75	159
75	160
75	468
76	77
76	78
76	158
76	159
76	467
76	468
76	470
76	471
77	78
77	79
77	110
77	111
77	158
77	159
77	160
78	79
78	80
78	81
78	82
78	111
78	158
79	80
79	81
80	81
80	82
81	82
81	83
82	83
82	84
82	85
82	86
83	84
83	85
83	86
83	87
83	104
83	107
83	108
84	85
84	86
84	87
84	88
84	104
84	659
85	86
85	87
85	88
85	89
86	87
86	88
86	89
86	90
87	88
87	89
87	90
87	91
87	100
87	103
87	104
88	89
88	90
88	91
88	92
89	90
89	91
89	92
89	93
90	91
90	92
90	93
90	94
90	466
91	92
91	93
91	94
91	95
91	96
91	97
91	98
92	93
92	94
92	95
92	96
92	322
92	329
93	94
93	95
93	329
93	330
94	95
94	96
94	97
94	329
95	96
95	97
95	322
96	97
96	98
97	98
97	635
97	636
98	99
98	100
98	463
98	464
99	100
99	101
99	102
99	103
99	463
99	464
100	101
100	102
100	103
100	104
100	658
101	102
101	103
101	104
101	105
101	425
101	431
102	103
102	104
102	105
102	106
102	425
102	464
103	104
103	105
103	106
103	107
103	464
104	105
104	106
104	107
104	108
105	106
105	107
105	108
105	109
106	107
106	108
106	109
106	110
106	471
106	474
106	475
107	108
107	109
107	110
108	109
108	110
109	110
109	111
109	112
109	474
110	111
110	112
110	113
110	114
110	470
110	471
110	474
111	112
111	113
111	114
111	115
112	113
112	114
112	115
112	116
113	114
113	115
113	116
113	117
113	470
113	473
113	474
114	115
114	116
114	117
114	118
114	470
115	116
115	117
115	118
115	119
115	146
115	147
116	117
116	118
116	119
116	120
117	118
117	119
117	120
117	121
117	122
118	119
118	120
118	121
118	122
118	123
118	124
119	120
119	121
120	121
120	122
120	170
121	122
121	123
121	170
122	123
122	124
122	164
122	167
123	124
123	125
123	135
123	136
123	137
123	162
123	163
123	164
124	125
124	126
124	135
124	136
124	161
124	162
124	163
125	126
125	133
125	134
125	135
125	136
125	139
125	152
125	153
125	161
125	162
126	127
126	128
126	133
126	134
126	135
126	139
126	145
126	150
126	151
126	152
126	153
127	128
127	129
127	131
127	132
127	133
127	134
127	151
127	152
127	153
128	129
128	130
128	131
128	132
128	133
128	134
129	130
129	131
130	131
130	132
131	132
131	133
132	133
132	134
133	134
133	135
133	153
134	135
134	136
134	138
134	139
135	136
135	137
135	138
135	139
136	137
136	138
136	139
136	140
136	163
137	138
137	139
137	140
137	141
138	139
138	140
138	141
138	142
139	140
139	141
139	142
139	143
139	144
139	145
140	141
140	142
140	143
140	144
140	145
141	142
141	143
142	143
142	144
143	144
143	145
144	145
144	148
144	150
145	146
145	147
145	148
145	149
145	150
146	147
146	148
146	149
146	150
146	151
147	148
147	149
148	149
148	150
149	150
149	151
150	151
150	152
151	152
151	153
152	153
152	154
152	160
153	154
153	155
153	160
153	161
154	155
154	156
154	159
154	160
154	161
155	156
155	159
155	160
156	157
156	158
156	159
157	158
157	159
158	159
159	160
159	161
160	161
160	162
161	162
162	163
162	164
163	164
163	165
164	165
164	166
164	167
164	381
165	166
165	167
165	381
166	167
166	168
166	169
166	170
167	168
167	169
167	170
167	171
168	169
168	170
168	171
168	172
169	170
169	171
169	172
169	173
170	171
170	172
170	173
170	174
171	172
171	173
171	174
171	175
172	173
172	174
172	175
172	176
173	174
173	175
173	176
173	177
174	175
174	176
174	177
174	178
175	176
175	177
175	178
175	179
176	177
176	178
176	179
176	180
176	181
177	178
177	179
177	180
178	179
178	180
179	180
179	181
179	183
179	184
180	181
180	182
180	183
180	184
181	182
181	183
181	184
182	183
182	184
183	184
183	185
184	185
184	186
185	186
186	187
186	188
187	188
187	189
187	210
187	211
187	212
188	189
188	190
188	208
188	209
188	210
188	211
189	190
189	191
189	208
189	209
189	210
190	191
190	192
190	206
190	207
190	208
190	209
191	192
191	193
191	207
191	208
191	592
192	193
192	194
192	206
192	207
192	208
192	260
193	194
193	195
193	205
193	206
193	207
193	260
193	264
194	195
194	196
194	203
194	204
194	205
194	206
194	497
195	196
195	197
195	202
195	203
195	204
195	205
195	497
196	197
196	198
196	199
196	200
196	202
196	203
196	204
196	495
196	496
196	497
197	198
197	199
197	496
197	497
197	498
198	199
198	200
199	200
199	201
199	202
200	201
200	202
201	202
201	203
201	451
201	452
202	203
202	204
202	451
202	452
202	453
203	204
203	205
203	451
203	452
203	453
203	454
204	205
204	220
204	221
204	222
204	495
204	496
205	206
205	219
205	220
205	221
206	207
206	208
206	218
206	219
206	220
207	208
207	217
207	218
207	219
208	209
208	216
208	217
208	218
209	210
209	211
209	215
209	216
209	217
210	211
210	212
210	213
210	214
210	215
210	216
211	212
211	213
211	585
212	213
213	214
213	215
214	215
214	216
215	216
215	217
216	217
216	218
216	505
217	218
217	219
218	219
218	220
219	220
219	221
220	221
220	495
221	222
221	223
221	224
221	495
222	223
222	224
222	453
222	487
222	493
223	224
223	453
223	454
223	483
223	487
224	225
224	226
224	453
224	454
224	455
225	226
225	227
225	454
225	455
225	456
226	227
226	228
226	257
226	455
226	456
227	228
227	229
227	257
227	456
227	457
227	458
227	460
228	229
228	230
228	256
228	257
229	230
229	253
229	257
229	459
229	460
230	231
230	232
230	253
230	255
230	411
230	412
230	413
230	459
231	232
231	233
231	234
231	253
231	254
231	255
231	410
231	411
231	412
232	233
232	234
232	249
232	250
232	251
232	253
232	254
232	410
232	411
233	234
233	235
233	236
233	251
234	235
234	236
234	542
234	597
234	601
235	236
235	237
235	408
235	409
235	542
235	545
235	546
235	551
236	237
236	238
236	408
236	542
236	543
236	546
236	551
237	238
237	239
237	240
237	244
237	408
238	239
238	240
239	240
239	241
239	243
239	244
240	241
240	242
240	243
240	244
241	242
241	243
241	244
242	243
242	244
242	245
243	244
243	245
243	246
244	245
244	246
244	247
245	246
245	247
245	251
246	247
246	248
246	283
247	248
247	249
247	250
247	251
248	249
248	250
248	284
249	250
249	251
250	251
250	252
250	253
251	252
251	253
252	253
252	254
253	254
253	255
254	255
254	256
254	593
254	594
254	596
254	597
255	256
255	257
255	258
255	259
255	596
255	597
255	600
256	257
256	258
256	259
256	260
256	596
257	258
257	259
257	260
257	261
257	460
258	259
258	260
258	261
258	262
258	420
258	460
258	600
259	260
259	261
259	262
259	263
259	596
259	599
259	600
260	261
260	262
260	263
260	264
261	262
261	263
261	264
261	265
261	266
262	263
262	264
262	265
262	266
262	267
262	268
262	641
263	264
263	265
263	641
263	643
264	265
264	266
264	643
265	266
265	267
265	451
265	640
265	641
265	642
265	643
266	267
266	268
266	449
266	450
266	451
266	640
267	268
267	269
267	421
267	422
267	450
267	638
267	639
267	640
268	269
268	420
268	421
268	422
268	638
268	639
268	640
269	270
269	271
269	419
269	420
269	421
269	422
269	462
269	463
269	636
269	637
269	638
269	639
270	271
270	272
270	273
270	418
270	419
270	420
270	462
270	463
270	636
270	637
270	638
271	272
271	273
271	419
271	420
271	603
271	604
271	607
272	273
272	274
272	419
272	604
272	605
272	607
272	608
273	274
273	417
273	418
273	419
274	275
274	276
274	409
274	410
274	411
274	412
274	417
274	419
274	619
275	276
275	277
275	409
275	410
275	411
275	416
275	417
275	619
276	277
276	278
276	406
276	407
276	408
276	409
276	410
276	619
277	278
277	279
277	406
277	407
278	279
278	404
278	405
278	406
278	407
279	280
279	281
279	284
279	285
279	286
279	287
279	404
279	405
279	406
280	281
280	282
280	283
280	284
280	285
280	286
280	287
280	402
280	403
280	404
280	405
281	282
281	283
281	284
281	403
281	404
281	405
282	283
282	284
283	284
283	285
283	385
283	386
283	389
284	285
284	286
284	386
285	286
285	287
285	379
285	383
285	386
286	287
286	288
286	378
287	288
287	289
287	290
287	291
288	289
288	290
288	291
288	292
289	290
289	291
289	292
289	293
289	375
290	291
290	292
290	293
290	294
290	295
290	296
290	375
291	292
291	293
291	294
291	295
291	296
291	297
292	293
292	294
292	295
293	294
293	295
293	371
294	295
294	296
294	355
294	356
294	359
295	296
295	297
295	355
296	297
296	350
296	351
296	352
296	355
297	298
297	299
297	350
297	351
298	299
298	300
298	305
298	348
298	349
298	350
299	300
299	301
299	303
299	304
299	305
299	306
299	348
299	349
299	350
300	301
300	302
300	303
300	304
300	306
300	345
300	346
300	347
300	348
300	349
301	302
301	303
301	345
301	346
301	347
302	303
302	304
303	304
303	305
304	305
304	306
305	306
305	307
305	308
305	309
306	307
306	308
306	309
306	310
307	308
307	309
307	310
307	311
307	336
308	309
308	310
308	311
309	310
309	311
310	311
310	312
310	313
310	336
311	312
311	313
311	314
312	313
312	314
312	315
313	314
313	315
314	315
314	316
314	317
314	318
315	316
315	317
315	318
315	319
316	317
316	318
316	319
316	320
317	318
317	319
317	320
317	321
317	322
317	323
318	319
318	320
318	321
318	322
318	323
318	324
319	320
319	321
320	321
320	322
321	322
321	323
321	324
322	323
322	324
323	324
323	325
323	327
323	328
323	329
324	325
324	326
324	327
325	326
325	327
326	327
326	328
327	328
327	329
328	329
328	330
328	332
328	333
329	330
329	331
329	332
329	333
330	331
330	332
330	333
330	334
331	332
331	333
331	334
331	335
331	616
331	617
331	618
331	619
332	333
332	334
332	335
332	336
332	617
332	618
333	334
333	335
333	336
333	337
334	335
334	336
334	337
334	338
334	618
335	336
335	337
335	338
335	617
335	618
336	337
336	338
336	339
337	338
337	339
337	340
337	341
338	339
338	340
338	341
338	342
339	340
339	341
339	342
339	343
340	341
340	342
340	343
340	344
340	345
340	346
341	342
341	343
341	344
341	345
341	346
342	343
342	344
343	344
343	345
344	345
344	346
345	346
345	347
346	347
346	348
347	348
347	349
347	403
348	349
348	403
348	404
349	350
349	351
349	402
349	403
349	404
350	351
350	352
350	401
350	402
350	403
351	352
351	353
351	354
351	355
351	401
351	402
352	353
352	354
352	355
352	356
352	397
352	398
352	400
352	401
353	354
353	355
353	356
353	357
353	397
353	398
353	399
353	400
353	401
354	355
354	356
354	357
354	358
355	356
355	357
355	358
355	359
356	357
356	358
356	359
356	360
356	398
357	358
357	359
357	360
357	361
358	359
358	360
358	361
359	360
359	361
359	362
359	363
360	361
360	362
360	363
360	368
361	362
361	363
362	363
363	364
363	365
363	367
363	368
364	365
364	366
364	367
364	368
365	366
365	367
365	368
365	369
366	367
366	368
366	369
366	370
367	368
367	369
367	370
367	371
368	369
368	370
368	371
368	372
369	370
369	371
369	372
369	373
370	371
370	372
370	373
370	374
371	372
371	373
371	374
371	375
372	373
372	374
372	375
372	376
373	374
373	375
373	376
373	377
374	375
374	376
374	377
374	378
375	376
375	377
375	378
376	377
376	378
376	379
376	380
377	378
377	379
377	380
377	381
378	379
378	380
378	381
378	382
379	380
379	381
379	382
379	383
379	384
379	386
379	387
380	381
380	382
380	383
380	384
381	382
381	383
382	383
382	384
383	384
383	385
383	386
384	385
384	386
384	387
384	388
385	386
385	387
385	388
385	389
386	387
386	388
386	389
386	390
387	388
387	389
387	390
387	391
388	389
388	390
388	391
388	392
389	390
389	391
389	392
389	393
390	391
390	392
390	393
390	394
390	395
390	396
391	392
391	393
391	394
391	395
392	393
392	394
393	394
393	395
394	395
394	396
395	396
395	397
395	399
395	400
395	401
396	397
396	398
396	399
396	400
397	398
397	399
397	400
397	401
398	399
398	400
399	400
400	401
400	402
401	402
402	403
402	404
403	404
403	405
404	405
404	406
405	406
405	407
406	407
406	408
407	408
407	409
408	409
408	410
408	551
408	552
409	410
409	411
409	551
410	411
410	412
411	412
411	419
412	413
412	414
412	415
412	417
412	418
412	419
412	459
413	414
413	415
413	417
413	418
413	419
413	420
413	458
413	459
413	460
413	461
413	462
413	464
413	465
414	415
414	416
414	417
414	418
414	458
414	459
414	465
414	466
414	467
414	468
414	472
415	416
415	417
415	465
415	466
415	467
415	468
416	417
416	465
416	466
417	418
417	419
417	465
418	419
418	420
418	462
418	463
418	464
418	465
419	420
419	462
419	463
420	421
420	422
420	459
420	460
420	461
420	462
421	422
421	423
421	460
421	461
421	462
422	423
422	424
422	449
422	461
422	462
423	424
423	425
423	447
423	448
423	449
423	461
424	425
424	426
424	435
424	436
424	437
424	446
424	447
424	448
424	449
425	426
425	427
425	431
425	435
425	436
425	446
425	447
426	427
426	428
426	445
426	446
427	428
427	431
427	436
427	444
428	429
428	430
428	431
429	430
429	431
430	431
430	432
431	432
431	433
431	435
432	433
432	434
432	435
433	434
433	435
433	436
434	435
434	436
435	436
435	437
436	437
436	438
436	444
437	438
437	439
437	444
437	450
438	439
438	442
438	443
438	444
438	445
439	440
439	441
439	442
439	443
439	444
439	452
440	441
440	442
441	442
441	443
442	443
442	444
443	444
443	445
444	445
444	446
445	446
445	447
445	448
445	482
446	447
446	448
446	479
446	482
447	448
447	449
447	455
447	456
447	479
448	449
448	450
448	454
448	455
448	456
449	450
449	451
449	452
449	454
449	455
450	451
450	452
451	452
451	453
451	454
452	453
452	454
453	454
453	455
454	455
455	456
455	479
456	457
456	460
456	461
457	458
457	459
457	460
457	461
457	472
457	475
457	476
458	459
458	460
458	461
458	472
458	475
459	460
459	461
460	461
460	462
461	462
461	464
462	463
462	464
462	465
463	464
463	465
464	465
464	466
465	466
465	467
466	467
466	468
467	468
467	469
467	470
467	471
467	472
468	469
468	470
468	471
468	472
469	470
469	471
469	472
469	473
470	471
470	472
470	473
470	474
471	472
471	473
471	474
471	475
472	473
472	474
472	475
472	476
473	474
473	475
473	476
473	477
474	475
474	476
474	477
474	478
475	476
475	477
475	478
475	479
476	477
476	478
476	479
476	480
477	478
477	479
477	480
477	481
478	479
478	480
478	481
478	482
479	480
479	481
479	482
479	483
480	481
480	482
480	483
480	484
481	482
481	483
481	484
481	485
482	483
482	484
482	485
482	486
483	484
483	485
483	486
483	487
484	485
484	486
484	487
484	488
485	486
485	487
485	488
485	489
486	487
486	488
486	489
486	490
487	488
487	489
487	490
487	491
488	489
488	490
488	491
489	490
489	491
490	491
490	492
490	493
491	492
491	493
492	493
492	494
493	494
493	495
494	495
494	496
495	496
496	497
496	498
497	498
497	499
498	499
498	500
499	500
499	501
499	503
499	504
500	501
500	502
500	503
500	504
501	502
501	503
501	504
501	505
502	503
502	504
502	505
502	506
503	504
503	505
503	506
503	507
504	505
504	506
504	507
504	508
505	506
505	507
505	508
505	509
506	507
506	508
506	509
506	510
507	508
507	509
507	510
508	509
508	510
509	510
509	511
509	512
509	513
510	511
510	512
510	513
510	514
511	512
511	513
511	514
511	515
511	579
511	580
511	581
511	582
511	588
512	513
512	514
512	515
512	516
512	581
512	582
512	583
513	514
513	515
513	516
513	517
514	515
514	516
514	517
514	518
514	531
514	579
514	580
514	581
515	516
515	517
515	518
515	519
515	531
515	581
515	582
515	583
516	517
516	518
516	519
517	518
517	519
518	519
518	520
518	521
518	530
519	520
519	521
519	522
519	525
520	521
520	522
521	522
521	528
522	523
522	524
522	525
522	528
523	524
523	525
524	525
524	526
524	527
524	528
525	526
525	527
525	528
526	527
526	528
526	533
527	528
527	529
528	529
528	530
528	531
529	530
529	531
530	531
531	532
531	533
531	579
531	580
531	581
532	533
532	534
532	536
532	537
532	579
532	580
532	581
533	534
533	535
533	536
533	537
533	580
533	581
534	535
534	536
534	537
534	538
534	580
534	581
534	587
534	590
534	591
535	536
535	537
535	538
535	539
536	537
536	538
536	539
536	540
537	538
537	539
537	540
537	541
538	539
538	540
538	541
538	542
538	594
539	540
539	541
539	542
539	543
540	541
540	542
540	543
540	544
541	542
541	543
541	544
541	545
542	543
542	544
542	545
542	546
543	544
543	545
543	546
543	547
544	545
544	546
544	547
544	548
544	566
545	546
545	547
545	548
545	549
545	550
545	551
545	566
546	547
546	548
546	549
546	550
546	551
546	552
546	553
547	548
547	549
547	550
547	551
547	553
547	554
548	549
548	550
548	558
548	562
548	563
548	565
548	566
549	550
549	551
549	558
549	563
549	566
549	605
550	551
550	552
550	554
550	555
550	556
550	557
550	558
550	620
551	552
551	553
551	554
551	555
551	556
552	553
552	554
552	555
552	556
553	554
553	555
554	555
554	556
554	557
555	556
555	557
556	557
556	558
556	619
556	620
556	621
557	558
557	620
557	621
557	622
557	623
558	559
558	562
558	563
558	621
558	622
558	623
559	560
559	561
559	562
559	563
559	622
559	623
559	624
560	561
560	562
560	563
560	564
560	609
561	562
561	563
561	564
561	565
562	563
562	564
562	565
562	566
563	564
563	565
563	566
563	567
563	609
564	565
564	566
564	567
564	568
565	566
565	567
565	568
565	569
566	567
566	568
566	569
566	570
567	568
567	569
567	570
567	571
568	569
568	570
568	571
568	572
569	570
569	571
569	572
569	573
570	571
570	572
570	573
570	574
571	572
571	573
571	574
571	575
572	573
572	574
572	575
572	576
573	574
573	575
573	576
573	577
574	575
574	576
574	577
575	576
575	577
575	578
576	577
576	578
576	579
577	578
577	579
577	580
578	579
578	580
579	580
579	581
580	581
580	591
581	582
581	583
582	583
582	584
582	587
582	588
583	584
583	587
584	585
584	586
584	587
584	588
585	586
585	587
585	588
585	589
586	587
586	588
586	589
586	590
587	588
587	589
587	590
587	591
588	589
588	590
588	591
588	592
589	590
589	591
589	592
589	593
590	591
590	592
590	593
590	594
591	592
591	593
591	594
591	595
592	593
592	594
592	595
592	596
593	594
593	595
593	596
593	597
594	595
594	596
594	597
594	598
595	596
595	597
595	598
595	599
596	597
596	598
596	599
596	600
597	598
597	599
597	600
597	601
598	599
598	600
598	601
598	602
599	600
599	601
599	602
599	603
600	601
600	602
600	603
600	604
601	602
601	603
601	604
601	605
602	603
602	604
602	605
602	606
603	604
603	605
603	606
603	607
604	605
604	606
604	607
604	608
605	606
605	607
605	608
605	609
606	607
606	608
606	609
606	610
607	608
607	609
607	610
607	611
608	609
608	610
608	611
609	610
609	611
610	611
610	612
611	612
611	613
612	613
612	625
613	614
613	615
613	622
613	625
613	626
613	627
613	628
613	629
614	615
614	616
614	617
614	621
614	622
614	625
614	626
614	627
614	628
615	616
615	617
615	628
616	617
616	618
616	619
616	620
617	618
617	619
617	620
617	621
618	619
618	620
619	620
620	621
620	622
621	622
621	623
621	626
622	623
622	624
622	625
622	626
623	624
623	625
623	626
624	625
624	626
625	626
625	627
626	627
627	628
627	629
628	629
628	630
629	630
629	631
629	632
629	633
630	631
630	632
630	633
630	634
631	632
631	633
631	634
632	633
632	634
633	634
633	635
634	635
635	636
635	637
635	652
635	653
635	654
635	655
636	637
636	638
636	652
636	653
636	654
636	655
637	638
637	639
637	651
637	652
637	653
638	639
638	650
638	651
638	652
638	653
639	640
639	641
639	648
639	649
639	650
639	651
640	641
640	642
640	648
640	649
640	650
641	642
641	643
641	647
641	648
641	649
642	643
642	644
642	645
642	646
642	647
642	648
643	644
643	645
643	646
644	645
644	646
645	646
645	647
646	647
646	648
647	648
647	649
648	649
648	650
649	650
649	651
650	651
651	652
651	653
652	653
652	654
653	654
653	655
654	655
654	656
655	656
655	657
656	657
656	658
657	658
657	659
658	659
658	660
659	660
660	661
