0	1
0	2
1	2
1	5
2	3
2	4
2	5
3	4
3	5
3	6
3	134
4	5
4	6
4	7
4	8
5	6
5	7
5	8
5	9
5	130
6	7
6	8
6	9
6	10
6	130
6	139
7	8
7	9
7	10
7	52
7	53
8	9
8	10
8	11
8	12
9	10
9	11
9	12
9	13
9	127
10	11
10	12
10	13
10	14
10	45
10	48
10	49
11	12
11	13
11	14
11	15
11	49
12	13
12	14
12	15
12	123
13	14
13	15
13	16
13	45
14	15
14	16
14	17
14	42
14	46
15	16
15	17
15	18
16	17
16	18
16	19
16	20
16	42
17	18
17	19
17	20
17	21
17	42
18	19
18	20
18	21
18	22
19	20
19	21
19	22
19	23
20	21
20	22
20	23
20	35
20	38
20	39
21	22
21	23
22	23
22	24
23	24
23	35
23	112
24	25
24	26
24	27
24	28
25	26
25	27
25	28
25	29
25	30
25	31
26	27
26	28
26	29
27	28
27	29
28	29
28	30
29	30
29	31
30	31
31	32
32	33
32	34
32	35
33	34
33	35
33	36
34	35
34	36
34	37
34	38
35	36
35	37
35	38
35	39
36	37
36	38
36	39
36	40
37	38
37	39
37	40
37	41
38	39
38	40
38	41
38	42
39	40
39	41
39	42
39	43
40	41
40	42
40	43
40	44
41	42
41	43
41	44
41	45
42	43
42	44
42	45
42	46
43	44
43	45
43	46
43	47
44	45
44	46
44	47
44	48
45	46
45	47
45	48
45	49
45	142
46	47
46	48
46	49
46	50
47	48
47	49
47	50
47	51
48	49
48	50
48	51
48	52
48	74
49	50
49	51
49	52
49	53
50	51
50	52
50	53
50	54
51	52
51	53
51	54
51	55
51	70
51	74
52	53
52	54
52	55
52	56
52	70
52	71
53	54
53	55
53	56
54	55
54	56
54	57
54	67
55	56
55	57
55	67
55	68
55	70
55	71
56	57
56	58
56	67
56	68
57	58
57	59
57	67
58	59
58	60
58	66
58	67
59	60
59	61
59	63
59	64
59	65
59	66
60	61
60	62
60	63
60	64
61	62
61	63
61	64
62	63
62	64
63	64
63	65
63	66
63	67
64	65
64	66
65	66
65	67
66	67
66	68
66	231
67	68
67	69
67	70
68	69
68	70
68	71
68	231
68	232
68	233
69	70
69	71
69	72
69	73
69	197
69	231
69	232
70	71
70	72
70	73
70	74
71	72
71	73
71	74
71	75
71	137
71	138
71	232
72	73
72	74
72	75
72	76
72	137
72	138
72	193
72	196
72	197
72	232
73	74
73	75
73	76
73	77
73	193
74	75
74	76
74	77
74	78
74	138
75	76
75	77
75	78
75	79
75	137
75	138
75	141
75	190
75	193
76	77
76	78
76	79
76	80
76	190
76	193
76	194
77	78
77	79
77	80
77	81
78	79
78	80
78	81
78	82
78	141
78	142
79	80
79	81
79	82
79	83
79	141
79	186
79	187
79	189
79	190
80	81
80	82
80	83
80	84
81	82
81	83
81	84
81	85
82	83
82	84
82	85
82	86
82	145
82	186
83	84
83	85
83	86
83	87
83	183
83	186
83	187
84	85
84	86
84	87
84	88
85	86
85	87
85	88
85	89
86	87
86	88
86	89
86	90
86	179
86	182
86	183
87	88
87	89
87	90
87	91
87	179
87	183
88	89
88	90
88	91
88	92
89	90
89	91
89	92
89	93
89	175
89	176
89	179
90	91
90	92
90	93
90	94
90	175
90	176
90	179
90	180
91	92
91	93
91	94
91	95
92	93
92	94
92	95
92	96
93	94
93	95
93	96
93	97
93	172
93	175
93	176
94	95
94	96
94	97
94	172
94	176
95	96
95	97
95	99
96	97
96	98
96	99
96	100
96	101
96	172
97	98
97	99
97	172
98	99
98	100
98	101
98	102
99	100
99	101
100	101
101	102
101	103
102	103
102	104
102	170
103	104
103	105
104	105
104	106
105	106
105	107
106	107
106	108
107	108
107	109
108	109
108	110
109	110
109	111
109	112
110	111
110	112
110	113
110	114
111	112
111	113
111	114
111	115
112	113
112	114
112	115
112	116
113	114
113	115
113	116
113	117
113	154
114	115
114	116
114	117
114	118
114	154
115	116
115	117
115	118
115	119
116	117
116	118
116	119
116	120
117	118
117	119
117	120
117	121
117	150
117	152
118	119
118	120
118	121
118	122
119	120
119	121
119	122
119	123
120	121
120	122
120	123
120	124
120	146
120	150
121	122
121	123
121	124
121	125
121	150
122	123
122	124
122	125
122	126
123	124
123	125
123	126
123	127
124	125
124	126
124	127
124	128
124	143
124	146
124	147
125	126
125	127
125	128
125	129
126	127
126	128
126	129
126	130
127	128
127	129
127	130
127	131
127	143
128	129
128	130
128	131
128	132
129	130
129	131
129	132
129	133
130	131
130	132
130	133
130	134
131	132
131	133
131	134
131	135
131	136
131	139
131	140
132	133
132	134
132	135
133	134
133	135
134	135
134	136
135	136
135	137
136	137
136	138
136	139
136	140
137	138
137	139
137	140
137	141
138	139
138	140
138	141
138	142
139	140
139	141
139	142
139	143
140	141
140	142
140	143
140	144
141	142
141	143
141	144
141	145
142	143
142	144
142	145
142	146
143	144
143	145
143	146
143	147
144	145
144	146
144	147
144	148
145	146
145	147
145	148
145	149
146	147
146	148
146	149
146	150
147	148
147	149
147	150
147	151
148	149
148	150
148	151
149	150
149	151
149	152
150	151
150	152
151	152
151	153
152	153
152	154
153	154
153	155
153	156
154	155
154	156
155	156
155	157
156	157
156	158
157	158
157	159
157	160
157	161
157	162
158	159
158	160
158	161
159	160
159	161
160	161
160	162
160	163
161	162
161	163
162	163
162	168
162	169
162	170
163	164
163	165
163	167
163	168
163	169
164	165
164	166
164	167
165	166
165	167
165	168
166	167
166	168
167	168
167	169
168	169
169	170
170	171
170	172
170	173
171	172
171	173
171	174
171	175
172	173
172	174
172	175
172	176
173	174
173	175
173	176
173	177
174	175
174	176
174	177
174	178
175	176
175	177
175	178
175	179
176	177
176	178
176	179
176	180
177	178
177	179
177	180
177	181
178	179
178	180
178	181
178	182
179	180
179	181
179	182
179	183
180	181
180	182
180	183
180	184
181	182
181	183
181	184
181	185
182	183
182	184
182	185
182	186
183	184
183	185
183	186
183	187
184	185
184	186
184	187
184	188
185	186
185	187
185	188
185	189
186	187
186	188
186	189
186	190
187	188
187	189
187	190
187	191
188	189
188	190
188	191
188	192
189	190
189	191
189	192
189	193
190	191
190	192
190	193
190	194
191	192
191	193
191	194
191	195
192	193
192	194
192	195
192	196
193	194
193	195
193	196
193	197
194	195
194	196
194	197
194	198
195	196
195	197
195	198
195	200
196	197
196	198
196	199
196	200
196	231
197	198
197	199
198	199
198	200
199	200
199	201
199	229
200	201
200	202
200	229
201	202
201	203
201	228
201	229
202	203
202	204
202	206
202	207
202	228
202	229
203	204
203	205
203	206
203	207
204	205
204	206
204	207
204	208
205	206
205	207
205	208
205	209
206	207
206	208
206	209
206	210
207	208
207	209
207	210
207	211
208	209
208	210
208	211
208	212
209	210
209	211
209	212
209	213
210	211
210	212
210	213
210	214
210	263
211	212
211	213
211	214
211	215
212	213
212	214
212	215
212	216
213	214
213	215
213	216
213	217
213	263
214	215
214	216
214	217
214	259
215	216
215	217
215	220
215	222
215	223
216	217
216	218
217	218
217	219
217	220
217	259
218	219
218	220
219	220
219	221
219	243
219	255
220	221
220	222
220	241
220	242
220	243
221	222
221	242
221	243
222	223
222	224
222	241
222	242
223	224
223	225
223	239
223	240
223	241
223	242
224	225
224	226
224	239
224	240
224	241
225	226
225	227
225	239
225	240
226	227
226	228
226	238
226	239
226	240
227	228
227	237
227	238
227	239
228	229
228	236
228	237
228	238
229	230
229	231
229	235
229	236
229	237
230	231
230	232
230	233
230	234
230	235
230	236
231	232
231	233
231	234
231	235
232	233
232	234
233	234
233	235
234	235
234	236
234	269
234	270
235	236
235	237
235	270
235	271
236	237
236	238
236	270
236	271
236	272
237	238
237	239
237	271
237	272
237	273
238	239
238	272
238	273
238	274
239	240
239	241
239	273
239	274
239	275
240	241
240	242
240	274
240	275
240	276
240	277
241	242
241	243
241	274
241	275
241	276
241	277
242	243
242	244
242	276
242	277
242	278
242	279
243	244
243	245
243	252
243	276
243	277
243	278
244	245
244	246
244	247
244	278
244	279
245	246
245	247
245	278
245	279
246	247
246	248
247	248
247	249
247	251
247	252
248	249
248	250
248	251
248	252
249	250
249	251
249	252
249	253
250	251
250	252
250	253
250	254
251	252
251	253
251	254
251	255
252	253
252	254
252	255
252	256
253	254
253	255
253	256
253	257
254	255
254	256
254	257
254	258
255	256
255	257
255	258
255	259
256	257
256	258
256	259
256	260
256	274
257	258
257	259
257	260
257	261
258	259
258	260
258	261
258	262
259	260
259	261
259	262
259	263
260	261
260	262
260	263
260	264
260	272
261	262
261	263
261	264
261	265
262	263
262	264
262	265
262	266
263	264
263	265
263	266
263	267
264	265
264	266
264	267
264	268
264	270
265	266
265	267
265	268
266	267
266	268
267	268
267	269
267	270
268	269
268	270
269	270
269	271
270	271
270	272
271	272
271	273
272	273
272	274
273	274
273	275
274	275
274	276
275	276
275	277
276	277
276	278
277	278
277	279
278	279
278	280
279	280
279	281
280	281
280	282
281	282
