0	1
0	2
0	3
1	2
1	3
1	4
2	3
2	4
2	5
2	6
2	320
2	323
3	4
3	5
3	6
3	7
3	320
4	5
4	6
4	7
4	8
5	6
5	7
5	8
5	9
6	7
6	8
6	9
6	10
6	316
6	319
7	8
7	9
7	10
7	11
7	316
8	9
8	10
8	11
8	12
9	10
9	11
9	12
9	13
10	11
10	12
10	13
10	14
10	312
10	316
11	12
11	13
11	14
11	15
12	13
12	14
12	15
12	16
12	17
13	14
13	15
13	16
13	17
13	18
14	15
14	16
14	17
14	18
14	19
14	312
15	16
15	17
15	18
15	19
16	17
16	18
16	19
16	20
17	18
17	19
17	20
17	21
18	19
18	20
18	21
18	22
18	23
18	24
19	20
19	21
19	22
19	23
19	24
19	25
20	21
20	22
20	23
21	22
21	23
22	23
22	24
23	24
23	25
23	26
24	25
24	26
25	26
25	300
25	301
25	304
25	305
26	27
26	28
26	298
26	299
26	300
26	301
26	304
27	28
27	29
27	298
27	299
27	301
28	29
28	30
28	296
28	297
28	298
29	30
29	31
29	165
29	167
29	296
29	297
29	298
30	31
30	32
30	165
30	295
30	296
30	297
31	32
31	33
31	163
31	164
31	165
31	294
31	295
31	296
32	33
32	163
32	164
32	165
33	34
33	35
33	162
33	163
33	164
33	293
34	35
34	161
34	162
34	163
35	36
35	37
35	68
35	160
35	161
35	162
36	37
36	68
36	159
36	160
36	161
37	38
37	39
37	157
37	158
37	159
37	160
38	39
38	40
38	157
38	158
38	159
39	40
39	41
39	58
39	156
39	157
39	158
40	41
40	57
40	58
40	155
40	156
40	157
41	42
41	43
41	56
41	57
41	155
41	156
42	43
42	55
42	56
42	57
43	44
43	45
43	54
43	55
43	56
43	149
43	151
43	152
44	45
44	46
44	52
44	53
44	54
44	55
44	149
44	151
45	46
45	47
45	52
45	53
45	54
45	148
45	149
46	47
46	48
46	51
46	52
46	53
47	48
47	49
47	50
47	51
47	52
48	49
48	50
48	51
49	50
49	51
50	51
50	52
51	52
51	53
52	53
53	54
53	55
54	55
54	56
55	56
55	57
55	60
55	61
56	57
56	58
56	59
56	60
56	61
57	58
57	59
57	60
57	61
57	62
58	59
58	60
58	61
58	62
59	60
59	61
59	62
60	61
60	62
61	62
61	63
61	72
61	73
62	63
62	64
62	65
62	71
62	72
62	73
63	64
63	65
63	71
64	65
64	66
65	66
65	70
66	67
66	68
66	69
66	70
67	68
67	69
68	69
68	70
68	291
69	70
69	289
69	290
69	291
70	71
70	72
70	288
70	289
70	290
71	72
71	73
71	286
71	287
71	288
71	289
72	73
72	74
72	286
72	287
72	288
73	74
73	75
73	284
73	285
73	286
73	287
74	75
74	147
74	148
74	149
74	150
74	152
74	217
74	218
74	285
74	286
75	76
75	143
75	144
75	147
75	148
75	149
75	217
75	218
75	284
75	285
75	286
76	77
76	78
76	143
76	282
76	283
76	284
76	285
77	78
77	79
77	143
77	282
77	283
77	284
78	79
78	80
78	281
78	282
78	283
79	80
79	138
79	280
79	281
79	282
80	81
80	82
80	279
80	280
80	281
81	82
81	83
81	278
81	279
81	280
82	83
82	134
82	135
82	136
82	278
82	279
82	280
83	84
83	85
83	134
83	135
83	277
83	278
83	279
84	85
84	133
84	134
84	135
85	86
85	87
85	132
85	133
85	134
85	135
86	87
86	130
86	131
86	132
86	133
86	135
87	88
87	89
87	130
87	131
87	132
87	135
88	89
88	90
88	120
88	121
88	122
88	128
88	129
88	130
88	131
89	90
89	91
89	95
89	112
89	128
89	129
89	130
89	131
90	91
90	92
90	95
91	92
91	93
91	95
91	96
91	128
92	93
92	94
92	95
92	96
93	94
93	95
93	96
94	95
94	96
95	96
95	97
95	128
95	129
96	97
96	127
96	128
96	129
97	98
97	99
97	102
97	103
97	127
97	128
97	129
98	99
98	102
98	127
99	100
99	101
99	102
99	119
100	101
100	102
100	103
100	117
100	118
100	119
101	102
101	103
102	103
102	104
103	104
103	115
103	117
103	118
103	119
103	129
104	105
104	115
104	116
104	117
105	106
105	107
105	108
105	109
105	115
106	107
106	108
106	109
106	110
107	108
107	109
107	110
107	111
108	109
108	110
108	111
108	112
108	113
108	114
108	115
109	110
109	111
109	113
109	114
110	111
111	112
111	113
112	113
113	114
113	115
113	131
113	132
113	133
114	115
114	116
114	131
114	132
114	133
115	116
115	117
115	130
115	131
115	132
116	117
116	118
116	130
116	131
116	132
117	118
117	119
118	119
118	120
118	129
118	130
119	120
119	128
119	129
119	130
120	121
120	122
120	127
120	128
120	129
120	130
121	122
121	123
121	124
121	126
121	127
121	128
122	123
122	126
122	127
122	128
123	124
123	125
123	126
123	127
124	125
124	126
125	126
126	127
127	128
128	129
128	130
129	130
129	131
130	131
131	132
131	133
132	133
133	134
133	135
134	135
134	136
134	137
135	136
135	137
136	137
136	138
137	138
137	139
138	139
138	140
139	140
139	141
140	141
141	142
141	143
142	143
142	144
143	144
143	145
144	145
144	146
144	147
144	148
145	146
145	147
145	218
146	147
146	148
146	218
147	148
147	149
147	150
147	217
147	218
148	149
148	150
149	150
149	151
149	152
150	151
150	152
150	153
150	214
151	152
151	153
151	154
152	153
152	154
152	155
153	154
153	155
153	202
153	203
153	213
154	155
154	156
154	201
154	202
154	203
155	156
155	157
155	201
155	202
156	157
156	158
156	199
156	200
156	201
156	202
157	158
157	159
157	199
157	200
157	201
157	202
158	159
158	160
158	198
158	199
158	200
159	160
159	161
159	198
159	199
160	161
160	162
160	174
161	162
161	163
161	173
161	174
162	163
162	172
162	173
162	174
163	164
163	171
163	172
163	173
164	165
164	166
164	170
164	171
164	172
165	166
165	167
165	168
165	169
165	170
165	171
166	167
166	168
166	169
166	170
167	168
167	169
168	169
168	170
169	170
169	171
170	171
171	172
172	173
172	174
173	174
173	175
173	176
174	175
174	176
174	242
175	176
175	177
175	198
176	177
176	178
176	179
177	178
177	179
178	179
178	180
179	180
179	181
180	181
180	182
180	183
180	184
181	182
181	183
181	184
181	185
182	183
182	184
182	185
183	184
183	185
183	186
183	187
184	185
184	186
184	187
185	186
185	187
186	187
186	188
187	188
187	189
187	197
187	199
188	189
188	190
188	194
188	197
188	199
188	200
189	190
189	191
189	194
189	195
189	196
189	197
189	198
189	199
189	200
190	191
190	192
190	193
190	194
190	195
191	192
191	193
191	194
191	195
192	193
192	194
192	195
193	194
193	195
194	195
194	196
194	197
195	196
195	197
196	197
196	198
197	198
197	199
198	199
198	200
199	200
199	201
200	201
200	202
200	205
201	202
201	203
201	204
201	205
202	203
202	204
202	205
202	206
203	204
203	205
203	206
203	207
203	213
204	205
204	206
204	207
204	208
205	206
205	207
205	208
205	209
205	246
206	207
206	208
206	209
206	211
206	212
206	213
206	223
207	208
207	209
207	210
207	211
207	212
207	213
208	209
208	210
208	246
209	210
209	211
209	246
209	247
209	248
210	211
211	212
211	213
212	213
212	214
212	215
212	216
213	214
213	215
213	216
213	217
214	215
214	216
214	217
214	218
215	216
215	217
215	218
216	217
216	218
216	219
216	220
216	221
217	218
217	219
217	220
217	286
217	287
218	219
218	220
219	220
219	261
219	262
219	285
220	221
220	261
220	262
220	263
220	285
220	286
220	287
221	222
221	223
221	250
221	261
221	262
221	286
221	287
221	288
222	223
222	224
222	248
222	249
222	250
222	262
222	287
222	288
222	289
223	224
223	225
223	247
223	248
223	249
223	287
223	288
223	289
223	290
224	225
224	226
224	246
224	247
224	248
224	249
224	289
224	290
224	291
224	292
225	226
225	227
225	245
225	246
225	247
225	289
225	290
225	291
225	292
226	227
226	228
226	244
226	245
226	246
226	291
226	292
226	293
227	228
227	229
227	242
227	243
227	244
227	245
227	292
227	293
227	294
228	229
228	230
228	242
228	243
228	244
228	293
228	294
228	295
229	230
229	231
229	241
229	242
229	243
229	294
229	295
229	296
230	231
230	232
230	240
230	241
230	295
230	296
230	297
231	232
231	233
231	240
231	296
231	297
232	233
232	234
232	235
232	297
232	298
232	299
233	234
233	235
233	236
233	237
233	297
233	298
233	299
234	235
234	236
234	299
234	300
235	236
235	237
236	237
236	238
236	239
237	238
237	239
237	240
238	239
238	240
239	240
239	241
240	241
241	242
241	243
242	243
242	244
243	244
243	245
244	245
244	246
245	246
246	247
247	248
247	249
248	249
248	250
249	250
249	251
250	251
250	252
250	261
251	252
251	253
252	253
252	254
253	254
253	255
253	256
254	255
254	256
254	257
254	260
255	256
255	257
256	257
257	258
257	260
258	259
258	260
259	260
259	261
260	261
260	262
261	262
261	263
262	263
262	285
262	286
262	287
263	264
263	283
263	284
263	285
263	286
264	265
264	266
264	283
264	284
264	285
265	266
265	267
265	281
265	282
265	283
265	284
266	267
266	281
266	282
266	283
267	268
267	269
267	279
267	280
267	281
267	282
268	269
268	270
268	279
268	280
268	281
269	270
269	271
269	278
269	279
269	280
270	271
270	272
270	277
270	278
270	279
271	272
271	273
271	275
271	276
271	277
271	278
272	273
272	274
272	275
272	276
272	277
272	278
273	274
273	275
274	275
274	276
275	276
275	277
276	277
276	278
277	278
277	279
278	279
279	280
279	281
280	281
280	282
281	282
281	283
282	283
282	284
283	284
283	285
284	285
284	286
285	286
286	287
286	288
287	288
287	289
288	289
288	290
289	290
289	291
290	291
290	292
291	292
291	293
292	293
292	294
293	294
294	295
295	296
296	297
297	298
298	299
298	300
299	300
299	301
300	301
301	302
301	303
301	304
301	305
302	303
302	304
302	305
302	306
303	304
303	305
303	306
303	307
304	305
304	306
304	307
304	308
305	306
305	307
305	308
305	309
306	307
306	308
306	309
306	310
307	308
307	309
307	310
307	311
308	309
308	310
308	311
308	312
309	310
309	311
309	312
309	313
310	311
310	312
310	313
310	314
311	312
311	313
311	314
311	315
312	313
312	314
312	315
312	316
313	314
313	315
313	316
313	317
314	315
314	316
314	317
315	316
315	317
315	318
315	319
316	317
316	318
316	319
316	320
317	318
317	319
317	320
318	319
318	320
318	321
318	322
319	320
319	321
319	322
319	323
320	321
320	322
320	323
320	324
321	322
321	323
321	324
321	325
322	323
322	324
322	325
322	326
323	324
323	325
323	326
323	327
324	325
324	326
324	327
324	328
325	326
325	327
325	328
326	327
326	328
327	328
