0	1
0	2
0	3
1	2
1	3
1	4
2	3
2	4
2	5
2	39
3	4
3	5
3	39
4	5
4	6
4	39
5	6
5	7
5	8
5	38
5	39
6	7
6	8
6	9
6	35
6	38
7	8
7	9
7	202
7	203
7	226
7	227
8	9
8	88
8	89
9	10
9	11
9	86
9	87
9	88
9	89
10	11
10	12
10	86
10	87
10	88
10	89
10	226
11	12
11	13
11	84
11	85
11	86
11	87
11	226
12	13
12	14
12	15
12	84
12	85
12	86
13	14
13	15
13	83
13	84
13	85
14	15
14	79
14	80
14	81
14	82
14	83
14	84
15	16
15	17
15	77
15	78
15	79
15	80
15	83
15	84
15	85
16	17
16	18
16	55
16	77
16	78
16	79
16	83
16	84
16	85
17	18
17	19
17	70
17	75
17	76
17	77
17	78
18	19
18	20
18	75
18	76
18	77
19	20
19	21
19	22
19	74
19	75
19	76
20	21
20	22
20	74
20	75
21	22
21	23
21	74
22	23
22	24
23	24
23	25
24	25
24	26
24	67
25	26
26	27
26	28
26	64
26	65
26	66
27	28
27	29
27	64
27	65
28	29
28	62
28	63
28	64
28	65
29	30
29	31
29	62
29	63
30	31
30	61
30	62
30	63
31	32
31	33
31	61
31	62
31	63
32	33
32	61
33	34
33	35
33	36
34	35
34	36
34	37
34	38
34	56
35	36
35	37
35	38
35	39
36	37
36	38
36	39
36	40
37	38
37	39
37	40
37	41
37	63
38	39
38	40
38	41
38	42
39	40
39	41
39	42
39	43
40	41
40	42
40	43
40	46
41	42
41	43
41	46
41	51
41	65
42	43
42	44
42	51
43	44
43	45
43	46
44	45
44	46
45	46
45	47
46	47
47	48
47	49
47	50
48	49
49	50
49	51
49	67
50	51
50	52
50	67
51	52
51	53
51	65
51	66
51	67
52	53
52	66
52	67
52	68
52	69
52	87
52	88
53	54
53	65
53	66
53	67
53	68
53	69
53	86
53	87
53	88
54	55
54	56
54	63
54	64
54	65
54	66
54	85
54	86
54	87
55	56
55	57
55	63
55	64
55	65
55	83
55	84
55	85
55	86
56	57
56	58
56	61
56	62
56	63
56	64
56	83
56	84
56	85
57	58
57	59
57	60
57	61
57	62
57	63
57	82
57	83
57	84
58	59
58	60
58	61
58	82
58	83
59	60
59	61
59	82
60	61
60	62
61	62
62	63
62	64
63	64
63	65
64	65
64	66
65	66
66	67
66	68
67	68
68	69
68	72
69	70
69	71
69	72
69	87
70	71
70	72
70	75
70	76
70	77
71	72
71	73
72	73
72	74
72	75
73	74
73	75
74	75
74	76
75	76
75	77
76	77
76	78
77	78
77	79
78	79
78	80
79	80
79	81
80	81
80	82
80	83
81	82
81	83
82	83
82	84
83	84
83	85
84	85
84	86
85	86
85	87
86	87
86	88
87	88
87	89
88	89
88	90
88	91
89	90
89	91
89	92
89	93
90	91
90	92
90	93
90	102
90	103
90	104
90	105
91	92
91	93
91	104
91	105
92	93
92	94
92	105
93	94
93	95
93	96
93	103
93	105
94	95
94	105
95	96
95	170
95	171
95	172
95	173
96	97
96	98
96	100
96	103
96	170
96	171
96	172
96	173
97	98
97	99
97	100
97	172
97	173
98	99
98	100
98	172
99	100
99	101
99	149
99	150
99	151
99	153
100	101
100	102
100	103
100	146
100	153
100	154
101	102
101	103
101	146
101	147
101	149
102	103
102	104
103	104
103	105
103	145
104	105
104	106
104	138
104	145
105	106
105	107
106	107
106	108
106	143
107	108
107	109
107	143
107	144
108	109
108	110
108	115
108	116
108	142
108	143
108	144
109	110
109	111
109	113
109	114
109	115
109	116
109	168
110	111
110	112
110	113
110	114
110	115
110	116
110	166
110	167
110	168
110	169
111	112
111	113
111	167
111	168
111	169
112	113
112	114
113	114
113	115
114	115
114	116
114	158
114	159
115	116
115	117
115	158
115	159
116	117
116	118
116	142
116	156
116	157
116	158
116	159
117	118
117	119
117	142
117	156
117	157
117	158
117	159
118	119
118	120
118	121
118	141
118	142
119	120
119	121
119	129
119	130
119	139
119	140
119	141
119	142
120	121
120	122
120	130
121	122
121	123
122	123
122	124
122	125
122	126
122	127
123	124
123	125
123	126
124	125
124	126
124	159
124	161
125	126
125	127
125	164
126	127
127	128
127	129
128	129
128	130
129	130
129	131
129	133
130	131
130	132
130	133
130	134
131	132
131	133
131	134
131	135
131	139
132	133
132	134
132	135
133	134
133	135
134	135
134	136
134	137
135	136
135	137
136	137
136	138
137	138
137	139
137	147
138	139
138	140
139	140
139	141
139	145
140	141
140	142
140	143
141	142
141	143
142	143
142	144
143	144
143	145
144	145
144	154
144	155
144	156
144	168
145	146
145	147
145	154
145	155
145	156
146	147
146	148
146	149
146	150
146	153
146	154
146	155
147	148
147	149
148	149
148	150
149	150
149	151
150	151
150	152
150	153
151	152
151	153
152	153
152	154
152	167
153	154
153	155
153	167
154	155
154	167
154	168
155	156
155	166
155	167
155	168
156	157
156	158
156	165
156	166
156	167
157	158
157	159
157	164
157	165
157	166
158	159
158	160
158	163
158	164
158	165
158	166
159	160
159	161
160	161
160	162
160	163
161	162
161	163
161	164
162	163
162	164
163	164
163	165
164	165
165	166
166	167
166	168
167	168
167	169
168	169
168	170
169	170
169	171
170	171
170	172
171	172
171	173
171	175
172	173
172	174
172	175
173	174
173	175
173	177
174	175
174	176
174	177
175	176
175	177
176	177
176	178
177	178
177	189
177	254
178	179
178	254
178	255
178	256
178	257
179	180
179	181
179	184
179	187
179	254
179	255
179	256
179	257
180	181
180	182
180	183
180	184
180	256
180	257
181	182
181	183
181	184
181	256
182	183
182	184
182	185
182	236
182	237
183	184
183	185
183	236
183	237
184	185
184	186
184	187
184	231
184	237
184	238
185	186
185	187
185	231
185	232
185	234
186	187
186	188
187	188
187	189
187	230
188	189
188	190
188	223
189	190
189	191
190	191
190	192
190	228
191	192
191	193
191	194
191	228
191	229
192	193
192	194
192	195
192	200
192	201
192	227
192	228
192	229
193	194
193	195
193	196
193	198
193	199
193	200
193	201
193	252
194	195
194	196
194	198
194	199
194	200
194	201
194	252
195	196
195	197
195	198
195	199
195	200
195	201
195	250
195	251
195	252
195	253
196	197
196	198
196	251
196	252
196	253
197	198
197	199
198	199
198	200
199	200
199	201
199	242
200	201
200	202
200	242
200	243
201	202
201	203
201	227
201	228
201	240
201	241
201	242
201	243
202	203
202	204
202	227
202	240
202	241
202	242
202	243
203	204
203	205
203	206
203	226
203	227
204	205
204	206
204	214
204	215
204	216
204	224
204	225
204	226
204	227
205	206
205	207
205	215
205	216
206	207
206	208
207	208
207	209
207	210
207	211
207	212
208	209
208	210
208	211
209	210
209	211
209	243
209	245
210	211
210	212
210	248
211	212
212	213
212	214
213	214
213	215
214	215
214	216
215	216
215	217
215	218
215	219
216	217
216	218
216	219
216	220
216	224
217	218
217	219
217	220
218	219
218	220
219	220
219	221
219	222
220	221
220	222
220	223
221	222
221	223
222	223
222	224
222	232
223	224
223	225
224	225
224	226
225	226
225	227
225	228
226	227
226	228
227	228
227	229
228	229
228	230
229	230
229	238
229	239
229	240
229	252
230	231
230	232
230	238
230	239
230	240
231	232
231	233
231	234
231	235
231	237
231	238
231	239
232	233
232	234
233	234
233	235
234	235
234	236
235	236
235	237
235	238
236	237
237	238
237	239
237	251
238	239
238	251
238	252
239	240
239	250
239	251
239	252
240	241
240	242
240	249
240	250
240	251
241	242
241	243
241	248
241	249
241	250
242	243
242	244
242	247
242	248
242	249
242	250
243	244
243	245
244	245
244	246
244	247
245	246
245	247
245	248
246	247
246	248
247	248
247	249
248	249
249	250
250	251
250	252
251	252
251	253
252	253
252	254
253	254
253	255
254	255
254	256
255	256
255	257
256	257
256	258
257	258
