0	1
0	2
0	197
1	2
1	3
2	3
2	4
3	4
3	5
4	5
4	6
4	8
5	6
5	7
5	8
6	7
6	8
7	8
7	9
7	84
7	85
7	86
8	9
8	82
8	83
8	84
8	85
9	10
9	11
9	63
9	64
9	65
9	82
9	83
9	84
10	11
10	12
10	63
10	64
10	65
10	80
10	81
10	82
10	83
11	12
11	13
11	64
11	65
11	66
11	79
11	80
11	81
11	82
11	83
12	13
12	14
12	64
12	65
12	66
12	67
12	79
12	80
13	14
13	15
13	66
13	67
13	68
13	79
14	15
14	16
14	17
14	66
14	67
14	68
15	16
15	17
15	68
16	17
16	18
17	18
17	19
17	21
17	68
18	19
18	20
18	21
19	20
19	21
19	68
19	70
19	71
20	21
20	52
20	53
20	127
20	128
21	22
21	23
21	52
21	53
21	54
21	55
22	23
22	24
22	52
22	53
22	54
22	55
22	65
22	66
22	67
23	24
23	25
23	54
23	55
23	56
23	57
23	65
23	66
23	67
24	25
24	26
24	28
24	29
24	55
24	56
24	57
24	60
24	62
24	64
24	65
24	66
25	26
25	27
25	28
25	29
25	56
25	57
25	58
25	60
25	61
25	62
26	27
26	28
26	29
26	30
26	56
26	57
27	28
27	29
27	30
27	31
27	62
28	29
28	30
28	31
28	32
28	62
29	30
29	31
29	32
29	33
29	34
29	35
30	31
30	32
30	33
30	34
31	32
31	33
32	33
32	34
33	34
33	35
34	35
34	36
34	38
35	36
35	37
35	38
36	37
36	38
36	54
36	55
36	56
37	38
37	39
37	53
37	54
37	55
38	39
38	40
38	53
38	54
39	40
39	51
39	52
39	53
39	54
39	87
39	88
39	89
40	41
40	42
40	51
40	52
40	53
40	54
40	85
40	86
40	87
40	88
41	42
41	43
41	49
41	50
41	51
41	52
41	85
41	86
41	87
41	88
42	43
42	44
42	49
42	50
42	51
42	83
42	84
42	85
42	86
43	44
43	47
43	48
43	49
43	50
43	75
43	83
43	84
43	85
44	45
44	46
44	47
44	48
44	49
44	75
44	76
44	77
44	83
44	84
45	46
45	47
45	48
45	75
45	76
45	77
46	47
46	48
46	185
46	243
46	244
47	48
47	49
47	244
48	49
48	74
48	75
48	76
49	50
49	51
49	75
50	51
50	52
50	74
50	75
50	130
51	52
51	128
51	129
51	130
52	53
52	54
52	128
53	54
53	55
54	55
54	56
55	56
55	57
56	57
56	58
57	58
57	59
57	60
58	59
58	60
59	60
59	61
60	61
60	62
60	64
61	62
61	63
61	64
62	63
62	64
63	64
64	65
64	66
65	66
65	67
66	67
67	68
67	69
67	71
67	72
68	69
68	70
68	71
68	72
69	70
69	71
69	72
69	73
70	71
70	72
70	73
70	74
70	135
71	72
71	73
71	74
71	75
72	73
72	74
72	75
72	76
72	77
72	78
73	74
73	75
73	76
73	77
74	75
74	76
74	133
74	134
75	76
75	77
76	77
77	78
77	79
77	81
78	79
78	80
78	81
79	80
79	81
80	81
80	82
81	82
81	83
82	83
82	84
83	84
83	85
84	85
84	86
85	86
86	87
86	88
87	88
87	89
88	89
88	90
88	91
89	90
89	91
90	91
90	92
91	92
91	157
91	158
92	93
92	94
92	157
92	158
93	94
93	95
93	157
93	158
93	159
93	160
94	95
94	96
94	97
94	151
94	152
94	153
94	157
94	158
94	159
94	160
94	163
95	96
95	152
95	153
95	163
95	164
96	97
96	98
96	151
96	152
96	163
96	164
96	165
97	98
97	99
97	150
97	151
97	152
97	164
97	165
97	166
98	99
98	100
98	148
98	149
98	150
98	151
98	165
98	166
98	167
99	100
99	101
99	146
99	147
99	148
99	149
99	150
99	166
99	167
100	101
100	102
100	146
100	147
100	148
100	149
100	167
100	168
100	169
100	171
100	172
101	102
101	103
101	144
101	145
101	146
101	147
101	171
101	172
102	103
102	104
102	105
102	106
102	145
102	146
102	171
102	172
102	173
102	174
103	104
103	105
103	106
103	107
103	171
103	172
103	173
103	174
104	105
104	106
104	107
104	174
105	106
105	107
105	143
105	144
105	145
106	107
106	108
106	109
106	144
107	108
107	109
108	109
108	110
109	110
109	111
110	111
111	112
111	113
111	116
112	113
112	114
112	115
112	116
113	114
113	115
113	116
113	117
113	118
114	115
114	116
114	117
114	118
114	119
114	167
115	116
115	117
115	118
115	119
116	117
116	118
116	119
116	120
116	139
117	118
117	119
117	120
117	121
117	137
117	138
117	139
118	119
118	120
118	121
118	122
119	120
119	121
119	122
119	123
120	121
120	122
120	123
121	122
121	123
121	137
122	123
122	124
122	125
122	126
122	127
122	159
123	124
123	125
124	125
124	126
124	161
125	126
125	127
126	127
126	128
126	158
126	159
126	160
127	128
127	129
127	158
127	159
128	129
128	157
128	158
128	159
129	130
129	131
129	156
129	157
129	158
130	131
130	132
130	133
130	148
130	155
130	156
130	157
131	132
131	133
131	148
131	149
131	150
131	151
131	155
131	156
132	133
132	134
132	147
132	148
132	149
133	134
133	135
133	147
133	148
134	135
134	145
134	146
134	147
134	148
135	136
135	137
135	145
135	146
135	147
136	137
136	138
136	143
136	144
136	145
136	146
137	138
137	139
137	143
137	144
137	145
138	139
138	140
138	142
138	143
138	144
139	140
139	141
139	142
139	143
140	141
140	142
141	142
142	143
142	144
143	144
143	145
144	145
144	146
145	146
145	147
146	147
146	148
147	148
147	149
148	149
148	150
149	150
150	151
150	152
151	152
151	153
151	154
151	155
151	156
151	157
152	153
152	154
153	154
153	155
153	156
153	157
154	155
154	156
155	156
156	157
157	158
157	159
158	159
158	160
159	160
159	161
159	163
160	161
160	162
160	163
161	162
161	163
162	163
162	164
163	164
163	165
164	165
164	166
165	166
165	167
166	167
166	168
167	168
167	169
168	169
169	170
169	171
170	171
170	172
171	172
171	173
172	173
172	174
173	174
173	175
173	176
173	177
174	175
174	176
174	177
174	178
175	176
175	177
175	178
175	179
176	177
176	178
176	179
176	180
177	178
177	179
177	180
177	181
178	179
178	180
178	181
178	182
179	180
179	181
179	182
179	183
180	181
180	182
180	183
181	182
181	183
182	183
182	184
183	184
183	185
184	185
184	188
184	239
184	240
184	243
185	186
185	187
185	188
185	240
185	243
185	244
186	187
186	188
186	189
186	240
187	188
187	189
188	189
188	190
188	366
189	190
189	191
189	192
189	237
190	191
190	192
190	359
190	362
190	363
191	192
191	193
191	355
191	359
191	360
191	362
191	363
192	193
192	194
192	195
192	196
193	194
193	195
193	196
193	197
194	195
194	196
194	197
194	198
195	196
195	197
195	198
195	199
195	350
196	197
196	198
196	199
196	200
197	198
197	199
197	200
197	201
198	199
198	200
198	201
198	202
199	200
199	201
199	202
199	203
200	201
200	202
200	203
200	204
200	205
201	202
201	203
201	204
201	205
202	203
202	204
202	205
202	206
203	204
203	205
203	206
203	207
203	325
204	205
204	206
204	207
204	208
205	206
205	207
205	208
205	209
206	207
206	208
206	209
206	210
206	213
206	220
207	208
207	209
207	210
207	281
207	323
208	209
208	210
209	210
209	211
209	212
210	211
210	212
210	213
210	214
211	212
211	213
211	214
211	215
212	213
212	214
212	215
212	216
213	214
213	215
213	216
213	217
213	218
213	219
214	215
214	216
214	217
214	218
215	216
215	217
216	217
216	218
217	218
217	219
218	219
218	220
219	220
219	221
220	221
220	222
221	222
221	223
221	344
221	347
222	223
222	224
222	325
222	326
222	344
222	345
223	224
223	225
223	325
223	326
223	327
223	345
223	346
223	347
223	348
224	225
224	226
224	326
224	327
224	328
224	346
224	347
224	348
224	349
225	226
225	227
225	327
225	328
225	329
225	346
225	348
225	349
225	350
226	227
226	234
226	328
226	329
226	330
226	349
226	350
226	351
226	352
227	228
227	329
227	330
227	331
227	333
227	350
227	351
227	352
228	229
228	230
228	232
228	330
228	331
228	351
228	352
228	353
229	230
229	231
229	232
229	331
229	353
230	231
230	232
230	331
231	232
231	233
231	390
231	391
231	392
232	233
232	234
232	352
232	353
232	354
232	390
232	391
232	392
233	234
233	235
233	236
233	237
233	391
234	235
234	236
234	237
234	238
234	329
234	352
235	236
235	237
235	238
235	239
235	287
236	237
236	238
236	239
236	240
237	238
237	239
237	240
237	241
238	239
238	240
238	241
238	242
239	240
239	241
239	242
239	243
240	241
240	242
240	243
240	244
241	242
241	243
241	244
241	245
242	243
242	244
242	245
242	249
243	244
243	245
244	245
244	246
245	246
245	247
246	247
246	248
247	248
247	249
247	281
247	282
247	283
248	249
248	250
248	276
248	279
248	280
248	281
248	282
248	283
249	250
249	251
249	282
249	283
249	284
250	251
250	252
250	272
250	276
250	283
250	284
250	285
251	252
251	253
251	284
251	285
251	286
252	253
252	254
252	285
252	286
252	287
253	254
253	255
253	256
253	257
253	286
253	287
253	288
254	255
254	256
254	257
254	258
254	286
254	287
254	288
254	289
254	291
254	292
255	256
255	257
255	258
255	259
255	291
256	257
256	258
256	259
256	260
257	258
257	259
257	260
257	265
258	259
258	260
258	265
258	292
259	260
259	261
260	261
260	262
260	264
260	265
261	262
261	263
261	264
261	265
262	263
262	264
262	265
262	303
263	264
263	265
263	266
263	267
264	265
264	266
264	267
264	268
265	266
265	267
265	268
265	269
266	267
266	268
266	269
266	270
266	307
266	310
267	268
267	269
267	270
267	271
268	269
268	270
268	271
268	272
269	270
269	271
269	272
269	273
270	271
270	272
270	273
270	274
271	272
271	273
271	274
271	275
272	273
272	274
272	275
272	276
273	274
273	275
273	276
273	277
274	275
274	276
274	277
274	278
275	276
275	277
275	278
275	279
276	277
276	278
276	279
276	280
276	282
276	284
276	324
277	278
277	279
277	280
277	322
277	324
278	279
278	280
279	280
279	281
279	282
280	281
280	282
280	322
280	323
280	324
281	282
281	323
281	324
282	283
282	284
282	323
282	324
282	325
283	284
283	285
283	324
283	325
283	326
284	285
284	286
284	325
284	326
284	327
285	286
285	287
285	326
285	327
285	328
286	287
286	288
286	289
286	327
286	328
286	329
287	288
287	289
287	328
287	329
287	330
288	289
288	290
288	291
288	329
288	330
289	290
289	291
289	292
289	293
289	328
289	329
289	330
290	291
290	292
290	293
290	294
290	330
290	332
290	335
290	336
291	292
291	293
291	294
292	293
292	294
292	307
292	308
293	294
293	295
293	308
293	336
293	337
294	295
294	296
294	298
294	335
294	336
294	337
295	296
295	297
295	298
295	335
295	336
295	337
296	297
296	298
296	299
296	305
296	337
297	298
297	299
298	299
298	300
299	300
299	301
299	304
299	305
300	301
300	302
301	302
301	303
301	304
301	305
302	303
302	304
302	305
302	306
303	304
303	305
303	306
303	307
304	305
304	306
304	307
304	308
305	306
305	307
305	308
305	309
306	307
306	308
306	309
306	310
307	308
307	309
307	310
307	311
308	309
308	310
308	311
308	312
309	310
309	311
309	312
309	313
310	311
310	312
310	313
310	314
311	312
311	313
311	314
311	315
312	313
312	314
312	315
312	316
312	340
313	314
313	315
313	316
313	317
314	315
314	316
314	317
314	318
315	316
315	317
315	318
315	345
316	317
316	318
317	318
317	319
318	319
318	320
318	322
319	320
319	321
319	322
320	321
320	322
321	322
321	323
322	323
322	324
323	324
323	325
324	325
324	326
325	326
325	327
326	327
326	328
327	328
328	329
328	330
329	330
330	331
330	332
330	333
331	332
331	333
332	333
332	334
332	335
333	334
333	335
333	336
334	335
334	336
335	336
335	337
336	337
336	338
337	338
337	339
337	340
338	339
338	340
338	341
339	340
339	341
339	342
340	341
340	342
340	345
340	346
341	342
341	343
341	345
341	346
341	347
342	343
342	344
342	345
342	346
342	347
343	344
343	345
343	347
344	345
344	346
344	347
345	346
345	347
346	347
346	348
347	348
347	349
348	349
348	350
349	350
349	351
350	351
350	352
351	352
351	353
352	353
353	354
353	355
354	355
354	356
354	390
355	356
355	357
355	359
355	360
355	390
356	357
356	358
356	359
356	360
357	358
357	359
357	360
357	361
357	383
357	384
358	359
358	360
358	361
358	362
359	360
359	361
359	362
359	363
360	361
360	362
360	363
360	364
360	383
361	362
361	363
361	364
361	365
361	379
361	380
361	383
362	363
362	364
362	365
362	366
363	364
363	365
363	366
363	367
363	391
364	365
364	366
364	367
364	368
364	379
364	394
365	366
365	367
365	368
365	369
366	367
366	368
366	369
367	368
367	369
367	395
368	369
368	370
368	371
369	370
369	371
370	371
370	372
371	372
371	373
372	373
372	374
372	429
372	430
373	374
373	375
373	377
373	429
373	430
373	431
374	375
374	376
374	377
374	429
374	430
374	431
375	376
375	377
376	377
376	378
376	431
376	432
377	378
377	379
377	431
377	432
378	379
378	380
378	381
378	382
378	432
379	380
379	381
379	382
379	383
380	381
380	382
380	383
380	384
381	382
381	383
381	384
381	385
382	383
382	384
382	385
382	386
383	384
383	385
383	386
384	385
384	386
384	387
385	386
385	387
386	387
386	388
386	389
386	448
387	388
387	389
387	448
388	389
388	390
388	447
388	448
388	449
388	450
388	451
389	390
389	391
389	393
389	394
389	447
390	391
390	392
390	393
390	394
391	392
391	393
391	394
391	395
392	393
392	394
392	395
392	396
393	394
393	395
393	396
393	397
394	395
394	396
394	397
394	398
395	396
395	397
395	398
395	399
396	397
396	398
396	399
396	400
397	398
397	399
397	400
397	401
397	438
398	399
398	400
398	401
398	402
399	400
399	401
399	402
399	403
400	401
400	402
400	403
400	404
400	438
401	402
401	403
401	404
401	405
401	430
401	434
401	435
401	438
402	403
402	404
402	405
402	406
402	430
403	404
403	405
403	406
403	407
404	405
404	406
404	407
404	408
404	434
405	406
405	407
405	408
405	429
405	430
405	434
406	407
406	408
406	409
406	410
407	408
407	409
407	410
408	409
408	410
409	410
409	411
409	412
409	413
410	411
410	412
410	413
411	412
411	413
412	413
412	414
413	414
413	415
413	420
414	415
414	416
414	417
415	416
415	417
416	417
416	418
417	418
417	419
417	420
418	419
418	420
419	420
419	421
420	421
420	422
420	425
421	422
421	423
421	424
421	425
422	423
422	424
422	425
422	426
423	424
423	425
423	426
423	427
424	425
424	426
424	427
424	428
425	426
425	427
425	428
426	427
426	428
427	428
427	429
428	429
429	430
429	431
430	431
430	432
430	434
431	432
431	433
431	434
431	435
432	433
432	434
432	435
432	436
433	434
433	435
433	436
433	437
434	435
434	436
434	437
434	438
435	436
435	437
435	438
435	439
436	437
436	438
436	439
436	440
437	438
437	439
437	440
437	441
438	439
438	440
438	441
439	440
439	441
439	444
439	445
440	441
440	442
440	444
440	445
441	442
441	443
441	444
441	445
442	443
442	444
442	445
442	446
443	444
443	445
443	446
443	447
444	445
444	446
444	447
444	448
445	446
445	447
445	448
446	447
446	448
446	449
447	448
447	449
447	450
448	449
448	450
448	451
449	450
449	451
449	452
450	451
450	452
451	452
