0	1
0	10
0	11
0	12
1	2
1	3
2	3
2	4
3	4
3	5
3	6
4	5
4	6
5	6
5	7
6	7
6	8
7	8
7	9
8	9
8	10
8	27
8	28
8	29
9	10
9	11
9	27
9	28
9	29
10	11
10	25
10	26
10	27
10	28
11	12
11	13
11	25
11	26
11	27
12	13
12	24
12	25
12	26
12	522
13	14
13	15
13	23
13	24
13	25
13	521
13	522
14	15
14	16
14	21
14	22
14	23
14	24
14	520
15	16
15	17
15	21
15	22
15	23
15	24
15	56
16	17
16	388
16	505
17	18
17	19
17	387
17	388
18	19
18	20
18	21
18	194
18	386
18	387
18	388
19	20
19	21
19	385
19	386
19	387
19	388
19	389
19	514
19	515
20	21
20	22
20	194
20	197
20	514
20	515
21	22
21	23
21	388
21	514
22	23
22	24
22	46
22	47
22	52
23	24
23	25
23	39
23	40
23	44
23	47
24	25
24	26
24	36
24	37
24	38
24	39
24	40
25	26
25	27
25	36
25	37
25	38
25	39
25	40
26	27
26	28
26	33
26	35
26	36
26	37
26	38
27	28
27	33
27	34
27	35
27	36
28	29
28	30
28	31
28	32
28	33
28	34
29	30
29	31
29	32
29	33
30	31
30	32
31	32
31	33
31	526
31	527
32	33
32	34
32	526
33	34
33	35
33	60
34	35
34	60
35	36
35	37
35	38
35	60
36	37
36	38
36	57
36	59
36	60
37	38
37	39
37	40
37	57
38	39
38	40
38	57
39	40
39	41
39	50
39	51
39	52
40	41
40	42
40	43
40	44
40	48
40	49
40	50
41	42
41	43
41	44
41	48
41	49
41	50
42	43
42	44
42	45
42	48
42	49
42	50
43	44
43	45
43	48
43	49
43	50
44	45
44	46
44	47
44	48
44	49
44	50
44	631
45	46
45	47
45	48
45	49
46	47
46	48
46	49
47	48
47	49
47	50
47	51
47	52
47	196
48	49
48	50
48	51
49	50
49	51
50	51
50	52
51	52
52	53
52	54
52	56
52	57
52	196
53	54
53	55
53	56
53	57
53	195
53	196
54	55
54	56
54	57
54	58
54	701
55	56
55	57
55	58
55	59
55	701
56	57
56	58
56	59
57	58
57	59
58	59
58	60
58	61
59	60
59	61
59	62
60	61
60	62
61	62
61	63
61	64
61	712
62	63
62	64
62	65
62	708
62	709
62	711
62	712
63	64
63	65
64	65
64	66
64	68
65	66
65	67
65	68
65	711
66	67
66	68
67	68
67	69
67	488
68	69
68	70
68	487
68	488
69	70
69	71
69	487
69	488
69	489
69	501
69	532
70	71
70	501
70	529
70	530
70	531
70	532
71	72
71	73
71	90
71	501
71	530
71	531
71	532
72	73
72	74
72	90
72	91
72	92
72	93
72	96
72	499
72	500
72	501
73	74
73	75
73	88
73	89
73	90
73	91
73	498
73	499
73	500
74	75
74	76
74	81
74	88
74	89
74	90
74	91
74	497
74	498
74	499
75	76
75	81
75	82
75	83
75	85
75	86
75	87
75	88
75	89
75	497
75	498
76	77
76	78
76	79
76	80
76	81
76	82
76	85
76	86
76	87
76	88
76	89
77	78
77	79
77	80
77	81
77	82
77	85
78	79
78	80
79	80
80	81
80	82
81	82
81	83
82	83
82	84
82	85
83	84
83	85
83	478
83	497
84	85
84	86
84	87
85	86
85	87
85	88
86	87
86	88
86	89
87	88
87	89
88	89
88	90
89	90
89	91
90	91
91	92
91	93
91	95
91	96
92	93
92	94
92	95
92	96
93	94
93	95
93	96
93	97
94	95
94	96
94	97
94	98
95	96
95	97
95	98
95	99
96	97
96	98
96	99
96	100
97	98
97	99
97	100
97	101
97	542
98	99
98	100
98	101
98	102
99	100
99	101
99	102
99	103
100	101
100	102
100	103
100	104
101	102
101	103
101	104
101	105
101	545
102	103
102	104
102	105
102	106
103	104
103	105
103	106
103	107
103	452
104	105
104	106
104	107
104	108
104	452
105	106
105	107
105	108
105	109
106	107
106	108
106	109
106	110
107	108
107	109
107	110
107	111
107	112
107	115
107	451
107	452
108	109
108	110
108	111
108	112
108	113
109	110
109	111
109	112
110	111
110	112
111	112
111	113
111	115
112	113
112	114
112	115
113	114
113	115
113	116
113	140
113	141
113	142
114	115
114	116
114	142
114	144
115	116
115	117
115	449
115	450
115	451
115	452
116	117
116	144
116	450
116	451
116	452
116	453
117	118
117	119
117	144
117	145
117	450
117	452
117	453
117	454
118	119
118	120
118	144
118	145
118	146
118	453
118	454
118	455
119	120
119	145
119	146
119	147
119	454
119	455
119	456
120	121
120	146
120	147
120	148
120	455
120	456
120	457
120	458
121	122
121	123
121	124
121	147
121	148
121	149
121	394
121	456
121	457
121	458
122	123
122	124
122	147
122	148
122	149
122	387
122	388
122	389
122	390
122	393
122	394
123	124
123	125
123	387
123	388
123	389
123	457
124	125
124	126
124	128
124	129
124	393
124	457
125	126
125	127
125	128
125	129
125	393
125	510
125	511
125	512
126	127
126	128
126	129
126	130
126	392
126	393
126	511
126	512
127	128
127	129
127	130
127	131
127	603
127	606
127	607
128	129
128	130
128	131
128	132
128	535
128	536
129	130
129	131
129	132
129	133
129	393
129	394
129	397
129	399
130	131
130	132
130	133
130	134
130	397
131	132
131	133
131	134
131	135
131	539
132	133
132	134
132	135
132	136
132	539
133	134
133	135
133	136
133	137
133	399
134	135
134	136
134	137
134	138
134	139
134	572
135	136
135	137
135	138
135	139
135	140
135	543
136	137
136	138
136	139
136	140
136	141
136	142
136	143
136	145
137	138
137	139
137	140
137	141
137	142
137	143
137	430
137	431
138	139
138	140
138	141
138	429
138	430
139	140
139	141
139	551
139	568
140	141
140	142
140	551
141	142
141	143
141	429
141	430
141	431
142	143
142	144
142	431
143	144
143	145
143	401
143	402
143	431
143	434
143	435
144	145
144	146
144	401
144	435
144	436
144	437
145	146
145	147
145	399
145	400
145	401
146	147
146	150
146	399
146	400
146	401
146	437
146	438
147	148
147	149
147	150
147	394
147	399
147	400
147	438
148	149
148	150
148	151
148	458
149	150
149	151
149	152
149	153
149	154
149	390
149	394
150	151
150	152
150	153
150	154
150	438
150	793
151	152
151	153
151	353
151	793
151	794
152	153
152	154
152	349
152	352
152	353
152	793
153	154
153	155
153	156
153	157
153	352
153	385
154	155
154	156
154	157
154	158
154	791
154	793
155	156
155	157
155	158
155	159
155	352
155	357
155	358
155	791
155	793
156	157
156	158
156	159
156	160
156	352
156	358
156	361
156	383
157	158
157	159
157	160
157	161
157	168
158	159
158	160
158	161
158	162
158	358
158	791
159	160
159	161
159	162
159	163
159	358
159	359
159	361
159	362
160	161
160	162
160	163
160	164
160	165
160	166
160	167
160	168
160	169
161	162
161	163
161	164
161	165
161	166
161	167
161	168
162	163
162	164
162	165
163	164
163	165
163	362
163	672
163	673
163	674
164	165
164	166
164	167
164	664
164	666
164	667
164	672
164	673
165	166
165	167
165	666
165	667
166	167
166	168
166	407
166	666
167	168
167	407
167	666
168	169
168	407
169	170
169	171
170	171
170	172
170	382
170	383
170	516
171	172
171	173
171	375
171	645
171	646
171	647
172	173
172	176
172	375
172	380
172	382
172	644
172	645
172	646
173	174
173	175
173	176
173	516
173	644
173	645
174	175
174	176
174	177
174	516
175	176
175	177
175	178
176	177
176	178
176	179
176	180
176	377
176	378
176	380
177	178
177	179
177	180
177	200
177	201
177	204
177	378
178	179
178	180
178	204
179	180
179	181
179	377
179	378
180	181
180	182
180	183
180	342
180	343
180	344
180	378
180	379
181	182
181	183
181	211
181	212
181	341
181	342
181	343
182	183
182	184
182	211
182	212
182	213
182	341
182	342
182	343
182	344
183	184
183	185
183	212
183	213
183	214
183	343
183	344
183	345
184	185
184	186
184	213
184	214
184	215
184	344
184	345
184	346
185	186
185	187
185	188
185	214
185	215
185	216
185	345
185	346
185	347
186	187
186	188
186	215
186	216
186	217
186	346
186	347
187	188
187	189
187	216
187	217
187	347
187	350
188	189
188	190
188	346
188	347
188	348
188	350
189	190
189	191
189	192
189	193
189	223
190	191
190	192
190	193
190	194
190	195
190	198
190	223
191	192
191	193
191	194
191	195
191	198
191	222
191	223
192	193
192	194
192	195
192	699
192	700
193	194
193	195
193	700
194	195
194	196
194	197
194	198
195	196
195	197
195	198
195	199
196	197
196	198
196	199
196	200
197	198
197	199
197	200
197	201
198	199
198	200
198	201
198	202
199	200
199	201
199	202
199	203
200	201
200	202
200	203
200	204
201	202
201	203
201	204
201	205
202	203
202	204
202	205
202	206
203	204
203	205
203	206
203	207
204	205
204	206
204	207
204	208
205	206
205	207
205	208
205	209
205	211
205	212
206	207
206	208
206	209
207	208
207	209
208	209
208	210
208	211
209	210
209	211
210	211
210	212
211	212
211	213
212	213
212	214
212	228
213	214
213	215
213	226
213	227
213	228
213	229
214	215
214	216
214	227
214	228
214	229
214	230
215	216
215	217
215	223
215	224
215	227
215	229
215	230
215	231
216	217
216	230
216	231
216	232
217	218
217	219
217	220
217	231
217	232
217	233
218	219
218	232
218	233
218	234
218	235
219	220
219	221
219	232
219	761
219	762
219	763
219	764
220	221
220	224
220	761
220	762
220	763
221	222
221	223
221	224
221	760
221	761
221	762
222	223
222	224
222	225
222	760
223	224
223	225
223	226
223	227
224	225
224	226
224	227
224	230
225	226
225	227
226	227
226	228
227	228
227	229
227	230
228	229
228	230
229	230
229	231
230	231
230	232
231	232
231	233
231	324
232	233
233	234
233	235
233	237
233	322
233	323
233	324
234	235
234	236
234	237
234	322
234	323
235	236
235	237
235	798
236	237
236	238
236	239
236	681
236	682
237	238
237	239
237	240
237	241
237	321
237	322
238	239
238	240
238	241
238	242
239	240
239	241
239	242
239	243
239	360
239	678
239	679
240	241
240	242
240	243
240	244
240	312
240	317
240	679
241	242
241	243
241	244
241	245
241	317
242	243
242	244
242	245
242	246
242	363
242	364
243	244
243	245
243	246
243	247
243	309
243	312
244	245
244	246
244	247
244	248
244	309
244	312
244	313
244	317
245	246
245	247
245	248
245	249
245	333
246	247
246	248
246	249
246	250
246	309
246	367
247	248
247	249
247	250
247	251
247	306
247	309
247	310
247	312
248	249
248	250
248	251
248	252
248	333
249	250
249	251
249	252
249	253
249	254
249	255
249	337
250	251
250	252
250	253
250	254
250	255
250	306
251	252
251	253
252	253
252	254
253	254
253	255
254	255
254	256
254	337
255	256
255	257
255	370
255	371
256	257
256	258
256	259
256	260
256	370
256	371
256	372
257	258
257	259
257	260
257	261
258	259
258	260
258	261
258	262
259	260
259	261
259	262
259	263
259	372
260	261
260	262
260	263
260	264
260	369
260	370
261	262
261	263
261	264
262	263
262	264
263	264
263	671
263	672
264	265
264	266
264	671
264	672
264	673
264	674
265	266
265	267
265	671
265	672
265	673
265	674
266	267
266	299
266	300
266	301
266	302
266	673
266	674
266	675
267	268
267	269
267	297
267	298
267	299
267	300
267	673
267	674
267	675
267	676
268	269
268	270
268	297
268	298
268	299
268	300
268	675
268	676
268	677
269	270
269	271
269	295
269	296
269	297
269	298
269	675
269	676
269	677
270	271
270	294
270	295
270	296
270	297
271	272
271	273
271	290
272	273
272	274
272	288
272	289
272	290
273	274
273	275
273	288
273	289
273	290
273	291
273	294
273	789
274	275
274	276
274	284
274	285
274	288
274	291
274	789
275	276
275	277
275	284
275	285
275	355
275	683
275	786
275	787
275	788
275	789
276	277
276	278
276	786
276	787
276	788
276	789
276	792
277	278
277	279
277	282
277	285
277	785
277	786
278	279
278	280
278	281
278	282
279	280
279	281
279	282
279	285
279	286
280	281
280	282
280	283
280	285
280	286
281	282
281	283
281	285
281	286
282	283
282	284
282	285
282	286
283	284
283	285
283	286
283	287
284	285
284	286
284	287
284	288
285	286
285	287
285	288
286	287
286	288
287	288
287	289
288	289
288	290
288	291
289	290
289	291
290	291
290	292
290	293
290	294
291	292
291	293
291	294
292	293
292	294
293	294
293	295
293	296
294	295
294	296
294	789
294	790
295	296
295	297
295	790
296	297
297	298
297	299
298	299
298	300
299	300
300	301
300	302
300	304
301	302
301	303
301	304
301	305
302	303
302	304
302	305
302	306
303	304
303	305
303	306
303	307
304	305
304	306
304	307
304	308
305	306
305	307
305	308
305	309
305	676
306	307
306	308
306	309
306	310
307	308
307	309
307	310
308	309
308	310
308	311
308	676
309	310
309	311
309	312
310	311
310	312
310	313
311	312
311	313
312	313
312	314
312	316
312	317
313	314
313	315
313	316
313	317
314	315
314	316
314	317
314	318
314	319
314	326
315	316
315	317
315	318
315	319
315	320
316	317
316	318
316	319
316	320
316	321
317	318
317	319
317	320
317	321
317	322
318	319
318	320
318	321
318	322
318	323
318	324
318	325
318	326
319	320
319	321
319	322
319	323
319	324
319	325
319	326
320	321
320	322
320	323
321	322
321	323
322	323
322	324
323	324
323	325
324	325
324	326
324	328
324	329
325	326
325	327
325	328
325	329
326	327
326	328
326	329
326	330
327	328
327	329
327	330
327	331
328	329
328	330
328	331
328	332
329	330
329	331
329	332
329	333
330	331
330	332
330	333
330	334
331	332
331	333
331	334
331	335
332	333
332	334
332	335
332	336
333	334
333	335
333	336
333	337
334	335
334	336
334	337
334	338
335	336
335	337
335	338
335	341
336	337
336	338
336	343
336	367
337	338
337	339
337	371
338	339
338	340
338	341
339	340
339	341
340	341
340	342
341	342
341	343
342	343
342	344
342	378
342	379
343	344
343	345
343	378
343	379
343	380
344	345
344	346
344	378
344	379
344	380
344	381
344	382
345	346
345	347
345	380
345	381
345	382
346	347
346	381
346	382
346	383
346	384
347	348
347	349
347	350
347	351
347	383
347	384
348	349
348	350
348	351
348	352
348	383
348	384
348	385
349	350
349	351
349	352
349	353
350	351
350	352
350	353
350	354
350	797
351	352
351	353
351	354
351	357
351	360
351	361
352	353
352	354
352	357
352	358
353	354
353	355
353	357
353	793
353	794
353	795
353	796
353	797
354	355
354	356
354	357
354	787
354	788
354	794
354	795
355	356
355	357
355	682
355	683
355	786
355	787
355	788
355	795
356	357
356	358
356	359
356	360
356	788
357	358
357	359
357	360
357	361
357	788
358	359
358	360
358	361
358	362
358	788
358	790
358	791
359	360
359	361
359	362
359	363
359	677
360	361
360	362
360	363
360	364
361	362
361	363
361	364
361	365
362	363
362	364
362	365
362	366
362	675
363	364
363	365
363	366
363	367
363	675
364	365
364	366
364	367
365	366
365	367
365	368
365	369
365	381
366	367
366	368
366	369
366	370
366	674
366	675
367	368
367	369
367	370
367	371
368	369
368	370
368	371
368	372
368	373
368	374
368	381
369	370
369	371
369	372
369	373
370	371
370	372
371	372
371	373
372	373
372	374
373	374
373	379
373	380
374	375
374	376
374	379
374	380
374	381
375	376
375	377
375	379
375	380
375	645
375	646
375	647
375	648
376	377
376	378
376	379
376	380
376	645
377	378
377	379
378	379
378	380
379	380
380	381
380	382
381	382
381	383
382	383
382	384
383	384
383	385
384	385
384	386
384	515
385	386
385	387
385	390
385	515
386	387
386	388
387	388
387	389
387	390
388	389
388	390
388	512
388	513
388	514
389	390
389	391
389	392
389	393
389	394
389	512
389	513
389	514
390	391
390	392
390	393
390	394
390	395
391	392
391	393
391	394
391	395
391	396
391	513
391	514
391	515
392	393
392	394
392	395
392	396
392	512
392	513
392	514
392	519
393	394
393	395
393	396
393	397
393	512
393	513
394	395
394	396
394	397
394	398
394	399
395	396
395	397
395	398
395	399
396	397
396	398
396	405
396	406
396	407
397	398
397	399
397	405
397	406
398	399
398	400
398	403
398	404
398	405
399	400
399	401
399	403
400	401
400	402
400	403
401	402
401	403
401	434
401	435
401	436
401	437
402	403
402	409
402	410
402	434
402	435
403	404
403	405
403	408
403	409
403	410
404	405
404	406
404	407
404	408
404	409
404	410
405	406
405	407
405	408
405	613
406	407
406	408
406	613
406	614
406	619
407	408
407	409
408	409
408	410
408	415
409	410
409	411
409	412
409	415
410	411
410	412
410	415
410	416
410	431
410	432
410	433
410	434
411	412
411	413
411	432
411	433
412	413
412	414
412	415
412	416
413	414
413	415
413	416
413	417
414	415
414	416
414	417
414	418
415	416
415	417
415	418
415	419
416	417
416	418
416	419
416	420
416	430
417	418
417	419
417	420
417	421
417	427
418	419
418	420
418	421
418	422
419	420
419	421
419	422
419	423
420	421
420	422
420	423
420	424
420	425
420	426
420	427
421	422
421	423
421	424
421	425
422	423
422	424
423	424
423	425
424	425
424	426
425	426
425	427
425	429
426	427
426	428
426	429
426	556
426	559
426	560
427	428
427	429
428	429
428	430
429	430
429	431
429	556
430	431
430	432
431	432
431	433
432	433
432	434
433	434
433	435
434	435
434	436
435	436
435	437
436	437
436	438
436	440
436	441
437	438
437	439
437	440
437	441
438	439
438	440
438	441
438	442
439	440
439	441
439	442
439	443
439	785
440	441
440	442
440	443
440	444
441	442
441	443
441	444
441	445
442	443
442	444
442	445
442	446
442	470
442	471
442	474
443	444
443	445
443	446
443	447
443	470
444	445
444	446
444	447
444	448
444	449
444	450
445	446
445	447
445	448
445	449
445	450
445	451
445	474
445	475
446	447
446	448
446	470
446	473
446	474
446	477
447	448
447	449
448	449
448	450
448	451
448	479
448	480
449	450
449	451
450	451
450	452
450	480
451	452
451	453
451	479
451	480
451	481
452	453
452	480
452	481
452	482
453	454
453	455
453	481
453	482
453	483
454	455
454	456
454	482
454	483
454	484
455	456
455	458
455	483
455	484
455	485
456	457
456	458
456	484
456	485
456	486
457	458
457	485
457	486
458	459
458	460
459	460
459	461
459	462
459	463
459	490
459	492
459	705
460	461
460	462
460	463
460	464
460	492
461	462
461	463
461	464
461	467
461	471
461	491
461	492
462	463
462	464
462	491
462	492
462	705
462	778
462	780
463	464
463	465
463	705
463	780
464	465
464	466
464	467
464	780
465	466
465	467
465	780
465	781
465	783
465	784
465	785
466	467
466	468
466	469
466	470
466	748
466	780
466	781
466	782
466	783
466	784
466	785
467	468
467	469
467	470
467	471
467	472
467	780
467	781
468	469
468	470
468	471
468	472
468	473
468	748
468	749
468	781
469	470
469	471
469	473
469	748
470	471
470	472
470	473
470	474
471	472
471	473
471	474
471	475
472	473
472	474
472	475
472	476
473	474
473	475
473	476
473	477
474	475
474	476
474	477
475	476
475	477
475	480
475	482
475	495
475	496
476	477
476	478
476	495
477	478
477	479
477	480
478	479
478	480
479	480
480	481
480	482
481	482
481	483
481	497
482	483
482	484
482	496
482	497
482	498
483	484
483	485
483	496
483	497
483	498
483	499
484	485
484	486
484	493
484	496
484	498
484	499
484	500
485	486
485	499
485	500
485	501
485	502
486	487
486	488
486	500
486	501
486	502
487	488
487	501
487	502
487	503
487	504
488	489
488	490
488	707
489	490
489	493
490	491
490	492
490	493
490	494
490	707
491	492
491	493
491	494
491	495
492	493
492	494
492	495
492	496
493	494
493	495
493	496
493	499
494	495
494	496
495	496
495	497
496	497
496	498
496	499
497	498
497	499
498	499
498	500
499	500
499	501
500	501
500	502
501	502
501	532
501	533
502	503
502	504
502	532
502	533
502	534
502	535
503	504
503	507
503	508
503	528
503	532
503	533
503	534
504	505
504	506
504	507
504	508
504	534
505	506
505	507
505	508
506	507
506	508
506	509
506	523
506	524
506	525
506	526
507	508
507	524
507	525
507	526
507	527
507	528
508	509
508	510
508	523
508	524
508	534
509	510
509	522
509	523
509	524
509	592
510	511
510	512
510	521
510	522
510	523
511	512
511	513
511	519
511	520
511	521
511	522
512	513
512	514
512	519
512	520
512	521
513	514
513	517
513	518
513	519
513	520
514	515
514	516
514	517
514	518
514	519
515	516
515	517
516	517
516	518
516	634
517	518
517	519
517	634
517	635
518	519
518	520
518	632
518	633
518	634
518	635
519	520
519	521
519	632
519	633
519	634
520	521
520	522
520	627
520	631
520	632
521	522
521	523
521	627
521	628
522	523
522	524
522	628
523	524
523	525
523	590
524	525
524	526
524	590
524	591
524	592
525	526
525	590
526	527
526	528
527	528
527	529
528	529
528	530
528	532
529	530
529	531
529	532
530	531
530	532
531	532
531	533
532	533
533	534
533	535
533	537
534	535
534	536
534	537
534	538
535	536
535	537
535	538
535	539
536	537
536	538
536	539
536	540
537	538
537	539
537	540
537	541
537	594
538	539
538	540
538	541
538	542
539	540
539	541
539	542
539	543
540	541
540	542
540	543
540	569
541	542
541	543
541	544
542	543
542	544
542	545
543	544
543	545
543	546
543	568
543	569
544	545
544	546
544	567
544	568
544	569
545	546
545	547
546	547
546	548
546	550
546	567
546	568
547	548
547	549
547	550
547	551
547	565
547	566
547	567
547	568
548	549
548	550
548	551
548	552
548	564
548	565
548	566
548	567
548	568
549	550
549	551
549	552
549	553
549	565
550	551
550	552
551	552
551	553
552	553
552	554
552	556
552	557
553	554
553	555
553	556
553	557
554	555
554	556
554	557
554	558
555	556
555	557
555	558
555	559
556	557
556	558
556	559
557	558
557	559
557	560
557	561
557	563
557	564
558	559
558	560
558	561
559	560
559	561
560	561
560	562
560	563
561	562
561	563
561	564
562	563
562	564
563	564
563	565
563	566
564	565
564	566
565	566
565	567
566	567
566	568
566	570
567	568
567	569
567	570
567	571
568	569
568	570
568	571
568	572
569	570
569	571
569	572
569	573
569	574
570	571
570	572
570	573
570	574
570	575
571	572
571	573
571	574
571	575
572	573
572	574
572	575
573	574
573	575
573	578
573	579
574	575
574	576
574	578
574	579
575	576
575	577
575	578
575	579
576	577
576	578
576	579
576	580
577	578
577	579
577	580
577	605
577	609
578	579
578	580
578	602
578	605
578	606
578	609
579	580
579	581
579	600
579	601
579	602
579	605
580	581
580	582
580	605
581	582
581	583
581	585
581	600
581	601
581	604
581	605
582	583
582	584
582	585
582	600
582	601
583	584
583	585
583	586
583	595
583	599
583	600
583	601
584	585
584	586
585	586
585	587
585	601
586	587
586	588
586	601
587	588
587	589
587	590
588	589
588	590
589	590
590	591
590	592
591	592
591	593
592	593
592	594
592	595
592	596
593	594
593	595
593	596
593	597
594	595
594	596
594	597
594	598
594	602
595	596
595	597
595	598
595	599
595	600
595	601
595	602
596	597
596	598
596	599
597	598
597	599
598	599
598	600
599	600
600	601
600	602
601	602
601	603
601	604
601	605
602	603
602	604
602	605
602	606
603	604
603	605
603	606
603	607
604	605
604	606
604	607
604	608
604	624
605	606
605	607
605	608
605	609
606	607
606	608
606	609
606	610
607	608
607	609
607	610
607	611
607	624
608	609
608	610
608	611
608	612
608	624
609	610
609	611
609	612
610	611
610	612
610	613
611	612
611	613
611	614
611	615
611	621
612	613
612	614
612	615
613	614
613	615
614	615
614	616
614	617
614	618
614	619
614	620
614	621
615	616
615	617
615	618
615	619
615	620
615	621
616	617
616	618
616	620
617	618
617	619
617	620
618	619
618	620
618	636
619	620
619	621
619	635
619	636
620	621
620	622
620	635
620	636
620	637
620	638
621	622
621	623
621	635
621	636
621	637
622	623
622	624
622	626
622	637
622	640
623	624
623	625
623	626
624	625
624	626
624	627
625	626
625	627
625	628
625	629
626	627
626	628
626	629
626	630
627	628
627	629
627	630
627	632
628	629
628	630
629	630
630	631
630	632
631	632
631	633
632	633
632	634
633	634
633	635
633	642
634	635
634	636
634	637
634	642
634	643
634	644
635	636
635	637
635	642
635	643
636	637
636	638
636	642
636	643
637	638
637	639
637	640
637	641
637	642
637	643
638	639
638	640
638	641
638	642
639	640
639	641
640	641
640	642
641	642
641	643
642	643
642	644
643	644
643	645
643	646
643	651
643	652
643	653
644	645
644	646
644	651
644	652
645	646
645	647
645	648
645	651
645	652
645	653
646	647
646	648
646	651
646	652
646	653
647	648
647	649
647	653
647	656
647	662
647	663
647	664
648	649
648	650
648	651
648	652
648	653
648	656
648	661
648	662
648	663
649	650
649	651
649	652
649	653
649	656
649	658
649	660
649	661
649	662
650	651
650	652
650	653
650	654
651	652
651	653
651	654
652	653
652	654
653	654
653	655
653	656
654	655
654	656
655	656
655	657
656	657
656	658
656	662
656	663
657	658
657	659
657	660
658	659
658	660
659	660
659	661
660	661
660	662
660	663
661	662
661	663
662	663
662	664
663	664
663	665
663	670
663	671
664	665
664	666
664	667
664	670
664	671
664	672
665	666
665	667
665	668
665	670
666	667
666	668
667	668
667	669
667	670
667	671
668	669
668	670
669	670
669	671
670	671
670	672
671	672
671	673
672	673
672	674
673	674
673	675
674	675
674	676
675	676
675	677
676	677
676	678
677	678
678	679
678	680
679	680
679	681
680	681
680	682
681	682
681	683
682	683
682	684
682	685
683	684
683	685
683	786
684	685
684	686
684	799
684	800
685	686
685	687
685	693
685	799
685	800
686	687
686	690
686	691
686	692
686	693
686	800
687	688
687	689
687	690
687	691
688	689
688	690
688	691
689	690
689	691
690	691
690	692
690	746
690	800
690	801
690	802
690	803
691	692
691	693
691	800
691	801
691	802
691	803
692	693
692	694
692	766
692	767
692	768
692	800
692	801
692	802
692	803
693	694
693	695
693	766
693	767
693	768
693	798
693	799
693	800
693	801
694	695
694	696
694	767
694	768
694	769
694	798
694	799
694	800
694	801
695	696
695	768
695	769
695	770
695	796
695	797
695	798
696	697
696	769
696	770
696	771
696	772
696	796
696	797
697	698
697	770
697	771
697	772
698	699
698	700
698	704
698	771
698	772
698	773
699	700
699	701
699	702
699	771
700	701
700	702
701	702
701	703
701	715
702	703
702	704
702	706
702	709
702	710
702	715
702	773
703	704
703	705
703	706
703	709
703	773
704	705
704	706
704	772
704	773
705	706
705	707
705	772
705	773
705	774
705	775
706	707
706	708
706	709
706	710
706	773
706	774
707	708
707	709
707	710
707	711
708	709
708	710
708	711
708	712
709	710
709	711
709	712
709	715
709	716
710	711
710	712
710	715
710	716
711	712
711	713
711	716
712	713
712	714
712	715
712	716
713	714
713	715
713	716
713	717
714	715
714	716
714	717
714	718
715	716
715	717
715	718
715	719
716	717
716	718
716	719
716	720
717	718
717	719
717	720
718	719
718	720
719	720
719	721
720	721
721	722
721	723
721	774
722	723
722	753
722	770
722	771
722	772
722	773
722	774
722	777
723	724
723	725
723	753
723	754
723	755
723	756
723	770
724	725
724	726
724	753
724	754
724	755
724	756
724	768
724	769
724	770
725	726
725	755
725	756
725	757
725	759
725	761
725	762
725	768
725	769
725	770
726	727
726	728
726	730
726	731
726	755
726	756
726	757
726	762
726	763
726	768
727	728
727	729
727	730
727	731
727	757
727	762
727	763
727	764
727	765
728	729
728	730
728	731
728	732
728	757
729	730
729	731
729	732
729	733
730	731
730	732
730	733
730	734
730	765
731	732
731	733
731	734
731	735
731	736
731	737
732	733
732	734
732	735
732	736
732	737
733	734
733	735
734	735
734	736
735	736
735	737
736	737
736	738
736	740
737	738
737	739
737	740
738	739
738	740
738	755
738	756
738	757
739	740
739	741
739	754
739	755
739	756
740	741
740	742
740	754
740	755
741	742
741	752
741	753
741	754
741	755
741	806
741	807
742	743
742	744
742	752
742	753
742	754
742	804
742	805
742	806
742	807
743	744
743	745
743	750
743	751
743	752
743	753
743	804
743	805
743	806
743	807
744	745
744	746
744	750
744	751
744	752
744	801
744	802
744	803
744	804
744	805
745	746
745	747
745	749
745	750
745	751
745	782
745	801
745	802
745	803
745	804
746	747
746	748
746	749
746	750
746	782
746	800
746	801
746	802
746	803
747	748
747	749
748	749
748	781
748	782
749	750
749	781
749	782
750	751
750	781
750	782
751	752
751	753
751	777
751	778
751	779
752	753
752	777
753	754
753	755
753	777
754	755
754	756
755	756
755	757
756	757
756	758
756	759
757	758
757	759
758	759
759	760
759	761
759	762
760	761
760	762
761	762
761	763
762	763
762	764
763	764
763	765
763	767
763	768
764	765
764	766
764	767
765	766
765	767
766	767
766	768
767	768
767	769
768	769
768	770
769	770
769	771
770	771
770	772
771	772
771	773
772	773
772	774
772	778
772	779
773	774
773	775
774	775
774	776
774	777
774	778
775	776
775	777
775	778
776	777
776	778
777	778
777	779
778	779
778	780
778	781
779	780
779	781
779	782
779	783
780	781
780	782
780	783
781	782
781	783
782	783
782	784
783	784
783	785
783	796
783	799
784	785
784	786
784	799
785	786
785	787
785	794
786	787
786	794
786	795
787	788
787	789
787	792
787	793
787	794
787	795
788	789
788	790
788	791
788	792
788	793
788	794
789	790
789	791
789	792
790	791
790	792
791	792
791	793
792	793
792	794
793	794
793	795
794	795
794	796
795	796
795	797
795	798
796	797
796	798
797	798
798	799
798	800
799	800
799	801
800	801
801	802
801	803
801	804
802	803
802	804
802	805
803	804
803	805
804	805
804	806
805	806
805	807
806	807
