1	1
2	1
3	1
4	1
5	1
6	1
7	1
8	1
9	1
10	1
11	1
12	1
13	1
14	1
15	1
16	1
17	3
18	3
19	3
20	3
21	3
22	3
23	3
24	3
25	3
26	3
27	3
28	3
29	3
30	3
31	3
32	1
33	1
34	1
35	1
36	1
37	1
38	1
39	1
40	1
41	1
42	1
43	1
44	1
45	1
46	1
47	1
48	4
49	4
50	4
51	4
52	4
53	4
54	4
55	4
56	4
57	4
58	4
59	4
60	4
61	4
62	6
63	6
64	6
65	6
66	6
67	6
68	4
69	4
70	4
71	4
72	4
73	4
74	4
75	4
76	4
77	4
78	4
79	3
80	3
81	3
82	3
83	3
84	3
85	3
86	3
87	3
88	3
89	3
90	3
91	3
92	3
93	3
94	3
95	3
96	3
97	3
98	3
99	3
100	3
101	3
102	3
103	3
104	3
105	3
106	3
107	2
108	3
109	3
110	3
111	3
112	3
113	3
114	3
115	3
116	3
117	3
118	3
119	3
120	3
121	3
122	3
123	3
124	3
125	3
126	3
127	3
128	3
129	3
130	3
131	3
132	3
133	1
134	1
135	1
136	1
137	1
138	1
139	1
140	1
141	2
142	2
143	2
144	2
145	2
146	2
147	2
148	2
149	2
150	1
151	1
152	1
153	1
154	1
155	1
156	3
157	3
158	1
159	1
160	1
161	1
162	1
163	1
164	1
165	1
166	1
167	1
168	1
169	1
170	1
171	1
172	1
173	1
174	1
175	1
176	1
177	1
178	1
179	1
180	1
181	1
182	1
183	1
184	1
185	1
186	3
187	3
188	3
189	3
190	3
191	3
192	3
193	3
194	3
195	3
196	3
197	3
198	3
199	4
200	4
201	4
202	4
203	4
204	4
205	4
206	4
207	4
208	3
209	3
210	3
211	3
212	3
213	3
214	3
215	3
216	3
217	3
218	3
219	3
220	3
221	3
222	3
223	3
224	3
225	3
226	3
227	3
228	3
229	3
230	3
231	3
232	3
233	3
234	3
235	3
236	1
237	3
238	2
239	2
240	2
241	2
242	2
243	2
244	2
245	2
246	2
247	2
248	2
249	2
250	2
251	2
252	2
253	2
254	2
255	2
256	2
257	2
258	2
259	2
260	2
261	2
262	2
263	2
264	2
265	2
266	2
267	2
268	2
269	2
270	2
271	2
272	2
273	2
274	2
275	2
276	2
277	2
278	2
279	2
280	2
281	2
282	2
283	2
284	2
285	2
286	2
287	2
288	2
289	2
290	2
291	2
292	2
293	2
294	2
295	2
296	2
297	2
298	2
299	2
300	2
301	2
302	2
303	2
304	2
305	2
306	2
307	2
308	2
309	2
310	2
311	2
312	2
313	2
314	2
315	2
316	2
317	2
318	2
319	2
320	2
321	2
322	2
323	2
324	2
325	2
326	2
327	2
328	1
329	6
330	6
331	6
332	6
333	6
334	6
335	6
336	6
337	6
338	6
339	6
340	6
341	2
342	6
343	2
344	6
345	6
346	6
347	2
348	6
349	6
350	6
351	6
352	6
353	6
354	6
355	6
356	6
357	6
358	6
359	6
360	6
361	6
362	6
363	6
364	6
365	6
366	6
367	6
368	6
369	6
370	6
371	6
372	6
373	6
374	6
375	6
376	6
377	6
378	6
379	6
380	6
381	6
382	6
383	6
384	6
385	6
386	6
387	6
388	6
389	6
390	6
391	6
392	6
393	6
394	6
395	6
396	6
397	6
398	6
399	6
400	6
401	6
402	6
403	6
404	6
405	6
406	1
407	6
408	2
409	2
410	2
411	2
412	2
413	2
414	2
415	2
416	2
417	2
418	2
419	2
420	2
421	2
422	2
423	2
424	2
425	2
426	2
427	2
428	2
429	2
430	2
431	2
432	2
433	2
434	2
435	2
436	2
437	3
438	2
439	2
440	2
441	2
442	2
443	2
444	2
445	2
446	2
447	2
448	2
449	2
450	2
451	2
452	2
453	2
454	2
455	2
456	2
457	2
458	2
459	2
460	2
461	2
462	2
463	2
464	2
465	2
466	2
467	2
468	2
469	2
470	2
471	2
472	2
473	2
474	2
475	2
476	2
477	2
478	2
479	3
480	3
481	3
482	3
483	3
484	2
485	2
486	2
487	2
488	2
489	2
490	2
491	2
492	2
493	2
494	2
495	2
496	2
497	2
498	2
499	2
500	2
501	2
502	2
503	2
504	2
505	2
506	2
507	2
508	2
509	5
510	5
511	5
512	5
513	5
514	5
515	5
516	5
517	2
518	2
519	2
520	2
521	2
522	2
523	2
524	2
525	2
526	2
527	2
528	5
529	5
530	5
531	5
532	5
533	5
534	2
535	5
536	5
537	5
538	5
539	5
540	5
541	5
542	2
543	2
544	2
545	2
546	3
547	2
548	2
549	2
550	2
551	2
552	5
553	5
554	5
555	5
556	5
557	5
558	5
559	5
560	5
561	5
562	5
563	5
564	5
565	5
566	5
567	5
568	5
569	5
570	5
571	5
572	3
573	3
574	3
575	3
576	3
577	3
578	3
579	3
580	3
581	3
582	3
583	3
584	3
585	3
586	3
587	3
588	3
589	3
590	3
591	3
592	3
593	3
594	3
595	3
596	3
597	3
598	3
599	3
600	3
601	3
602	3
603	3
604	3
605	3
606	3
607	3
608	3
609	3
610	3
611	3
612	3
613	3
614	3
***
1	2
2	1
3	2
4	3
5	1
6	3
