0	1
0	2
0	5
1	2
1	3
1	4
1	5
2	3
2	4
2	5
3	4
3	5
4	5
4	6
4	331
4	332
5	6
5	7
6	7
6	8
6	11
7	8
7	9
7	10
7	11
8	9
8	10
8	11
8	12
8	101
8	102
8	105
9	10
9	11
9	12
9	13
9	101
9	102
9	104
9	105
10	11
10	12
10	13
10	14
11	12
11	13
11	14
11	15
11	353
12	13
12	14
12	15
12	16
12	105
13	14
13	15
13	16
13	17
13	52
14	15
14	16
14	17
14	18
15	16
15	17
15	18
15	19
15	478
16	17
16	18
16	19
16	20
16	481
17	18
17	19
17	20
17	21
18	19
18	20
18	21
18	22
18	478
19	20
19	21
19	22
19	23
19	478
19	479
19	481
19	482
20	21
20	22
20	23
20	24
20	482
20	485
21	22
21	23
21	24
22	23
22	24
23	24
23	25
23	26
23	27
23	482
24	25
24	26
24	27
24	28
25	26
25	27
25	28
25	29
26	27
26	28
26	29
26	30
27	28
27	29
27	30
27	31
27	44
28	29
28	30
28	31
28	40
28	41
28	44
29	30
29	31
30	31
30	32
31	32
31	33
32	33
32	34
33	34
33	35
33	36
34	35
34	36
35	36
35	37
35	39
35	40
36	37
36	38
36	39
36	40
37	38
37	39
37	40
38	39
38	40
38	41
38	42
39	40
39	41
39	42
39	43
40	41
40	42
40	43
40	44
41	42
41	43
41	44
41	45
42	43
42	44
42	45
42	46
43	44
43	45
43	46
43	47
44	45
44	46
44	47
44	48
45	46
45	47
45	48
45	49
46	47
46	48
46	49
46	50
47	48
47	49
47	50
47	51
48	49
48	50
48	51
48	52
49	50
49	51
49	52
50	51
50	52
50	53
51	52
51	53
52	53
52	54
53	54
53	55
53	81
54	55
54	56
54	79
54	80
54	81
54	82
54	104
54	108
55	56
55	80
55	81
55	82
56	57
56	58
56	79
56	80
56	81
57	58
57	59
57	77
57	78
57	79
57	80
58	59
58	60
58	77
58	78
58	79
59	60
59	61
59	76
59	77
59	78
60	61
60	62
60	75
60	76
60	77
61	62
61	63
61	73
61	74
61	75
61	76
62	63
62	64
62	73
62	74
62	75
63	64
63	65
63	71
63	72
63	73
63	74
64	65
64	66
64	71
64	72
64	73
64	74
64	143
65	66
65	67
65	69
65	70
65	71
65	72
66	67
66	68
66	69
66	70
66	71
66	72
66	139
67	68
67	69
67	139
68	69
68	70
69	70
69	71
70	71
70	72
71	72
71	73
72	73
72	74
73	74
73	75
74	75
74	76
74	129
75	76
75	128
75	129
76	77
76	127
76	128
76	129
77	78
77	79
77	100
77	126
77	127
77	128
78	79
78	80
78	103
78	125
78	126
78	127
79	80
79	81
79	103
79	104
79	107
79	124
79	125
79	126
80	81
80	82
80	88
80	107
80	123
80	124
80	125
81	82
81	107
81	108
81	111
81	122
81	123
81	124
82	83
82	84
82	111
82	122
82	123
83	84
83	85
83	86
83	88
83	122
84	85
84	86
84	122
84	491
85	86
85	87
85	88
85	120
85	121
85	122
86	87
86	88
86	121
86	122
86	160
86	161
87	88
87	89
87	121
87	122
87	159
87	160
87	161
87	162
87	163
88	89
88	90
88	121
88	122
88	123
88	124
88	161
88	162
88	163
89	90
89	121
89	122
89	123
89	124
89	162
89	163
89	164
90	91
90	92
90	107
90	110
90	123
90	124
90	125
90	163
90	164
90	165
91	92
91	93
91	125
91	126
91	164
91	165
91	166
91	167
92	93
92	94
92	125
92	126
92	127
92	164
92	165
92	166
92	167
93	94
93	95
93	126
93	127
93	128
93	167
93	168
93	169
93	170
94	95
94	127
94	128
94	129
94	130
94	131
94	132
94	168
94	169
94	170
95	96
95	97
95	98
95	128
95	129
95	130
95	131
96	97
96	98
96	129
96	130
96	131
97	98
97	99
97	129
98	99
98	100
98	102
98	103
98	127
98	128
98	129
99	100
99	101
99	102
99	103
100	101
100	102
100	103
100	104
101	102
101	103
101	104
101	105
102	103
102	104
102	105
102	106
103	104
103	105
103	106
103	107
103	125
103	126
103	127
104	105
104	106
104	107
104	108
105	106
105	107
105	108
105	109
106	107
106	108
106	109
106	110
106	125
107	108
107	109
107	110
107	111
107	123
107	124
107	125
108	109
108	110
108	111
108	112
108	123
108	124
109	110
109	111
109	112
109	113
109	123
109	370
110	111
110	112
110	113
110	114
110	123
110	124
111	112
111	113
111	114
111	115
111	121
111	122
111	123
112	113
112	114
112	115
112	116
112	370
112	481
112	484
113	114
113	115
113	116
113	117
113	370
113	371
113	374
114	115
114	116
114	117
114	118
114	119
114	120
114	121
114	374
115	116
115	117
115	118
115	119
115	484
115	487
115	488
116	117
116	118
116	370
116	371
116	459
116	480
116	483
116	484
117	118
117	119
117	371
117	374
117	455
117	459
118	119
118	120
119	120
119	121
119	378
119	381
120	121
121	122
121	123
122	123
122	124
123	124
123	125
124	125
125	126
126	127
127	128
127	129
128	129
128	130
129	130
130	131
130	132
131	132
131	133
131	134
132	133
132	134
132	135
132	169
133	134
133	135
134	135
134	136
135	136
135	137
135	139
135	140
136	137
136	138
136	139
136	140
137	138
137	139
137	140
137	141
138	139
138	140
138	141
138	142
139	140
139	141
139	142
139	143
140	141
140	142
140	143
140	144
141	142
141	143
141	144
141	145
142	143
142	144
142	145
142	146
143	144
143	145
143	146
143	147
144	145
144	146
144	147
144	148
144	174
144	178
145	146
145	147
145	148
145	149
145	177
145	178
145	181
146	147
146	148
146	149
146	150
147	148
147	149
147	150
147	151
148	149
148	150
148	151
148	152
148	178
148	181
148	182
149	150
149	151
149	152
149	153
150	151
150	152
150	153
150	154
151	152
151	153
151	154
151	155
151	156
151	157
152	153
152	154
152	155
152	156
152	157
152	158
153	154
153	155
154	155
154	156
155	156
155	157
155	158
156	157
156	158
156	162
157	158
157	161
157	162
157	163
157	164
157	196
158	159
158	160
158	161
158	162
158	163
158	196
159	160
159	161
159	162
159	163
159	192
159	193
159	195
159	196
159	197
160	161
160	162
161	162
161	163
162	163
162	164
163	164
163	165
163	196
163	197
163	198
164	165
164	197
164	198
165	166
165	167
165	175
165	197
165	198
165	199
166	167
166	170
166	171
166	175
166	199
167	168
167	169
167	170
167	171
168	169
168	170
169	170
169	171
170	171
170	174
171	172
171	173
171	174
171	175
171	199
172	173
172	174
172	175
172	176
172	199
172	200
172	201
173	174
173	175
173	176
173	177
174	175
174	176
174	177
174	178
175	176
175	177
175	178
175	179
175	197
175	198
175	199
175	200
176	177
176	178
176	179
176	180
176	200
176	201
177	178
177	179
177	180
177	181
178	179
178	180
178	181
178	182
179	180
179	181
179	182
179	183
179	194
179	196
179	197
180	181
180	182
180	183
180	184
181	182
181	183
181	184
181	185
182	183
182	184
182	185
182	186
182	187
182	193
183	184
183	185
183	186
183	187
183	188
183	193
183	194
184	185
184	186
184	187
184	188
185	186
185	187
185	188
186	187
186	188
187	188
187	189
187	190
187	193
188	189
188	190
188	193
189	190
189	191
190	191
190	192
190	193
191	192
191	193
192	193
192	194
192	195
192	387
192	388
193	194
193	195
193	196
194	195
194	196
194	197
194	205
194	387
195	196
195	197
195	198
195	384
195	387
195	388
196	197
197	198
198	199
198	200
198	206
198	380
198	383
198	384
199	200
199	201
199	206
199	210
199	211
199	380
200	201
200	202
200	204
200	205
200	206
201	202
201	203
201	204
201	205
201	206
202	203
202	204
202	205
202	206
202	207
202	208
203	204
203	205
203	206
204	205
204	206
205	206
205	207
205	387
206	207
206	208
206	383
207	208
207	209
207	210
207	383
208	209
208	210
208	444
208	445
208	448
209	210
209	211
209	212
209	213
210	211
210	212
210	213
210	379
210	380
211	212
211	213
211	253
212	213
212	214
212	215
212	216
212	253
212	257
213	214
213	215
213	216
213	217
213	375
213	376
213	379
214	215
214	216
214	217
214	218
214	254
214	373
214	374
214	375
214	376
215	216
215	217
215	218
215	219
215	254
215	255
215	257
215	258
215	373
216	217
216	218
216	219
216	220
216	257
216	258
216	261
216	375
217	218
217	219
217	220
217	221
217	372
217	373
217	375
217	456
218	219
218	220
218	221
218	222
218	258
218	346
218	372
218	373
218	375
219	220
219	221
219	222
219	223
219	258
219	261
219	262
220	221
220	222
220	223
220	224
220	453
220	456
221	222
221	223
221	224
221	225
221	372
221	456
221	460
222	223
222	224
222	225
222	226
222	344
223	224
223	225
223	226
223	227
224	225
224	226
224	227
224	228
224	457
224	460
225	226
225	227
225	228
226	227
226	228
226	232
226	239
226	240
227	228
227	229
227	239
227	240
228	229
228	230
228	231
228	232
228	239
229	230
229	231
229	232
229	233
229	239
230	231
230	232
230	233
230	234
231	232
231	233
231	234
231	235
232	233
232	234
232	235
232	236
232	237
232	238
232	239
233	234
233	235
233	236
233	237
234	235
234	236
235	236
235	237
235	363
236	237
237	238
237	239
238	239
238	240
239	240
240	241
240	242
241	242
241	243
241	244
241	265
241	266
241	267
242	243
242	244
242	266
242	267
243	244
243	245
243	267
244	245
244	246
244	267
244	268
244	319
245	246
245	267
245	268
245	269
245	270
245	318
245	319
245	320
246	247
246	248
246	267
246	268
246	269
246	270
246	318
246	319
246	320
246	321
247	248
247	249
247	269
247	270
247	271
247	272
247	318
247	320
247	321
247	322
248	249
248	250
248	255
248	271
248	272
248	273
248	321
248	322
248	323
248	324
249	250
249	251
249	255
249	272
249	273
249	274
249	313
249	322
249	323
249	324
249	325
250	251
250	252
250	255
250	272
250	273
250	274
250	323
250	324
250	325
251	252
251	253
251	254
251	255
251	256
251	272
251	273
251	274
252	253
252	254
252	255
252	256
253	254
253	255
253	256
253	257
254	255
254	256
254	257
254	258
254	324
254	346
255	256
255	257
255	258
255	259
255	324
256	257
256	258
256	259
256	260
257	258
257	259
257	260
257	261
258	259
258	260
258	261
258	262
259	260
259	261
259	262
259	263
259	269
259	287
260	261
260	262
260	263
260	264
260	287
261	262
261	263
261	264
261	265
262	263
262	264
262	265
262	266
262	267
263	264
263	265
263	266
263	267
263	268
263	269
264	265
264	266
265	266
265	267
266	267
266	268
267	268
267	269
268	269
268	270
268	284
269	270
269	271
269	284
269	285
270	271
270	280
270	281
270	282
270	283
270	284
270	285
271	272
271	273
271	279
271	280
271	281
271	285
272	273
272	278
272	279
272	280
273	274
273	277
273	278
273	279
273	313
274	275
274	276
274	277
274	278
275	276
275	277
276	277
277	278
277	301
278	279
278	280
278	301
278	308
278	309
278	313
279	280
279	300
279	301
279	306
279	307
279	308
279	309
280	281
280	282
280	306
280	307
280	308
280	309
281	282
281	283
281	284
281	285
281	306
281	307
282	283
282	284
283	284
284	285
284	286
285	286
285	287
285	305
286	287
286	288
286	289
286	290
287	288
287	289
287	290
287	291
288	289
288	290
288	291
288	292
289	290
289	291
289	292
289	293
290	291
290	292
290	293
290	294
290	300
291	292
291	293
291	294
291	295
292	293
292	294
292	295
292	296
293	294
293	295
293	296
293	297
293	300
293	303
294	295
294	296
294	297
294	298
294	299
294	300
295	296
295	297
295	298
296	297
296	298
297	298
297	299
298	299
299	300
299	301
300	301
300	302
300	303
301	302
301	303
301	308
302	303
302	304
302	307
302	308
303	304
303	305
303	306
304	305
304	306
305	306
306	307
306	308
307	308
307	309
308	309
308	310
309	310
309	311
310	311
311	312
311	313
312	313
312	314
312	315
312	316
313	314
313	315
313	316
314	315
314	316
314	321
314	338
315	316
315	317
315	337
315	338
315	339
316	317
316	318
316	339
317	318
317	339
317	340
318	319
318	320
318	321
318	339
318	340
319	320
319	321
319	340
319	341
319	342
320	321
320	322
320	340
320	341
320	342
320	343
320	344
321	322
321	323
321	340
321	342
321	343
321	344
322	323
322	324
322	343
322	344
322	345
322	346
323	324
323	325
323	344
323	345
323	346
323	347
323	350
324	325
324	326
324	345
324	346
324	347
325	326
325	327
325	347
326	327
326	328
326	329
326	347
326	348
326	350
327	328
327	329
327	347
327	348
327	349
327	350
327	351
328	329
328	330
328	331
328	349
328	350
328	351
328	352
329	330
329	331
329	350
329	351
330	331
330	334
330	335
330	350
330	351
330	352
330	355
331	332
331	333
331	334
331	335
331	351
331	352
331	354
331	355
332	333
332	334
332	335
332	354
332	355
333	334
333	335
333	336
334	335
334	336
334	337
334	338
335	336
335	337
335	338
335	355
335	358
335	359
336	337
336	338
336	358
337	338
337	339
338	339
338	340
339	340
339	341
340	341
340	342
340	343
341	342
341	343
341	364
341	365
342	343
342	344
342	364
342	365
342	366
343	344
343	345
343	365
343	366
343	367
344	345
344	346
344	366
344	367
344	368
344	372
345	346
345	347
345	350
345	367
345	368
345	369
345	372
346	347
346	348
346	369
346	372
346	373
347	348
347	349
347	350
347	369
347	373
348	349
348	350
348	369
349	350
349	351
349	369
350	351
350	352
351	352
351	353
351	355
351	356
352	353
352	354
352	355
352	356
353	354
353	355
353	356
353	357
354	355
354	356
354	357
354	358
355	356
355	357
355	358
355	359
356	357
356	358
356	359
356	360
357	358
357	359
357	360
357	361
358	359
358	360
358	361
358	362
359	360
359	361
359	362
359	363
359	364
360	361
360	362
360	363
360	364
360	474
360	475
361	362
361	363
362	363
362	364
363	364
363	365
364	365
364	366
365	366
365	367
365	474
366	367
366	368
366	476
367	368
367	369
367	372
367	476
368	369
368	370
368	371
368	372
368	476
368	477
369	370
369	371
369	372
369	373
370	371
370	372
370	373
370	374
370	480
371	372
371	373
371	374
371	480
372	373
372	374
373	374
373	375
373	376
374	375
374	376
374	377
374	378
375	376
375	377
375	378
375	379
375	452
376	377
376	378
376	379
376	380
377	378
377	379
377	380
377	381
378	379
378	380
378	381
378	382
378	452
379	380
379	381
379	382
379	383
379	448
379	452
380	381
380	382
380	383
380	384
381	382
381	383
381	384
381	385
382	383
382	384
382	385
382	386
383	384
383	385
383	386
383	387
384	385
384	386
384	387
384	388
385	386
385	387
385	388
385	389
386	387
386	388
386	389
386	390
386	391
387	388
387	389
387	390
388	389
388	390
389	390
389	391
390	391
391	392
391	393
392	393
392	394
392	395
392	444
393	394
393	395
393	443
393	444
394	395
394	396
394	397
394	398
394	441
394	442
394	443
395	396
395	397
395	398
396	397
396	398
397	398
397	399
397	400
397	401
398	399
398	400
398	401
398	402
398	440
398	441
399	400
399	401
399	402
399	403
399	440
400	401
400	402
400	403
400	404
401	402
401	403
401	404
401	405
401	439
401	440
401	441
402	403
402	404
402	405
402	406
402	439
402	440
403	404
403	405
403	406
403	407
404	405
404	406
404	407
404	408
405	406
405	407
405	408
405	409
405	439
406	407
406	408
406	409
406	410
407	408
407	409
407	410
407	411
408	409
408	410
408	411
408	412
409	410
409	411
409	412
409	413
409	429
409	430
410	411
410	412
410	413
410	414
411	412
411	413
411	414
411	415
412	413
412	414
412	415
412	416
413	414
413	415
413	416
413	417
413	427
413	428
413	429
414	415
414	416
414	417
414	418
415	416
415	417
415	418
415	419
416	417
416	418
416	419
416	420
417	418
417	419
417	420
417	421
417	425
417	426
417	427
418	419
418	420
418	421
419	420
419	421
420	421
420	422
420	423
420	424
421	422
421	423
421	424
421	425
422	423
422	424
422	425
423	424
423	425
424	425
424	426
424	427
425	426
425	427
426	427
426	428
427	428
427	429
428	429
428	430
429	430
430	431
430	432
431	432
431	433
431	435
431	436
432	433
432	434
432	435
432	436
433	434
433	435
433	436
433	437
434	435
434	436
434	437
434	438
435	436
435	437
435	438
435	439
436	437
436	438
436	439
437	438
437	439
438	439
438	440
438	441
438	442
439	440
439	441
440	441
440	442
441	442
441	443
442	443
442	444
442	446
442	447
443	444
443	445
443	446
443	447
444	445
444	446
444	447
444	448
445	446
445	447
445	448
445	449
446	447
446	448
446	449
446	450
447	448
447	449
447	450
447	451
448	449
448	450
448	451
448	452
449	450
449	451
449	452
449	453
450	451
450	452
450	453
450	454
451	452
451	453
451	454
451	455
452	453
452	454
452	455
452	456
453	454
453	455
453	456
453	457
454	455
454	456
454	457
454	458
455	456
455	457
455	458
455	459
456	457
456	458
456	459
456	460
457	458
457	459
457	460
457	461
458	459
458	460
458	461
458	462
459	460
459	461
459	462
459	463
460	461
460	462
460	463
460	464
461	462
461	463
461	464
461	465
462	463
462	464
462	465
462	466
463	464
463	465
463	466
463	467
463	476
463	479
463	480
464	465
464	466
464	467
464	468
465	466
465	467
465	468
465	469
466	467
466	468
466	469
466	470
466	479
467	468
467	469
467	470
467	471
467	472
467	473
467	476
467	479
468	469
468	470
468	471
468	472
468	473
469	470
469	471
470	471
470	472
471	472
471	473
472	473
472	474
472	475
473	474
473	475
474	475
474	476
475	476
475	477
475	478
475	479
476	477
476	478
476	479
476	480
477	478
477	479
477	480
477	481
478	479
478	480
478	481
478	482
479	480
479	481
479	482
479	483
480	481
480	482
480	483
480	484
481	482
481	483
481	484
481	485
482	483
482	484
482	485
482	486
483	484
483	485
483	486
483	487
484	485
484	486
484	487
484	488
485	486
485	487
485	488
485	489
486	487
486	488
486	489
486	490
487	488
487	489
487	490
487	491
488	489
488	490
488	491
488	492
489	490
489	491
489	492
490	491
490	492
490	493
491	492
491	493
492	493
492	494
493	494
