0	1
0	2
0	126
0	127
0	128
1	2
1	3
1	4
1	126
1	127
2	3
2	4
2	16
2	20
2	21
2	22
3	4
3	5
3	6
3	7
3	14
3	15
3	16
3	22
4	5
4	6
4	123
4	124
4	127
4	132
4	133
5	6
5	7
5	132
5	133
6	7
6	8
7	8
7	9
7	35
8	9
8	12
8	13
8	14
8	24
8	35
8	36
9	10
9	11
9	12
9	35
9	36
9	37
10	11
10	12
10	29
10	36
11	12
11	13
11	29
11	439
12	13
12	14
12	24
12	25
12	26
12	29
12	36
13	14
13	15
13	24
13	25
13	26
14	15
14	16
14	22
14	23
14	24
14	25
15	16
15	17
15	22
15	23
15	24
16	17
16	18
16	21
16	22
16	23
17	18
17	21
17	22
17	23
18	19
18	20
18	21
19	20
19	21
20	21
21	22
22	23
22	24
23	24
23	25
24	25
24	26
24	34
24	35
24	36
25	26
25	27
26	27
26	28
26	29
26	31
26	32
26	36
27	28
27	29
28	29
28	30
29	30
29	31
30	31
30	39
30	40
30	43
31	32
31	36
31	37
31	38
31	39
31	40
32	33
32	34
32	36
32	37
32	38
32	39
33	34
33	35
33	36
33	37
33	38
34	35
34	36
35	36
35	37
36	37
36	38
37	38
37	39
38	39
38	40
39	40
39	41
39	43
39	44
40	41
40	42
40	43
40	44
41	42
41	43
41	44
41	45
42	43
42	44
42	45
42	46
43	44
43	45
43	46
43	47
44	45
44	46
44	47
44	48
45	46
45	47
45	48
45	49
46	47
46	48
46	49
46	50
47	48
47	49
47	50
48	49
48	50
49	50
49	51
50	51
50	52
51	52
51	53
51	55
51	56
52	53
52	54
52	55
52	56
53	54
53	55
53	56
53	57
54	55
54	56
54	57
54	58
55	56
55	57
55	58
55	59
56	57
56	58
56	59
56	60
57	58
57	59
57	60
57	61
58	59
58	60
58	61
58	62
59	60
59	61
59	62
59	63
60	61
60	62
60	324
60	325
60	326
61	62
61	323
61	324
61	325
62	63
62	64
63	64
63	65
63	66
63	67
64	65
64	66
64	67
64	68
64	325
65	66
65	67
65	68
65	69
66	67
66	68
66	69
66	70
67	68
67	69
67	70
67	71
67	325
67	326
68	69
68	70
68	71
68	72
69	70
69	71
69	72
69	73
70	71
70	72
70	73
70	76
70	77
71	72
71	73
71	74
71	77
71	326
71	327
72	73
72	74
73	74
73	75
73	76
73	77
74	75
74	76
74	77
74	78
75	76
75	77
75	78
75	79
76	77
76	78
76	79
76	80
77	78
77	79
77	80
77	81
78	79
78	80
78	81
78	82
78	334
79	80
79	81
79	82
79	83
80	81
80	82
80	83
80	84
81	82
81	83
81	84
81	85
81	328
81	329
82	83
82	84
82	85
82	86
82	334
82	335
83	84
83	85
83	86
83	87
84	85
84	86
84	87
84	88
85	86
85	87
85	88
85	89
85	501
86	87
86	88
86	89
86	90
87	88
87	89
87	90
88	89
88	90
88	91
88	497
88	498
89	90
89	91
89	92
89	498
89	501
89	502
90	91
90	92
91	92
91	93
91	440
91	498
92	93
92	94
92	498
92	499
93	94
93	95
93	96
93	97
94	95
94	96
94	341
94	344
95	96
95	97
96	97
96	98
96	110
96	117
96	345
97	98
97	105
97	109
97	110
97	117
98	99
98	102
98	103
98	104
98	105
98	109
98	117
98	118
98	121
99	100
99	101
99	102
99	103
99	109
99	115
99	116
99	117
99	118
99	121
100	101
100	102
100	122
100	187
100	428
101	102
101	103
102	103
102	104
102	105
102	109
103	104
103	105
103	121
103	122
104	105
104	106
105	106
105	109
106	107
106	108
106	109
106	110
107	108
107	109
107	110
107	111
108	109
108	110
108	111
108	112
109	110
109	111
109	112
110	111
110	112
111	112
111	113
112	113
112	114
112	115
113	114
113	115
113	192
114	115
114	116
114	188
114	189
114	190
114	192
115	116
115	117
115	187
115	188
115	189
116	117
116	118
116	187
116	188
116	189
116	346
116	347
116	348
117	118
117	119
117	345
117	346
117	347
117	348
118	119
118	120
118	121
118	347
118	348
118	349
119	120
119	121
119	347
119	349
120	121
120	122
121	122
121	123
122	123
122	124
122	428
122	429
122	430
122	431
123	124
123	125
123	131
123	132
123	429
123	430
123	431
124	125
124	126
124	127
125	126
125	127
126	127
126	128
127	128
127	129
127	132
127	133
128	129
128	132
128	133
129	130
129	131
129	132
129	133
129	134
129	135
129	136
129	137
129	138
130	131
130	132
130	137
130	138
130	139
131	132
131	133
131	134
131	431
131	432
131	470
132	133
132	134
133	134
133	135
134	135
134	136
134	470
135	136
135	137
135	467
135	470
136	137
136	138
136	139
137	138
137	139
138	139
138	140
139	140
139	141
140	141
140	142
140	464
140	465
141	142
141	143
141	144
141	145
142	143
142	144
142	145
142	146
142	419
142	422
142	423
143	144
143	145
143	146
143	147
143	419
144	145
144	146
144	147
144	148
145	146
145	147
145	148
145	149
146	147
146	148
146	149
146	150
146	151
146	419
147	148
147	149
147	150
147	151
148	149
148	150
149	150
149	151
149	407
149	408
149	457
149	479
150	151
150	152
150	407
150	408
150	409
150	410
150	478
151	152
151	153
151	408
151	409
151	410
151	411
151	412
152	153
152	154
152	155
152	408
152	409
152	410
152	411
152	412
153	154
153	155
153	408
154	155
154	156
155	156
155	157
155	401
155	409
156	157
156	158
156	401
156	402
156	403
156	409
157	158
157	159
157	399
157	400
157	401
157	402
157	403
158	159
158	160
158	161
158	162
158	400
158	401
158	402
158	403
158	487
159	160
159	161
159	485
159	486
159	487
160	161
160	162
160	485
160	486
160	487
161	162
161	163
161	399
161	551
161	552
161	553
162	163
162	166
162	399
162	400
162	550
162	551
162	552
162	553
163	164
163	165
163	166
163	167
163	395
163	396
163	397
163	398
163	399
163	400
163	550
163	551
163	552
163	553
164	165
164	166
164	167
164	168
164	395
164	396
164	398
164	399
164	400
165	166
165	167
165	168
165	169
165	395
165	396
165	550
166	167
166	168
166	169
166	170
166	550
167	168
167	169
167	170
167	171
167	359
167	400
168	169
168	170
168	171
168	172
168	265
168	266
169	170
169	171
169	172
169	173
170	171
170	172
170	173
170	174
171	172
171	173
171	174
171	175
172	173
172	174
172	175
172	266
172	269
173	174
173	175
173	176
174	175
174	176
174	177
174	178
175	176
175	177
175	178
175	179
176	177
176	178
176	179
176	191
176	196
176	198
176	199
176	200
177	178
177	179
177	191
177	194
177	195
178	179
178	180
178	191
178	351
179	180
179	181
179	189
179	190
179	191
180	181
180	182
180	186
180	188
180	189
180	190
181	182
181	183
181	184
181	185
181	186
181	188
181	189
181	190
182	183
182	184
182	185
182	186
183	184
183	185
184	185
184	188
185	186
185	187
185	188
186	187
186	188
186	424
187	188
187	189
187	348
187	428
188	189
189	190
189	191
190	191
190	192
191	192
191	193
191	194
192	193
192	194
193	194
193	195
193	197
194	195
194	344
194	345
194	346
195	196
195	197
195	344
195	346
195	503
196	197
196	198
196	306
196	504
197	198
197	199
197	306
198	199
198	200
198	201
198	202
198	306
199	200
199	201
199	202
199	203
199	204
199	256
199	257
200	201
200	202
200	203
200	256
200	257
201	202
201	203
201	255
201	256
201	257
201	270
202	203
202	204
202	209
202	256
203	204
203	205
203	208
203	209
203	256
203	257
204	205
205	206
205	207
205	208
205	209
206	207
206	208
206	209
206	210
207	208
207	209
207	210
207	211
208	209
208	210
208	211
208	212
208	239
209	210
209	211
209	212
209	213
210	211
210	212
210	213
211	212
211	213
211	237
211	238
211	239
212	213
212	214
212	220
212	221
212	237
213	214
213	215
213	219
213	220
213	221
214	215
214	216
214	219
214	220
214	221
215	216
215	217
215	218
215	219
215	294
216	217
216	218
216	219
216	294
217	218
217	219
217	281
217	293
217	294
217	297
218	219
218	281
218	294
218	295
218	297
218	298
219	220
219	221
219	278
219	281
219	298
220	221
220	222
220	274
220	278
221	222
221	231
221	232
222	223
222	224
222	229
222	230
222	231
222	232
223	224
223	225
223	229
223	230
223	231
223	232
224	225
224	226
224	227
224	228
224	229
224	230
225	226
225	227
225	228
225	229
226	227
226	228
227	228
227	229
228	229
228	230
229	230
230	231
230	232
230	271
231	232
231	233
231	253
231	254
231	255
231	271
232	233
232	234
232	236
232	237
232	253
232	254
233	234
233	235
233	236
233	237
233	250
233	252
233	253
233	254
234	235
234	236
234	237
234	238
234	239
234	240
234	252
234	253
234	254
235	236
235	237
235	238
236	237
236	238
237	238
237	239
238	239
238	240
239	240
239	241
239	254
240	241
240	242
240	258
241	242
241	243
241	254
241	258
241	259
242	243
242	258
242	259
242	261
243	244
243	245
243	247
243	261
243	378
244	245
244	246
244	247
245	246
245	247
246	247
246	248
247	248
247	249
247	251
247	252
248	249
248	250
248	251
248	252
249	250
249	251
249	252
250	251
250	252
250	253
251	252
251	253
251	380
251	381
252	253
252	254
253	254
253	255
254	255
255	256
255	257
255	258
255	270
256	257
256	258
257	258
257	259
257	260
258	259
258	260
259	260
259	261
259	262
260	261
260	262
260	263
260	266
260	267
261	262
261	263
261	264
261	267
261	378
262	263
262	377
262	378
263	264
263	265
263	266
263	267
263	376
263	377
263	378
263	379
264	265
264	266
264	267
264	268
264	379
264	380
264	383
265	266
265	267
265	268
265	269
266	267
266	268
266	269
266	270
267	268
267	269
267	270
267	271
268	269
268	270
268	271
268	272
268	388
269	270
269	271
269	272
269	273
270	271
270	272
270	273
270	274
271	272
271	273
271	274
271	275
272	273
272	274
272	275
272	276
272	541
273	274
273	275
273	276
273	277
274	275
274	276
274	277
274	278
275	276
275	277
275	278
275	279
275	541
276	277
276	278
276	279
276	280
276	541
277	278
277	279
277	280
277	281
277	301
277	305
278	279
278	280
278	281
278	282
279	280
279	281
279	282
279	283
280	281
280	282
280	283
280	284
280	301
281	282
281	283
281	284
281	285
281	297
281	298
281	301
282	283
282	284
282	285
282	286
283	284
283	285
283	286
283	287
283	288
284	285
284	286
284	287
284	288
284	289
284	297
285	286
285	287
285	288
285	289
285	290
286	287
286	288
286	289
286	290
287	288
287	289
287	290
288	289
288	290
289	290
289	291
289	292
290	291
290	292
291	292
291	293
292	293
292	294
292	296
292	297
293	294
293	295
293	296
293	297
294	295
294	296
294	297
294	298
295	296
295	297
295	298
295	299
296	297
296	298
296	299
296	300
297	298
297	299
297	300
297	301
298	299
298	300
298	301
298	302
299	300
299	301
299	302
299	303
300	301
300	302
300	303
300	304
300	520
300	521
301	302
301	303
301	304
301	305
302	303
302	304
302	305
302	306
303	304
303	305
303	306
303	307
303	520
304	305
304	306
304	307
304	308
304	520
304	525
304	529
305	306
305	307
305	308
305	309
306	307
306	308
306	309
306	310
307	308
307	309
307	310
307	311
307	529
308	309
308	310
308	311
308	312
308	529
308	532
309	310
309	311
309	312
309	313
310	311
310	312
310	313
310	314
310	504
311	312
311	313
311	314
311	315
311	330
311	529
311	530
311	532
312	313
312	314
312	315
312	316
312	317
312	532
312	533
312	534
313	314
313	315
313	316
313	317
313	318
314	315
314	316
314	317
314	318
314	319
314	328
314	329
314	330
315	316
315	317
315	318
315	319
315	328
315	329
315	330
316	317
316	318
316	319
316	320
316	533
316	534
317	318
317	319
317	320
317	321
317	550
318	319
318	320
318	321
318	322
319	320
319	321
319	322
319	323
319	324
319	328
320	321
320	322
320	323
320	550
321	322
321	323
322	323
322	324
323	324
323	325
324	325
324	326
325	326
325	327
326	327
326	328
327	328
327	329
328	329
329	330
329	331
330	331
330	332
331	332
331	333
331	334
332	333
332	334
332	335
332	510
333	334
333	335
333	336
334	335
334	336
335	336
335	337
335	338
335	340
336	337
336	338
336	512
337	338
338	339
338	340
339	340
340	341
340	342
341	342
341	343
341	506
342	343
342	506
342	507
342	508
342	511
343	344
343	506
343	507
344	345
344	346
344	503
344	506
345	346
345	347
346	347
346	348
347	348
347	349
347	350
347	351
348	349
348	350
348	351
348	352
349	350
349	351
349	352
349	353
350	351
350	352
350	353
350	354
350	496
350	499
351	352
351	353
351	354
352	353
352	354
352	355
352	421
352	474
353	354
353	355
353	474
354	355
354	356
355	356
355	357
356	357
356	358
356	359
356	404
357	358
357	359
357	360
357	410
358	359
358	360
358	401
358	402
358	403
358	404
358	409
358	410
358	411
359	360
359	361
359	400
359	401
359	402
359	403
359	404
360	361
360	362
360	400
360	401
361	362
361	363
361	364
361	400
361	401
362	363
362	411
363	364
363	365
363	370
363	371
363	372
363	373
364	365
364	366
364	370
364	371
364	372
365	366
365	367
365	369
365	370
365	371
365	394
366	367
366	368
366	369
366	370
366	391
366	394
367	368
367	369
367	390
367	394
368	369
368	370
369	370
369	371
370	371
370	372
371	372
371	373
371	375
371	376
372	373
372	374
372	375
372	376
373	374
373	375
373	376
373	377
373	413
374	375
374	376
374	377
375	376
375	377
376	377
376	378
376	379
377	378
377	379
378	379
378	380
379	380
379	381
379	382
380	381
380	382
380	383
380	384
381	382
381	383
381	384
381	385
382	383
382	384
382	385
382	386
383	384
383	385
383	386
383	387
383	388
384	385
384	386
384	387
385	386
385	387
386	387
386	388
386	390
386	391
387	388
387	389
387	390
387	391
388	389
388	390
388	391
388	392
388	542
389	390
389	391
389	392
389	393
389	542
389	543
389	546
390	391
390	392
390	393
390	394
391	392
391	393
391	394
391	395
392	393
392	394
392	395
392	396
392	548
393	394
393	395
393	396
393	397
393	546
394	395
394	396
394	397
394	398
395	396
395	397
395	398
396	397
396	398
396	548
396	549
396	550
396	553
397	398
397	399
397	553
398	399
398	400
398	553
399	400
399	401
399	553
400	401
400	402
400	403
401	402
401	403
401	404
402	403
402	404
402	405
402	409
402	487
403	404
403	405
403	409
403	487
404	405
404	406
404	478
404	487
404	488
405	406
405	407
405	477
405	478
405	479
405	480
405	481
405	482
405	487
405	488
405	489
406	407
406	452
406	478
406	479
406	480
406	481
406	482
407	408
407	409
407	478
407	479
407	480
408	409
408	410
409	410
409	411
410	411
410	412
411	412
411	413
411	414
411	415
412	413
412	414
412	415
413	414
413	415
414	415
414	416
414	417
414	418
415	416
415	417
415	418
415	419
416	417
416	418
416	419
416	420
417	418
417	419
417	420
417	421
418	419
418	420
418	421
418	422
419	420
419	421
419	422
419	423
420	421
420	422
420	423
420	424
421	422
421	423
421	424
421	425
422	423
422	424
422	425
422	426
422	474
423	424
423	425
423	426
423	427
424	425
424	426
424	427
424	428
425	426
425	427
425	428
425	429
425	430
426	427
426	428
426	429
426	430
427	428
427	429
428	429
428	430
429	430
429	431
430	431
430	432
431	432
431	433
431	435
432	433
432	434
432	435
432	436
432	469
432	470
432	471
432	472
432	473
433	434
433	435
433	436
433	437
433	471
433	472
433	473
434	435
434	436
434	437
434	438
434	444
434	445
434	469
435	436
435	437
435	438
435	439
436	437
436	438
436	439
436	440
437	438
437	439
437	440
437	441
437	442
437	443
437	444
437	491
438	439
438	440
438	441
438	442
438	443
438	444
439	440
439	441
440	441
440	442
440	494
440	495
441	442
441	443
442	443
442	444
443	444
443	445
444	445
444	446
445	446
445	447
445	450
445	451
445	468
446	447
446	450
446	468
447	448
447	449
447	450
447	451
447	468
448	449
448	450
448	451
448	452
448	458
448	461
448	462
448	468
449	450
449	451
449	452
449	453
449	454
449	455
449	458
450	451
450	452
450	453
451	452
451	453
451	480
451	481
452	453
452	454
452	458
452	479
452	480
452	481
453	454
453	481
454	455
454	456
454	458
455	456
455	457
455	458
455	459
456	457
456	458
456	459
456	460
457	458
457	459
457	460
457	461
458	459
458	460
458	461
458	462
459	460
459	461
459	462
459	463
460	461
460	462
460	463
460	464
461	462
461	463
461	464
461	465
462	463
462	464
462	465
462	466
462	467
463	464
463	465
463	466
464	465
464	466
465	466
465	467
465	470
465	471
466	467
466	468
467	468
467	469
467	470
468	469
468	470
468	471
469	470
469	471
470	471
470	472
471	472
471	473
472	473
472	474
472	475
472	476
473	474
473	475
473	476
473	477
474	475
474	476
474	477
474	478
475	476
475	477
475	478
475	479
476	477
476	478
476	479
476	480
477	478
477	479
477	480
477	491
477	492
478	479
478	480
479	480
479	481
480	481
480	482
480	489
481	482
481	483
481	489
482	483
482	484
482	486
482	487
482	488
482	489
483	484
483	485
483	486
483	488
483	489
484	485
484	486
485	486
486	487
486	488
487	488
488	489
488	490
488	492
488	493
489	490
489	491
489	492
489	493
490	491
490	492
490	493
490	494
491	492
491	493
491	494
491	495
492	493
492	494
492	495
492	496
493	494
493	495
493	496
493	497
494	495
494	496
494	497
495	496
495	497
495	498
495	499
496	497
496	498
496	499
496	500
497	498
497	499
497	500
497	501
498	499
498	500
498	501
498	502
499	500
499	501
499	502
499	503
500	501
500	502
500	503
500	504
501	502
501	503
501	504
501	505
502	503
502	504
502	505
502	506
503	504
503	505
503	506
503	507
504	505
504	506
504	507
505	506
505	507
505	510
506	507
506	508
506	510
507	508
507	509
507	510
508	509
508	510
508	511
508	514
509	510
509	511
509	514
509	515
510	511
510	512
510	514
510	515
511	512
511	513
511	514
511	515
512	513
512	514
512	515
513	514
513	515
514	515
514	516
514	519
515	516
516	517
516	518
516	519
517	518
517	519
517	520
517	521
517	522
517	523
517	526
518	519
518	520
518	521
518	522
519	520
519	521
520	521
520	522
520	525
520	526
521	522
521	525
522	523
522	524
522	525
522	526
523	524
523	525
523	526
523	527
524	525
524	526
524	527
524	528
525	526
525	527
525	528
525	529
526	527
526	528
526	529
526	530
527	528
527	529
527	530
527	531
528	529
528	530
528	531
528	532
529	530
529	531
529	532
530	531
530	532
531	532
531	533
532	533
532	536
532	537
533	534
533	535
533	536
533	537
534	535
534	536
534	537
534	538
534	549
535	536
535	537
535	538
535	539
535	547
535	548
535	549
536	537
536	538
536	539
536	540
537	538
537	539
537	540
537	541
538	539
538	540
538	541
538	542
538	545
539	540
539	541
539	542
539	545
539	546
540	541
540	542
540	545
541	542
541	543
542	543
542	544
542	545
543	544
543	545
544	545
544	546
545	546
545	547
546	547
546	548
547	548
548	549
549	550
549	551
549	552
550	551
550	552
550	553
551	552
551	553
551	554
552	553
552	554
553	554
