0	1
0	2
0	329
0	330
1	2
1	3
2	3
2	4
2	5
3	4
3	5
3	350
3	351
3	353
4	5
4	6
4	7
4	353
4	416
5	6
5	7
5	8
5	9
5	424
6	7
6	8
6	9
6	10
6	11
7	8
7	9
7	455
8	9
8	10
8	455
9	10
9	11
10	11
10	12
11	12
11	15
12	13
12	14
12	15
13	14
13	15
13	16
13	497
13	500
13	501
14	15
14	16
15	16
15	17
16	17
16	18
16	322
16	325
17	18
17	21
17	321
17	322
17	325
18	19
18	20
18	21
18	318
18	321
18	322
18	498
19	20
19	21
19	22
19	321
20	21
20	22
21	22
21	23
22	23
22	24
22	26
22	27
23	24
23	25
23	26
23	27
24	25
24	26
24	27
25	26
25	27
25	28
26	27
26	28
26	29
26	86
27	28
27	29
27	30
28	29
28	30
28	31
28	32
28	86
29	30
29	31
29	32
29	33
29	89
29	90
29	93
30	31
30	32
30	33
30	34
31	32
31	33
31	34
31	35
32	33
32	34
32	35
32	36
32	90
32	93
33	34
33	35
33	36
33	37
33	93
34	35
34	36
34	37
34	38
35	36
35	37
35	38
35	39
35	40
36	37
36	38
36	39
36	40
36	41
36	94
36	97
37	38
37	39
37	40
37	41
38	39
38	40
38	41
39	40
39	41
39	42
40	41
40	42
40	43
40	44
40	59
40	97
41	42
41	43
41	44
41	97
42	43
42	44
43	44
43	45
43	46
43	47
43	48
44	45
44	46
44	47
44	48
44	49
45	46
45	47
45	48
45	49
45	50
46	47
46	48
46	49
46	50
47	48
47	49
47	50
47	51
47	52
48	49
48	50
48	51
48	52
48	53
48	55
48	56
48	224
49	50
49	51
49	223
49	224
50	51
50	52
50	224
51	52
51	53
51	224
52	53
52	54
52	55
53	54
53	55
53	56
53	57
54	55
54	56
54	57
54	58
55	56
55	57
55	58
55	59
56	57
56	58
56	59
56	60
57	58
57	59
57	60
57	61
58	59
58	60
58	61
58	62
59	60
59	61
59	62
59	63
60	61
60	62
60	63
60	64
60	134
61	62
61	63
61	64
61	65
61	133
61	134
61	135
62	63
62	64
62	65
62	66
63	64
63	65
63	66
63	67
63	68
63	69
64	65
64	66
64	67
64	68
64	69
64	132
64	133
64	134
65	66
65	67
65	133
66	67
66	68
67	68
67	69
67	70
67	71
67	80
67	133
68	69
68	70
68	71
69	70
69	71
69	108
69	132
69	133
69	134
70	71
70	72
70	73
70	79
70	80
70	132
70	133
71	72
71	73
71	79
71	80
71	81
71	82
71	87
72	73
72	74
72	81
72	82
72	87
73	74
73	75
73	77
73	79
73	80
73	81
73	116
73	132
74	75
74	76
74	77
74	78
74	79
74	80
74	81
74	339
75	76
75	77
75	78
75	79
75	80
75	81
76	77
76	78
76	79
77	78
77	79
77	124
77	125
77	128
77	129
78	79
78	80
78	128
78	129
78	132
79	80
79	81
79	129
79	132
80	81
80	82
81	82
81	83
82	83
82	84
82	86
82	87
83	84
83	85
83	86
83	87
84	85
84	86
84	87
84	88
84	324
84	328
85	86
85	87
85	88
85	89
85	324
86	87
86	88
86	89
86	90
87	88
87	89
87	90
87	91
88	89
88	90
88	91
88	92
88	264
88	268
89	90
89	91
89	92
89	93
90	91
90	92
90	93
90	94
91	92
91	93
91	94
91	95
91	268
91	269
92	93
92	94
92	95
92	268
92	269
92	271
92	272
93	94
93	95
93	96
93	272
94	95
94	96
94	97
94	101
95	96
95	97
95	98
95	101
95	269
95	272
95	273
96	97
96	98
96	273
97	98
97	99
97	100
97	101
98	99
98	100
98	101
98	222
98	393
99	100
99	101
99	102
99	103
99	222
99	223
99	224
99	225
100	101
100	102
100	103
100	104
100	224
100	225
101	102
101	103
101	104
101	105
102	103
102	104
102	105
102	106
102	225
103	104
103	105
103	106
103	107
103	179
103	180
103	225
104	105
104	106
104	107
104	108
105	106
105	107
105	108
105	109
106	107
106	108
106	109
106	110
106	111
106	140
106	179
107	108
107	109
107	110
107	111
107	112
107	138
107	139
107	140
108	109
108	110
108	111
108	112
108	113
109	110
109	111
109	112
109	113
109	261
110	111
110	112
110	113
110	114
110	141
110	257
110	261
111	112
111	113
111	114
111	139
111	140
111	141
111	187
111	188
112	113
112	114
112	115
112	116
112	131
112	139
113	114
113	115
113	116
113	117
114	115
114	116
114	117
114	118
114	119
114	253
114	257
115	116
115	117
115	118
115	119
115	124
116	117
116	118
116	119
116	124
116	341
117	118
117	119
117	341
117	342
117	345
118	119
118	120
118	244
118	245
118	341
118	342
119	120
119	121
119	123
119	124
119	244
119	245
120	121
120	122
120	123
120	124
121	122
121	123
121	124
121	125
122	123
122	124
122	125
122	126
123	124
123	125
123	126
123	127
124	125
124	126
124	127
124	128
125	126
125	127
125	128
125	129
126	127
126	128
127	128
127	129
127	130
127	131
128	129
128	130
128	131
128	132
129	130
129	131
129	132
129	133
130	131
130	132
130	133
130	134
130	135
130	136
130	137
131	132
131	133
131	134
131	135
131	136
131	137
131	138
132	133
132	134
133	134
133	135
134	135
134	136
134	137
134	138
135	136
135	137
135	138
136	137
136	138
136	139
136	185
137	138
137	139
137	185
138	139
138	184
138	185
138	186
139	140
139	184
139	185
139	186
139	187
140	141
140	142
140	178
140	179
140	180
140	181
140	184
140	186
140	187
140	188
141	142
141	143
141	178
141	187
141	188
141	189
142	143
142	144
142	175
142	178
142	187
142	188
142	189
142	190
143	144
143	145
143	152
143	175
143	189
143	190
144	145
144	148
144	149
144	152
144	175
144	176
145	146
145	147
145	148
145	149
145	155
145	174
145	175
145	176
146	147
146	148
146	176
147	148
147	149
148	149
148	150
148	151
148	152
148	154
148	155
149	150
149	151
149	152
150	151
150	152
150	403
151	152
151	153
151	154
152	153
152	154
152	155
153	154
153	155
154	155
154	156
155	156
155	157
155	191
156	157
156	158
156	173
157	158
157	172
157	173
157	174
157	191
157	192
158	159
158	160
158	171
158	172
158	173
158	191
158	192
158	193
158	194
158	195
159	160
159	161
159	162
159	169
159	170
159	171
159	172
159	191
159	192
159	193
159	194
159	195
160	161
160	162
160	163
160	169
160	170
160	171
160	193
160	194
161	162
161	163
161	164
161	166
161	168
161	169
161	170
162	163
162	164
162	166
162	168
162	169
162	170
163	164
163	165
163	166
163	167
163	168
163	169
163	170
164	165
164	166
165	166
165	167
166	167
166	168
167	168
167	238
167	239
167	240
168	169
168	170
168	236
168	237
168	238
168	239
168	240
169	170
169	171
169	236
169	237
169	238
169	239
169	240
170	171
170	172
170	234
170	235
170	236
170	237
171	172
171	173
171	232
171	233
171	234
171	235
171	236
172	173
172	232
172	233
172	234
172	235
173	174
173	175
173	231
173	232
173	233
174	175
174	176
174	229
174	230
174	231
174	232
175	176
175	178
175	229
175	230
175	231
176	177
176	178
176	228
176	229
176	230
177	178
177	179
177	227
177	228
177	229
178	179
178	180
178	181
178	227
178	228
178	229
178	230
179	180
179	181
179	225
179	226
179	227
179	228
180	181
180	182
180	183
180	184
180	225
180	226
180	227
181	182
181	183
181	184
181	226
181	227
181	228
182	183
182	184
182	226
183	184
183	185
184	185
184	186
185	186
185	187
185	204
185	205
185	206
186	187
186	188
186	202
186	203
186	204
186	205
186	206
187	188
187	189
187	202
187	203
187	204
188	189
188	190
188	200
188	201
188	202
188	203
189	190
189	191
189	200
189	201
189	202
189	203
190	191
190	198
190	199
190	200
190	201
190	250
191	192
191	193
191	198
191	199
191	200
192	193
192	194
192	195
192	196
192	197
192	198
192	199
193	194
193	195
193	196
193	197
193	198
193	199
194	195
194	196
194	197
195	196
195	197
196	197
196	198
197	198
197	199
197	247
197	248
198	199
198	248
198	249
198	250
199	200
199	201
199	247
199	248
199	249
199	250
200	201
200	243
200	244
200	245
200	250
201	202
201	203
201	242
201	243
201	244
202	203
202	204
202	242
202	243
202	244
203	204
203	205
203	206
203	237
204	205
204	206
204	207
204	208
205	206
205	207
205	208
205	211
206	207
206	208
206	211
207	208
207	209
207	211
208	209
208	210
208	211
208	235
208	236
208	237
209	210
209	211
209	235
209	236
210	211
210	212
210	232
210	233
210	234
210	235
210	236
211	212
211	231
211	232
211	233
211	235
212	213
212	230
212	231
212	232
213	214
213	215
213	228
213	229
213	230
213	231
214	215
214	216
214	228
214	229
214	230
215	216
215	217
215	228
216	217
216	218
216	219
216	226
216	227
216	228
217	218
217	219
217	220
217	227
217	228
218	219
218	220
219	220
220	221
220	223
221	222
221	223
221	392
221	393
222	223
222	224
222	225
222	393
223	224
223	225
224	225
224	226
225	226
225	227
226	227
226	228
227	228
228	229
228	230
229	230
229	231
230	231
230	232
231	232
231	233
232	233
232	234
232	235
233	234
233	235
234	235
234	236
235	236
235	237
236	237
236	238
237	238
237	239
237	240
237	242
238	239
238	240
238	241
238	242
239	240
239	241
239	242
239	243
240	241
240	242
240	243
241	242
241	243
242	243
242	244
243	244
243	245
244	245
244	246
245	246
245	247
246	247
246	248
246	249
247	248
247	249
248	249
248	250
249	250
249	251
249	252
250	251
250	252
250	253
250	254
251	252
251	253
251	254
251	255
252	253
252	254
252	255
252	256
253	254
253	255
253	256
253	257
254	255
254	256
254	257
254	258
255	256
255	257
255	258
255	259
256	257
256	258
256	259
256	260
256	345
256	349
257	258
257	259
257	260
257	261
258	259
258	260
258	261
258	262
258	402
259	260
259	261
259	262
259	263
259	349
259	352
259	355
260	261
260	262
260	263
260	264
261	262
261	263
261	264
261	265
261	266
261	402
262	263
262	264
262	265
262	266
262	267
262	355
262	356
262	357
262	360
262	402
263	264
263	265
263	266
263	267
263	268
263	355
263	359
263	360
264	265
264	266
264	267
264	268
264	269
265	266
265	267
265	268
265	269
265	270
265	360
266	267
266	268
266	269
266	270
266	360
267	268
267	269
267	270
267	271
267	320
267	359
267	360
267	363
267	364
268	269
268	270
268	271
268	272
268	320
269	270
269	271
269	272
269	273
270	271
270	272
270	273
270	274
270	363
270	364
270	367
271	272
271	273
271	274
271	275
271	313
271	316
271	317
271	363
272	273
272	274
272	275
272	276
273	274
273	275
273	276
273	277
273	367
274	275
274	276
274	277
274	278
274	313
274	367
274	370
275	276
275	277
275	278
275	279
275	313
275	579
276	277
276	278
276	279
276	280
277	278
277	279
277	280
277	281
277	370
277	371
277	374
277	388
278	279
278	280
278	281
278	282
278	307
278	310
278	577
278	578
278	579
279	280
279	281
279	282
279	283
279	576
279	577
279	578
279	579
280	281
280	282
280	283
280	284
281	282
281	283
281	284
281	285
281	374
281	377
282	283
282	284
282	285
282	286
282	572
282	573
282	576
282	577
282	578
283	284
283	285
283	286
283	287
283	288
283	576
284	285
284	286
284	287
284	288
284	289
284	378
285	286
285	287
285	288
285	289
285	295
285	296
285	297
286	287
286	288
286	289
286	295
286	296
286	297
287	288
287	289
287	290
287	295
288	289
288	290
288	295
289	290
289	291
289	295
289	296
290	291
290	292
290	293
290	294
290	295
290	296
291	292
291	293
291	294
291	295
291	296
292	293
292	294
293	294
294	295
294	296
294	298
294	299
295	296
295	297
295	298
295	299
296	297
296	298
296	299
296	300
296	303
297	298
297	299
297	300
297	303
297	304
298	299
298	300
298	301
299	300
299	301
300	301
300	302
300	303
300	304
301	302
301	303
301	304
301	305
302	303
302	304
302	305
302	306
303	304
303	305
303	306
303	307
303	377
304	305
304	306
304	307
304	308
304	566
304	569
305	306
305	307
305	308
305	309
305	565
305	566
306	307
306	308
306	309
306	373
307	308
307	309
307	310
307	569
308	309
308	310
308	311
308	565
308	568
308	569
309	310
309	311
309	312
310	311
310	312
310	313
310	314
310	579
311	312
311	313
311	314
311	315
311	517
311	521
312	313
312	314
312	315
312	316
312	366
312	521
313	314
313	315
313	316
313	317
313	366
314	315
314	316
314	317
314	318
314	517
315	316
315	317
315	318
315	319
315	492
315	494
315	495
316	317
316	318
316	319
316	320
316	362
316	363
316	492
317	318
317	319
317	320
317	321
318	319
318	320
318	321
318	322
318	494
318	495
318	498
319	320
319	321
319	322
319	323
319	359
319	491
319	492
319	494
320	321
320	322
320	323
320	324
320	359
321	322
321	323
321	324
321	325
322	323
322	324
322	325
322	326
322	494
323	324
323	325
323	326
323	327
323	354
323	355
324	325
324	326
324	327
324	328
325	326
325	327
325	328
325	329
326	327
326	328
326	329
326	330
327	328
327	329
327	330
327	347
327	348
328	329
328	330
328	331
329	330
329	331
330	331
330	332
330	347
331	332
331	333
332	333
332	334
333	334
333	335
333	337
333	338
334	335
334	336
334	337
334	338
335	336
335	337
335	338
335	339
336	337
336	338
336	339
336	340
337	338
337	339
337	340
337	341
337	343
338	339
338	340
338	341
338	343
338	344
339	340
339	341
340	341
340	342
341	342
341	343
341	344
341	345
342	343
342	344
342	345
342	346
343	344
343	345
343	346
343	347
344	345
344	346
344	347
344	348
345	346
345	347
345	348
345	349
346	347
346	348
346	349
346	350
347	348
347	349
347	350
348	349
348	350
348	351
348	352
349	350
349	351
349	352
350	351
350	352
351	352
351	353
351	354
351	355
352	353
352	354
352	355
352	356
352	357
353	354
353	355
353	356
353	357
353	358
353	412
354	355
354	356
354	357
354	358
354	359
355	356
355	357
355	358
355	359
355	360
356	357
356	358
356	359
356	360
356	361
356	408
357	358
357	359
357	360
357	361
357	408
358	359
358	360
358	361
358	362
358	488
359	360
359	361
359	362
359	363
360	361
360	362
360	363
360	364
361	362
361	363
361	364
361	365
361	398
361	405
361	408
362	363
362	364
362	365
362	366
363	364
363	365
363	366
363	367
364	365
364	366
364	367
364	368
364	397
364	398
365	366
365	367
365	368
365	369
366	367
366	368
366	369
366	370
367	368
367	369
367	370
367	371
367	394
368	369
368	370
368	371
368	372
368	394
368	395
369	370
369	371
369	372
369	373
370	371
370	372
370	373
370	374
371	372
371	373
371	374
371	375
371	388
371	391
372	373
372	374
372	375
372	376
372	391
373	374
373	375
373	376
373	377
374	375
374	376
374	377
374	378
374	388
375	376
375	377
375	378
375	379
375	382
375	388
375	389
376	377
376	378
376	379
376	382
377	378
377	379
378	379
378	380
378	381
378	382
379	380
379	381
379	382
380	381
380	382
380	383
381	382
381	383
381	386
382	383
382	386
382	388
382	389
383	384
383	389
384	385
384	386
384	389
384	390
385	386
385	387
386	387
386	388
386	389
387	388
387	389
387	390
388	389
388	390
388	391
389	390
389	391
389	392
390	391
390	392
390	393
391	392
391	393
391	394
392	393
392	394
392	395
393	394
393	395
393	396
394	395
394	396
394	397
395	396
395	397
395	398
396	397
396	398
396	399
396	400
396	401
397	398
397	399
397	400
397	401
398	399
398	400
398	401
398	404
398	405
399	400
399	401
399	402
399	403
399	404
399	405
400	401
400	402
400	403
400	404
401	402
401	403
401	404
402	403
402	404
403	404
403	405
403	407
403	408
404	405
404	406
404	407
404	408
405	406
405	407
405	408
405	409
406	407
406	408
406	409
406	410
407	408
407	409
407	410
407	411
408	409
408	410
408	411
408	412
409	410
409	411
409	412
409	481
409	484
410	411
410	412
410	413
410	477
410	480
410	481
411	412
411	413
411	414
411	415
412	413
412	414
412	415
412	416
412	484
413	414
413	415
413	416
413	417
413	480
413	483
413	484
414	415
414	416
414	417
414	418
415	416
415	417
415	418
415	419
416	417
416	418
416	419
416	420
417	418
417	419
417	420
418	419
418	420
418	421
419	420
419	421
419	422
419	423
419	424
420	421
420	422
420	423
420	424
420	425
420	426
421	422
421	423
422	423
422	424
422	425
423	424
423	425
424	425
424	426
425	426
425	427
425	428
425	429
426	427
426	428
426	429
426	430
427	428
427	429
427	430
427	431
428	429
428	430
428	431
428	432
429	430
429	431
429	432
429	433
430	431
430	432
430	433
430	434
430	459
430	460
430	463
431	432
431	433
431	434
431	435
432	433
432	434
432	435
432	436
433	434
433	435
433	436
433	437
434	435
434	436
434	437
435	436
435	437
436	437
437	549
438	439
438	440
439	440
439	445
439	446
439	449
440	441
440	442
440	445
441	442
441	443
441	445
442	443
442	444
442	445
443	444
443	445
444	445
444	446
444	447
444	448
445	446
445	447
445	448
445	449
446	447
446	448
446	449
446	450
447	448
447	449
447	450
447	451
447	496
447	519
447	522
448	449
448	450
448	451
448	452
448	496
449	450
449	451
449	452
449	453
450	451
450	452
450	453
450	454
450	526
451	452
451	453
451	454
451	455
451	490
451	493
452	453
452	454
452	455
452	456
453	454
453	455
453	456
453	457
453	553
454	455
454	456
454	457
454	458
454	490
455	456
455	457
455	458
455	459
455	460
455	490
456	457
456	458
456	459
456	460
457	458
457	459
457	460
457	461
458	459
458	460
458	461
458	462
458	483
458	486
458	487
459	460
459	461
459	462
459	463
460	461
460	462
460	463
461	462
461	463
461	464
461	465
461	533
461	536
461	537
462	463
462	464
462	465
462	466
462	483
463	464
463	465
463	466
463	467
464	465
464	466
464	467
464	468
465	466
465	467
465	468
465	469
465	540
466	467
466	468
466	469
466	470
466	473
467	468
467	469
467	470
468	469
468	470
468	540
469	470
469	471
469	472
469	473
470	471
470	472
470	473
471	472
471	473
472	473
472	474
472	475
473	474
473	475
473	476
474	475
474	476
474	477
475	476
475	477
476	477
476	478
476	479
476	480
477	478
477	479
477	480
477	481
478	479
478	480
478	481
478	482
479	480
479	481
479	482
479	483
479	536
480	481
480	482
480	483
480	484
481	482
481	483
481	484
481	485
482	483
482	484
482	485
482	486
482	532
482	536
483	484
483	485
483	486
483	487
484	485
484	486
484	487
484	488
485	486
485	487
485	488
485	489
486	487
486	488
486	489
486	490
486	529
486	532
487	488
487	489
487	490
487	491
488	489
488	490
488	491
488	492
489	490
489	491
489	492
489	525
489	529
490	491
490	492
490	493
491	492
491	493
491	494
492	493
492	494
492	495
493	494
493	495
493	496
493	497
494	495
494	496
494	497
494	498
495	496
495	497
495	498
495	499
495	518
496	497
496	498
496	499
496	500
496	518
497	498
497	499
497	500
497	501
498	499
498	500
498	501
498	502
499	500
499	501
499	502
499	503
499	514
499	515
500	501
500	502
500	503
500	504
501	502
501	503
501	504
501	505
502	503
502	504
502	505
502	506
502	507
502	511
503	504
503	505
503	506
503	507
503	508
503	511
504	505
504	506
504	507
505	506
505	507
506	507
506	510
507	508
507	509
507	510
507	511
508	509
508	510
508	511
508	512
509	510
509	511
509	512
510	511
510	512
511	512
511	513
511	514
511	515
512	513
512	514
512	515
512	516
513	514
513	515
513	516
513	517
513	568
513	581
514	515
514	516
514	517
514	518
514	581
515	516
515	517
515	518
515	519
516	517
516	518
516	519
516	520
516	564
516	568
517	518
517	519
517	520
517	521
518	519
518	520
518	521
518	522
519	520
519	521
519	522
519	523
520	521
520	522
520	523
520	524
520	561
521	522
521	523
521	524
521	525
522	523
522	524
522	525
522	526
523	524
523	525
523	526
523	527
524	525
524	526
524	527
524	528
525	526
525	527
525	528
525	529
526	527
526	528
526	529
526	530
527	528
527	529
527	530
527	531
528	529
528	530
528	531
528	532
529	530
529	531
529	532
529	533
530	531
530	532
530	533
530	534
531	532
531	533
531	534
531	535
532	533
532	534
532	535
532	536
533	534
533	535
533	536
533	537
534	535
534	536
534	537
534	538
535	536
535	537
535	538
535	539
536	537
536	538
536	539
536	540
537	538
537	539
537	540
537	541
537	545
538	539
538	540
538	541
538	542
538	545
539	540
539	541
540	541
541	542
541	545
542	543
542	544
542	545
543	544
543	545
543	546
544	545
544	546
545	546
545	547
546	547
546	548
547	548
547	549
547	550
547	551
548	549
548	550
548	551
548	552
549	550
549	551
549	552
549	553
550	551
550	552
550	553
550	554
551	552
551	553
551	554
551	555
552	553
552	554
552	555
553	554
553	555
554	555
554	556
555	556
556	557
556	558
557	558
557	559
558	559
558	560
559	560
559	561
560	561
560	562
560	563
561	562
561	563
561	564
561	565
562	563
562	564
562	565
562	566
563	564
563	565
563	566
563	567
564	565
564	566
564	567
564	568
565	566
565	567
565	568
565	569
566	567
566	568
566	569
566	570
567	568
567	569
567	570
567	571
568	569
568	570
568	571
568	572
569	570
569	571
569	572
569	573
570	571
570	572
570	573
570	574
571	572
571	573
571	574
571	575
572	573
572	574
572	575
572	576
572	577
572	578
572	579
572	580
573	574
573	575
573	576
574	575
574	576
575	576
575	577
575	578
576	577
576	578
577	578
577	579
577	580
578	579
578	580
579	580
580	581
