0	1
0	2
0	198
0	199
0	200
1	2
1	3
1	198
1	199
1	200
2	3
2	4
2	199
2	200
2	201
3	4
3	5
3	71
4	5
4	8
4	9
4	71
4	74
5	6
5	7
5	8
5	9
5	71
5	73
5	74
6	7
6	8
6	9
6	10
6	73
7	8
7	9
7	10
7	11
8	9
8	10
8	11
8	12
9	10
9	11
9	12
9	73
9	74
10	11
10	12
11	12
11	13
11	14
11	15
12	13
12	14
12	15
12	16
13	14
13	15
13	16
13	17
14	15
14	16
14	17
14	18
15	16
15	17
15	18
15	19
15	158
16	17
16	18
16	19
16	20
16	21
17	18
17	19
17	20
17	21
17	22
18	19
18	20
18	158
19	20
19	21
19	156
20	21
20	22
21	22
21	23
22	23
22	24
22	25
22	26
23	24
23	25
23	26
23	27
23	53
23	54
24	25
24	26
24	27
24	28
24	57
25	26
25	27
25	28
25	29
26	27
26	28
26	29
26	30
26	229
27	28
27	29
27	30
27	31
27	54
27	57
27	58
28	29
28	30
28	31
28	32
29	30
29	31
29	32
29	33
30	31
30	32
30	33
30	34
31	32
31	33
31	34
31	35
31	61
32	33
32	34
32	35
32	36
33	34
33	35
33	36
33	37
34	35
34	36
34	37
34	38
34	103
34	136
35	36
35	37
35	38
35	39
35	40
35	41
36	37
36	38
36	39
37	38
37	39
37	136
38	39
38	40
38	41
38	134
38	135
38	136
39	40
39	41
40	41
40	42
41	42
41	43
41	102
41	135
42	43
42	62
42	63
42	64
42	102
43	44
43	62
43	63
43	64
43	65
43	101
43	102
43	103
44	45
44	46
44	62
44	64
44	65
44	66
44	101
44	102
44	103
44	104
45	46
45	47
45	65
45	66
45	67
45	101
45	103
45	104
45	105
46	47
46	48
46	49
46	55
46	66
46	67
46	68
46	104
46	105
46	106
47	48
47	49
47	67
47	68
47	69
47	92
47	105
47	106
48	49
48	50
48	68
48	69
48	70
48	106
48	110
49	50
49	51
49	52
49	67
49	68
49	69
50	51
50	52
50	69
50	74
50	75
50	78
51	52
51	53
51	74
51	75
51	77
51	78
52	53
52	54
52	55
52	56
52	78
52	81
53	54
53	55
53	56
53	57
54	55
54	56
54	57
54	58
55	56
55	57
55	58
55	59
55	65
56	57
56	58
56	59
56	81
56	82
57	58
57	59
57	60
58	59
58	60
58	61
58	62
59	60
59	61
59	62
59	63
59	64
59	65
60	61
60	62
61	62
61	63
62	63
62	64
62	65
63	64
63	65
64	65
64	66
65	66
65	85
66	67
66	85
66	86
66	87
67	68
67	69
67	86
67	87
67	88
68	69
68	87
68	88
68	89
68	90
69	70
69	71
69	75
69	88
69	89
69	90
69	91
70	71
70	72
70	89
70	90
70	91
71	72
71	73
71	74
71	75
72	73
72	74
72	75
72	76
72	89
73	74
73	75
73	76
73	77
74	75
74	76
74	77
74	78
75	76
75	77
75	78
75	79
76	77
76	78
76	79
76	80
77	78
77	79
77	80
77	81
78	79
78	80
78	81
78	82
79	80
79	81
79	82
79	83
79	87
80	81
80	82
80	83
81	82
81	83
82	83
82	84
82	85
83	84
83	85
84	85
84	86
85	86
85	87
86	87
86	88
87	88
87	89
88	89
88	90
89	90
90	91
90	92
90	95
91	92
91	93
91	94
91	95
92	93
92	94
92	95
92	123
93	94
93	95
93	119
93	122
93	123
93	126
94	95
94	96
94	123
94	126
95	96
95	97
95	126
96	97
96	98
97	98
97	99
98	99
99	100
99	130
100	101
100	130
100	131
100	132
101	102
101	103
101	104
101	130
101	131
101	132
102	103
102	131
102	132
102	135
102	136
103	104
103	105
103	131
103	135
103	136
103	137
104	105
104	106
104	127
104	131
104	136
104	137
104	138
105	106
105	107
105	137
105	138
105	139
106	107
106	110
106	111
106	138
106	139
106	140
107	108
107	109
107	110
107	139
107	140
108	109
108	110
108	140
109	110
109	111
109	112
109	140
109	141
109	142
110	111
110	112
110	113
111	112
111	113
111	114
111	141
112	113
112	114
112	141
112	142
112	203
112	204
113	114
113	115
113	203
113	204
114	115
114	116
114	119
114	120
114	204
115	116
115	119
115	204
116	117
116	118
116	119
116	120
117	118
117	119
117	120
117	121
118	119
118	120
118	121
118	122
119	120
119	121
119	122
119	123
120	121
120	122
120	123
120	124
120	214
121	122
121	123
121	124
121	125
121	214
121	217
122	123
122	124
122	125
122	126
123	124
123	125
123	126
123	127
124	125
124	126
124	127
124	128
124	214
124	215
124	218
125	126
125	127
125	128
125	129
125	218
126	127
126	128
126	129
126	130
127	128
127	129
127	130
127	131
127	137
128	129
128	130
128	131
128	218
129	130
129	131
130	131
130	132
131	132
131	133
131	135
131	136
132	133
132	134
132	135
133	134
133	135
133	239
134	135
135	136
135	238
136	137
136	138
136	236
136	237
136	238
137	138
137	139
137	236
137	237
137	238
138	139
138	140
138	235
138	236
138	237
139	140
139	141
139	234
139	235
139	236
140	141
140	142
140	233
140	234
140	235
141	142
141	143
141	232
141	234
142	143
142	144
142	205
142	232
143	144
143	145
143	147
143	148
143	205
143	232
144	145
144	146
144	147
144	148
144	205
144	206
144	207
144	208
145	146
145	147
145	148
145	205
145	206
145	207
146	147
146	148
147	148
147	149
148	149
148	150
149	150
149	151
149	152
150	151
150	152
150	171
150	172
150	173
151	152
151	153
151	170
151	171
151	172
152	153
152	154
152	170
152	171
153	154
153	155
153	169
153	170
153	171
154	155
154	156
154	168
154	169
154	170
155	156
155	167
155	168
155	169
156	157
156	158
156	166
156	167
156	168
157	158
157	159
157	164
157	165
157	166
157	167
158	159
158	160
158	164
158	165
158	166
159	160
159	161
159	162
159	163
159	164
159	165
160	161
160	162
160	163
160	164
161	162
161	163
162	163
162	164
162	189
163	164
163	165
163	187
163	188
163	189
164	165
164	166
164	187
164	188
164	189
165	166
165	167
165	185
165	186
165	187
165	188
166	167
166	168
166	185
166	186
166	187
167	168
167	169
167	183
167	184
167	185
167	186
168	169
168	183
168	184
168	185
169	170
169	171
169	180
169	181
169	182
169	183
169	184
170	171
170	172
170	180
170	181
170	182
170	183
171	172
171	178
171	179
171	180
171	181
171	182
172	173
172	174
172	178
172	179
172	180
173	174
173	175
173	177
173	178
173	179
174	175
174	176
174	177
174	178
174	179
175	176
175	177
176	177
176	204
176	205
177	178
177	179
177	202
177	203
177	204
177	205
178	179
178	180
178	202
178	203
178	204
178	205
179	180
179	181
179	182
179	201
179	202
179	203
180	181
180	182
180	183
180	200
180	201
180	202
181	182
181	183
181	184
181	199
181	200
181	201
182	183
182	184
182	199
182	200
182	201
183	184
183	185
183	198
183	199
183	200
184	185
184	197
184	198
184	199
185	186
185	187
185	196
185	197
185	198
186	187
186	188
186	194
186	195
186	196
186	197
187	188
187	194
187	195
187	196
188	189
188	192
188	193
188	194
188	195
189	190
189	191
189	192
189	193
189	194
190	191
190	192
190	193
191	192
191	193
192	193
192	194
193	194
193	195
194	195
194	196
195	196
195	197
196	197
196	198
197	198
198	199
198	200
199	200
199	201
200	201
201	202
201	203
202	203
202	204
203	204
203	205
204	205
204	206
205	206
205	207
206	207
206	208
206	210
206	211
207	208
207	209
207	210
207	211
208	209
208	210
208	211
208	212
209	210
209	211
209	212
209	213
210	211
210	212
210	213
210	214
211	212
211	213
211	214
211	215
212	213
212	214
212	215
212	216
212	222
213	214
213	215
213	216
213	217
214	215
214	216
214	217
214	218
215	216
215	217
215	218
215	219
215	220
215	221
215	222
215	237
216	217
216	218
216	219
216	220
216	221
216	241
217	218
217	219
218	219
218	220
219	220
219	221
219	239
219	240
219	241
220	221
220	222
220	237
220	238
220	239
220	240
220	241
221	222
221	237
221	238
221	239
221	240
221	241
222	223
222	224
222	235
222	236
222	237
222	238
223	224
223	225
223	235
223	236
223	237
224	225
224	226
224	234
224	235
224	236
225	226
225	227
225	228
225	233
225	234
225	235
226	227
226	228
226	232
226	233
226	234
227	228
227	229
227	230
227	231
227	232
227	233
228	229
228	230
228	231
228	232
228	233
228	234
229	230
229	231
229	233
230	231
230	232
230	233
231	232
231	233
232	233
232	234
233	234
234	235
234	236
235	236
235	237
236	237
237	238
237	239
238	239
238	240
239	240
239	241
240	241
