0	1
1	2
1	3
2	3
2	4
3	4
3	5
4	5
4	6
5	6
5	7
6	7
6	8
6	21
6	22
6	23
6	24
7	8
7	9
7	21
7	22
7	23
7	24
8	9
8	10
8	19
8	20
8	21
8	22
9	10
9	11
9	19
9	20
9	21
10	11
10	12
10	18
10	19
10	20
11	12
11	18
11	19
11	246
12	13
12	14
12	16
12	18
12	19
13	14
13	15
13	16
14	15
14	16
15	16
15	17
16	17
16	18
17	18
17	19
18	19
18	245
19	20
19	21
19	245
19	246
20	21
20	22
20	242
20	243
20	246
21	22
22	23
22	24
23	24
23	25
23	26
23	27
24	25
24	26
24	27
24	28
25	26
25	27
25	28
25	29
26	27
26	28
26	29
26	30
27	28
27	29
27	30
27	31
28	29
28	30
28	31
28	32
29	30
29	31
29	32
29	33
30	31
30	32
30	33
30	34
31	32
31	33
31	34
31	35
32	33
32	34
32	35
33	34
33	35
33	36
34	35
34	36
34	37
34	316
35	36
35	37
36	37
36	38
37	38
37	39
38	39
38	40
39	40
39	41
40	41
40	42
40	321
40	324
41	42
41	43
42	43
42	44
43	44
43	45
44	45
44	46
44	67
44	68
45	46
45	47
46	47
46	48
46	65
46	68
47	48
47	65
48	49
48	50
48	65
49	50
49	51
49	53
49	54
49	65
50	51
50	52
50	53
50	54
50	62
50	63
50	64
50	65
50	66
51	52
51	53
51	54
51	55
51	62
51	63
51	64
51	65
51	66
52	53
52	54
52	55
52	58
52	62
52	63
53	54
53	55
54	55
54	56
55	56
55	57
55	58
56	57
56	58
56	96
57	58
57	59
57	96
58	59
58	60
58	61
58	62
59	60
59	61
59	62
60	61
60	62
61	62
61	63
61	64
61	327
62	63
62	64
63	64
63	65
64	65
64	66
64	68
64	69
65	66
65	67
65	68
65	69
66	67
66	68
66	69
66	70
67	68
67	69
67	70
67	71
68	69
68	70
68	71
68	72
69	70
69	71
69	72
69	73
70	71
70	72
70	73
70	74
71	72
71	73
71	74
71	75
72	73
72	74
72	75
72	76
73	74
73	75
73	76
73	77
74	75
74	76
74	77
74	78
75	76
75	77
75	78
75	79
76	77
76	78
76	79
76	80
76	132
77	78
77	79
77	80
77	81
77	82
77	85
77	86
78	79
78	80
78	81
78	82
78	138
79	80
79	81
79	82
79	132
79	133
79	136
79	137
79	138
80	81
80	82
80	132
80	133
80	136
80	137
80	138
80	139
80	140
81	82
81	83
81	84
81	85
81	88
81	138
81	139
81	140
82	83
82	84
82	85
82	138
83	84
83	85
84	85
84	86
84	87
84	88
85	86
85	87
85	88
86	87
86	88
86	89
86	90
87	88
87	89
87	90
87	91
87	92
88	89
88	90
88	102
89	90
89	91
89	100
89	102
89	103
90	91
90	92
90	95
90	97
90	100
90	103
91	92
91	93
91	94
91	95
91	97
92	93
92	94
92	95
93	94
93	95
94	95
94	96
94	97
95	96
95	97
96	97
96	98
97	98
97	99
98	99
98	100
98	103
98	104
99	100
99	101
100	101
100	102
100	103
101	102
101	103
101	104
101	105
101	288
101	289
102	103
102	104
102	105
102	106
103	104
103	105
103	106
103	107
104	105
104	106
104	107
104	108
105	106
105	107
105	108
105	109
106	107
106	108
106	109
106	110
107	108
107	109
107	110
107	111
108	109
108	110
108	111
108	112
109	110
109	111
109	112
109	113
110	111
110	112
110	113
110	114
110	328
111	112
111	113
111	114
111	115
112	113
112	114
112	115
112	116
112	281
113	114
113	115
113	116
113	117
113	130
113	131
113	328
114	115
114	116
114	117
114	118
114	328
114	329
114	330
114	331
115	116
115	117
115	118
115	119
116	117
116	118
116	119
116	120
117	118
117	119
117	120
117	121
117	125
117	129
117	130
117	329
117	330
118	119
118	120
118	121
118	329
118	330
118	331
119	120
119	121
120	121
120	122
120	123
120	124
120	125
120	273
121	122
121	123
121	124
121	125
121	126
121	127
122	123
122	124
122	125
122	126
122	266
122	269
123	124
123	125
123	126
123	266
123	269
124	125
124	126
124	266
124	269
124	270
125	126
125	127
125	128
125	129
126	127
126	128
126	129
127	128
127	129
128	129
128	130
128	318
128	320
128	322
129	130
129	131
129	320
129	322
130	131
130	132
130	134
131	132
131	133
131	134
132	133
132	134
132	135
132	136
133	134
133	135
133	136
133	137
133	138
134	135
134	136
134	137
134	308
134	315
135	136
135	137
135	142
135	307
135	308
136	137
136	138
136	139
136	140
136	141
136	142
136	143
137	138
137	139
137	142
138	139
138	140
139	140
139	141
139	142
140	141
140	142
141	142
141	143
142	143
142	144
142	145
143	144
143	145
143	155
143	156
143	157
144	145
144	146
144	154
144	155
144	156
144	306
144	307
145	146
145	147
145	301
145	302
145	303
145	304
145	307
146	147
146	148
146	301
146	302
146	303
146	304
147	148
147	149
147	150
147	295
147	299
147	301
147	302
148	149
148	150
148	191
149	150
149	151
150	151
150	152
150	175
150	176
151	152
151	153
151	154
151	166
151	175
152	153
152	154
152	160
152	164
152	165
152	175
153	154
153	155
153	156
153	158
153	160
153	164
154	155
154	156
155	156
155	157
155	158
156	157
156	158
157	158
157	159
158	159
158	160
159	160
159	161
160	161
160	162
160	164
160	165
161	162
161	163
161	164
161	165
162	163
162	164
162	165
162	168
163	164
163	165
163	168
163	170
163	171
164	165
164	166
164	168
164	171
164	175
165	166
165	167
165	168
166	167
166	168
167	168
167	169
168	169
168	170
168	171
169	170
169	171
169	172
170	171
170	172
171	172
171	173
171	174
171	175
172	173
172	174
172	175
172	176
173	174
173	175
173	176
173	177
174	175
174	176
174	177
174	178
175	176
175	177
175	178
175	179
176	177
176	178
176	179
176	180
176	188
177	178
177	179
177	180
177	181
177	182
177	183
177	184
178	179
178	180
178	181
178	182
179	180
179	181
179	235
180	181
180	182
180	183
180	231
180	234
180	235
181	182
181	183
181	234
181	235
181	238
182	183
182	184
183	184
183	185
184	185
184	186
185	186
185	187
185	227
185	231
186	187
187	188
187	189
187	228
187	231
188	189
188	190
188	191
188	192
189	190
189	191
189	192
189	193
189	228
189	231
189	232
190	191
190	192
190	193
190	194
190	195
191	192
191	193
191	194
191	195
192	193
192	194
192	195
192	199
193	194
193	195
193	196
193	197
193	199
194	195
194	196
194	271
194	274
194	275
194	304
195	196
195	275
195	278
195	279
196	197
196	198
196	275
196	279
197	198
197	199
197	275
198	199
198	200
199	200
199	201
200	201
200	202
201	202
201	203
201	229
202	203
202	204
203	204
203	205
203	225
203	226
204	205
204	206
204	254
205	206
205	207
206	207
206	208
207	208
207	209
207	210
208	209
208	210
209	210
209	211
210	211
210	212
210	215
211	212
211	213
211	214
211	215
212	213
212	214
212	215
213	214
213	215
213	219
214	215
214	216
214	219
214	220
215	216
215	219
215	220
216	217
216	218
216	219
216	220
217	218
217	219
217	220
218	219
218	220
219	220
219	221
220	221
220	222
221	222
221	223
221	225
222	223
222	224
222	225
223	224
223	225
223	226
223	227
224	225
224	226
224	227
224	228
225	226
225	227
225	228
225	229
226	227
226	228
226	229
226	230
227	228
227	229
227	230
227	231
228	229
228	230
228	231
228	232
229	230
229	231
229	232
229	233
230	231
230	232
230	233
230	234
231	232
231	233
231	234
231	235
232	233
232	234
232	235
232	236
233	234
233	235
233	236
233	237
234	235
234	236
234	237
234	238
235	236
235	237
235	238
235	239
236	237
236	238
236	239
236	240
236	305
237	238
237	239
237	240
237	241
237	242
237	243
237	244
238	239
238	240
238	241
238	242
238	311
239	240
239	241
239	305
239	306
239	309
239	310
239	311
240	241
240	242
240	306
240	309
240	310
240	311
240	312
240	313
241	242
241	311
241	312
241	313
242	243
242	246
242	313
243	244
243	245
243	246
244	245
244	246
244	247
244	248
245	246
245	247
245	248
245	249
245	250
246	247
246	248
247	248
247	260
247	261
247	263
247	264
248	249
248	250
248	253
248	259
248	260
248	261
249	250
249	251
249	252
249	253
249	259
249	260
250	251
250	252
250	253
251	252
251	253
252	253
252	254
252	255
252	259
253	254
253	255
254	255
254	256
255	256
255	257
255	259
255	260
256	257
256	258
256	259
256	260
257	258
257	259
257	260
258	259
258	260
259	260
259	261
260	261
260	262
260	264
261	262
261	263
261	264
262	263
262	264
262	265
262	266
263	264
263	265
263	266
263	267
264	265
264	266
264	267
264	268
265	266
265	267
265	268
265	269
266	267
266	268
266	269
266	270
267	268
267	269
267	270
267	271
268	269
268	270
268	271
268	272
269	270
269	271
269	272
269	273
270	271
270	272
270	273
270	274
271	272
271	273
271	274
271	275
272	273
272	274
272	275
272	276
273	274
273	275
273	276
273	277
274	275
274	276
274	277
274	278
274	303
274	304
275	276
275	277
275	278
275	279
276	277
276	278
276	279
276	280
277	278
277	279
277	280
277	281
277	282
278	279
278	280
278	281
278	282
278	283
278	302
278	303
279	280
279	281
279	282
279	283
280	281
280	282
280	283
280	284
281	282
281	283
281	284
281	285
282	283
282	284
282	285
282	300
282	302
283	284
283	285
283	286
283	299
283	300
283	302
284	285
284	286
284	287
285	286
285	287
285	288
285	289
285	300
286	287
286	288
286	289
286	294
286	298
286	299
286	300
287	288
287	289
288	289
288	290
289	290
289	291
289	293
290	291
290	292
290	293
291	292
291	293
291	294
292	293
292	294
293	294
293	295
293	300
294	295
294	296
294	298
294	299
294	300
294	301
295	296
295	297
295	298
295	299
295	300
296	297
296	298
297	298
297	299
298	299
298	300
299	300
299	301
300	301
300	302
301	302
302	303
303	304
303	305
303	307
304	305
304	306
304	307
305	306
305	307
305	308
305	309
306	307
306	308
306	309
306	310
306	311
307	308
307	309
307	310
308	309
308	310
308	315
309	310
309	311
309	312
309	313
309	314
309	315
310	311
310	312
310	315
311	312
311	313
312	313
312	314
312	315
312	317
313	314
313	315
314	315
314	316
314	317
314	318
315	316
315	317
315	318
316	317
316	318
316	319
317	318
317	319
318	319
318	320
319	320
320	321
320	322
321	322
321	323
321	324
321	325
322	323
322	324
322	325
322	326
323	324
323	325
323	326
324	325
324	326
325	326
325	327
325	328
326	327
326	328
326	329
326	330
327	328
327	329
328	329
328	330
329	330
329	331
330	331
330	332
331	332
