0	1
0	2
0	18
1	2
1	3
1	16
1	17
1	18
1	24
1	25
1	26
1	30
2	3
2	4
2	16
2	17
2	18
2	30
3	4
3	5
3	14
3	15
3	16
3	17
3	30
3	33
4	5
4	14
4	15
4	16
4	17
5	6
5	7
5	12
5	13
5	14
5	15
6	7
6	8
6	12
6	13
6	14
7	8
7	9
7	10
7	11
7	12
7	13
8	9
8	10
8	11
8	12
9	10
9	11
10	11
10	12
10	46
10	47
10	48
10	49
10	203
11	12
11	13
11	47
11	48
11	49
11	50
11	199
11	200
12	13
12	14
12	47
12	49
12	50
12	51
13	14
13	15
13	50
13	51
13	52
14	15
14	16
14	51
14	52
14	53
15	16
15	17
15	52
15	53
15	54
15	55
16	17
16	18
16	24
16	53
16	54
16	55
17	18
17	19
17	24
17	54
17	55
18	19
18	20
18	21
18	22
18	23
18	24
18	25
19	20
19	21
19	22
19	23
19	24
19	55
20	21
20	22
20	23
21	22
21	23
21	24
21	25
22	23
22	24
22	25
22	58
22	60
22	61
23	24
23	25
23	58
23	60
23	61
24	25
24	26
24	54
24	55
24	58
24	59
24	60
24	61
25	26
25	27
25	60
25	61
25	62
25	63
25	64
26	27
26	28
26	30
26	60
26	62
26	63
26	111
27	28
27	29
27	30
27	31
27	63
28	29
28	30
28	31
28	32
28	85
29	30
29	31
29	32
29	33
30	31
30	32
30	33
30	34
31	32
31	33
31	34
31	35
31	85
31	86
32	33
32	34
32	35
32	36
32	85
32	86
33	34
33	35
33	36
33	37
34	35
34	36
34	37
34	38
34	86
35	36
35	37
35	38
35	39
35	86
35	87
35	88
36	37
36	38
36	39
36	40
37	38
37	39
37	40
37	41
38	39
38	40
38	41
38	42
38	88
38	90
39	40
39	41
39	42
39	43
39	88
40	41
40	42
40	43
40	44
41	42
41	43
41	44
41	47
42	43
42	44
42	94
42	95
42	96
42	97
43	44
43	45
44	45
44	46
44	47
45	46
45	47
46	47
46	48
47	48
47	49
48	49
48	97
48	203
48	208
49	50
49	51
49	97
49	98
49	99
49	199
49	203
50	51
50	52
50	98
50	99
50	100
51	52
51	53
51	99
51	100
51	101
51	102
52	53
52	100
52	101
52	102
53	54
53	59
53	101
53	102
53	103
53	104
54	55
54	56
54	58
54	59
54	60
54	104
55	56
55	57
55	58
55	59
56	57
56	58
56	104
57	58
57	105
58	59
58	60
58	104
58	105
58	106
58	107
59	60
59	61
59	103
59	104
59	105
59	106
59	107
60	61
60	62
60	106
60	107
60	108
60	111
61	62
61	63
61	106
61	107
61	108
61	111
62	63
62	64
62	108
62	109
62	110
62	111
63	64
63	65
63	109
63	110
64	65
64	66
64	67
64	68
65	66
65	67
65	68
66	67
66	68
66	69
67	68
67	69
68	69
68	70
68	71
69	70
69	71
70	71
70	72
70	73
71	72
71	73
71	74
72	73
72	74
72	75
73	74
73	75
74	75
74	76
75	76
75	77
76	77
77	78
77	79
77	80
78	79
78	80
79	80
79	81
80	81
80	82
81	82
81	83
82	83
82	84
82	85
83	84
83	85
83	141
83	142
84	85
84	86
84	141
84	142
84	143
85	86
85	87
85	142
86	87
86	88
86	89
87	88
87	89
88	89
88	90
88	92
88	93
89	90
89	91
89	92
89	93
89	117
90	91
90	92
90	93
90	94
90	99
90	117
90	118
91	92
91	93
91	94
91	117
91	118
91	119
91	219
92	93
92	94
92	95
92	96
93	94
93	95
93	96
94	95
94	96
94	97
95	96
95	97
95	98
95	212
95	215
95	216
96	97
96	98
96	212
96	215
96	216
97	98
97	99
97	212
98	99
98	100
98	119
99	100
99	101
99	118
99	119
99	120
100	101
100	102
100	118
100	119
100	120
100	121
100	195
101	102
101	103
101	115
101	118
101	120
101	121
101	122
102	103
102	104
102	121
102	122
102	123
102	191
102	192
102	195
103	104
103	105
103	121
103	122
103	123
103	124
104	105
104	123
104	124
104	188
104	191
104	192
105	106
105	107
105	124
105	126
105	127
105	188
106	107
106	108
106	127
106	128
106	129
107	108
107	109
107	111
107	112
107	128
107	129
107	130
108	109
108	110
108	111
108	112
108	129
108	130
108	131
109	110
109	111
109	112
109	113
109	130
109	131
109	132
109	133
110	111
110	112
110	113
110	114
110	141
111	112
111	113
111	114
111	115
112	113
112	114
112	115
112	116
112	130
112	131
113	114
113	115
113	116
113	141
113	142
113	144
114	115
114	116
114	117
114	142
115	116
115	117
115	118
116	117
116	118
116	147
117	118
117	119
118	119
118	120
118	121
119	120
119	121
120	121
120	122
120	182
120	183
121	122
121	123
121	182
121	183
121	184
122	123
122	124
122	182
122	183
122	184
122	185
122	191
122	195
123	124
123	125
123	172
123	182
123	184
123	185
123	186
123	191
124	125
124	126
124	127
124	172
124	185
124	186
124	187
124	188
124	191
125	126
125	127
125	172
125	173
125	185
125	186
125	187
125	188
126	127
126	128
126	187
126	188
127	128
127	129
128	129
128	130
128	168
128	169
128	171
129	130
129	168
129	169
129	170
129	171
130	131
130	132
130	166
130	167
130	168
130	169
130	170
131	132
131	133
131	140
131	161
131	162
131	163
131	166
132	133
132	134
132	135
132	166
132	167
133	134
133	135
133	136
133	137
133	138
133	139
133	140
133	166
134	135
134	136
134	137
134	138
134	139
134	164
134	166
135	136
135	137
135	166
136	137
136	138
137	138
137	139
138	139
139	140
139	141
140	141
140	144
140	145
140	163
141	142
141	143
141	144
142	143
142	144
143	144
143	145
143	146
143	147
144	145
144	146
144	147
144	148
145	146
145	147
145	148
146	147
146	148
146	149
146	150
147	148
147	149
147	150
147	151
148	149
148	150
148	151
148	152
148	158
149	150
149	151
149	152
149	153
149	154
149	155
149	158
150	151
150	152
150	153
151	152
151	153
151	180
151	181
152	153
152	154
152	155
152	157
152	158
152	179
152	180
152	181
153	154
153	155
153	156
153	157
153	158
154	155
154	156
154	157
154	158
154	159
155	156
155	157
155	158
155	159
156	157
156	158
156	159
156	160
157	158
157	159
157	160
157	161
157	162
158	159
158	160
158	161
158	162
158	163
159	160
159	161
159	162
159	163
159	164
160	161
160	162
160	163
160	164
160	165
161	162
161	163
161	164
161	165
161	166
161	167
162	163
162	164
162	165
162	166
162	167
163	164
163	165
163	166
164	165
164	166
165	166
165	167
166	167
166	168
166	169
167	168
167	169
167	170
168	169
168	170
169	170
170	171
170	172
170	174
170	175
171	172
171	173
171	174
171	175
171	176
172	173
172	174
172	175
172	176
172	177
172	185
173	174
173	175
173	176
173	177
173	178
173	185
174	175
174	176
174	177
174	178
174	179
175	176
175	177
175	178
175	179
176	177
176	178
176	179
176	180
176	181
176	182
177	178
177	179
177	180
177	181
177	182
177	183
177	184
177	185
178	179
178	180
179	180
179	181
180	181
180	182
180	183
181	182
181	183
182	183
182	184
183	184
184	185
184	186
185	186
186	187
186	188
186	190
186	191
187	188
187	189
187	190
187	191
188	189
188	190
188	191
189	190
189	191
190	191
190	192
190	193
190	194
191	192
191	193
191	194
191	195
192	193
192	194
192	195
192	196
193	194
193	195
193	196
193	197
194	195
194	196
194	197
194	198
195	196
195	197
195	198
195	199
196	197
196	198
196	199
196	200
197	198
197	199
197	200
197	201
198	199
198	200
198	201
198	202
199	200
199	201
199	202
199	203
200	201
200	202
200	203
200	204
201	202
201	203
201	204
201	205
202	203
202	204
202	205
202	206
203	204
203	205
203	206
204	205
204	206
205	206
205	207
205	261
206	207
206	208
206	211
207	208
207	209
207	210
207	211
207	247
207	263
208	209
208	210
208	211
208	212
208	265
209	210
209	211
209	212
209	213
209	265
209	266
210	211
210	212
210	213
210	214
211	212
211	213
211	214
211	215
212	213
212	214
212	215
212	216
213	214
213	215
213	216
213	217
213	238
214	215
214	216
214	217
214	218
215	216
215	217
215	218
215	219
216	217
216	218
216	219
216	220
217	218
217	219
217	220
217	221
218	219
218	220
218	221
218	222
219	220
219	221
219	222
219	223
220	221
220	222
220	223
220	224
221	222
221	223
221	224
221	225
221	226
221	231
222	223
222	224
222	225
222	226
223	224
223	225
224	225
224	226
225	226
225	227
226	227
226	228
226	230
226	231
227	228
227	229
227	230
227	231
228	229
228	230
228	231
228	232
229	230
229	231
229	232
229	233
230	231
230	232
230	233
230	234
231	232
231	233
231	234
231	235
232	233
232	234
232	235
232	236
233	234
233	235
233	236
233	237
234	235
234	236
234	237
234	238
235	236
235	237
235	238
235	239
236	237
236	238
236	239
236	240
237	238
237	239
237	240
237	241
238	239
238	240
238	241
238	242
239	240
239	241
239	242
239	243
240	241
240	242
240	243
240	244
241	242
241	243
241	244
241	245
242	243
242	244
242	245
242	248
243	244
243	245
243	248
244	245
244	246
245	246
245	247
245	248
246	247
246	248
246	249
246	250
247	248
247	249
247	250
247	251
247	263
247	264
247	265
248	249
248	250
248	251
249	250
249	251
249	252
249	253
250	251
250	252
250	253
250	254
250	261
250	262
251	252
251	253
251	254
251	255
251	261
252	253
252	254
252	255
252	256
253	254
253	255
253	256
253	257
254	255
254	256
254	257
254	258
254	259
254	260
254	261
255	256
255	257
255	258
255	259
256	257
256	258
257	258
257	259
258	259
259	260
259	261
260	261
260	262
261	262
261	263
262	263
262	264
263	264
263	265
264	265
264	266
265	266
