0	1
0	2
1	2
1	3
1	17
1	255
2	3
2	4
2	253
2	254
2	255
3	4
3	5
3	8
3	9
3	182
3	254
3	255
4	5
4	8
4	181
4	182
4	254
5	6
5	7
5	8
5	9
5	180
5	181
5	182
6	7
6	8
6	9
6	10
6	180
6	181
6	182
7	8
7	9
7	10
7	11
8	9
8	10
8	11
8	12
8	122
9	10
9	11
9	12
9	13
10	11
10	12
10	13
11	12
11	13
12	13
12	14
12	15
12	16
13	14
13	15
13	16
13	17
14	15
14	16
14	17
14	18
15	16
15	17
15	18
15	19
16	17
16	18
16	19
16	20
17	18
17	19
17	20
17	21
18	19
18	20
18	21
18	22
19	20
19	21
19	22
19	23
19	112
20	21
20	22
20	23
20	24
21	22
21	23
21	24
21	25
22	23
22	24
22	25
22	26
23	24
23	25
23	26
23	27
24	25
24	26
24	27
24	28
25	26
25	27
25	28
25	30
26	27
26	28
26	29
26	30
27	28
27	29
28	29
28	30
29	30
29	31
30	31
30	32
30	101
31	32
31	33
32	33
32	34
33	34
33	35
33	99
34	35
34	36
34	99
35	36
35	37
35	98
35	99
36	37
36	38
36	94
36	98
36	99
37	38
37	39
37	98
38	39
38	40
38	95
39	40
39	41
39	42
39	43
39	91
40	41
40	42
40	43
40	44
40	91
41	42
41	43
41	44
41	45
42	43
42	44
42	45
42	46
43	44
43	45
43	46
43	47
43	87
43	88
44	45
44	46
44	47
44	48
45	46
45	47
45	48
45	49
46	47
46	48
46	49
46	50
47	48
47	49
47	50
47	51
47	84
48	49
48	50
48	51
48	52
49	50
49	51
49	52
49	53
50	51
50	52
50	53
50	54
50	80
51	52
51	53
51	54
51	55
52	53
52	54
52	55
52	56
53	54
53	55
53	56
53	57
54	55
54	56
54	57
54	58
54	77
55	56
55	57
55	58
55	59
56	57
56	58
56	59
57	58
57	59
57	60
57	61
58	59
58	60
58	61
58	62
59	60
59	61
59	62
59	63
60	61
60	62
60	63
60	64
61	62
61	63
61	64
61	70
62	63
62	64
63	64
63	65
64	65
64	66
64	70
65	66
65	67
66	67
66	68
66	69
66	70
67	68
67	69
67	70
67	71
68	69
68	70
68	71
68	72
69	70
69	71
69	72
69	73
69	124
69	128
70	71
70	72
70	73
71	72
71	73
71	74
72	73
72	74
72	75
72	124
73	74
73	75
73	76
73	77
73	121
73	124
74	75
74	76
74	77
74	78
75	76
75	77
75	78
75	79
76	77
76	78
76	79
76	80
76	117
76	118
76	120
76	121
77	78
77	79
77	80
77	81
77	117
78	79
78	80
78	81
78	82
79	80
79	81
79	82
79	83
79	113
79	114
79	117
80	81
80	82
80	83
80	84
80	113
80	114
80	117
81	82
81	83
81	84
81	85
82	83
82	84
82	85
82	86
83	84
83	85
83	86
83	87
83	110
83	111
83	113
83	114
84	85
84	86
84	87
84	88
84	110
85	86
85	87
85	88
85	89
86	87
86	88
86	89
86	90
86	106
86	107
86	110
87	88
87	89
87	90
87	91
87	106
87	107
87	110
88	89
88	90
88	91
88	92
89	90
89	91
89	92
89	93
90	91
90	92
90	93
90	94
90	103
90	104
90	106
90	107
91	92
91	93
91	94
91	95
92	93
92	94
92	95
92	96
93	94
93	95
93	96
93	97
93	103
94	95
94	96
94	97
94	98
94	100
94	103
95	96
95	97
95	98
96	97
96	98
97	98
97	99
97	100
98	99
98	100
99	100
99	101
100	101
100	102
100	103
100	104
101	102
101	103
101	104
102	103
102	104
102	105
102	106
103	104
103	105
103	106
103	107
104	105
104	106
104	107
104	108
105	106
105	107
105	108
105	109
106	107
106	108
106	109
106	110
107	108
107	109
107	110
107	111
108	109
108	110
108	111
108	112
109	110
109	111
109	112
109	113
110	111
110	112
110	113
110	114
111	112
111	113
111	114
111	115
112	113
112	114
112	115
112	116
113	114
113	115
113	116
113	117
114	115
114	116
114	117
114	118
115	116
115	117
115	118
115	119
115	257
116	117
116	118
116	119
116	120
116	257
117	118
117	119
117	120
117	121
118	119
118	120
118	121
118	122
119	120
119	121
119	122
119	123
119	257
120	121
120	122
120	123
120	124
121	122
121	123
121	124
121	125
122	123
122	124
122	125
122	126
123	124
123	125
123	126
123	127
124	125
124	126
124	127
124	128
125	126
125	127
125	128
125	129
126	127
126	128
126	129
126	130
127	128
127	129
127	130
127	131
128	129
128	130
128	131
128	132
129	130
129	131
129	132
129	133
130	131
130	132
130	133
130	134
130	247
131	132
131	133
131	134
131	135
132	133
132	134
132	135
132	136
133	134
133	135
133	136
133	137
133	173
134	135
134	136
134	137
134	138
134	244
135	136
135	137
135	138
135	139
136	137
136	138
136	139
136	140
136	170
137	138
137	139
137	140
137	141
137	170
137	240
138	139
138	140
138	141
138	142
139	140
139	141
139	142
139	143
140	141
140	142
140	143
140	144
140	166
140	167
141	142
141	143
141	144
141	145
141	237
142	143
142	144
142	145
143	144
143	145
143	146
144	145
144	146
144	147
144	233
145	146
145	147
145	148
146	147
146	148
146	149
147	148
147	149
147	150
148	149
148	150
149	150
149	151
150	151
150	152
150	155
150	156
151	152
151	155
151	212
151	215
152	153
152	154
152	155
152	156
152	212
153	154
153	155
153	156
153	157
153	212
154	155
154	156
154	157
154	158
155	156
155	157
155	158
155	159
156	157
156	158
156	159
156	160
157	158
157	159
157	160
157	161
158	159
158	160
158	161
158	162
159	160
159	161
159	162
159	163
160	161
160	162
160	163
160	164
161	162
161	163
161	164
162	163
162	164
162	165
162	166
163	164
163	165
163	166
163	167
164	165
164	166
164	167
164	168
165	166
165	167
165	168
165	169
166	167
166	168
166	169
166	170
167	168
167	169
167	170
167	171
168	169
168	170
168	171
168	172
169	170
169	171
169	172
169	173
170	171
170	172
170	173
170	174
171	172
171	173
171	174
171	175
171	194
172	173
172	174
172	175
172	176
173	174
173	175
173	176
173	177
174	175
174	176
174	177
174	178
175	176
175	177
175	178
175	179
176	177
176	178
176	179
177	178
177	179
177	180
177	181
178	179
178	180
178	181
178	187
178	190
179	180
179	181
179	187
180	181
180	182
181	182
181	183
181	187
182	183
182	184
183	184
183	185
183	186
183	187
184	185
184	186
184	187
184	188
185	186
185	187
185	188
185	189
186	187
186	188
186	189
186	190
186	246
187	188
187	189
187	190
187	191
188	189
188	190
188	191
188	192
189	190
189	191
189	192
189	193
190	191
190	192
190	193
190	194
190	243
191	192
191	193
191	194
191	195
192	193
192	194
192	195
192	196
193	194
193	195
193	196
193	197
193	239
193	243
194	195
194	196
194	197
194	198
195	196
195	197
195	198
195	199
196	197
196	198
196	199
196	200
197	198
197	199
197	200
197	201
197	236
197	239
198	199
198	200
198	201
199	200
199	201
199	202
200	201
200	202
200	203
200	204
200	232
200	236
201	202
201	203
201	204
201	205
202	203
202	204
202	205
202	206
203	204
203	205
203	206
203	207
204	205
204	206
204	207
204	208
204	229
204	232
205	206
205	207
205	208
205	209
206	207
206	208
206	209
206	210
207	208
207	209
207	210
207	211
207	225
207	228
207	229
208	209
208	210
208	211
208	212
208	229
209	210
209	211
209	212
209	213
210	211
210	212
210	213
210	214
210	225
211	212
211	213
211	214
211	215
211	222
211	225
211	226
212	213
212	214
212	215
212	216
213	214
213	215
213	216
213	217
214	215
214	216
214	217
214	218
214	219
214	221
214	222
215	216
215	217
215	218
215	219
215	222
216	217
216	218
217	218
217	219
218	219
218	220
219	220
219	221
219	222
220	221
220	222
221	222
221	223
221	224
221	225
222	223
222	224
222	225
222	226
223	224
223	225
223	226
223	227
224	225
224	226
224	227
224	228
225	226
225	227
225	228
225	229
226	227
226	228
226	229
226	230
227	228
227	229
227	230
227	231
228	229
228	230
228	231
228	232
229	230
229	231
229	232
229	233
230	231
230	232
230	233
230	234
231	232
231	233
231	234
231	235
232	233
232	234
232	235
232	236
233	234
233	235
233	236
233	237
234	235
234	236
234	237
234	238
235	236
235	237
235	238
235	239
236	237
236	238
236	239
236	240
237	238
237	239
237	240
237	241
238	239
238	240
238	241
238	242
239	240
239	241
239	242
239	243
240	241
240	242
240	243
240	244
241	242
241	243
241	244
241	245
242	243
242	244
242	245
242	246
243	244
243	245
243	246
243	247
244	245
244	246
244	247
244	248
245	246
245	247
245	248
245	249
246	247
246	248
246	249
247	248
247	249
248	249
248	250
249	250
249	251
250	251
250	252
250	254
251	252
251	253
251	254
252	253
252	254
253	254
253	255
254	255
254	256
255	256
255	257
256	257
