1	1
2	1
3	1
4	1
5	3
6	3
7	3
8	3
9	3
10	4
11	4
12	4
13	4
14	4
15	4
16	4
17	4
18	4
19	4
20	4
21	4
22	4
23	4
24	4
25	4
26	4
27	4
28	4
29	3
30	3
31	3
32	3
33	3
34	3
35	2
36	2
37	2
38	2
39	2
40	2
41	2
42	2
43	3
44	2
45	2
46	3
47	3
48	3
49	3
50	3
51	3
52	3
53	3
54	3
55	3
56	5
57	3
58	3
59	3
60	3
61	3
62	3
63	3
64	3
65	3
66	2
67	2
68	2
69	2
70	2
71	2
72	2
73	2
74	2
75	2
76	2
77	2
78	2
79	2
80	2
81	2
82	2
83	2
84	1
85	1
86	1
87	1
88	1
89	1
90	1
91	4
92	4
93	4
94	4
95	4
96	6
97	6
98	6
99	6
100	6
101	6
102	6
103	1
104	1
105	1
106	1
107	1
108	1
109	1
110	1
111	1
112	1
113	1
114	1
115	1
116	1
117	4
118	5
119	5
120	5
121	5
122	5
123	5
124	5
125	5
126	5
127	5
128	5
129	5
130	5
131	5
132	5
133	5
134	5
135	5
136	5
137	5
138	5
139	5
140	5
141	5
142	5
143	5
144	5
145	5
146	5
147	5
148	5
149	5
150	5
151	5
152	5
153	5
154	5
155	5
156	5
157	5
158	5
159	5
160	5
161	5
162	5
163	5
164	5
165	5
166	5
167	5
168	5
169	5
170	5
171	5
172	5
173	5
174	5
175	5
176	5
177	5
178	5
179	5
180	5
181	5
182	5
183	5
184	5
185	5
186	5
187	5
188	5
189	5
190	5
191	5
192	5
193	5
194	5
195	5
196	5
197	5
198	5
199	5
200	5
201	5
202	5
203	5
204	5
205	5
206	5
207	5
208	5
209	5
210	5
211	5
212	5
213	5
214	5
215	5
216	5
217	5
218	5
***
1	2
2	1
3	1
4	2
5	1
6	2
