2hbw a
0	1
0	2
0	30
0	31
1	2
1	28
1	29
1	30
1	31
1	63
1	64
1	67
2	3
2	4
2	28
2	29
2	30
2	61
2	62
2	63
2	64
3	4
3	5
3	26
3	27
3	28
3	29
3	61
3	62
3	63
3	64
4	5
4	6
4	7
4	25
4	26
4	27
4	28
4	60
4	61
4	62
5	6
5	25
5	26
5	60
5	61
5	62
6	7
6	8
6	24
6	25
6	60
7	8
7	9
7	22
7	23
7	24
7	25
8	9
8	10
8	22
8	23
8	24
9	10
9	11
9	19
9	21
9	22
9	23
9	53
10	11
10	12
10	19
10	20
10	21
10	22
10	51
10	52
10	53
11	12
11	13
11	16
11	17
11	18
11	19
11	20
11	21
11	51
11	52
11	53
12	13
12	16
12	18
12	19
12	20
12	51
12	52
13	14
13	15
13	16
13	52
14	15
14	16
14	36
14	37
14	39
14	52
15	16
15	17
16	17
16	18
17	18
17	19
18	19
18	20
19	20
19	21
19	100
19	101
20	21
20	51
20	101
21	22
21	23
21	101
21	102
21	103
22	23
22	24
22	101
22	102
22	103
22	104
23	24
23	25
23	27
23	104
24	25
24	26
24	27
24	104
25	26
25	27
26	27
26	28
27	28
27	29
28	29
28	30
28	44
28	45
28	68
29	30
29	31
29	42
29	43
29	44
29	45
30	31
30	32
30	42
30	43
30	44
30	45
31	32
31	33
31	41
31	42
31	43
32	33
32	34
32	40
32	41
32	42
33	34
33	35
34	35
34	36
34	40
34	41
35	36
35	37
35	39
35	40
35	41
36	37
36	38
36	39
36	40
37	38
37	39
38	39
38	54
38	55
39	40
39	41
39	52
39	53
39	54
39	55
40	41
40	42
40	52
40	53
40	54
40	55
41	42
41	43
41	51
41	52
41	53
42	43
42	44
42	50
42	51
42	52
42	53
43	44
43	45
43	48
43	49
43	50
43	51
44	45
44	46
44	47
44	48
44	49
44	50
45	46
45	47
45	48
45	68
46	47
46	48
46	70
47	48
47	49
47	124
47	125
47	126
47	214
48	49
48	50
48	214
49	50
49	51
49	126
50	51
51	52
51	53
52	53
52	54
53	54
53	55
53	57
54	55
54	56
54	57
55	56
55	57
55	58
56	57
56	58
56	59
57	58
57	59
57	60
58	59
58	60
58	61
59	60
59	61
60	61
60	62
61	62
61	63
62	63
62	64
63	64
63	65
64	65
64	66
64	67
65	66
65	67
66	67
66	68
67	68
67	69
68	69
68	70
69	70
69	71
70	71
70	72
70	213
71	72
71	73
72	73
72	74
72	210
72	211
73	74
73	75
73	77
73	78
73	210
73	211
74	75
74	76
74	77
74	78
74	210
75	76
75	77
75	78
75	79
75	209
75	210
76	77
76	78
76	79
76	80
77	78
77	79
77	80
77	81
78	79
78	80
78	81
78	82
79	80
79	81
79	82
80	81
80	82
80	83
81	82
81	83
81	84
81	85
81	120
82	83
82	84
82	85
82	86
82	146
83	84
83	85
83	86
83	87
84	85
84	86
84	87
84	88
84	120
85	86
85	87
85	88
85	89
85	116
85	117
85	119
85	120
86	87
86	88
86	89
86	90
86	146
87	88
87	89
87	90
87	91
88	89
88	90
88	91
88	92
88	116
89	90
89	91
89	92
89	116
90	91
90	92
90	93
91	92
91	93
92	93
92	94
92	106
93	94
93	95
94	95
94	96
94	106
95	96
96	97
96	98
96	106
96	107
96	181
97	98
97	99
97	107
97	180
97	181
98	99
98	100
98	107
98	108
98	109
98	172
98	173
98	174
98	180
98	181
99	100
99	101
99	102
99	107
99	108
99	109
100	101
100	102
100	109
101	102
101	103
101	109
101	112
102	103
102	104
102	105
102	107
102	108
102	109
102	112
103	104
103	105
103	108
103	112
103	113
103	115
104	105
104	106
104	115
105	106
105	107
105	108
106	107
106	108
107	108
108	109
108	110
108	112
108	113
108	172
109	110
109	111
109	112
109	113
109	172
109	173
110	111
110	112
110	113
110	159
110	160
110	161
110	171
110	172
110	173
111	112
111	113
111	114
111	126
111	127
111	128
111	159
111	160
112	113
112	114
112	115
112	126
113	114
113	115
113	116
113	172
114	115
114	116
114	117
114	118
114	123
114	124
114	126
115	116
115	117
115	118
115	119
116	117
116	118
116	119
117	118
117	119
117	120
117	121
117	122
117	123
118	119
118	120
118	121
118	122
118	123
119	120
119	121
120	121
120	122
121	122
121	123
122	123
122	124
122	211
123	124
123	125
123	211
123	212
124	125
124	126
124	131
124	211
124	212
125	126
125	127
125	130
125	131
125	212
126	127
126	128
126	130
127	128
127	129
127	130
127	131
128	129
128	130
128	131
128	132
128	157
128	158
128	159
128	160
129	130
129	131
129	132
129	133
129	156
129	157
129	158
130	131
130	132
130	133
130	134
131	132
131	133
131	134
131	135
132	133
132	134
132	135
132	206
133	134
133	135
134	135
134	136
135	136
135	137
135	206
135	207
135	208
135	209
136	137
136	138
136	206
136	207
136	208
136	209
137	138
137	205
137	206
137	207
138	139
138	140
138	142
138	205
138	206
138	207
139	140
139	141
139	142
139	143
139	204
139	205
140	141
140	142
140	143
140	204
140	205
141	142
141	143
142	143
142	144
143	144
143	145
143	147
143	205
144	145
144	146
144	147
144	163
144	165
145	146
145	147
145	163
145	164
145	165
146	147
146	148
146	162
146	163
146	164
147	148
147	149
147	162
147	163
147	206
147	207
147	208
148	149
148	150
148	160
148	161
148	162
148	163
148	205
148	206
148	207
149	150
149	151
149	160
149	161
149	162
149	163
149	204
149	205
149	206
150	151
150	152
150	157
150	159
150	160
150	161
150	202
150	203
150	204
150	205
151	152
151	157
151	158
151	159
151	160
151	201
151	202
151	203
151	204
152	153
152	154
152	156
152	157
152	158
152	159
152	201
152	202
152	203
153	154
153	155
153	156
153	157
154	155
154	156
155	156
156	157
156	158
157	158
157	159
158	159
159	160
160	161
160	171
161	162
161	163
161	169
161	170
161	171
162	163
162	164
162	169
162	170
162	171
163	164
163	165
163	168
163	169
163	170
164	165
164	168
164	169
165	166
165	167
165	168
166	167
166	168
167	168
167	169
167	186
167	187
168	169
168	184
168	185
168	186
168	187
169	170
169	171
169	184
169	185
169	186
170	171
170	183
170	184
170	185
171	172
171	173
171	182
171	183
171	184
172	173
172	181
172	182
172	183
173	174
173	175
173	178
173	179
173	180
173	181
173	182
174	175
174	176
174	177
174	178
174	179
174	180
174	181
175	176
175	177
175	178
175	179
175	180
176	177
176	178
177	178
177	194
177	197
178	179
178	180
178	194
179	180
179	181
179	182
179	183
180	181
181	182
181	183
182	183
183	184
183	185
184	185
185	186
185	187
185	195
186	187
186	188
186	191
186	195
187	188
187	195
187	199
188	189
188	190
188	191
188	195
188	196
188	199
189	190
189	191
189	196
189	199
190	191
190	192
191	192
191	193
191	195
191	196
192	193
192	194
192	195
192	196
193	194
193	195
193	196
193	197
194	195
194	196
194	197
194	198
195	196
195	197
195	198
195	199
196	197
196	198
196	199
196	200
197	198
197	199
197	200
198	199
198	200
198	201
198	202
199	200
199	201
199	202
200	201
200	202
201	202
201	203
202	203
202	204
203	204
204	205
204	206
205	206
206	207
206	208
207	208
207	209
208	209
208	210
209	210
210	211
210	212
211	212
211	213
212	213
212	214
213	214
213	215
214	215
214	216
215	216
215	217
216	217
