1v0u a
[0, 8, 0, 0, 20, 19, 0, 11, 7, 0, 0, 0, 0, 0]
[8, 0, 0, 0, 8, 0, 0, 0, 15, 0, 0, 6, 24, 9]
[0, 0, 0, 11, 0, 0, 0, 0, 12, 28, 10, 14, 3, 0]
[0, 0, 11, 0, 0, 0, 0, 0, 0, 0, 0, 20, 5, 7]
[20, 8, 0, 0, 0, 3, 0, 0, 0, 4, 0, 0, 19, 25]
[19, 0, 0, 0, 3, 0, 0, 14, 0, 22, 0, 0, 0, 0]
[0, 0, 0, 0, 0, 0, 0, 0, 0, 0, 0, 22, 0, 18]
[11, 0, 0, 0, 0, 14, 0, 0, 1, 6, 37, 0, 0, 0]
[7, 15, 12, 0, 0, 0, 0, 1, 0, 12, 28, 0, 12, 0]
[0, 0, 28, 0, 4, 22, 0, 6, 12, 0, 16, 1, 29, 0]
[0, 0, 10, 0, 0, 0, 0, 37, 28, 16, 0, 0, 0, 0]
[0, 6, 14, 20, 0, 0, 22, 0, 0, 1, 0, 0, 11, 22]
[0, 24, 3, 5, 19, 0, 0, 0, 12, 29, 0, 11, 0, 34]
[0, 9, 0, 7, 25, 0, 18, 0, 0, 0, 0, 22, 34, 0]
Dendrogram, 14 elements, 13 merges

7 5 0 4 9 2 10 8 6 13 11 3 12 1
| | | | | | |  | | |  |  | |  |
| | | | | | |  | `-'  |  | |  |
| | | | | | |  |  |   |  | |  |
| | | | | | |  |  `---'  | |  |
| | | | | | |  |    |    | |  |
| | | | | | |  |    `----' |  |
| | | | | | |  |      |    |  |
| | | | | | |  |      `----'  |
| | | | | | |  |        |     |
`-' | | | | |  |        `-----'
 |  | | | | |  |           |   
 `--' | | | |  |           |   
  |   | | | |  |           |   
  `---' | | |  |           |   
    |   | | |  |           |   
    `---' `-'  |           |   
      |    |   |           |   
      |    `---'           |   
      |      |             |   
      `------'             |   
         |                 |   
         `-----------------'
No. of Domains:  3

0 0 - 18 267 - 276 290 - 293 295 - 302 304 - 312 314 - 315 --
1 19 - 31 165 - 167 195 - 216 234 - 258 452 - 454 --
2 45 - 62 176 - 186 407 - 421 470 - 475 --
3 88 - 90 --
4 147 - 155 218 - 222 259 - 266 445 - 449 --
5 277 - 289 329 - 339 --
6 119 - 120 122 - 131 133 - 134 --
7 340 - 348 373 - 391 --
8 316 - 317 320 - 321 428 - 437 455 - 469 --
9 187 - 190 323 - 328 359 - 372 422 - 427 439 - 443 --
10 318 - 319 349 - 358 392 - 405 476 - 489 --
11 63 - 78 91 - 110 135 - 138 163 - 164 --
12 32 - 43 82 - 84 156 - 162 168 - 171 173 - 174 191 - 194 450 - 451 --
13 79 - 81 85 - 87 111 - 118 139 - 146 223 - 233 --

[(13, 6), (11, 14), (3, 15), (12, 16), (1, 17), (5, 7), (0, 19), (4, 20), (9, 21), (10, 2), (8, 23), (24, 22), (18, 25)]

0 - 18 147 - 155 259 - 348 359 - 391 422 - 427 -- 19 - 44 63 - 146 156 - 175 195 - 258 -- 45 - 62 176 - 194 349 - 358 392 - 421 428 - 489 --
**************************CLAUSET'S END***************************


************************************** STEP # 1 ****************************
BEFORE MERGE
0 0 - 18 267 - 276 290 - 293 295 - 302 304 - 312 314 - 315 --

1 19 - 31 165 - 167 195 - 216 234 - 258 452 - 454 --

2 45 - 62 176 - 186 407 - 421 470 - 475 --

3 88 - 90 --

4 147 - 155 218 - 222 259 - 266 445 - 449 --

5 277 - 289 329 - 339 --

6 119 - 120 122 - 131 133 - 134 --

7 340 - 348 373 - 391 --

8 316 - 317 320 - 321 428 - 437 455 - 469 --

9 187 - 190 323 - 328 359 - 372 422 - 427 439 - 443 --

10 318 - 319 349 - 358 392 - 405 476 - 489 --

11 63 - 78 91 - 110 135 - 138 163 - 164 --

12 32 - 43 82 - 84 156 - 162 168 - 171 173 - 174 191 - 194 450 - 451 --

13 79 - 81 85 - 87 111 - 118 139 - 146 223 - 233 --


0 0.000 8.000 0.000 0.000 20.000 19.000 0.000 11.000 7.000 0.000 0.000 0.000 0.000 0.000
1 8.000 0.000 0.000 0.000 8.000 0.000 0.000 0.000 15.000 0.000 0.000 6.000 24.000 9.000
2 0.000 0.000 0.000 11.000 0.000 0.000 0.000 0.000 12.000 28.000 10.000 14.000 3.000 0.000
3 0.000 0.000 11.000 0.000 0.000 0.000 0.000 0.000 0.000 0.000 0.000 20.000 5.000 7.000
4 20.000 8.000 0.000 0.000 0.000 3.000 0.000 0.000 0.000 4.000 0.000 0.000 19.000 25.000
5 19.000 0.000 0.000 0.000 3.000 0.000 0.000 14.000 0.000 22.000 0.000 0.000 0.000 0.000
6 0.000 0.000 0.000 0.000 0.000 0.000 0.000 0.000 0.000 0.000 0.000 22.000 0.000 18.000
7 11.000 0.000 0.000 0.000 0.000 14.000 0.000 0.000 1.000 6.000 37.000 0.000 0.000 0.000
8 7.000 15.000 12.000 0.000 0.000 0.000 0.000 1.000 0.000 12.000 28.000 0.000 12.000 0.000
9 0.000 0.000 28.000 0.000 4.000 22.000 0.000 6.000 12.000 0.000 16.000 1.000 29.000 0.000
10 0.000 0.000 10.000 0.000 0.000 0.000 0.000 37.000 28.000 16.000 0.000 0.000 0.000 0.000
11 0.000 6.000 14.000 20.000 0.000 0.000 22.000 0.000 0.000 1.000 0.000 0.000 11.000 22.000
12 0.000 24.000 3.000 5.000 19.000 0.000 0.000 0.000 12.000 29.000 0.000 11.000 0.000 34.000
13 0.000 9.000 0.000 7.000 25.000 0.000 18.000 0.000 0.000 0.000 0.000 22.000 34.000 0.000

37
Merge Cluster 7 & Cluster 10

AFTER MERGE
0 0 - 18 267 - 276 290 - 293 295 - 302 304 - 312 314 - 315 --

1 19 - 31 165 - 167 195 - 216 234 - 258 452 - 454 --

2 45 - 62 176 - 186 407 - 421 470 - 475 --

3 88 - 90 --

4 147 - 155 218 - 222 259 - 266 445 - 449 --

5 277 - 289 329 - 339 --

6 119 - 120 122 - 131 133 - 134 --

8 316 - 317 320 - 321 428 - 437 455 - 469 --

9 187 - 190 323 - 328 359 - 372 422 - 427 439 - 443 --

11 63 - 78 91 - 110 135 - 138 163 - 164 --

12 32 - 43 82 - 84 156 - 162 168 - 171 173 - 174 191 - 194 450 - 451 --

13 79 - 81 85 - 87 111 - 118 139 - 146 223 - 233 --

14 318 - 319 340 - 358 373 - 405 476 - 489 --

************************************ END OF STEP ***************************
************************************** STEP # 2 ****************************
BEFORE MERGE
0 0 - 18 267 - 276 290 - 293 295 - 302 304 - 312 314 - 315 --

1 19 - 31 165 - 167 195 - 216 234 - 258 452 - 454 --

2 45 - 62 176 - 186 407 - 421 470 - 475 --

3 88 - 90 --

4 147 - 155 218 - 222 259 - 266 445 - 449 --

5 277 - 289 329 - 339 --

6 119 - 120 122 - 131 133 - 134 --

8 316 - 317 320 - 321 428 - 437 455 - 469 --

9 187 - 190 323 - 328 359 - 372 422 - 427 439 - 443 --

11 63 - 78 91 - 110 135 - 138 163 - 164 --

12 32 - 43 82 - 84 156 - 162 168 - 171 173 - 174 191 - 194 450 - 451 --

13 79 - 81 85 - 87 111 - 118 139 - 146 223 - 233 --

14 318 - 319 340 - 358 373 - 405 476 - 489 --


0 0.000 8.000 0.000 0.000 20.000 19.000 0.000 7.000 0.000 0.000 0.000 0.000 7.000
1 8.000 0.000 0.000 0.000 8.000 0.000 0.000 15.000 0.000 6.000 24.000 9.000 0.000
2 0.000 0.000 0.000 11.000 0.000 0.000 0.000 12.000 28.000 14.000 3.000 0.000 8.000
3 0.000 0.000 11.000 0.000 0.000 0.000 0.000 0.000 0.000 20.000 5.000 7.000 0.000
4 20.000 8.000 0.000 0.000 0.000 3.000 0.000 0.000 4.000 0.000 19.000 25.000 0.000
5 19.000 0.000 0.000 0.000 3.000 0.000 0.000 0.000 22.000 0.000 0.000 0.000 8.000
6 0.000 0.000 0.000 0.000 0.000 0.000 0.000 0.000 0.000 22.000 0.000 18.000 0.000
8 7.000 15.000 12.000 0.000 0.000 0.000 0.000 0.000 12.000 0.000 12.000 0.000 21.000
9 0.000 0.000 28.000 0.000 4.000 22.000 0.000 12.000 0.000 1.000 29.000 0.000 15.000
11 0.000 6.000 14.000 20.000 0.000 0.000 22.000 0.000 1.000 0.000 11.000 22.000 0.000
12 0.000 24.000 3.000 5.000 19.000 0.000 0.000 12.000 29.000 11.000 0.000 34.000 0.000
13 0.000 9.000 0.000 7.000 25.000 0.000 18.000 0.000 0.000 22.000 34.000 0.000 0.000
14 7.000 0.000 8.000 0.000 0.000 8.000 0.000 21.000 15.000 0.000 0.000 0.000 0.000

34
Merge Cluster 12 & Cluster 13

AFTER MERGE
0 0 - 18 267 - 276 290 - 293 295 - 302 304 - 312 314 - 315 --

1 19 - 31 165 - 167 195 - 216 234 - 258 452 - 454 --

2 45 - 62 176 - 186 407 - 421 470 - 475 --

3 88 - 90 --

4 147 - 155 218 - 222 259 - 266 445 - 449 --

5 277 - 289 329 - 339 --

6 119 - 120 122 - 131 133 - 134 --

8 316 - 317 320 - 321 428 - 437 455 - 469 --

9 187 - 190 323 - 328 359 - 372 422 - 427 439 - 443 --

11 63 - 78 91 - 110 135 - 138 163 - 164 --

14 318 - 319 340 - 358 373 - 405 476 - 489 --

15 32 - 43 79 - 87 111 - 118 139 - 146 156 - 162 168 - 171 173 - 174 191 - 194 223 - 233 450 - 451 --

************************************ END OF STEP ***************************
************************************** STEP # 3 ****************************
BEFORE MERGE
0 0 - 18 267 - 276 290 - 293 295 - 302 304 - 312 314 - 315 --

1 19 - 31 165 - 167 195 - 216 234 - 258 452 - 454 --

2 45 - 62 176 - 186 407 - 421 470 - 475 --

3 88 - 90 --

4 147 - 155 218 - 222 259 - 266 445 - 449 --

5 277 - 289 329 - 339 --

6 119 - 120 122 - 131 133 - 134 --

8 316 - 317 320 - 321 428 - 437 455 - 469 --

9 187 - 190 323 - 328 359 - 372 422 - 427 439 - 443 --

11 63 - 78 91 - 110 135 - 138 163 - 164 --

14 318 - 319 340 - 358 373 - 405 476 - 489 --

15 32 - 43 79 - 87 111 - 118 139 - 146 156 - 162 168 - 171 173 - 174 191 - 194 223 - 233 450 - 451 --


0 0.000 8.000 0.000 0.000 20.000 19.000 0.000 7.000 0.000 0.000 7.000 0.000
1 8.000 0.000 0.000 0.000 8.000 0.000 0.000 15.000 0.000 6.000 0.000 25.000
2 0.000 0.000 0.000 11.000 0.000 0.000 0.000 12.000 28.000 14.000 8.000 2.000
3 0.000 0.000 11.000 0.000 0.000 0.000 0.000 0.000 0.000 20.000 0.000 6.000
4 20.000 8.000 0.000 0.000 0.000 3.000 0.000 0.000 4.000 0.000 0.000 28.000
5 19.000 0.000 0.000 0.000 3.000 0.000 0.000 0.000 22.000 0.000 8.000 0.000
6 0.000 0.000 0.000 0.000 0.000 0.000 0.000 0.000 0.000 22.000 0.000 10.000
8 7.000 15.000 12.000 0.000 0.000 0.000 0.000 0.000 12.000 0.000 21.000 8.000
9 0.000 0.000 28.000 0.000 4.000 22.000 0.000 12.000 0.000 1.000 15.000 19.000
11 0.000 6.000 14.000 20.000 0.000 0.000 22.000 0.000 1.000 0.000 0.000 23.000
14 7.000 0.000 8.000 0.000 0.000 8.000 0.000 21.000 15.000 0.000 0.000 0.000
15 0.000 25.000 2.000 6.000 28.000 0.000 10.000 8.000 19.000 23.000 0.000 0.000

28
Merge Cluster 2 & Cluster 9

AFTER MERGE
0 0 - 18 267 - 276 290 - 293 295 - 302 304 - 312 314 - 315 --

1 19 - 31 165 - 167 195 - 216 234 - 258 452 - 454 --

3 88 - 90 --

4 147 - 155 218 - 222 259 - 266 445 - 449 --

5 277 - 289 329 - 339 --

6 119 - 120 122 - 131 133 - 134 --

8 316 - 317 320 - 321 428 - 437 455 - 469 --

11 63 - 78 91 - 110 135 - 138 163 - 164 --

14 318 - 319 340 - 358 373 - 405 476 - 489 --

15 32 - 43 79 - 87 111 - 118 139 - 146 156 - 162 168 - 171 173 - 174 191 - 194 223 - 233 450 - 451 --

16 45 - 62 176 - 190 323 - 328 359 - 372 406 - 427 439 - 443 470 - 475 --

************************************ END OF STEP ***************************
************************************** STEP # 4 ****************************
BEFORE MERGE
0 0 - 18 267 - 276 290 - 293 295 - 302 304 - 312 314 - 315 --

1 19 - 31 165 - 167 195 - 216 234 - 258 452 - 454 --

3 88 - 90 --

4 147 - 155 218 - 222 259 - 266 445 - 449 --

5 277 - 289 329 - 339 --

6 119 - 120 122 - 131 133 - 134 --

8 316 - 317 320 - 321 428 - 437 455 - 469 --

11 63 - 78 91 - 110 135 - 138 163 - 164 --

14 318 - 319 340 - 358 373 - 405 476 - 489 --

15 32 - 43 79 - 87 111 - 118 139 - 146 156 - 162 168 - 171 173 - 174 191 - 194 223 - 233 450 - 451 --

16 45 - 62 176 - 190 323 - 328 359 - 372 406 - 427 439 - 443 470 - 475 --


0 0.000 8.000 0.000 20.000 19.000 0.000 7.000 0.000 7.000 0.000 0.000
1 8.000 0.000 0.000 8.000 0.000 0.000 15.000 6.000 0.000 25.000 0.000
3 0.000 0.000 0.000 0.000 0.000 0.000 0.000 20.000 0.000 6.000 6.000
4 20.000 8.000 0.000 0.000 3.000 0.000 0.000 0.000 0.000 28.000 2.000
5 19.000 0.000 0.000 3.000 0.000 0.000 0.000 0.000 8.000 0.000 12.000
6 0.000 0.000 0.000 0.000 0.000 0.000 0.000 22.000 0.000 10.000 0.000
8 7.000 15.000 0.000 0.000 0.000 0.000 0.000 0.000 21.000 8.000 15.000
11 0.000 6.000 20.000 0.000 0.000 22.000 0.000 0.000 0.000 23.000 11.000
14 7.000 0.000 0.000 0.000 8.000 0.000 21.000 0.000 0.000 0.000 17.000
15 0.000 25.000 6.000 28.000 0.000 10.000 8.000 23.000 0.000 0.000 15.000
16 0.000 0.000 6.000 2.000 12.000 0.000 15.000 11.000 17.000 15.000 0.000

28
Merge Cluster 4 & Cluster 15

AFTER MERGE
0 0 - 18 267 - 276 290 - 293 295 - 302 304 - 312 314 - 315 --

1 19 - 31 165 - 167 195 - 216 234 - 258 452 - 454 --

3 88 - 90 --

5 277 - 289 329 - 339 --

6 119 - 120 122 - 131 133 - 134 --

8 316 - 317 320 - 321 428 - 437 455 - 469 --

11 63 - 78 91 - 110 135 - 138 163 - 164 --

14 318 - 319 340 - 358 373 - 405 476 - 489 --

16 45 - 62 176 - 190 323 - 328 359 - 372 406 - 427 439 - 443 470 - 475 --

17 32 - 43 79 - 87 111 - 118 139 - 162 168 - 171 173 - 174 191 - 194 217 - 233 259 - 266 445 - 451 --

************************************ END OF STEP ***************************
************************************** STEP # 5 ****************************
BEFORE MERGE
0 0 - 18 267 - 276 290 - 293 295 - 302 304 - 312 314 - 315 --

1 19 - 31 165 - 167 195 - 216 234 - 258 452 - 454 --

3 88 - 90 --

5 277 - 289 329 - 339 --

6 119 - 120 122 - 131 133 - 134 --

8 316 - 317 320 - 321 428 - 437 455 - 469 --

11 63 - 78 91 - 110 135 - 138 163 - 164 --

14 318 - 319 340 - 358 373 - 405 476 - 489 --

16 45 - 62 176 - 190 323 - 328 359 - 372 406 - 427 439 - 443 470 - 475 --

17 32 - 43 79 - 87 111 - 118 139 - 162 168 - 171 173 - 174 191 - 194 217 - 233 259 - 266 445 - 451 --


0 0.000 8.000 0.000 19.000 0.000 7.000 0.000 7.000 0.000 10.000
1 8.000 0.000 0.000 0.000 0.000 15.000 6.000 0.000 0.000 26.000
3 0.000 0.000 0.000 0.000 0.000 0.000 20.000 0.000 6.000 4.000
5 19.000 0.000 0.000 0.000 0.000 0.000 0.000 8.000 12.000 1.000
6 0.000 0.000 0.000 0.000 0.000 0.000 22.000 0.000 0.000 8.000
8 7.000 15.000 0.000 0.000 0.000 0.000 0.000 21.000 15.000 6.000
11 0.000 6.000 20.000 0.000 22.000 0.000 0.000 0.000 11.000 19.000
14 7.000 0.000 0.000 8.000 0.000 21.000 0.000 0.000 17.000 0.000
16 0.000 0.000 6.000 12.000 0.000 15.000 11.000 17.000 0.000 14.000
17 10.000 26.000 4.000 1.000 8.000 6.000 19.000 0.000 14.000 0.000

26
Merge Cluster 1 & Cluster 17

AFTER MERGE
0 0 - 18 267 - 276 290 - 293 295 - 302 304 - 312 314 - 315 --

3 88 - 90 --

5 277 - 289 329 - 339 --

6 119 - 120 122 - 131 133 - 134 --

8 316 - 317 320 - 321 428 - 437 455 - 469 --

11 63 - 78 91 - 110 135 - 138 163 - 164 --

14 318 - 319 340 - 358 373 - 405 476 - 489 --

16 45 - 62 176 - 190 323 - 328 359 - 372 406 - 427 439 - 443 470 - 475 --

18 19 - 43 79 - 87 111 - 118 139 - 162 165 - 171 173 - 174 191 - 266 445 - 454 --

************************************ END OF STEP ***************************
************************************** STEP # 6 ****************************
BEFORE MERGE
0 0 - 18 267 - 276 290 - 293 295 - 302 304 - 312 314 - 315 --

3 88 - 90 --

5 277 - 289 329 - 339 --

6 119 - 120 122 - 131 133 - 134 --

8 316 - 317 320 - 321 428 - 437 455 - 469 --

11 63 - 78 91 - 110 135 - 138 163 - 164 --

14 318 - 319 340 - 358 373 - 405 476 - 489 --

16 45 - 62 176 - 190 323 - 328 359 - 372 406 - 427 439 - 443 470 - 475 --

18 19 - 43 79 - 87 111 - 118 139 - 162 165 - 171 173 - 174 191 - 266 445 - 454 --


0 0.000 0.000 19.000 0.000 7.000 0.000 7.000 0.000 12.000
3 0.000 0.000 0.000 0.000 0.000 20.000 0.000 6.000 2.000
5 19.000 0.000 0.000 0.000 0.000 0.000 8.000 12.000 1.000
6 0.000 0.000 0.000 0.000 0.000 22.000 0.000 0.000 5.000
8 7.000 0.000 0.000 0.000 0.000 0.000 21.000 15.000 11.000
11 0.000 20.000 0.000 22.000 0.000 0.000 0.000 11.000 16.000
14 7.000 0.000 8.000 0.000 21.000 0.000 0.000 17.000 0.000
16 0.000 6.000 12.000 0.000 15.000 11.000 17.000 0.000 10.000
18 12.000 2.000 1.000 5.000 11.000 16.000 0.000 10.000 0.000

22
Merge Cluster 6 & Cluster 11

AFTER MERGE
0 0 - 18 267 - 276 290 - 293 295 - 302 304 - 312 314 - 315 --

3 88 - 90 --

5 277 - 289 329 - 339 --

8 316 - 317 320 - 321 428 - 437 455 - 469 --

14 318 - 319 340 - 358 373 - 405 476 - 489 --

16 45 - 62 176 - 190 323 - 328 359 - 372 406 - 427 439 - 443 470 - 475 --

18 19 - 43 79 - 87 111 - 118 139 - 162 165 - 171 173 - 174 191 - 266 445 - 454 --

19 63 - 78 91 - 110 119 - 120 122 - 138 163 - 164 --

************************************ END OF STEP ***************************
************************************** STEP # 7 ****************************
BEFORE MERGE
0 0 - 18 267 - 276 290 - 293 295 - 302 304 - 312 314 - 315 --

3 88 - 90 --

5 277 - 289 329 - 339 --

8 316 - 317 320 - 321 428 - 437 455 - 469 --

14 318 - 319 340 - 358 373 - 405 476 - 489 --

16 45 - 62 176 - 190 323 - 328 359 - 372 406 - 427 439 - 443 470 - 475 --

18 19 - 43 79 - 87 111 - 118 139 - 162 165 - 171 173 - 174 191 - 266 445 - 454 --

19 63 - 78 91 - 110 119 - 120 122 - 138 163 - 164 --


0 0.000 0.000 19.000 7.000 7.000 0.000 12.000 0.000
3 0.000 0.000 0.000 0.000 0.000 6.000 2.000 16.000
5 19.000 0.000 0.000 0.000 8.000 12.000 1.000 0.000
8 7.000 0.000 0.000 0.000 21.000 15.000 11.000 0.000
14 7.000 0.000 8.000 21.000 0.000 17.000 0.000 0.000
16 0.000 6.000 12.000 15.000 17.000 0.000 10.000 10.000
18 12.000 2.000 1.000 11.000 0.000 10.000 0.000 19.000
19 0.000 16.000 0.000 0.000 0.000 10.000 19.000 0.000

21
Merge Cluster 8 & Cluster 14

AFTER MERGE
0 0 - 18 267 - 276 290 - 293 295 - 302 304 - 312 314 - 315 --

3 88 - 90 --

5 277 - 289 329 - 339 --

16 45 - 62 176 - 190 323 - 328 359 - 372 406 - 427 439 - 443 470 - 475 --

18 19 - 43 79 - 87 111 - 118 139 - 162 165 - 171 173 - 174 191 - 266 445 - 454 --

19 63 - 78 91 - 110 119 - 120 122 - 138 163 - 164 --

20 316 - 322 340 - 358 373 - 405 428 - 437 455 - 469 476 - 489 --

************************************ END OF STEP ***************************
************************************** STEP # 8 ****************************
BEFORE MERGE
0 0 - 18 267 - 276 290 - 293 295 - 302 304 - 312 314 - 315 --

3 88 - 90 --

5 277 - 289 329 - 339 --

16 45 - 62 176 - 190 323 - 328 359 - 372 406 - 427 439 - 443 470 - 475 --

18 19 - 43 79 - 87 111 - 118 139 - 162 165 - 171 173 - 174 191 - 266 445 - 454 --

19 63 - 78 91 - 110 119 - 120 122 - 138 163 - 164 --

20 316 - 322 340 - 358 373 - 405 428 - 437 455 - 469 476 - 489 --


0 0.000 0.000 19.000 0.000 12.000 0.000 9.000
3 0.000 0.000 0.000 6.000 2.000 16.000 0.000
5 19.000 0.000 0.000 12.000 1.000 0.000 6.000
16 0.000 6.000 12.000 0.000 10.000 10.000 24.000
18 12.000 2.000 1.000 10.000 0.000 19.000 8.000
19 0.000 16.000 0.000 10.000 19.000 0.000 0.000
20 9.000 0.000 6.000 24.000 8.000 0.000 0.000

24
Merge Cluster 16 & Cluster 20

AFTER MERGE
0 0 - 18 267 - 276 290 - 293 295 - 302 304 - 312 314 - 315 --

3 88 - 90 --

5 277 - 289 329 - 339 --

18 19 - 43 79 - 87 111 - 118 139 - 162 165 - 171 173 - 174 191 - 266 445 - 454 --

19 63 - 78 91 - 110 119 - 120 122 - 138 163 - 164 --

21 45 - 62 176 - 190 316 - 328 340 - 437 439 - 443 455 - 489 --

************************************ END OF STEP ***************************
************************************** STEP # 9 ****************************
BEFORE MERGE
0 0 - 18 267 - 276 290 - 293 295 - 302 304 - 312 314 - 315 --

3 88 - 90 --

5 277 - 289 329 - 339 --

18 19 - 43 79 - 87 111 - 118 139 - 162 165 - 171 173 - 174 191 - 266 445 - 454 --

19 63 - 78 91 - 110 119 - 120 122 - 138 163 - 164 --

21 45 - 62 176 - 190 316 - 328 340 - 437 439 - 443 455 - 489 --


0 0.000 0.000 19.000 12.000 0.000 6.000
3 0.000 0.000 0.000 2.000 16.000 3.000
5 19.000 0.000 0.000 1.000 0.000 10.000
18 12.000 2.000 1.000 0.000 19.000 14.000
19 0.000 16.000 0.000 19.000 0.000 6.000
21 6.000 3.000 10.000 14.000 6.000 0.000

19
Merge Cluster 0 & Cluster 5

AFTER MERGE
3 88 - 90 --

18 19 - 43 79 - 87 111 - 118 139 - 162 165 - 171 173 - 174 191 - 266 445 - 454 --

19 63 - 78 91 - 110 119 - 120 122 - 138 163 - 164 --

21 45 - 62 176 - 190 316 - 328 340 - 437 439 - 443 455 - 489 --

22 0 - 18 267 - 302 304 - 312 314 - 315 329 - 339 --

************************************ END OF STEP ***************************
************************************** STEP # 10 ****************************
BEFORE MERGE
3 88 - 90 --

18 19 - 43 79 - 87 111 - 118 139 - 162 165 - 171 173 - 174 191 - 266 445 - 454 --

19 63 - 78 91 - 110 119 - 120 122 - 138 163 - 164 --

21 45 - 62 176 - 190 316 - 328 340 - 437 439 - 443 455 - 489 --

22 0 - 18 267 - 302 304 - 312 314 - 315 329 - 339 --


3 0.000 2.000 16.000 3.000 0.000
18 2.000 0.000 19.000 14.000 11.000
19 16.000 19.000 0.000 6.000 0.000
21 3.000 14.000 6.000 0.000 14.000
22 0.000 11.000 0.000 14.000 0.000

19
Merge Cluster 18 & Cluster 19

AFTER MERGE
3 88 - 90 --

21 45 - 62 176 - 190 316 - 328 340 - 437 439 - 443 455 - 489 --

22 0 - 18 267 - 302 304 - 312 314 - 315 329 - 339 --

23 19 - 44 63 - 87 91 - 171 173 - 174 191 - 266 445 - 454 --

************************************ END OF STEP ***************************
************************************** STEP # 11 ****************************
BEFORE MERGE
3 88 - 90 --

21 45 - 62 176 - 190 316 - 328 340 - 437 439 - 443 455 - 489 --

22 0 - 18 267 - 302 304 - 312 314 - 315 329 - 339 --

23 19 - 44 63 - 87 91 - 171 173 - 174 191 - 266 445 - 454 --


3 0.000 3.000 0.000 6.000
21 3.000 0.000 14.000 15.000
22 0.000 14.000 0.000 9.000
23 6.000 15.000 9.000 0.000

15
Merge Cluster 21 & Cluster 23

AFTER MERGE
3 88 - 90 --

22 0 - 18 267 - 302 304 - 312 314 - 315 329 - 339 --

24 19 - 87 91 - 174 176 - 266 316 - 328 340 - 443 445 - 489 --

************************************ END OF STEP ***************************
************************************** STEP # 12 ****************************
BEFORE MERGE
3 88 - 90 --

22 0 - 18 267 - 302 304 - 312 314 - 315 329 - 339 --

24 19 - 87 91 - 174 176 - 266 316 - 328 340 - 443 445 - 489 --


3 0.000 0.000 5.000
22 0.000 0.000 13.000
24 5.000 13.000 0.000

13
Merge Cluster 22 & Cluster 24

AFTER MERGE
3 88 - 90 --

25 0 - 87 91 - 174 176 - 489 --

************************************ END OF STEP ***************************
************************************** STEP # 13 ****************************
BEFORE MERGE
3 88 - 90 --

25 0 - 87 91 - 174 176 - 489 --


3 0.000 4.000
25 4.000 0.000

4
Merge Cluster 3 & Cluster 25

AFTER MERGE
26 0 - 489 --

************************************ END OF STEP ***************************
