3iac a
[0, 10, 21, 8, 0, 0, 0, 0, 0, 9, 0, 0, 0, 0]
[10, 0, 17, 13, 22, 18, 5, 0, 5, 0, 0, 0, 0, 0]
[21, 17, 0, 0, 11, 0, 0, 0, 0, 0, 0, 0, 0, 11]
[8, 13, 0, 0, 0, 14, 0, 0, 5, 21, 0, 0, 0, 0]
[0, 22, 11, 0, 0, 5, 17, 10, 0, 0, 14, 8, 25, 10]
[0, 18, 0, 14, 5, 0, 5, 0, 0, 0, 0, 0, 0, 0]
[0, 5, 0, 0, 17, 5, 0, 0, 0, 0, 0, 29, 0, 0]
[0, 0, 0, 0, 10, 0, 0, 0, 0, 0, 2, 13, 20, 0]
[0, 5, 0, 5, 0, 0, 0, 0, 0, 16, 6, 0, 0, 0]
[9, 0, 0, 21, 0, 0, 0, 0, 16, 0, 0, 0, 0, 1]
[0, 0, 0, 0, 14, 0, 0, 2, 6, 0, 0, 0, 8, 13]
[0, 0, 0, 0, 8, 0, 29, 13, 0, 0, 0, 0, 0, 0]
[0, 0, 0, 0, 25, 0, 0, 20, 0, 0, 8, 0, 0, 16]
[0, 0, 11, 0, 10, 0, 0, 0, 0, 1, 13, 0, 16, 0]
Dendrogram, 14 elements, 13 merges

8 9 0 2 1 3 5 7 11 4 12 10 13 6
| | | | | | | | |  | |  |  |  |
| | | | | | | `-'  | |  |  |  |
| | | | | | |  |   | |  |  |  |
| | | | | | |  `---' |  |  |  |
| | | | | | |    |   |  |  |  |
| | | | | | |    `---'  |  |  |
| | | | | | |      |    |  |  |
| | | | | | |      `----'  |  |
| | | | | | |        |     |  |
| | `-' | | |        `-----'  |
| |  |  | | |           |     |
| |  `--' | |           |     |
| |   |   | |           |     |
| |   `---' |           |     |
| |     |   |           |     |
`-'     `---'           |     |
 |        |             |     |
 `--------'             `-----'
     |                     |   
     `---------------------'
No. of Domains:  2

0 0 - 17 102 - 103 404 - 431 --
1 25 - 32 53 - 54 144 - 149 171 - 174 397 - 403 --
2 18 - 24 392 - 396 432 - 449 --
3 40 - 52 104 - 112 119 - 141 --
4 150 - 155 175 - 182 228 - 234 286 - 290 450 - 452 --
5 33 - 39 156 - 170 --
6 216 - 227 --
7 183 - 186 238 - 277 --
8 55 - 84 --
9 85 - 101 113 - 118 --
10 235 - 237 291 - 317 342 - 343 --
11 187 - 215 --
12 278 - 285 318 - 337 --
13 338 - 341 344 - 363 365 - 391 --

[(11, 7), (4, 14), (12, 15), (10, 16), (13, 17), (2, 0), (1, 19), (3, 20), (5, 21), (9, 8), (22, 23), (6, 18), (25, 24)]

0 - 149 156 - 174 397 - 453 -- 150 - 155 175 - 396 --
**************************CLAUSET'S END***************************


************************************** STEP # 1 ****************************
BEFORE MERGE
0 0 - 17 102 - 103 404 - 431 --

1 25 - 32 53 - 54 144 - 149 171 - 174 397 - 403 --

2 18 - 24 392 - 396 432 - 449 --

3 40 - 52 104 - 112 119 - 141 --

4 150 - 155 175 - 182 228 - 234 286 - 290 450 - 452 --

5 33 - 39 156 - 170 --

6 216 - 227 --

7 183 - 186 238 - 277 --

8 55 - 84 --

9 85 - 101 113 - 118 --

10 235 - 237 291 - 317 342 - 343 --

11 187 - 215 --

12 278 - 285 318 - 337 --

13 338 - 341 344 - 363 365 - 391 --


0 0.000 10.000 21.000 8.000 0.000 0.000 0.000 0.000 0.000 9.000 0.000 0.000 0.000 0.000
1 10.000 0.000 17.000 13.000 22.000 18.000 5.000 0.000 5.000 0.000 0.000 0.000 0.000 0.000
2 21.000 17.000 0.000 0.000 11.000 0.000 0.000 0.000 0.000 0.000 0.000 0.000 0.000 11.000
3 8.000 13.000 0.000 0.000 0.000 14.000 0.000 0.000 5.000 21.000 0.000 0.000 0.000 0.000
4 0.000 22.000 11.000 0.000 0.000 5.000 17.000 10.000 0.000 0.000 14.000 8.000 25.000 10.000
5 0.000 18.000 0.000 14.000 5.000 0.000 5.000 0.000 0.000 0.000 0.000 0.000 0.000 0.000
6 0.000 5.000 0.000 0.000 17.000 5.000 0.000 0.000 0.000 0.000 0.000 29.000 0.000 0.000
7 0.000 0.000 0.000 0.000 10.000 0.000 0.000 0.000 0.000 0.000 2.000 13.000 20.000 0.000
8 0.000 5.000 0.000 5.000 0.000 0.000 0.000 0.000 0.000 16.000 6.000 0.000 0.000 0.000
9 9.000 0.000 0.000 21.000 0.000 0.000 0.000 0.000 16.000 0.000 0.000 0.000 0.000 1.000
10 0.000 0.000 0.000 0.000 14.000 0.000 0.000 2.000 6.000 0.000 0.000 0.000 8.000 13.000
11 0.000 0.000 0.000 0.000 8.000 0.000 29.000 13.000 0.000 0.000 0.000 0.000 0.000 0.000
12 0.000 0.000 0.000 0.000 25.000 0.000 0.000 20.000 0.000 0.000 8.000 0.000 0.000 16.000
13 0.000 0.000 11.000 0.000 10.000 0.000 0.000 0.000 0.000 1.000 13.000 0.000 16.000 0.000

29
Merge Cluster 6 & Cluster 11

AFTER MERGE
0 0 - 17 102 - 103 404 - 431 --

1 25 - 32 53 - 54 144 - 149 171 - 174 397 - 403 --

2 18 - 24 392 - 396 432 - 449 --

3 40 - 52 104 - 112 119 - 141 --

4 150 - 155 175 - 182 228 - 234 286 - 290 450 - 452 --

5 33 - 39 156 - 170 --

7 183 - 186 238 - 277 --

8 55 - 84 --

9 85 - 101 113 - 118 --

10 235 - 237 291 - 317 342 - 343 --

12 278 - 285 318 - 337 --

13 338 - 341 344 - 363 365 - 391 --

14 187 - 227 --

************************************ END OF STEP ***************************
************************************** STEP # 2 ****************************
BEFORE MERGE
0 0 - 17 102 - 103 404 - 431 --

1 25 - 32 53 - 54 144 - 149 171 - 174 397 - 403 --

2 18 - 24 392 - 396 432 - 449 --

3 40 - 52 104 - 112 119 - 141 --

4 150 - 155 175 - 182 228 - 234 286 - 290 450 - 452 --

5 33 - 39 156 - 170 --

7 183 - 186 238 - 277 --

8 55 - 84 --

9 85 - 101 113 - 118 --

10 235 - 237 291 - 317 342 - 343 --

12 278 - 285 318 - 337 --

13 338 - 341 344 - 363 365 - 391 --

14 187 - 227 --


0 0.000 10.000 21.000 8.000 0.000 0.000 0.000 0.000 9.000 0.000 0.000 0.000 0.000
1 10.000 0.000 17.000 13.000 22.000 18.000 0.000 5.000 0.000 0.000 0.000 0.000 2.000
2 21.000 17.000 0.000 0.000 11.000 0.000 0.000 0.000 0.000 0.000 0.000 11.000 0.000
3 8.000 13.000 0.000 0.000 0.000 14.000 0.000 5.000 21.000 0.000 0.000 0.000 0.000
4 0.000 22.000 11.000 0.000 0.000 5.000 10.000 0.000 0.000 14.000 25.000 10.000 17.000
5 0.000 18.000 0.000 14.000 5.000 0.000 0.000 0.000 0.000 0.000 0.000 0.000 3.000
7 0.000 0.000 0.000 0.000 10.000 0.000 0.000 0.000 0.000 2.000 20.000 0.000 11.000
8 0.000 5.000 0.000 5.000 0.000 0.000 0.000 0.000 16.000 6.000 0.000 0.000 0.000
9 9.000 0.000 0.000 21.000 0.000 0.000 0.000 16.000 0.000 0.000 0.000 1.000 0.000
10 0.000 0.000 0.000 0.000 14.000 0.000 2.000 6.000 0.000 0.000 8.000 13.000 0.000
12 0.000 0.000 0.000 0.000 25.000 0.000 20.000 0.000 0.000 8.000 0.000 16.000 0.000
13 0.000 0.000 11.000 0.000 10.000 0.000 0.000 0.000 1.000 13.000 16.000 0.000 0.000
14 0.000 2.000 0.000 0.000 17.000 3.000 11.000 0.000 0.000 0.000 0.000 0.000 0.000

25
Merge Cluster 4 & Cluster 12

AFTER MERGE
0 0 - 17 102 - 103 404 - 431 --

1 25 - 32 53 - 54 144 - 149 171 - 174 397 - 403 --

2 18 - 24 392 - 396 432 - 449 --

3 40 - 52 104 - 112 119 - 141 --

5 33 - 39 156 - 170 --

7 183 - 186 238 - 277 --

8 55 - 84 --

9 85 - 101 113 - 118 --

10 235 - 237 291 - 317 342 - 343 --

13 338 - 341 344 - 363 365 - 391 --

14 187 - 227 --

15 150 - 155 175 - 182 228 - 234 278 - 290 318 - 337 450 - 453 --

************************************ END OF STEP ***************************
************************************** STEP # 3 ****************************
BEFORE MERGE
0 0 - 17 102 - 103 404 - 431 --

1 25 - 32 53 - 54 144 - 149 171 - 174 397 - 403 --

2 18 - 24 392 - 396 432 - 449 --

3 40 - 52 104 - 112 119 - 141 --

5 33 - 39 156 - 170 --

7 183 - 186 238 - 277 --

8 55 - 84 --

9 85 - 101 113 - 118 --

10 235 - 237 291 - 317 342 - 343 --

13 338 - 341 344 - 363 365 - 391 --

14 187 - 227 --

15 150 - 155 175 - 182 228 - 234 278 - 290 318 - 337 450 - 453 --


0 0.000 10.000 21.000 8.000 0.000 0.000 0.000 9.000 0.000 0.000 0.000 0.000
1 10.000 0.000 17.000 13.000 18.000 0.000 5.000 0.000 0.000 0.000 2.000 14.000
2 21.000 17.000 0.000 0.000 0.000 0.000 0.000 0.000 0.000 11.000 0.000 7.000
3 8.000 13.000 0.000 0.000 14.000 0.000 5.000 21.000 0.000 0.000 0.000 0.000
5 0.000 18.000 0.000 14.000 0.000 0.000 0.000 0.000 0.000 0.000 3.000 3.000
7 0.000 0.000 0.000 0.000 0.000 0.000 0.000 0.000 2.000 0.000 11.000 22.000
8 0.000 5.000 0.000 5.000 0.000 0.000 0.000 16.000 6.000 0.000 0.000 0.000
9 9.000 0.000 0.000 21.000 0.000 0.000 16.000 0.000 0.000 1.000 0.000 0.000
10 0.000 0.000 0.000 0.000 0.000 2.000 6.000 0.000 0.000 13.000 0.000 15.000
13 0.000 0.000 11.000 0.000 0.000 0.000 0.000 1.000 13.000 0.000 0.000 19.000
14 0.000 2.000 0.000 0.000 3.000 11.000 0.000 0.000 0.000 0.000 0.000 12.000
15 0.000 14.000 7.000 0.000 3.000 22.000 0.000 0.000 15.000 19.000 12.000 0.000

22
Merge Cluster 7 & Cluster 15

AFTER MERGE
0 0 - 17 102 - 103 404 - 431 --

1 25 - 32 53 - 54 144 - 149 171 - 174 397 - 403 --

2 18 - 24 392 - 396 432 - 449 --

3 40 - 52 104 - 112 119 - 141 --

5 33 - 39 156 - 170 --

8 55 - 84 --

9 85 - 101 113 - 118 --

10 235 - 237 291 - 317 342 - 343 --

13 338 - 341 344 - 363 365 - 391 --

14 187 - 227 --

16 150 - 155 175 - 186 228 - 234 238 - 290 318 - 337 450 - 453 --

************************************ END OF STEP ***************************
************************************** STEP # 4 ****************************
BEFORE MERGE
0 0 - 17 102 - 103 404 - 431 --

1 25 - 32 53 - 54 144 - 149 171 - 174 397 - 403 --

2 18 - 24 392 - 396 432 - 449 --

3 40 - 52 104 - 112 119 - 141 --

5 33 - 39 156 - 170 --

8 55 - 84 --

9 85 - 101 113 - 118 --

10 235 - 237 291 - 317 342 - 343 --

13 338 - 341 344 - 363 365 - 391 --

14 187 - 227 --

16 150 - 155 175 - 186 228 - 234 238 - 290 318 - 337 450 - 453 --


0 0.000 10.000 21.000 8.000 0.000 0.000 9.000 0.000 0.000 0.000 0.000
1 10.000 0.000 17.000 13.000 18.000 5.000 0.000 0.000 0.000 2.000 9.000
2 21.000 17.000 0.000 0.000 0.000 0.000 0.000 0.000 11.000 0.000 5.000
3 8.000 13.000 0.000 0.000 14.000 5.000 21.000 0.000 0.000 0.000 0.000
5 0.000 18.000 0.000 14.000 0.000 0.000 0.000 0.000 0.000 3.000 2.000
8 0.000 5.000 0.000 5.000 0.000 0.000 16.000 6.000 0.000 0.000 0.000
9 9.000 0.000 0.000 21.000 0.000 16.000 0.000 0.000 1.000 0.000 0.000
10 0.000 0.000 0.000 0.000 0.000 6.000 0.000 0.000 13.000 0.000 11.000
13 0.000 0.000 11.000 0.000 0.000 0.000 1.000 13.000 0.000 0.000 13.000
14 0.000 2.000 0.000 0.000 3.000 0.000 0.000 0.000 0.000 0.000 15.000
16 0.000 9.000 5.000 0.000 2.000 0.000 0.000 11.000 13.000 15.000 0.000

21
Merge Cluster 0 & Cluster 2

AFTER MERGE
1 25 - 32 53 - 54 144 - 149 171 - 174 397 - 403 --

3 40 - 52 104 - 112 119 - 141 --

5 33 - 39 156 - 170 --

8 55 - 84 --

9 85 - 101 113 - 118 --

10 235 - 237 291 - 317 342 - 343 --

13 338 - 341 344 - 363 365 - 391 --

14 187 - 227 --

16 150 - 155 175 - 186 228 - 234 238 - 290 318 - 337 450 - 453 --

17 0 - 24 102 - 103 392 - 396 404 - 449 --

************************************ END OF STEP ***************************
************************************** STEP # 5 ****************************
BEFORE MERGE
1 25 - 32 53 - 54 144 - 149 171 - 174 397 - 403 --

3 40 - 52 104 - 112 119 - 141 --

5 33 - 39 156 - 170 --

8 55 - 84 --

9 85 - 101 113 - 118 --

10 235 - 237 291 - 317 342 - 343 --

13 338 - 341 344 - 363 365 - 391 --

14 187 - 227 --

16 150 - 155 175 - 186 228 - 234 238 - 290 318 - 337 450 - 453 --

17 0 - 24 102 - 103 392 - 396 404 - 449 --


1 0.000 13.000 18.000 5.000 0.000 0.000 0.000 2.000 9.000 16.000
3 13.000 0.000 14.000 5.000 21.000 0.000 0.000 0.000 0.000 6.000
5 18.000 14.000 0.000 0.000 0.000 0.000 0.000 3.000 2.000 0.000
8 5.000 5.000 0.000 0.000 16.000 6.000 0.000 0.000 0.000 0.000
9 0.000 21.000 0.000 16.000 0.000 0.000 1.000 0.000 0.000 6.000
10 0.000 0.000 0.000 6.000 0.000 0.000 13.000 0.000 11.000 0.000
13 0.000 0.000 0.000 0.000 1.000 13.000 0.000 0.000 13.000 6.000
14 2.000 0.000 3.000 0.000 0.000 0.000 0.000 0.000 15.000 0.000
16 9.000 0.000 2.000 0.000 0.000 11.000 13.000 15.000 0.000 3.000
17 16.000 6.000 0.000 0.000 6.000 0.000 6.000 0.000 3.000 0.000

21
Merge Cluster 3 & Cluster 9

AFTER MERGE
1 25 - 32 53 - 54 144 - 149 171 - 174 397 - 403 --

5 33 - 39 156 - 170 --

8 55 - 84 --

10 235 - 237 291 - 317 342 - 343 --

13 338 - 341 344 - 363 365 - 391 --

14 187 - 227 --

16 150 - 155 175 - 186 228 - 234 238 - 290 318 - 337 450 - 453 --

17 0 - 24 102 - 103 392 - 396 404 - 449 --

18 40 - 52 85 - 101 104 - 141 --

************************************ END OF STEP ***************************
************************************** STEP # 6 ****************************
BEFORE MERGE
1 25 - 32 53 - 54 144 - 149 171 - 174 397 - 403 --

5 33 - 39 156 - 170 --

8 55 - 84 --

10 235 - 237 291 - 317 342 - 343 --

13 338 - 341 344 - 363 365 - 391 --

14 187 - 227 --

16 150 - 155 175 - 186 228 - 234 238 - 290 318 - 337 450 - 453 --

17 0 - 24 102 - 103 392 - 396 404 - 449 --

18 40 - 52 85 - 101 104 - 141 --


1 0.000 18.000 5.000 0.000 0.000 2.000 9.000 16.000 10.000
5 18.000 0.000 0.000 0.000 0.000 3.000 2.000 0.000 10.000
8 5.000 0.000 0.000 6.000 0.000 0.000 0.000 0.000 13.000
10 0.000 0.000 6.000 0.000 13.000 0.000 11.000 0.000 0.000
13 0.000 0.000 0.000 13.000 0.000 0.000 13.000 6.000 0.000
14 2.000 3.000 0.000 0.000 0.000 0.000 15.000 0.000 0.000
16 9.000 2.000 0.000 11.000 13.000 15.000 0.000 3.000 0.000
17 16.000 0.000 0.000 0.000 6.000 0.000 3.000 0.000 10.000
18 10.000 10.000 13.000 0.000 0.000 0.000 0.000 10.000 0.000

18
Merge Cluster 1 & Cluster 5

AFTER MERGE
8 55 - 84 --

10 235 - 237 291 - 317 342 - 343 --

13 338 - 341 344 - 363 365 - 391 --

14 187 - 227 --

16 150 - 155 175 - 186 228 - 234 238 - 290 318 - 337 450 - 453 --

17 0 - 24 102 - 103 392 - 396 404 - 449 --

18 40 - 52 85 - 101 104 - 141 --

19 25 - 39 53 - 54 144 - 149 156 - 174 397 - 403 --

************************************ END OF STEP ***************************
************************************** STEP # 7 ****************************
BEFORE MERGE
8 55 - 84 --

10 235 - 237 291 - 317 342 - 343 --

13 338 - 341 344 - 363 365 - 391 --

14 187 - 227 --

16 150 - 155 175 - 186 228 - 234 238 - 290 318 - 337 450 - 453 --

17 0 - 24 102 - 103 392 - 396 404 - 449 --

18 40 - 52 85 - 101 104 - 141 --

19 25 - 39 53 - 54 144 - 149 156 - 174 397 - 403 --


8 0.000 6.000 0.000 0.000 0.000 0.000 13.000 3.000
10 6.000 0.000 13.000 0.000 11.000 0.000 0.000 0.000
13 0.000 13.000 0.000 0.000 13.000 6.000 0.000 0.000
14 0.000 0.000 0.000 0.000 15.000 0.000 0.000 4.000
16 0.000 11.000 13.000 15.000 0.000 3.000 0.000 10.000
17 0.000 0.000 6.000 0.000 3.000 0.000 10.000 14.000
18 13.000 0.000 0.000 0.000 0.000 10.000 0.000 16.000
19 3.000 0.000 0.000 4.000 10.000 14.000 16.000 0.000

16
Merge Cluster 18 & Cluster 19

AFTER MERGE
8 55 - 84 --

10 235 - 237 291 - 317 342 - 343 --

13 338 - 341 344 - 363 365 - 391 --

14 187 - 227 --

16 150 - 155 175 - 186 228 - 234 238 - 290 318 - 337 450 - 453 --

17 0 - 24 102 - 103 392 - 396 404 - 449 --

20 25 - 54 85 - 101 104 - 149 156 - 174 397 - 403 --

************************************ END OF STEP ***************************
************************************** STEP # 8 ****************************
BEFORE MERGE
8 55 - 84 --

10 235 - 237 291 - 317 342 - 343 --

13 338 - 341 344 - 363 365 - 391 --

14 187 - 227 --

16 150 - 155 175 - 186 228 - 234 238 - 290 318 - 337 450 - 453 --

17 0 - 24 102 - 103 392 - 396 404 - 449 --

20 25 - 54 85 - 101 104 - 149 156 - 174 397 - 403 --


8 0.000 6.000 0.000 0.000 0.000 0.000 10.000
10 6.000 0.000 13.000 0.000 11.000 0.000 0.000
13 0.000 13.000 0.000 0.000 13.000 6.000 0.000
14 0.000 0.000 0.000 0.000 15.000 0.000 2.000
16 0.000 11.000 13.000 15.000 0.000 3.000 7.000
17 0.000 0.000 6.000 0.000 3.000 0.000 16.000
20 10.000 0.000 0.000 2.000 7.000 16.000 0.000

16
Merge Cluster 17 & Cluster 20

AFTER MERGE
8 55 - 84 --

10 235 - 237 291 - 317 342 - 343 --

13 338 - 341 344 - 363 365 - 391 --

14 187 - 227 --

16 150 - 155 175 - 186 228 - 234 238 - 290 318 - 337 450 - 453 --

21 0 - 54 85 - 149 156 - 174 392 - 449 --

************************************ END OF STEP ***************************
************************************** STEP # 9 ****************************
BEFORE MERGE
8 55 - 84 --

10 235 - 237 291 - 317 342 - 343 --

13 338 - 341 344 - 363 365 - 391 --

14 187 - 227 --

16 150 - 155 175 - 186 228 - 234 238 - 290 318 - 337 450 - 453 --

21 0 - 54 85 - 149 156 - 174 392 - 449 --


8 0.000 6.000 0.000 0.000 0.000 7.000
10 6.000 0.000 13.000 0.000 11.000 0.000
13 0.000 13.000 0.000 0.000 13.000 4.000
14 0.000 0.000 0.000 0.000 15.000 1.000
16 0.000 11.000 13.000 15.000 0.000 7.000
21 7.000 0.000 4.000 1.000 7.000 0.000

15
Merge Cluster 14 & Cluster 16

AFTER MERGE
8 55 - 84 --

10 235 - 237 291 - 317 342 - 343 --

13 338 - 341 344 - 363 365 - 391 --

21 0 - 54 85 - 149 156 - 174 392 - 449 --

22 150 - 155 175 - 234 238 - 290 318 - 337 450 - 453 --

************************************ END OF STEP ***************************
************************************** STEP # 10 ****************************
BEFORE MERGE
8 55 - 84 --

10 235 - 237 291 - 317 342 - 343 --

13 338 - 341 344 - 363 365 - 391 --

21 0 - 54 85 - 149 156 - 174 392 - 449 --

22 150 - 155 175 - 234 238 - 290 318 - 337 450 - 453 --


8 0.000 6.000 0.000 7.000 0.000
10 6.000 0.000 13.000 0.000 9.000
13 0.000 13.000 0.000 4.000 10.000
21 7.000 0.000 4.000 0.000 7.000
22 0.000 9.000 10.000 7.000 0.000

13
Merge Cluster 10 & Cluster 13

AFTER MERGE
8 55 - 84 --

21 0 - 54 85 - 149 156 - 174 392 - 449 --

22 150 - 155 175 - 234 238 - 290 318 - 337 450 - 453 --

23 235 - 237 291 - 317 338 - 363 365 - 391 --

************************************ END OF STEP ***************************
************************************** STEP # 11 ****************************
BEFORE MERGE
8 55 - 84 --

21 0 - 54 85 - 149 156 - 174 392 - 449 --

22 150 - 155 175 - 234 238 - 290 318 - 337 450 - 453 --

23 235 - 237 291 - 317 338 - 363 365 - 391 --


8 0.000 7.000 0.000 3.000
21 7.000 0.000 7.000 3.000
22 0.000 7.000 0.000 16.000
23 3.000 3.000 16.000 0.000

16
Merge Cluster 22 & Cluster 23

AFTER MERGE
8 55 - 84 --

21 0 - 54 85 - 149 156 - 174 392 - 449 --

24 150 - 155 175 - 391 450 - 453 --

************************************ END OF STEP ***************************
************************************** STEP # 12 ****************************
BEFORE MERGE
8 55 - 84 --

21 0 - 54 85 - 149 156 - 174 392 - 449 --

24 150 - 155 175 - 391 450 - 453 --


8 0.000 7.000 1.000
21 7.000 0.000 8.000
24 1.000 8.000 0.000

8
Merge Cluster 21 & Cluster 24

AFTER MERGE
8 55 - 84 --

25 0 - 54 85 - 453 --

************************************ END OF STEP ***************************
************************************** STEP # 13 ****************************
BEFORE MERGE
8 55 - 84 --

25 0 - 54 85 - 453 --


8 0.000 4.000
25 4.000 0.000

4
Merge Cluster 8 & Cluster 25

AFTER MERGE
26 0 - 453 --

************************************ END OF STEP ***************************
