0	1
0	2
0	3
0	4
1	2
1	3
1	4
1	5
1	44
2	3
2	4
2	5
2	6
2	31
3	4
3	5
3	6
3	7
4	5
4	6
4	7
4	8
5	6
5	7
5	8
5	9
6	7
6	8
6	9
6	10
7	8
7	9
7	10
7	11
8	9
8	10
8	11
8	12
8	72
8	75
9	10
9	11
9	12
9	13
9	23
10	11
10	12
10	13
10	14
10	152
11	12
11	13
11	14
11	15
12	13
12	14
12	15
12	17
13	14
13	15
13	16
13	17
13	152
14	15
14	16
14	130
15	16
15	17
15	130
16	17
17	18
17	19
18	19
18	22
18	23
19	20
19	21
19	22
19	23
20	21
20	22
20	23
20	24
21	22
21	23
21	24
21	25
22	23
22	24
22	25
22	26
23	24
23	25
23	26
23	27
24	25
24	26
24	27
24	28
25	26
25	27
25	28
25	29
26	27
26	28
26	29
26	30
26	68
27	28
27	29
27	30
27	31
28	29
28	30
28	31
28	32
29	30
29	31
29	32
29	33
29	65
29	68
30	31
30	32
30	33
30	34
30	68
30	69
31	32
31	33
31	34
31	35
32	33
32	34
32	35
32	36
33	34
33	35
33	36
33	37
34	35
34	36
34	37
34	38
35	36
35	37
35	38
35	39
36	37
36	38
36	39
36	40
37	38
37	39
37	40
37	41
37	42
37	43
38	39
38	40
38	41
38	42
38	43
39	40
39	41
40	41
40	42
41	42
41	43
42	43
42	46
42	47
43	44
43	45
43	46
43	47
44	45
44	46
44	47
45	46
45	47
45	82
46	47
46	48
47	48
47	49
47	51
48	49
48	50
48	51
48	52
48	86
49	50
49	51
49	52
49	53
49	86
49	87
50	51
50	52
50	53
50	54
51	52
51	53
51	54
51	55
52	53
52	54
52	55
52	56
53	54
53	55
53	56
53	57
53	90
54	55
54	56
54	57
54	58
55	56
55	57
55	58
56	57
56	58
56	59
56	60
56	62
57	58
57	59
57	60
58	59
58	60
59	60
60	61
60	62
61	62
61	63
61	64
61	65
62	63
62	64
62	65
62	66
63	64
63	65
63	66
63	67
64	65
64	66
64	67
64	68
65	66
65	67
65	68
65	69
66	67
66	68
66	69
66	70
67	68
67	69
67	70
67	71
68	69
68	70
68	71
68	72
69	70
69	71
69	72
69	73
69	87
70	71
70	72
70	73
70	74
70	87
71	72
71	73
71	74
71	75
72	73
72	74
72	75
72	76
73	74
73	75
73	76
73	77
73	85
73	86
73	87
74	75
74	76
74	77
74	78
74	85
75	76
75	77
75	78
75	79
76	77
76	78
76	79
76	80
76	81
76	82
77	78
77	79
77	80
77	81
77	82
77	83
77	84
77	85
78	79
78	80
78	224
79	80
79	81
79	224
79	228
79	252
79	253
79	254
80	81
80	82
80	83
80	252
80	253
81	82
81	83
81	252
82	83
82	84
83	84
84	85
84	86
85	86
85	87
85	88
86	87
86	88
87	88
87	89
87	90
88	89
88	90
89	90
91	92
91	93
91	225
91	229
92	93
92	225
93	94
93	95
93	97
93	229
94	95
94	96
94	97
94	98
95	96
95	97
95	98
95	99
95	233
96	97
96	98
96	99
96	100
97	98
97	99
97	100
97	101
97	214
97	216
98	99
98	100
98	101
98	102
98	230
99	100
99	101
99	102
99	103
100	101
100	102
100	103
100	104
100	214
101	102
101	103
101	104
101	210
101	211
101	214
102	103
102	104
102	105
102	116
102	119
103	104
103	105
104	105
104	106
104	210
104	213
104	214
105	106
105	107
105	112
105	113
105	115
105	116
105	210
106	107
106	108
106	109
106	112
106	113
107	108
107	109
107	112
107	113
108	109
108	110
108	113
109	110
109	111
109	112
109	113
110	111
110	112
110	113
110	114
110	175
110	176
110	177
110	179
110	180
111	112
111	113
111	114
111	115
111	176
111	193
112	113
112	114
112	115
112	116
113	114
113	115
113	116
113	117
113	172
113	176
114	115
114	116
114	117
114	118
114	172
114	176
114	177
114	190
115	116
115	117
115	118
115	119
116	117
116	118
116	119
116	120
117	118
117	119
117	120
117	121
117	165
117	168
117	169
117	172
118	119
118	120
118	121
118	122
118	132
119	120
119	121
119	122
119	123
120	121
120	122
120	123
120	124
120	165
121	122
121	123
121	124
121	125
121	161
121	165
122	123
122	124
122	125
122	126
122	127
122	128
123	124
123	125
123	126
123	230
123	231
123	234
124	125
124	126
124	161
124	162
124	165
124	234
125	126
125	127
125	159
125	160
125	161
125	257
126	127
126	128
126	227
126	231
126	257
127	128
127	129
127	131
127	132
128	129
128	130
128	131
128	132
129	130
129	131
129	132
129	133
129	200
130	131
130	132
130	133
130	200
131	132
131	133
131	134
131	135
132	133
132	134
132	135
133	134
133	135
133	190
133	198
133	199
133	200
134	135
134	136
134	188
135	136
135	137
135	139
135	188
135	189
136	137
136	138
136	139
136	187
136	188
136	189
137	138
137	139
137	140
137	187
137	188
137	189
138	139
138	140
139	140
139	147
139	148
140	141
140	142
140	146
140	147
140	148
141	142
141	143
141	144
141	145
141	146
141	147
142	143
142	144
142	145
142	146
142	166
143	144
143	145
144	145
144	146
145	146
145	160
145	161
145	162
145	166
146	147
146	148
146	158
146	159
146	160
146	161
147	148
147	149
147	158
147	159
147	160
147	161
148	149
148	150
148	156
148	157
148	158
148	159
149	150
149	151
149	156
149	157
149	158
150	151
150	154
150	155
150	156
150	157
151	152
151	153
151	154
151	155
151	156
152	153
152	154
152	155
153	154
153	155
154	155
154	156
155	156
155	157
156	157
156	158
157	158
157	159
158	159
158	160
159	160
159	161
159	261
160	161
160	162
160	261
160	264
160	265
161	162
161	163
161	165
161	166
162	163
162	164
162	165
162	166
162	240
163	164
163	165
163	166
163	167
164	165
164	166
164	167
164	168
165	166
165	167
165	168
165	169
166	167
166	168
166	169
166	170
167	168
167	169
167	170
167	171
168	169
168	170
168	171
168	172
169	170
169	171
169	172
169	173
170	171
170	172
170	173
170	174
171	172
171	173
171	174
171	175
172	173
172	174
172	175
172	176
172	177
173	174
173	175
173	176
173	177
174	175
174	176
174	178
175	176
175	177
175	178
176	177
176	178
176	179
176	180
177	178
177	179
177	180
177	181
178	179
178	180
178	181
178	182
179	180
179	181
179	182
180	181
180	182
180	193
180	195
181	182
181	183
181	184
181	195
182	183
182	184
183	184
183	185
184	185
184	186
185	186
185	187
186	187
186	188
187	188
187	189
188	189
188	190
188	191
188	197
189	190
189	191
190	191
190	192
191	192
191	193
191	195
191	196
191	197
191	198
192	193
192	194
192	195
192	196
192	197
192	198
193	194
193	195
194	195
194	196
195	196
195	197
196	197
196	198
197	198
197	199
198	199
198	202
198	203
199	200
199	201
199	202
199	203
200	201
200	202
200	203
200	204
201	202
201	203
201	204
201	205
202	203
202	204
202	205
203	204
203	205
203	206
203	207
204	205
204	206
204	207
204	208
205	206
205	207
205	208
205	209
206	207
206	208
206	209
206	210
207	208
207	209
207	210
207	211
208	209
208	210
208	211
208	212
208	218
209	210
209	211
209	212
209	213
210	211
210	212
210	213
210	214
211	212
211	213
211	214
211	215
211	216
211	218
212	213
212	214
212	215
212	216
212	217
212	218
213	214
213	215
214	215
214	216
215	216
215	217
216	217
216	218
217	218
217	219
217	220
217	221
218	219
218	220
218	221
219	220
219	221
220	221
220	222
221	222
221	223
221	225
222	223
222	224
222	225
222	226
223	224
223	225
223	226
223	227
224	225
224	226
224	227
224	228
225	226
225	227
225	228
225	229
226	227
226	228
226	229
226	230
227	228
227	229
227	230
227	231
227	253
228	229
228	230
228	231
228	232
228	253
229	230
229	231
229	232
229	233
230	231
230	232
230	233
230	234
231	232
231	233
231	234
231	235
231	253
231	256
231	257
232	233
232	234
232	235
232	236
233	234
233	235
233	236
233	237
234	235
234	236
234	237
234	238
235	236
235	237
235	238
235	245
236	237
236	238
237	238
237	239
238	239
238	240
238	241
239	240
239	241
239	242
240	241
240	242
241	242
241	243
241	244
241	260
241	263
242	243
242	244
242	245
243	244
243	245
243	246
243	247
244	245
244	246
244	247
244	248
244	259
244	260
245	246
245	247
245	248
246	247
246	248
247	248
248	249
249	250
249	251
250	251
250	252
251	252
251	253
251	255
251	256
252	253
252	254
252	255
252	256
253	254
253	255
253	256
253	257
254	255
254	256
254	257
254	258
255	256
255	257
255	258
255	259
256	257
256	258
256	259
256	260
257	258
257	259
257	260
257	261
258	259
258	260
258	261
258	262
259	260
259	261
259	262
259	263
260	261
260	262
260	263
260	264
261	262
261	263
261	264
261	265
262	263
262	264
262	265
262	266
263	264
263	265
263	266
263	267
264	265
264	266
264	267
264	268
265	266
265	267
265	268
265	269
266	267
266	268
266	269
266	270
267	268
267	269
267	270
268	269
268	270
269	270
