0	1
0	2
0	12
0	24
1	2
1	3
1	10
2	3
2	4
3	4
3	5
3	126
4	5
4	6
4	7
4	8
4	125
4	126
5	6
6	7
6	8
6	125
7	8
7	120
7	124
7	125
7	126
8	9
8	10
8	125
8	126
8	127
9	10
9	126
9	127
9	128
10	11
10	12
10	127
10	128
10	129
11	12
11	13
11	128
11	129
11	130
12	13
12	14
12	128
12	129
12	130
12	131
13	14
13	130
13	131
13	132
13	134
14	15
14	16
14	18
14	131
14	132
15	16
15	17
15	18
15	132
16	17
16	18
16	132
17	18
17	19
18	19
18	20
19	20
19	21
19	22
19	23
19	24
20	21
20	22
20	23
20	24
20	130
21	22
21	23
21	24
21	25
21	37
21	99
22	23
22	24
22	25
22	26
22	52
23	24
23	25
23	26
23	27
24	25
24	26
24	27
24	28
25	26
25	27
25	28
25	29
25	35
26	27
26	28
26	29
26	30
27	28
27	29
27	30
27	31
28	29
28	30
28	31
28	33
29	30
29	31
29	32
29	33
29	34
29	35
29	74
29	75
30	31
30	32
31	32
31	33
32	33
32	34
33	34
33	35
33	74
33	94
34	35
34	36
34	74
34	75
34	93
34	94
34	95
35	36
35	37
35	74
35	75
35	76
35	93
35	94
35	95
35	96
36	37
36	38
36	75
36	76
36	77
36	93
36	95
36	96
36	97
37	38
37	39
37	76
37	77
37	78
37	96
37	97
37	98
37	99
38	39
38	40
38	77
38	78
38	79
38	80
38	97
38	98
38	99
39	40
39	41
39	45
39	78
39	79
39	80
39	98
39	99
39	100
40	41
40	42
40	79
40	80
40	108
41	42
41	43
41	44
41	45
41	79
42	43
42	44
42	45
42	46
42	64
42	79
43	44
43	45
43	46
43	47
44	45
44	46
44	47
44	48
45	46
45	47
45	48
45	62
45	77
45	78
45	79
46	47
46	48
46	49
46	62
47	48
47	49
47	50
47	51
48	49
48	50
48	51
48	52
49	50
49	51
49	52
49	53
49	59
49	60
50	51
50	52
50	53
50	54
51	52
51	53
51	54
51	55
52	53
52	54
52	55
52	56
52	57
52	58
52	59
53	54
53	55
53	56
53	57
53	58
53	59
54	55
54	56
54	57
55	56
55	57
56	57
56	58
57	58
57	59
58	59
58	60
59	60
59	61
59	71
59	73
60	61
60	62
60	71
60	73
60	75
60	76
60	77
61	62
61	63
61	69
61	70
61	71
61	72
61	73
61	75
61	76
61	77
62	63
62	64
62	68
62	69
62	70
62	76
62	77
62	78
63	64
63	65
63	67
63	68
63	69
63	77
63	78
63	79
63	82
64	65
64	66
64	67
64	68
64	78
64	79
64	82
65	66
65	67
65	82
66	67
67	68
67	69
68	69
68	70
69	70
69	71
70	71
70	72
71	72
71	73
72	73
72	74
73	74
73	75
74	75
74	76
75	76
75	77
76	77
76	78
77	78
78	79
78	80
78	82
78	83
79	80
79	81
79	82
79	83
80	81
80	82
80	83
80	84
80	107
80	108
80	111
81	82
81	83
81	84
81	85
81	107
82	83
82	84
82	85
82	86
83	84
83	85
83	86
83	87
83	88
84	85
84	86
84	87
84	88
84	111
84	306
85	86
85	87
85	306
86	87
86	88
86	90
87	88
87	89
87	90
88	89
88	90
88	114
89	90
89	91
90	91
91	92
91	93
92	93
92	94
93	94
93	95
93	96
93	124
94	95
94	96
94	123
94	124
94	125
94	126
95	96
95	97
95	124
95	125
95	126
95	127
96	97
96	98
96	126
96	127
96	128
97	98
97	99
97	127
97	128
97	129
97	130
98	99
98	100
98	101
98	112
98	128
98	129
98	130
99	100
99	101
99	129
99	130
99	131
100	101
100	102
100	103
100	130
100	131
101	102
101	103
101	129
101	130
101	131
102	103
102	104
102	131
102	133
102	134
102	326
102	327
103	104
103	105
103	108
104	105
104	106
104	108
104	109
104	291
105	106
105	107
105	108
105	109
105	295
106	107
106	108
106	109
106	110
106	295
106	298
106	299
107	108
107	109
107	110
107	111
108	109
108	110
108	111
108	112
109	110
109	111
109	112
109	113
110	111
110	112
110	113
110	114
110	299
110	316
110	317
111	112
111	113
111	114
111	115
112	113
112	114
112	115
112	116
112	320
113	114
113	115
113	116
113	117
113	316
113	317
113	319
113	320
114	115
114	116
114	117
114	118
114	316
115	116
115	117
115	118
115	119
116	117
116	118
116	119
116	319
116	320
117	118
117	119
117	316
117	319
118	119
118	120
118	121
118	122
119	120
119	121
119	122
119	123
119	124
120	121
120	122
120	123
120	124
120	125
121	122
121	123
122	123
122	124
123	124
123	125
124	125
124	126
125	126
126	127
126	128
127	128
127	129
128	129
128	130
129	130
129	131
130	131
131	132
131	133
131	134
132	133
132	134
133	134
133	135
133	137
133	261
134	135
134	136
134	137
135	136
135	137
135	288
135	289
135	325
135	326
135	327
136	137
136	138
136	287
136	288
136	289
137	138
137	139
137	260
137	287
137	288
138	139
138	140
138	260
138	287
138	288
139	140
139	141
139	260
139	263
139	264
140	141
140	142
141	142
141	143
142	143
142	144
142	145
143	144
143	145
144	145
144	146
144	271
144	274
144	275
144	276
145	146
145	147
145	271
145	275
145	276
145	277
145	278
146	147
146	148
146	276
146	277
146	278
147	148
147	149
147	277
147	278
147	279
148	149
148	150
148	278
148	279
148	280
149	150
149	151
149	279
149	280
149	281
150	151
150	152
150	161
150	162
150	163
150	279
150	280
150	281
151	152
151	153
151	161
151	162
152	153
152	154
152	161
152	162
153	154
153	162
153	164
154	155
154	156
154	162
154	163
154	164
154	165
155	156
155	157
155	162
155	163
155	164
155	165
156	157
156	158
156	162
156	163
156	164
157	158
157	159
157	160
157	161
157	162
157	163
158	159
158	160
158	161
158	162
158	163
159	160
159	161
159	234
159	281
160	161
160	162
161	162
161	281
162	163
162	164
163	164
163	165
164	165
164	166
164	167
165	166
165	167
165	168
165	169
166	167
166	168
166	169
167	168
167	169
168	169
168	170
168	171
168	173
169	170
169	171
169	195
170	171
170	172
170	214
171	172
171	173
171	214
171	215
171	229
172	173
172	214
172	215
172	216
172	228
172	229
173	174
173	175
173	215
173	216
173	217
173	228
173	229
173	230
173	231
174	175
174	176
174	216
174	217
174	218
174	228
174	230
174	231
174	232
175	176
175	177
175	217
175	218
175	219
175	231
175	232
175	233
176	177
176	178
176	218
176	219
176	220
176	232
176	233
176	234
177	178
177	179
177	182
177	183
177	219
177	220
177	233
177	234
178	179
178	220
178	236
178	237
179	180
179	181
179	182
179	183
179	220
180	181
180	182
180	183
180	184
180	201
180	220
181	182
181	183
181	184
181	185
182	183
182	184
182	185
182	186
183	184
183	185
183	186
183	187
183	199
183	218
183	219
184	185
184	186
184	187
184	188
184	199
185	186
185	187
185	188
185	189
186	187
186	188
186	189
186	190
187	188
187	189
187	190
187	191
187	197
187	198
187	199
187	218
188	189
188	190
188	191
188	192
189	190
189	191
189	192
189	193
190	191
190	192
190	193
190	194
190	195
190	197
191	192
191	193
191	194
191	195
191	196
191	197
192	193
192	194
193	194
193	195
194	195
194	196
195	196
195	197
196	197
196	198
196	215
196	216
197	198
197	199
197	215
197	216
197	217
197	218
198	199
198	200
198	216
198	217
198	218
199	200
199	201
199	217
199	218
199	219
200	201
200	204
200	206
200	217
200	218
200	219
200	220
201	202
201	203
201	204
201	219
201	220
201	222
201	223
202	203
202	204
202	222
203	204
203	205
204	205
204	206
205	206
205	207
205	208
206	207
206	208
206	209
207	208
207	209
208	209
208	210
209	210
209	211
210	211
210	212
210	213
211	212
211	225
211	226
212	213
212	214
213	214
213	215
214	215
215	216
215	217
216	217
216	218
217	218
217	219
218	219
219	220
219	221
220	221
220	222
220	223
221	222
221	223
222	223
224	225
224	226
225	226
225	227
226	227
226	228
227	228
227	229
227	270
228	229
228	230
228	269
228	270
229	230
229	270
229	276
229	277
230	231
230	232
230	270
230	276
230	277
230	278
231	232
231	233
231	267
231	269
231	270
231	277
231	278
231	279
232	233
232	234
232	278
232	279
232	280
233	234
233	235
233	279
233	280
233	281
234	235
234	236
234	280
234	281
235	236
235	257
235	258
235	280
235	281
235	282
236	255
236	256
236	257
236	258
237	238
237	253
237	254
237	255
237	256
238	239
238	240
238	253
238	254
238	255
239	240
239	241
239	251
239	252
239	253
239	254
239	294
240	241
240	242
240	251
240	252
240	253
240	254
240	292
240	294
241	242
241	243
241	249
241	250
241	251
241	252
241	293
241	294
242	243
242	244
242	249
242	250
242	251
243	244
243	245
243	248
243	249
243	250
244	245
244	246
244	248
244	249
244	250
245	246
245	247
245	248
245	249
246	247
246	248
246	249
247	248
247	249
247	404
247	424
248	249
248	404
248	423
248	424
248	427
249	250
249	251
249	404
249	405
250	251
250	252
250	404
250	405
250	406
251	252
251	294
251	405
251	406
252	253
252	254
252	406
253	254
253	255
254	255
254	256
255	256
256	257
256	258
257	258
257	259
257	285
257	286
258	259
258	260
258	262
258	263
258	285
258	286
259	260
259	261
259	262
259	263
259	285
259	286
259	287
259	288
260	261
260	262
260	263
260	264
260	285
260	286
260	287
260	288
261	262
261	263
261	264
261	265
261	288
262	263
262	264
262	265
262	266
263	264
263	265
263	266
263	267
264	265
264	266
264	267
264	268
265	266
265	267
265	268
265	269
266	267
266	268
266	269
267	268
267	269
267	270
267	278
268	269
268	270
268	271
269	270
270	271
270	272
270	276
270	277
271	272
271	273
271	274
271	275
271	276
272	273
272	274
273	274
274	275
274	276
275	276
276	277
276	278
277	278
277	279
278	279
278	280
279	280
280	281
280	282
280	283
281	282
281	283
282	283
282	284
283	284
283	285
284	285
284	286
285	286
285	287
286	287
286	288
287	288
287	289
288	289
288	290
289	290
289	291
289	327
289	328
290	291
290	292
290	327
290	328
290	329
291	292
291	293
291	327
291	328
291	329
292	293
292	294
292	295
292	329
293	294
293	295
293	296
293	297
293	329
293	330
293	332
294	295
294	296
294	297
294	298
295	296
295	297
295	298
295	299
296	297
296	298
296	299
296	300
297	298
297	299
297	300
297	301
297	336
298	299
298	300
298	301
298	302
298	361
299	300
299	301
299	302
299	303
300	301
300	302
300	303
300	310
300	313
301	302
301	303
301	304
301	361
301	363
301	364
302	303
302	304
302	305
302	306
303	304
303	305
303	306
303	307
303	308
303	309
303	313
304	305
304	306
304	307
304	362
304	363
305	306
305	307
306	307
306	308
307	308
307	309
308	309
308	310
308	312
308	313
309	310
309	311
309	312
309	313
310	311
310	312
310	313
310	314
310	337
310	340
310	341
311	312
311	313
311	314
311	315
311	337
312	313
312	314
312	315
312	316
313	314
313	315
313	316
313	317
314	315
314	316
314	317
314	318
314	333
314	337
315	316
315	317
315	318
315	319
316	317
316	318
316	319
316	320
317	318
317	319
317	320
317	321
318	319
318	320
318	321
318	322
319	320
319	321
319	322
319	323
320	321
320	322
320	323
321	322
321	323
322	323
322	324
323	324
323	325
323	326
324	325
324	326
325	326
325	327
326	327
326	328
327	328
328	329
328	330
329	330
329	331
330	331
330	332
331	332
331	333
332	333
332	334
332	335
332	336
333	334
333	335
333	336
333	337
334	335
334	336
334	337
334	338
335	336
335	337
335	338
335	339
335	426
336	337
336	338
336	339
336	340
337	338
337	339
337	340
337	341
338	339
338	340
338	341
338	342
338	426
339	340
339	341
339	342
339	343
339	423
339	426
340	341
340	342
340	343
341	342
341	343
341	344
342	343
342	344
343	344
343	345
344	345
344	346
345	346
345	347
346	347
346	348
346	367
346	370
347	348
347	349
347	350
347	351
347	370
348	349
348	350
348	351
348	352
349	350
349	351
349	352
349	353
350	351
350	352
350	353
350	354
350	366
350	388
351	352
351	353
351	354
351	355
351	362
351	363
351	366
352	353
352	354
352	355
352	356
353	354
353	355
353	356
353	357
354	355
354	356
354	357
354	358
354	359
354	362
354	365
354	366
355	356
355	357
355	358
355	359
355	362
356	357
356	358
357	358
357	359
358	359
358	360
359	360
359	361
359	362
360	361
360	362
361	362
361	363
361	364
361	365
362	363
362	364
362	365
362	366
363	364
363	365
363	366
363	367
364	365
364	366
364	367
364	368
365	366
365	367
365	368
365	369
366	367
366	368
366	369
366	370
367	368
367	369
367	370
367	371
368	369
368	370
368	371
368	372
368	403
369	370
369	371
369	372
369	373
369	379
369	389
370	371
370	372
370	373
370	374
371	372
371	373
371	374
371	375
372	373
372	374
372	375
372	376
372	377
372	378
372	379
372	400
372	401
373	374
373	375
373	376
373	377
374	375
374	376
375	376
375	377
376	377
376	378
376	395
376	396
376	397
377	378
377	379
377	396
377	397
377	398
377	399
377	400
378	379
378	380
378	396
378	397
378	398
378	399
378	400
379	380
379	381
379	382
379	386
379	400
380	381
380	400
380	402
380	408
380	409
380	410
380	411
381	382
381	383
381	408
381	409
381	410
381	411
382	383
382	384
382	386
383	384
383	385
383	386
384	385
384	386
384	387
385	386
385	387
386	387
386	388
386	389
387	388
387	389
387	390
388	389
388	390
389	390
389	391
389	392
389	393
390	391
390	392
390	393
391	392
391	393
392	393
392	394
392	395
392	396
393	394
393	395
393	396
394	395
394	396
395	396
395	397
396	397
397	398
398	399
398	400
399	400
399	401
399	411
399	412
399	413
399	414
400	401
400	402
400	411
400	412
400	413
400	414
401	402
401	403
401	413
401	414
401	415
401	417
402	403
402	404
402	413
402	414
402	415
402	420
403	404
403	419
403	420
404	405
404	406
405	406
405	407
406	407
407	408
407	409
408	409
408	410
409	410
409	411
410	411
410	412
411	412
411	413
412	413
413	414
413	415
414	415
414	416
415	416
415	417
415	420
416	417
416	418
416	420
416	421
417	418
417	419
417	420
417	421
418	419
418	420
418	421
418	422
419	420
419	421
419	422
419	423
420	421
420	422
420	423
420	424
421	422
421	423
421	424
421	425
422	423
422	424
422	425
422	426
423	424
423	425
423	426
423	427
424	425
424	426
424	427
424	428
425	426
425	427
425	428
426	427
426	428
427	428
