0	1
0	2
0	48
0	49
0	50
1	2
1	3
2	3
2	4
2	50
2	51
3	4
3	5
3	6
3	7
3	50
3	51
3	52
4	5
4	6
4	7
4	8
4	51
4	52
5	6
5	7
5	8
5	9
5	52
5	53
6	7
6	8
6	9
6	10
7	8
7	9
7	10
7	36
8	9
8	10
9	10
9	11
10	11
10	12
10	14
10	15
11	12
11	13
11	14
11	15
12	13
12	14
12	15
12	16
12	32
13	14
13	15
13	16
13	17
14	15
14	16
14	17
14	18
15	16
15	17
15	18
15	19
16	17
16	18
16	19
16	20
16	27
16	28
17	18
17	19
17	20
17	21
18	19
18	20
18	21
18	22
19	20
19	21
19	22
19	23
19	24
19	39
20	21
20	22
20	23
20	24
20	25
21	22
21	23
22	23
22	24
23	24
23	25
24	25
24	26
25	26
25	27
26	27
26	28
26	29
27	28
27	29
27	30
27	35
28	29
28	30
29	30
29	31
30	31
30	32
30	34
30	35
31	32
31	33
31	34
31	35
32	33
32	34
32	35
32	36
33	34
33	35
33	36
33	37
34	35
34	36
34	37
34	38
35	36
35	37
35	38
35	39
36	37
36	38
36	39
36	40
37	38
37	39
37	40
37	41
38	39
38	40
38	41
38	42
39	40
39	41
39	42
39	43
40	41
40	42
40	43
40	44
41	42
41	43
41	44
41	45
41	99
42	43
42	44
42	45
43	44
43	45
43	46
44	45
44	46
44	47
44	48
45	46
45	47
46	47
46	48
47	48
47	49
48	49
48	50
49	50
49	51
49	96
50	51
50	96
50	97
51	52
51	95
51	96
51	97
52	53
52	94
52	95
52	96
52	97
53	54
53	66
53	93
53	94
53	95
54	55
54	56
54	66
54	67
54	68
54	69
54	92
54	93
54	94
55	56
55	57
55	66
55	67
55	68
55	69
55	90
55	91
55	92
55	93
56	57
56	58
56	64
56	65
56	66
56	67
56	88
56	89
56	90
56	91
56	92
56	93
57	58
57	59
57	64
57	65
57	66
57	89
57	90
58	59
58	60
58	62
58	63
58	64
58	65
58	89
59	60
59	61
59	62
59	63
59	64
60	61
60	62
61	62
61	63
62	63
62	64
62	79
63	64
63	77
63	78
63	79
64	65
64	66
64	76
64	77
64	78
65	66
65	67
65	74
65	75
65	76
65	77
66	67
66	68
66	74
66	75
66	76
67	68
67	69
67	74
68	69
68	74
70	71
70	72
70	73
71	72
71	73
71	74
72	73
72	74
72	106
73	74
73	75
73	106
74	75
74	76
75	76
75	77
75	106
75	107
75	108
75	109
76	77
76	78
76	106
76	107
76	108
76	109
77	78
77	79
77	81
77	108
77	109
78	79
78	80
78	81
78	82
79	80
79	81
79	82
79	83
80	81
80	82
80	83
80	84
81	82
81	83
81	84
81	85
82	83
82	84
82	85
82	86
82	87
83	84
83	85
83	86
83	87
84	85
84	86
85	86
85	87
86	87
86	88
87	88
87	91
88	89
88	90
88	91
89	90
89	91
90	91
90	92
91	92
91	93
92	93
92	94
93	94
93	95
93	113
94	95
94	112
94	113
94	114
95	96
95	97
95	109
95	110
95	111
95	112
95	113
95	114
96	97
96	98
96	109
96	110
96	111
96	112
96	114
97	98
97	99
97	107
97	108
97	109
97	110
98	99
98	100
98	107
98	108
98	109
98	110
99	100
99	101
99	107
99	108
100	101
100	102
100	104
100	105
100	106
100	107
100	108
101	102
101	103
101	104
102	103
102	104
103	104
103	105
104	105
104	106
105	106
106	107
106	108
107	108
108	109
108	110
109	110
109	111
110	111
110	112
111	112
111	113
112	113
112	114
113	114
