0	1
0	2
0	3
1	2
1	3
1	4
2	3
2	4
2	12
2	13
3	4
3	5
3	143
3	145
3	148
4	5
4	6
4	12
4	148
4	150
4	294
4	295
5	6
5	7
5	10
5	11
5	12
5	141
5	294
5	295
6	7
6	8
6	9
6	10
6	11
6	12
6	294
6	295
6	296
7	8
7	9
7	10
7	136
7	294
7	295
7	296
7	308
7	311
8	9
8	10
8	311
8	312
8	315
9	10
9	11
9	128
9	129
9	131
9	134
9	135
9	136
10	11
10	135
10	136
11	12
11	13
11	15
11	16
12	13
12	14
12	15
12	16
13	14
13	15
13	16
13	17
14	15
14	16
14	17
14	18
14	48
15	16
15	17
15	18
15	19
15	58
16	17
16	18
16	19
16	20
17	18
17	19
17	20
17	21
17	43
17	47
17	48
18	19
18	20
18	21
18	22
18	43
19	20
19	21
19	22
19	23
20	21
20	22
20	23
20	24
21	22
21	23
21	24
21	25
21	39
21	42
21	43
22	23
22	24
22	25
22	26
22	27
22	39
22	97
23	24
23	25
23	26
23	27
24	25
24	26
25	26
25	27
26	27
26	28
27	28
27	29
27	31
27	96
27	97
28	29
28	30
28	31
28	96
28	97
29	30
29	31
29	96
29	97
29	98
29	99
30	31
30	32
31	32
31	33
32	33
32	34
33	34
33	35
33	94
33	95
33	96
34	35
34	36
34	38
34	94
34	95
34	96
35	36
35	37
35	38
35	90
35	91
35	92
35	93
35	94
35	95
36	37
36	38
36	39
36	40
36	90
36	91
36	93
36	94
36	95
37	38
37	39
37	40
37	41
37	90
37	91
38	39
38	40
38	41
38	42
39	40
39	41
39	42
39	43
40	41
40	42
40	43
40	44
40	52
40	55
40	56
41	42
41	43
41	44
41	45
42	43
42	44
42	45
42	46
43	44
43	45
43	46
43	47
43	48
43	49
44	45
44	46
44	47
44	48
44	49
44	50
44	51
44	52
45	46
45	47
45	48
45	49
46	47
46	48
46	123
47	48
47	49
47	118
47	119
48	49
48	50
49	50
49	51
50	51
50	52
51	52
51	53
51	54
51	55
52	53
52	54
52	55
52	56
53	54
53	55
53	56
53	57
54	55
54	56
54	57
54	58
55	56
55	57
55	58
55	59
56	57
56	58
56	59
56	60
57	58
57	59
57	60
57	61
58	59
58	60
58	61
58	62
59	60
59	61
59	62
59	63
59	73
60	61
60	62
60	63
60	64
60	79
61	62
61	63
61	64
61	67
62	63
62	64
62	68
62	71
62	72
62	73
63	64
63	65
63	71
63	72
63	73
63	74
63	75
64	65
64	66
64	67
64	68
64	71
64	79
65	66
65	67
65	68
65	69
65	71
65	188
66	67
66	68
66	188
66	189
67	68
67	69
68	69
68	70
68	71
68	139
68	188
69	70
69	71
69	138
69	139
69	154
69	187
69	188
70	71
70	72
70	139
71	72
71	73
71	98
72	73
72	74
72	97
72	98
72	100
72	101
73	74
73	75
73	95
73	96
73	97
73	98
74	75
74	76
74	95
74	96
74	97
74	98
75	76
75	77
75	94
75	95
75	96
76	77
76	93
76	94
76	95
77	78
77	79
77	93
77	94
78	79
78	80
78	87
78	88
78	93
79	80
79	81
79	86
79	87
79	88
80	81
80	84
80	85
80	86
80	87
81	82
81	83
81	84
81	85
82	83
82	84
82	233
82	234
83	84
83	85
83	233
83	234
83	235
84	85
84	86
84	233
85	86
85	87
86	87
86	88
87	88
87	89
88	89
88	90
88	92
88	93
89	90
89	91
89	92
89	93
90	91
90	92
90	93
91	92
91	93
92	93
92	94
93	94
93	95
94	95
95	96
96	97
96	98
97	98
97	99
97	101
97	102
98	99
98	100
98	101
99	100
99	101
99	102
100	101
100	102
100	103
100	104
101	102
101	103
101	104
101	105
102	103
102	104
102	105
102	106
103	104
103	105
103	106
103	131
103	132
103	133
104	105
104	106
104	129
104	130
104	131
104	132
104	133
105	106
105	107
105	108
105	129
105	130
105	131
106	107
106	108
106	130
106	131
107	108
107	109
107	110
107	112
107	130
108	109
108	110
108	111
108	112
108	129
108	130
109	110
109	111
110	111
110	112
110	323
110	326
111	112
111	113
111	322
111	323
111	326
112	113
112	130
112	319
112	322
112	323
113	114
113	115
113	126
113	127
113	128
113	130
114	115
114	116
114	126
114	127
115	116
115	117
115	124
115	125
115	126
115	127
116	117
116	118
116	124
116	125
116	126
116	127
117	118
117	119
117	121
117	123
117	124
117	125
118	119
118	120
118	121
118	122
118	123
118	124
118	125
119	120
119	121
120	121
120	122
121	122
121	123
122	123
123	124
123	125
124	125
124	126
125	126
125	127
126	127
126	128
126	129
127	128
128	129
128	130
129	130
129	131
130	131
130	132
130	319
131	132
131	133
132	133
132	134
133	134
133	135
134	135
134	136
134	137
134	138
134	312
135	136
135	137
135	138
135	139
136	137
136	138
136	139
136	140
136	141
137	138
137	139
137	140
137	152
137	153
137	154
137	155
138	139
138	140
138	154
138	155
138	156
138	157
139	140
139	141
139	154
139	155
140	141
140	142
140	152
140	153
140	154
141	142
141	143
141	150
141	151
141	152
141	153
142	143
142	150
142	151
142	152
143	144
143	145
143	149
143	150
143	151
144	145
144	148
144	149
144	150
145	146
145	147
145	148
145	149
146	147
146	148
147	148
147	149
148	149
148	150
149	150
150	151
150	152
150	291
150	292
150	293
151	152
151	153
151	290
151	291
151	292
152	153
152	154
152	290
152	291
152	292
153	154
153	155
153	185
154	155
154	185
154	186
154	187
155	156
155	157
155	160
155	185
155	186
155	187
156	157
156	158
156	159
156	160
156	186
156	471
157	158
157	159
157	160
157	161
157	464
157	468
158	159
158	160
158	161
158	162
158	464
158	468
158	469
159	160
159	161
159	162
159	163
159	181
159	182
160	161
160	162
160	163
160	164
160	182
161	162
161	163
161	164
161	165
161	460
161	464
162	163
162	164
162	165
162	166
162	181
163	164
163	165
163	166
163	167
163	178
163	181
163	182
164	165
164	166
164	167
164	168
164	309
165	166
165	167
165	168
165	169
165	457
166	167
166	168
166	169
166	170
167	168
167	169
167	170
167	171
167	173
168	169
168	170
168	171
169	170
169	171
170	171
170	172
170	173
171	172
171	173
172	173
172	174
173	174
173	175
173	177
173	178
174	175
174	176
174	177
174	178
175	176
175	177
175	178
175	179
175	203
175	204
175	305
175	306
176	177
176	178
176	179
176	180
177	178
177	179
177	180
178	179
178	180
178	181
178	182
179	180
179	181
179	182
179	183
180	181
180	182
180	183
181	182
181	183
182	183
182	184
183	184
184	185
184	186
184	199
185	186
185	187
186	187
186	188
186	471
186	472
186	473
187	188
187	189
187	190
187	230
187	472
187	473
188	189
188	190
188	472
189	190
189	191
189	227
189	230
190	191
190	192
190	227
190	228
190	229
190	230
190	473
191	192
191	213
191	214
191	215
191	227
191	228
191	229
191	472
191	473
191	474
192	193
192	194
192	212
192	213
192	214
192	215
192	473
192	474
192	475
193	194
193	195
193	211
193	212
193	213
193	473
193	474
193	475
193	476
194	195
194	196
194	211
194	212
194	475
194	476
195	196
195	197
195	198
195	210
195	211
196	197
196	198
196	199
196	200
196	475
196	476
197	198
197	199
197	200
197	201
198	199
198	200
198	201
198	202
198	208
198	209
198	210
199	200
199	201
199	202
199	203
199	208
199	210
200	201
200	202
200	203
200	204
201	202
201	203
201	204
201	205
201	207
201	208
202	203
202	204
202	205
202	206
202	207
202	208
202	290
203	204
203	205
203	206
203	304
203	305
204	205
204	206
204	304
204	305
205	206
205	207
205	304
206	207
206	208
206	291
206	292
206	302
206	303
206	304
206	305
207	208
207	290
207	291
207	292
208	209
208	210
208	289
208	290
208	291
209	210
209	211
209	287
209	288
209	289
209	290
210	211
210	212
210	287
210	288
210	289
211	212
211	213
211	285
211	286
211	287
211	288
212	213
212	229
212	285
212	286
212	287
213	214
213	215
213	228
213	229
213	284
213	285
213	286
214	215
214	216
214	225
214	227
214	228
214	229
214	284
214	285
215	216
215	225
215	226
215	227
215	228
216	217
216	223
216	224
216	225
216	226
217	218
217	219
217	223
217	224
217	225
218	219
218	220
218	221
218	222
218	223
218	224
218	272
219	220
219	221
219	222
219	223
220	221
220	222
221	222
221	223
221	270
221	271
222	223
222	224
222	268
222	269
222	270
223	224
223	225
223	268
223	269
223	270
223	275
224	225
224	226
224	266
224	267
224	268
224	269
225	226
225	227
225	266
225	267
225	268
226	227
226	265
226	266
227	228
227	265
228	229
228	230
228	284
229	230
229	231
229	232
229	284
229	285
229	286
230	231
230	232
231	232
231	233
232	233
232	234
233	234
233	235
233	236
233	237
234	235
234	236
234	237
234	238
235	236
235	237
235	238
235	239
236	237
236	238
236	239
236	240
237	238
237	239
237	240
237	241
237	283
238	239
238	240
238	241
238	242
239	240
239	241
239	242
239	243
240	241
240	242
240	243
240	244
240	282
241	242
241	243
241	244
241	245
241	282
242	243
242	244
242	245
242	246
243	244
243	245
243	246
243	247
244	245
244	246
244	247
244	248
244	249
244	250
245	246
245	247
245	248
245	249
245	250
245	252
245	253
246	247
246	248
247	248
247	249
248	249
248	250
248	251
248	252
249	250
249	251
250	251
250	252
250	277
250	278
251	252
252	253
252	254
253	254
253	255
253	270
254	255
254	256
254	270
255	256
255	257
255	269
255	270
256	257
256	268
256	269
256	270
257	258
257	259
257	267
257	268
257	269
258	259
258	260
258	266
258	267
258	268
259	260
259	261
259	265
259	266
259	267
259	268
260	261
260	262
260	264
260	265
260	266
260	267
261	262
261	263
261	264
261	265
262	263
262	264
263	264
264	265
264	266
265	266
265	267
266	267
266	268
267	268
267	269
268	269
268	270
269	270
271	272
271	273
271	274
272	273
272	274
272	275
272	276
273	274
273	275
273	276
273	277
274	275
274	276
274	277
274	278
275	276
275	277
275	278
275	279
276	277
276	278
276	279
276	280
277	278
277	279
277	280
277	281
278	279
278	280
278	281
278	282
279	280
279	281
279	282
279	283
279	284
279	285
280	281
280	282
281	282
282	283
282	284
282	285
283	284
283	285
283	286
284	285
284	286
285	286
286	287
286	288
287	288
287	289
288	289
288	290
289	290
289	291
290	291
290	292
291	292
291	293
292	293
292	294
292	302
292	303
292	304
293	294
293	300
293	301
293	302
293	303
294	295
294	296
294	300
294	301
294	302
295	296
295	297
295	298
295	299
295	300
295	301
296	297
296	298
296	299
296	300
296	301
297	298
297	299
298	299
299	300
299	301
300	301
301	302
301	303
302	303
302	304
303	304
303	305
303	307
303	308
304	305
304	306
304	307
304	308
305	306
305	307
305	308
305	309
306	307
306	308
306	309
306	310
307	308
307	309
307	310
307	311
308	309
308	310
308	311
308	312
309	310
309	311
309	312
309	313
310	311
310	312
310	313
310	314
311	312
311	313
311	314
311	315
312	313
312	314
312	315
312	316
313	314
313	315
313	316
313	317
314	315
314	316
314	317
314	318
315	316
315	317
315	318
315	319
316	317
316	318
316	319
316	320
316	456
317	318
317	319
317	320
317	321
318	319
318	320
318	321
318	322
319	320
319	321
319	322
319	323
320	321
320	322
320	323
320	324
321	322
321	323
321	324
321	325
322	323
322	324
322	325
322	326
323	324
323	325
323	326
323	327
324	325
324	326
324	327
324	328
324	442
325	326
325	327
325	328
325	329
326	327
326	328
326	329
326	330
327	328
327	329
327	330
327	331
328	329
328	330
328	331
328	332
328	439
328	442
329	330
329	331
329	332
329	333
329	388
330	331
330	332
330	333
330	334
331	332
331	333
331	334
331	335
331	435
331	439
332	333
332	334
332	335
332	336
332	386
332	387
332	388
333	334
333	335
333	336
333	337
333	388
334	335
334	336
334	337
334	338
335	336
335	337
335	338
335	339
335	386
335	432
335	435
336	337
336	338
336	339
336	340
336	387
337	338
337	339
337	340
337	341
337	408
338	339
338	340
338	341
338	342
338	428
338	432
339	340
339	341
339	342
339	343
340	341
340	342
340	343
340	344
340	404
340	408
341	342
341	343
341	344
341	345
341	412
342	343
342	344
342	345
342	346
342	378
342	429
343	344
343	345
343	346
343	347
343	375
343	378
344	345
344	346
344	347
344	348
344	351
344	412
345	346
345	347
345	348
346	347
346	348
346	375
346	376
346	377
347	348
347	349
347	350
347	351
347	376
348	349
348	350
348	351
348	352
349	350
349	351
349	352
349	353
350	351
350	352
350	353
350	354
351	352
351	353
351	354
351	355
352	353
352	354
352	355
352	356
353	354
353	355
353	356
353	357
354	355
354	356
354	357
354	358
354	364
355	356
355	357
355	358
355	364
356	357
356	358
357	358
357	359
358	359
358	360
358	363
358	364
359	360
359	363
360	361
360	362
360	363
360	364
361	362
361	363
361	364
361	365
362	363
362	364
362	365
362	366
363	364
363	365
363	366
363	367
364	365
364	366
364	367
364	368
365	366
365	367
365	368
365	369
365	409
365	410
366	367
366	368
366	369
366	370
367	368
367	369
367	370
368	369
368	370
368	371
368	409
369	370
369	371
369	403
369	404
369	405
369	406
369	409
370	371
371	372
371	373
372	373
372	401
372	402
372	403
373	374
373	375
373	401
373	402
373	403
374	375
374	376
374	401
374	402
375	376
375	377
375	378
375	379
375	400
375	401
375	402
376	377
376	378
376	379
377	378
377	379
378	379
378	380
378	381
378	382
379	380
379	381
379	382
379	383
380	381
380	382
380	383
381	382
381	383
382	383
384	385
384	386
385	386
385	387
386	387
386	388
386	436
387	388
387	389
387	391
388	389
388	390
388	391
389	390
389	391
390	391
390	392
391	392
391	393
392	393
392	394
392	395
393	394
393	395
394	395
394	396
395	396
395	397
395	403
395	404
395	405
396	397
396	398
396	402
396	403
396	404
397	398
397	399
397	400
397	401
397	402
397	403
398	399
398	400
398	401
398	402
399	400
399	401
400	401
400	402
401	402
401	403
402	403
402	404
403	404
403	405
404	405
404	406
404	408
404	409
405	406
405	407
405	408
405	409
406	407
406	408
406	409
406	410
407	408
407	409
407	410
407	411
408	409
408	410
408	411
408	412
409	410
409	411
409	412
409	413
410	411
410	412
410	413
410	414
411	412
411	413
411	414
411	415
412	413
412	414
412	415
413	414
413	415
414	415
414	416
415	416
415	417
415	419
416	417
416	418
416	419
417	418
417	419
417	420
418	419
418	420
418	421
419	420
419	421
419	424
419	425
420	421
420	422
420	424
420	425
421	422
421	423
421	424
421	425
422	423
422	424
422	425
422	426
423	424
423	425
423	426
423	427
424	425
424	426
424	427
424	428
425	426
425	427
425	428
425	429
426	427
426	428
426	429
426	430
427	428
427	429
427	430
427	431
428	429
428	430
428	431
428	432
429	430
429	431
429	432
429	433
430	431
430	432
430	433
430	434
431	432
431	433
431	434
431	435
432	433
432	434
432	435
432	436
433	434
433	435
433	436
433	437
434	435
434	436
434	437
434	438
435	436
435	437
435	438
435	439
436	437
436	438
436	439
436	440
437	438
437	439
437	440
437	441
438	439
438	440
438	441
438	442
439	440
439	441
439	442
439	443
440	441
440	442
440	443
440	444
441	442
441	443
441	444
441	445
442	443
442	444
442	445
442	446
443	444
443	445
443	446
443	447
444	445
444	446
444	447
444	448
445	446
445	447
445	448
445	451
445	452
446	447
446	448
446	449
446	452
447	448
447	449
448	449
448	450
448	451
448	452
449	450
449	451
449	452
449	453
450	451
450	452
450	453
450	454
451	452
451	453
451	454
451	455
452	453
452	454
452	455
452	456
453	454
453	455
453	456
453	457
454	455
454	456
454	457
454	458
455	456
455	457
455	458
455	459
456	457
456	458
456	459
456	460
457	458
457	459
457	460
457	461
458	459
458	460
458	461
458	462
459	460
459	461
459	462
459	463
460	461
460	462
460	463
460	464
461	462
461	463
461	464
461	465
462	463
462	464
462	465
462	466
463	464
463	465
463	466
463	467
463	468
464	465
464	466
464	467
464	468
465	466
465	467
465	468
466	467
466	468
467	468
467	469
468	469
469	470
469	471
470	471
470	472
471	472
471	473
472	473
472	474
473	474
473	475
474	475
474	476
475	476
