0	1
0	4
0	307
0	308
1	2
1	3
1	4
1	76
1	79
2	3
2	4
2	76
2	78
2	79
2	80
3	4
3	5
3	6
3	78
3	79
3	80
3	81
3	154
3	157
3	158
4	5
4	6
4	79
4	80
4	157
4	158
4	159
4	160
5	6
5	7
5	79
5	80
5	81
5	158
5	159
5	160
5	161
6	7
6	80
6	81
6	82
6	155
6	158
6	160
6	161
6	162
7	8
7	62
7	66
7	81
7	82
7	83
7	161
7	162
7	163
8	9
8	62
8	82
8	83
8	84
8	163
9	10
9	11
9	62
9	83
9	84
9	163
9	164
9	167
10	11
10	12
10	60
10	84
10	85
10	137
10	167
11	12
11	59
11	60
11	63
11	84
11	85
11	86
11	117
11	137
12	13
12	14
12	58
12	59
12	60
12	117
12	118
12	119
13	14
13	15
13	56
13	57
13	58
13	59
13	91
13	117
13	118
13	119
14	15
14	16
14	56
14	57
14	58
14	59
14	118
14	119
14	120
15	16
15	54
15	55
15	56
15	57
15	119
15	120
15	121
16	17
16	54
16	55
16	56
16	120
16	121
16	122
17	18
17	19
17	52
17	53
17	54
17	55
17	121
17	122
17	123
18	19
18	122
18	123
18	124
19	20
19	23
19	122
19	123
19	124
20	21
20	22
20	23
20	24
20	124
21	22
21	23
21	24
21	25
22	23
22	24
22	25
22	26
23	24
23	25
23	26
23	27
24	25
24	26
24	27
24	28
24	29
25	26
25	27
25	28
25	29
26	27
26	28
27	28
27	29
28	29
28	30
29	30
29	31
29	129
30	31
30	32
30	33
30	129
31	32
31	33
31	127
31	128
31	129
32	33
32	127
32	128
32	129
33	34
33	35
33	128
33	129
33	130
34	35
34	129
34	130
34	131
34	195
35	36
35	37
35	130
35	131
35	132
36	37
36	38
36	131
36	132
36	133
37	38
37	39
37	41
37	131
37	132
37	133
38	39
38	40
38	41
39	40
39	41
39	42
40	41
40	42
41	42
41	43
41	44
42	43
42	44
42	45
43	44
43	45
43	46
43	47
44	45
44	46
44	47
44	48
45	46
45	47
45	48
45	49
46	47
46	48
46	49
46	50
47	48
47	49
47	50
47	51
48	49
48	50
48	51
48	52
49	50
49	51
49	52
49	54
50	51
50	52
51	52
52	53
52	54
53	54
54	55
54	56
55	56
55	57
56	57
57	58
57	59
57	331
58	59
58	95
58	98
58	331
59	60
59	61
59	63
59	64
60	61
60	62
60	63
60	64
61	62
61	63
61	64
61	65
61	164
61	296
62	63
62	64
62	65
62	66
62	163
62	164
63	64
63	65
63	66
63	67
63	82
64	65
64	66
64	67
64	68
64	296
64	332
65	66
65	67
65	68
65	69
65	296
65	297
65	299
65	300
66	67
66	68
66	69
66	70
66	80
66	300
67	68
67	69
67	70
67	71
67	102
67	104
68	69
68	70
68	71
68	72
68	297
68	300
68	301
69	70
69	71
69	72
69	73
69	300
69	301
69	303
69	304
70	71
70	72
70	73
70	74
70	79
70	80
70	104
71	72
71	73
71	74
72	73
72	74
72	301
72	304
72	338
73	74
73	75
73	304
74	75
74	76
74	77
75	76
75	77
76	77
76	78
76	79
77	78
77	79
77	103
77	104
78	79
78	80
78	81
78	103
78	104
78	105
79	80
79	81
80	81
80	82
80	104
80	105
81	82
81	104
81	105
81	106
82	83
82	84
82	105
82	106
82	107
83	84
83	106
83	107
83	108
84	85
84	86
84	108
84	109
84	137
84	140
85	86
85	108
85	109
85	110
85	136
85	137
85	139
85	140
86	87
86	88
86	92
86	108
86	109
86	110
86	111
86	116
86	136
86	137
87	88
87	89
87	92
87	110
87	111
87	112
87	114
87	115
87	116
87	136
88	89
88	92
88	110
88	111
88	112
89	90
89	91
89	92
89	93
90	91
90	92
90	93
90	94
91	92
91	93
91	94
91	95
91	116
92	93
92	94
92	95
92	96
92	116
93	94
93	95
93	96
93	97
94	95
94	96
94	97
94	98
95	96
95	97
95	98
95	99
96	97
96	98
96	99
96	100
97	98
97	99
97	100
97	101
98	99
98	100
98	101
98	102
99	100
99	101
99	102
99	103
99	104
99	106
100	101
100	102
100	103
100	104
101	102
101	103
102	103
102	104
103	104
103	105
104	105
104	106
105	106
105	107
106	107
106	108
107	108
107	109
108	109
108	110
109	110
109	111
109	140
109	145
110	111
111	112
111	113
112	113
112	114
112	115
113	114
114	115
114	116
114	135
114	136
115	116
115	117
115	135
115	136
116	117
116	118
116	135
116	136
116	137
117	118
117	133
117	134
117	135
117	136
117	137
118	119
118	120
118	132
118	133
118	134
119	120
119	121
119	130
119	131
119	132
119	133
120	121
120	122
120	130
120	131
120	132
121	122
121	123
121	128
121	129
121	130
121	131
122	123
122	124
122	128
122	129
122	130
123	124
123	125
123	127
123	128
123	129
124	125
124	126
124	127
124	128
125	126
125	127
126	127
126	128
127	128
127	129
128	129
128	130
129	130
129	131
130	131
130	132
131	132
131	133
132	133
132	134
133	134
133	135
134	135
134	136
134	137
134	138
135	136
135	137
135	138
136	137
136	138
136	139
137	138
137	139
137	140
138	139
138	140
138	170
139	140
139	141
140	141
140	142
140	170
140	171
141	142
141	143
141	144
141	145
142	143
142	144
142	145
142	146
142	147
142	174
143	144
143	145
143	146
143	147
144	145
144	146
144	147
144	148
145	146
145	147
145	148
145	151
146	147
146	148
146	151
146	152
147	148
147	149
147	151
147	152
148	149
148	150
148	151
148	152
149	150
149	151
149	152
149	153
150	151
150	152
150	153
151	152
151	153
151	154
152	153
152	154
152	155
152	156
153	154
153	155
153	156
153	157
154	155
154	156
154	157
155	156
155	157
155	158
156	157
156	158
157	158
157	159
158	159
158	160
158	161
159	160
159	161
159	187
159	188
160	161
160	162
160	187
160	188
160	189
160	307
161	162
161	163
161	188
161	189
161	190
162	163
162	164
162	189
162	190
162	191
163	164
163	165
163	190
163	191
163	192
164	165
164	166
164	167
164	191
164	192
164	194
165	166
165	167
165	168
165	191
165	192
165	193
165	194
165	198
166	167
166	168
166	169
166	194
166	198
167	168
167	169
167	170
167	171
168	169
168	170
168	171
168	172
168	205
169	170
169	171
169	172
170	171
170	172
171	172
171	173
171	174
171	175
172	173
172	174
172	175
172	176
172	205
173	174
173	175
173	176
173	177
174	175
174	176
174	177
174	178
175	176
175	177
175	178
175	179
176	177
176	178
176	179
176	180
176	209
177	178
177	179
177	180
177	181
178	179
178	180
178	181
178	182
179	180
179	181
179	182
179	183
179	189
179	212
180	181
180	182
180	183
180	184
180	212
181	182
181	183
181	184
181	185
182	183
182	184
182	185
182	186
182	187
182	188
182	189
183	184
183	185
183	186
183	187
183	212
183	251
184	185
184	186
185	186
185	187
186	187
186	188
187	188
187	189
188	189
188	190
188	214
189	190
189	212
189	213
189	214
189	215
190	191
190	213
190	214
190	215
190	216
191	192
191	193
191	213
191	215
191	216
191	217
192	193
192	194
192	216
192	217
192	218
193	194
193	195
193	198
193	217
193	218
193	222
194	195
194	198
194	218
195	196
195	197
195	198
195	222
196	197
196	198
196	199
196	200
196	222
196	225
197	198
197	199
197	200
197	201
198	199
198	200
198	201
198	202
198	203
199	200
199	201
199	202
199	203
199	225
199	226
199	229
200	201
200	202
200	203
200	229
201	202
201	203
202	203
202	204
202	205
202	206
203	204
203	205
203	206
203	207
204	205
204	206
204	207
204	208
205	206
205	207
205	208
205	209
206	207
206	208
206	209
206	210
207	208
207	209
207	210
208	209
208	210
209	210
209	211
209	212
209	213
210	211
210	212
210	213
211	212
211	213
211	248
211	249
211	250
212	213
212	214
212	249
212	250
213	214
213	215
213	216
213	256
214	215
214	216
214	254
214	255
214	256
214	257
215	216
215	217
215	256
215	257
215	258
216	217
216	218
216	257
216	258
216	259
217	218
217	258
217	259
217	260
218	219
218	220
218	222
218	223
218	259
218	260
218	261
219	220
219	221
219	222
219	223
219	260
219	261
219	262
220	221
220	222
220	223
220	224
220	260
220	261
220	262
221	222
221	223
221	224
221	225
222	223
222	224
222	225
222	226
223	224
223	225
223	226
223	227
224	225
224	226
224	227
224	228
224	235
225	226
225	227
225	228
225	229
226	227
226	228
226	229
226	230
227	228
227	229
227	230
227	231
227	232
227	240
228	229
228	230
228	231
228	232
228	233
229	230
229	231
230	231
230	232
231	232
231	233
232	233
232	234
233	234
233	235
234	235
234	236
234	240
235	236
235	237
236	237
236	238
236	239
236	240
237	238
237	239
237	240
237	241
238	239
238	240
238	241
238	242
238	268
238	275
239	240
239	241
239	242
239	243
240	241
240	242
240	243
240	244
241	242
241	243
241	244
241	245
241	258
241	270
242	243
242	244
242	245
242	246
242	270
242	275
243	244
243	245
243	246
243	247
244	245
244	246
244	247
245	246
245	247
245	256
245	257
245	258
245	270
245	271
246	247
246	248
247	248
247	249
248	249
248	250
249	250
249	251
249	252
250	251
250	252
251	252
251	253
251	254
252	253
252	254
252	255
253	254
253	255
254	255
254	256
255	256
255	257
255	272
256	257
256	258
256	271
257	258
257	259
257	270
257	271
258	259
258	260
258	269
258	270
258	271
259	260
259	261
259	268
259	269
259	270
260	261
260	262
260	267
260	268
260	269
261	262
261	263
261	266
261	267
261	268
262	263
262	264
262	265
262	266
262	267
263	264
263	265
264	265
264	266
264	280
264	283
265	266
265	267
265	279
265	280
266	267
266	268
266	277
266	278
266	279
266	280
267	268
267	269
267	277
267	278
267	279
268	269
268	270
268	276
268	277
268	278
269	270
269	271
269	275
269	276
269	277
270	271
270	272
270	274
270	275
270	276
271	272
271	273
271	274
271	275
272	273
272	274
273	274
274	275
274	276
275	276
276	277
277	278
277	279
278	279
278	280
279	280
279	281
280	281
280	282
280	283
280	320
281	282
281	283
282	283
282	284
282	324
283	284
283	285
284	285
284	286
285	286
285	287
285	288
286	287
286	288
287	288
287	289
287	328
288	289
288	290
288	327
288	328
289	290
289	291
289	327
289	328
289	329
289	330
290	291
290	292
290	293
290	294
290	327
290	328
290	329
290	330
291	292
291	293
291	294
291	295
291	327
292	293
292	294
292	295
292	296
293	294
293	295
293	296
293	297
293	326
293	327
293	332
294	295
294	296
294	297
294	298
294	323
294	326
294	327
295	296
295	297
295	298
295	299
295	323
296	297
296	298
296	299
296	300
297	298
297	299
297	300
297	301
297	319
297	322
297	323
297	326
298	299
298	300
298	301
298	302
298	319
298	320
298	322
298	323
299	300
299	301
299	302
299	303
299	319
300	301
300	302
300	303
300	304
300	319
301	302
301	303
301	304
301	305
301	315
301	318
301	319
301	322
302	303
302	304
302	305
302	306
302	315
302	316
302	318
302	319
303	304
303	305
303	306
303	307
304	305
304	306
304	307
304	308
305	306
305	307
305	308
305	309
305	310
305	314
305	315
306	307
306	308
306	309
306	310
306	315
307	308
307	309
308	309
308	310
309	310
309	311
310	311
310	312
310	314
310	315
311	312
311	313
311	314
311	315
312	313
312	314
312	315
312	316
313	314
313	315
313	316
313	317
314	315
314	316
314	317
314	318
315	316
315	317
315	318
315	319
316	317
316	318
316	319
316	320
317	318
317	319
317	320
317	321
318	319
318	320
318	321
318	322
319	320
319	321
319	322
319	323
320	321
320	322
320	323
320	324
321	322
321	323
321	324
321	325
322	323
322	324
322	325
322	326
323	324
323	325
323	326
323	327
324	325
324	326
324	327
325	326
325	327
325	328
325	334
326	327
326	328
326	329
326	332
326	333
326	334
327	328
327	329
328	329
329	330
329	331
329	332
329	333
330	331
330	332
330	333
331	332
331	333
332	333
332	334
333	334
334	335
334	336
335	336
335	337
335	338
336	337
337	338
337	339
338	339
338	340
339	340
339	341
340	341
