0	1
0	2
0	209
0	210
0	211
1	2
1	3
1	209
1	210
2	3
2	4
2	102
2	103
2	210
3	4
3	5
3	11
3	70
3	103
4	5
4	6
4	11
4	34
4	35
5	6
5	7
5	8
5	10
5	11
5	34
5	35
6	7
6	35
6	168
7	8
7	9
7	10
7	35
7	166
7	168
8	9
8	10
8	33
8	35
8	36
8	163
9	10
9	11
9	33
9	65
9	66
9	67
10	11
10	12
10	66
10	67
10	68
11	12
11	13
11	33
11	34
11	66
11	67
11	68
11	69
12	13
12	14
12	31
12	32
12	33
12	34
12	66
12	68
12	69
12	70
13	14
13	15
13	31
13	32
13	33
13	34
13	69
13	70
13	71
13	104
13	107
14	15
14	30
14	31
14	32
14	69
14	70
14	71
14	107
15	16
15	17
15	29
15	30
15	31
15	71
15	107
16	17
16	18
16	27
16	28
16	29
16	30
17	18
17	19
17	27
17	28
17	29
17	111
18	19
18	20
18	26
18	27
18	28
19	20
19	21
19	22
19	26
19	27
19	28
20	21
20	22
20	23
20	26
20	130
21	22
21	23
21	26
21	129
21	130
21	131
22	23
22	24
22	25
22	26
22	130
22	131
22	136
23	24
23	25
23	26
23	130
24	25
24	26
24	45
25	26
25	27
25	43
25	44
25	45
26	27
26	28
26	44
26	45
27	28
27	29
27	43
27	44
27	45
27	46
27	47
28	29
28	30
28	41
28	42
28	43
28	44
29	30
29	31
29	41
29	42
29	43
29	55
30	31
30	32
30	40
30	41
30	111
31	32
31	33
31	39
31	40
31	41
31	107
32	33
32	34
32	37
32	38
32	39
32	40
32	107
32	110
33	34
33	35
33	36
33	37
33	38
33	39
34	35
34	36
34	37
34	106
35	36
35	37
36	37
36	38
36	159
36	162
36	163
37	38
37	39
37	159
38	39
38	148
38	159
38	160
38	163
39	40
39	41
39	148
40	41
40	42
40	59
40	144
41	42
41	43
42	43
42	44
42	55
43	44
43	45
44	45
44	46
44	51
45	46
46	47
46	48
47	48
47	51
47	76
48	49
48	50
48	51
48	52
48	76
49	50
49	51
49	52
49	53
49	76
49	77
49	81
49	82
50	51
50	52
50	53
50	54
51	52
51	53
51	54
51	55
52	53
52	54
52	55
52	56
52	76
53	54
53	55
53	56
53	57
53	82
54	55
54	56
54	57
54	58
55	56
55	57
55	58
55	59
56	57
56	58
56	59
56	60
57	58
57	59
57	60
57	61
58	59
58	60
58	61
58	62
59	60
59	61
59	62
59	63
60	61
60	62
60	63
60	64
60	65
61	62
61	63
61	64
62	63
62	64
63	64
63	65
64	65
64	66
65	66
65	67
66	67
66	68
66	91
67	68
67	91
67	92
68	69
68	70
68	91
68	92
68	93
69	70
69	71
69	92
69	93
69	94
70	71
70	93
70	94
70	95
70	103
71	72
71	73
71	94
71	95
71	96
71	104
72	73
72	74
72	95
72	96
72	97
72	98
73	74
73	75
73	77
73	78
73	95
73	96
73	97
73	98
74	75
74	76
74	77
74	78
75	76
75	77
75	78
75	79
76	77
76	78
76	79
77	78
77	79
77	82
78	79
78	80
78	82
78	83
79	80
79	81
79	82
79	83
80	81
80	82
80	83
80	84
81	82
81	83
81	84
81	85
82	83
82	84
82	85
82	86
83	84
83	85
83	86
83	87
84	85
84	86
84	87
84	88
85	86
85	87
85	88
85	89
86	87
86	88
86	89
86	90
86	91
86	92
87	88
87	89
87	90
87	91
88	89
88	90
89	90
89	91
90	91
90	92
91	92
91	93
92	93
93	94
93	95
94	95
94	96
95	96
95	97
96	97
96	103
97	98
97	99
97	101
98	99
99	100
99	101
99	104
100	101
100	102
100	104
100	105
101	102
101	103
101	104
101	105
102	103
102	104
102	105
103	104
103	105
104	105
104	106
104	107
104	108
105	106
105	107
105	108
105	109
106	107
106	108
106	109
106	110
107	108
107	109
107	110
107	111
108	109
108	110
108	111
108	112
109	110
109	111
109	112
109	113
110	111
110	112
110	113
110	114
111	112
111	113
111	114
111	115
112	113
112	114
112	115
112	116
113	114
113	115
113	116
113	117
114	115
114	116
114	117
114	118
114	143
115	116
115	117
115	118
115	119
116	117
116	118
116	119
116	120
117	118
117	119
117	120
117	121
117	143
118	119
118	120
118	121
118	122
118	140
118	143
119	120
119	121
119	122
119	123
120	121
120	122
120	123
120	124
121	122
121	123
121	124
121	125
121	139
122	123
122	124
122	125
122	126
122	127
122	128
122	131
123	124
123	125
123	126
123	127
123	128
124	125
124	126
125	126
125	127
126	127
126	128
127	128
127	129
127	130
127	131
128	129
128	130
129	130
129	131
130	131
130	132
131	132
131	133
131	135
131	136
132	133
132	134
132	135
132	136
133	134
133	135
133	136
134	135
134	136
135	136
135	137
135	138
135	139
136	137
136	138
136	139
136	140
137	138
137	139
137	140
137	141
138	139
138	140
138	141
138	142
139	140
139	141
139	142
139	143
140	141
140	142
140	143
140	144
141	142
141	143
141	144
141	145
142	143
142	144
142	145
142	146
143	144
143	145
143	146
143	147
144	145
144	146
144	147
144	148
145	146
145	147
145	148
145	149
146	147
146	148
146	149
146	150
147	148
147	149
147	150
148	149
148	150
148	158
148	159
148	160
149	150
149	151
149	158
149	159
149	160
150	151
150	152
150	158
151	152
151	153
151	155
151	156
151	157
151	158
151	159
152	153
152	154
152	155
152	158
153	154
153	155
154	155
154	156
155	156
155	157
156	157
156	158
157	158
157	159
157	161
157	162
158	159
158	160
158	161
158	162
159	160
159	161
159	162
159	163
160	161
160	162
160	163
160	164
161	162
161	163
161	164
161	165
162	163
162	164
162	165
162	166
163	164
163	165
163	166
164	165
164	166
165	166
165	167
166	167
166	168
167	168
167	169
168	169
168	170
169	170
169	171
169	172
169	191
170	171
170	172
171	172
171	173
172	173
172	174
172	189
172	190
172	191
173	174
173	175
173	189
173	190
174	175
174	188
174	189
174	190
174	218
174	219
175	176
175	177
175	186
175	188
175	189
175	190
175	216
175	217
175	218
175	219
176	177
176	178
176	184
176	185
176	186
176	187
176	188
176	216
176	217
176	218
176	219
177	178
177	179
177	184
177	185
177	186
177	215
177	216
177	217
178	179
178	180
178	182
178	183
178	184
178	185
178	215
178	216
179	180
179	181
179	182
179	183
179	184
179	185
180	181
180	182
181	182
181	183
182	183
182	184
183	184
183	185
184	185
184	186
185	186
185	187
186	187
186	188
187	188
187	189
187	202
187	203
188	189
188	190
188	200
188	201
188	202
188	203
189	190
189	191
189	200
189	201
189	202
189	203
190	191
190	192
190	193
190	198
190	199
190	200
190	201
191	192
191	193
191	199
191	200
192	193
192	194
192	198
192	199
193	194
193	195
193	197
193	198
193	199
193	213
194	195
194	196
194	197
194	198
194	213
195	196
195	197
195	213
196	197
196	212
196	213
197	198
197	199
197	210
197	211
197	212
197	213
198	199
198	200
198	210
198	211
198	212
198	213
199	200
199	201
199	208
199	209
199	210
199	211
200	201
200	202
200	208
200	209
200	210
201	202
201	203
201	206
201	207
201	208
201	209
202	203
202	204
202	205
202	206
202	207
202	208
203	204
203	205
203	206
204	205
204	206
205	206
205	207
206	207
206	208
207	208
207	209
208	209
209	210
209	211
210	211
211	212
211	213
211	215
212	213
212	214
212	215
213	214
213	215
213	216
214	215
214	216
215	216
215	217
216	217
217	218
217	219
218	219
218	220
219	220
