0	1
0	2
1	2
1	3
1	112
2	3
2	4
3	4
3	5
3	6
3	115
4	5
4	6
4	7
4	8
4	430
4	515
4	516
4	517
5	6
5	7
5	8
5	516
5	517
6	7
6	8
6	9
6	10
6	119
7	8
7	9
7	10
8	9
8	10
8	434
9	10
9	11
9	453
9	457
10	11
10	12
11	12
11	13
11	122
11	123
11	125
11	126
12	13
12	14
12	126
13	14
13	15
13	126
13	129
14	15
14	16
15	16
15	17
16	17
16	18
16	133
16	136
17	18
17	19
18	19
18	20
19	20
19	21
20	21
20	22
21	22
21	23
22	23
22	24
22	28
23	24
23	25
23	27
23	28
24	25
24	26
24	27
24	28
25	26
25	27
25	28
25	46
25	49
25	50
26	27
26	28
26	29
26	42
26	46
27	28
27	29
28	29
28	30
29	30
29	31
29	33
30	31
30	32
30	33
30	147
30	149
31	32
31	33
31	147
31	149
31	153
31	156
32	33
32	34
32	153
32	156
32	157
33	34
33	35
34	35
34	36
35	36
35	37
35	38
35	39
35	40
36	37
36	38
37	38
38	39
38	40
39	40
39	41
40	41
40	42
41	42
41	43
42	43
42	44
42	46
42	47
42	149
43	44
43	45
43	46
43	47
44	45
44	46
44	47
44	48
45	46
45	47
45	48
45	49
46	47
46	48
46	49
46	50
47	48
47	49
47	50
47	51
47	149
47	150
48	49
48	50
48	51
48	52
49	50
49	51
49	52
49	53
50	51
50	52
50	53
50	54
50	148
51	52
51	53
51	54
51	55
51	148
52	53
52	54
52	55
52	56
53	54
53	55
53	56
53	57
54	55
54	56
54	57
54	58
54	144
54	145
55	56
55	57
55	58
55	59
56	57
56	58
56	59
56	60
57	58
57	59
57	60
57	61
58	59
58	60
58	61
58	62
58	141
58	144
59	60
59	61
59	62
59	63
60	61
60	62
60	63
60	64
61	62
61	63
61	64
61	65
61	137
62	63
62	64
62	65
62	66
63	64
63	65
63	66
63	67
64	65
64	66
64	67
64	68
65	66
65	67
65	68
65	69
65	134
66	67
66	68
66	69
66	70
67	68
67	69
67	70
67	71
68	69
68	70
68	71
68	72
69	70
69	71
69	72
69	73
70	71
70	72
70	73
70	74
71	72
71	73
71	74
71	75
72	73
72	74
72	75
72	76
72	127
72	130
73	74
73	75
73	76
73	77
74	75
74	76
74	77
74	78
75	76
75	77
75	78
75	79
75	123
75	127
76	77
76	78
76	79
76	80
77	78
77	79
77	80
77	81
78	79
78	80
78	81
78	82
79	80
79	81
79	82
79	83
79	120
79	123
79	124
80	81
80	82
80	83
80	84
81	82
81	83
81	84
81	85
82	83
82	84
82	85
82	86
82	116
82	119
82	120
83	84
83	85
83	86
83	87
83	120
84	85
84	86
84	87
84	88
85	86
85	87
85	88
85	89
85	116
86	87
86	88
86	89
86	90
86	113
86	116
86	117
87	88
87	89
87	90
87	91
88	89
88	90
88	91
88	92
89	90
89	91
89	92
89	93
89	113
90	91
90	92
90	93
90	94
90	113
91	92
91	93
91	94
91	95
92	93
92	94
92	95
92	96
93	94
93	95
93	96
93	97
93	106
93	109
93	110
94	95
94	96
94	97
94	98
95	96
95	97
95	98
95	99
96	97
96	98
96	99
96	100
96	101
96	106
97	98
97	99
97	100
97	101
98	99
98	100
99	100
99	101
100	101
100	102
101	102
101	103
101	105
101	106
102	103
102	104
102	105
102	106
103	104
103	105
103	106
103	107
104	105
104	106
104	107
104	108
105	106
105	107
105	108
105	109
106	107
106	108
106	109
106	110
107	108
107	109
107	110
107	111
108	109
108	110
108	111
108	112
109	110
109	111
109	112
109	113
110	111
110	112
110	113
110	114
111	112
111	113
111	114
111	115
111	194
112	113
112	114
112	115
112	116
113	114
113	115
113	116
113	117
114	115
114	116
114	117
114	118
115	116
115	117
115	118
115	119
116	117
116	118
116	119
116	120
117	118
117	119
117	120
117	121
118	119
118	120
118	121
118	122
119	120
119	121
119	122
119	123
120	121
120	122
120	123
120	124
121	122
121	123
121	124
121	125
122	123
122	124
122	125
122	126
122	184
123	124
123	125
123	126
123	127
124	125
124	126
124	127
124	128
125	126
125	127
125	128
125	129
125	177
125	180
125	181
126	127
126	128
126	129
126	130
127	128
127	129
127	130
127	131
128	129
128	130
128	131
128	132
128	176
128	177
129	130
129	131
129	132
129	133
129	174
129	177
130	131
130	132
130	133
130	134
131	132
131	133
131	134
131	135
132	133
132	134
132	135
132	136
132	170
132	173
132	174
133	134
133	135
133	136
133	137
134	135
134	136
134	137
134	138
135	136
135	137
135	138
135	139
135	166
135	167
135	169
135	170
136	137
136	138
136	139
136	140
136	167
136	170
137	138
137	139
137	140
137	141
138	139
138	140
138	141
138	142
139	140
139	141
139	142
139	143
139	163
139	164
139	166
139	167
140	141
140	142
140	143
140	144
141	142
141	143
141	144
141	145
142	143
142	144
142	145
142	146
142	159
142	163
143	144
143	145
143	146
143	160
143	163
144	145
144	146
144	147
145	146
145	147
145	148
146	147
146	148
146	156
146	159
146	160
147	148
147	149
147	156
148	149
148	150
148	151
149	150
149	151
150	151
150	152
151	152
151	153
151	155
151	156
152	153
152	154
152	155
152	156
153	154
153	155
153	156
153	157
154	155
154	156
154	157
154	158
155	156
155	157
155	158
155	159
156	157
156	158
156	159
156	160
157	158
157	159
157	160
157	161
158	159
158	160
158	161
158	162
159	160
159	161
159	162
159	163
160	161
160	162
160	163
160	164
161	162
161	163
161	164
161	165
162	163
162	164
162	165
162	166
163	164
163	165
163	166
163	167
164	165
164	166
164	167
164	168
165	166
165	167
165	168
165	169
166	167
166	168
166	169
166	170
167	168
167	169
167	170
167	171
168	169
168	170
168	171
168	172
169	170
169	171
169	172
169	173
170	171
170	172
170	173
170	174
171	172
171	173
171	174
171	175
172	173
172	174
172	175
172	176
173	174
173	175
173	176
173	177
174	175
174	176
174	177
174	178
175	176
175	177
175	178
175	179
176	177
176	178
176	179
176	180
177	178
177	179
177	180
177	181
178	179
178	180
178	181
178	182
179	180
179	181
179	182
179	183
180	181
180	182
180	183
180	184
181	182
181	183
181	184
181	185
182	183
182	184
182	185
182	186
183	184
183	185
183	186
183	187
184	185
184	186
184	187
184	188
185	186
185	187
185	188
185	189
186	187
186	188
186	189
187	188
187	189
187	190
187	191
188	189
188	190
188	191
188	192
189	190
189	191
189	192
189	193
190	191
190	192
190	193
190	194
191	192
191	193
191	194
191	195
192	193
192	194
192	195
192	196
193	194
193	195
193	196
193	197
194	195
194	196
194	197
194	198
195	196
195	197
195	198
195	199
196	197
196	198
196	199
196	200
197	198
197	199
197	200
197	201
198	199
198	200
198	201
198	202
199	200
199	201
199	202
199	203
200	201
200	202
200	203
200	204
201	202
201	203
201	204
201	205
202	203
202	204
202	205
202	206
203	204
203	205
203	206
203	207
204	205
204	206
204	207
204	208
205	206
205	207
205	208
205	209
206	207
206	208
206	209
206	210
206	413
206	416
207	208
207	209
207	210
207	211
208	209
208	210
208	211
208	212
209	210
209	211
209	212
209	213
209	409
209	413
210	211
210	212
210	213
210	214
211	212
211	213
211	214
211	215
212	213
212	214
212	215
212	216
213	214
213	215
213	216
213	217
213	406
213	409
214	215
214	216
214	217
214	218
215	216
215	217
215	218
215	219
216	217
216	218
216	219
216	220
216	402
216	406
217	218
217	219
217	220
217	221
218	219
218	220
218	221
218	222
219	220
219	221
219	222
219	223
220	221
220	222
220	223
220	224
220	402
221	222
221	223
221	224
221	225
222	223
222	224
222	225
222	226
223	224
223	225
223	226
223	227
223	399
224	225
224	226
224	227
224	228
225	226
225	227
225	228
225	229
226	227
226	228
226	229
226	230
227	228
227	229
227	230
227	231
227	392
227	395
228	229
228	230
228	231
228	232
229	230
229	231
229	232
229	233
230	231
230	232
230	233
230	234
230	388
230	392
231	232
231	233
231	234
231	235
231	392
232	233
232	234
232	235
232	236
233	234
233	235
233	236
233	237
233	388
234	235
234	236
234	237
234	238
234	385
234	388
234	389
235	236
235	237
235	238
235	239
236	237
236	238
236	239
236	240
237	238
237	239
237	240
237	241
237	384
237	385
238	239
238	240
238	241
238	242
238	385
239	240
239	241
239	242
239	243
240	241
240	242
240	243
240	244
241	242
241	243
241	244
241	245
241	378
241	381
241	382
242	243
242	244
242	245
242	246
243	244
243	245
243	246
243	247
244	245
244	246
244	247
244	248
244	374
244	377
244	378
245	246
245	247
245	248
245	249
245	378
246	247
246	248
246	249
246	250
247	248
247	249
247	250
247	251
247	374
248	249
248	250
248	251
248	252
248	371
248	374
248	375
249	250
249	251
249	252
249	253
250	251
250	252
250	253
250	254
251	252
251	253
251	254
251	255
251	370
251	371
252	253
252	254
252	255
252	256
252	371
253	254
253	255
253	256
253	257
254	255
254	256
254	257
254	258
254	367
255	256
255	257
255	258
255	259
255	364
255	367
255	368
256	257
256	258
256	259
256	260
257	258
257	259
257	260
257	261
258	259
258	260
258	261
258	264
258	363
258	364
259	260
259	261
259	264
259	265
259	268
259	364
260	261
260	262
260	264
260	265
261	262
261	263
261	264
261	265
262	263
262	264
262	265
263	264
263	265
263	266
263	267
263	275
263	357
263	360
264	265
264	266
264	267
264	268
264	360
265	266
265	267
265	268
265	269
265	273
266	267
266	268
266	269
266	270
266	273
266	274
266	275
267	268
267	269
267	270
267	357
267	361
268	269
268	270
269	270
269	271
269	272
269	273
270	271
270	272
270	273
270	274
270	275
270	303
270	304
270	305
270	306
271	272
271	273
271	274
271	304
271	305
272	273
272	274
273	274
273	275
274	275
274	276
274	302
274	303
274	304
275	276
275	302
275	303
275	304
276	277
276	278
276	301
276	302
276	303
277	278
277	300
277	301
277	302
277	349
277	353
278	279
278	280
278	299
278	300
278	301
278	349
279	280
279	281
279	298
279	299
279	300
280	281
280	282
280	297
280	298
280	299
281	282
281	283
281	296
281	297
281	298
282	283
282	284
282	294
282	295
282	296
282	297
283	284
283	285
283	294
283	295
283	296
283	341
284	285
284	286
284	293
284	294
284	295
285	286
285	291
285	292
285	293
285	294
285	337
285	338
286	287
286	288
286	292
286	293
287	288
287	289
287	292
288	289
288	290
288	291
288	292
289	290
289	291
289	292
290	291
290	292
291	292
291	293
291	335
292	293
293	294
293	295
294	295
294	296
295	296
295	297
296	297
297	298
297	299
298	299
298	300
299	300
299	301
299	345
299	346
299	349
300	301
300	302
301	302
301	349
301	350
302	303
302	304
303	304
303	305
303	308
303	309
304	305
305	306
305	307
305	308
305	309
306	307
306	308
306	309
306	310
307	308
307	309
307	310
307	311
308	309
308	310
308	311
308	312
309	310
309	311
309	312
309	313
310	311
310	312
310	313
310	314
311	312
311	313
311	314
311	315
312	313
312	314
312	315
312	316
312	317
312	320
312	354
313	314
313	315
313	354
313	358
314	315
315	316
315	317
315	319
315	320
316	317
316	318
316	319
316	320
316	351
317	318
317	319
317	320
317	321
317	347
317	350
317	351
317	354
318	319
318	320
318	321
318	322
318	347
319	320
319	321
319	322
319	323
320	321
320	322
320	323
320	324
320	325
321	322
321	323
321	324
321	325
321	326
321	327
321	347
322	323
322	324
322	325
322	326
322	327
322	328
323	324
323	325
323	326
324	325
324	326
325	326
325	327
326	327
326	328
327	328
327	329
328	329
328	330
329	330
329	331
329	332
330	331
330	332
330	339
330	340
330	343
331	332
331	333
331	336
331	339
331	340
332	333
332	339
333	334
333	335
333	336
333	339
334	335
334	336
335	336
335	337
335	338
335	339
336	337
336	338
336	339
336	340
337	338
337	339
337	340
337	341
338	339
338	340
338	341
338	342
339	340
339	341
339	342
339	343
340	341
340	342
340	343
340	344
341	342
341	343
341	344
341	345
342	343
342	344
342	345
342	346
343	344
343	345
343	346
343	347
344	345
344	346
344	347
344	348
345	346
345	347
345	348
345	349
346	347
346	348
346	349
347	348
347	349
347	350
347	351
348	349
348	350
348	351
348	352
349	350
349	351
349	352
349	353
350	351
350	352
350	353
350	354
351	352
351	353
351	354
351	355
352	353
352	354
352	355
352	356
353	354
353	355
353	356
353	357
354	355
354	356
354	357
354	358
355	356
355	357
355	358
355	359
356	357
356	358
356	359
356	360
357	358
357	359
357	360
357	361
358	359
358	360
358	361
358	362
359	360
359	361
359	362
359	363
360	361
360	362
360	363
360	364
361	362
361	363
361	364
361	365
362	363
362	364
362	365
362	366
363	364
363	365
363	366
363	367
364	365
364	366
364	367
364	368
365	366
365	367
365	368
365	369
366	367
366	368
366	369
366	370
367	368
367	369
367	370
367	371
368	369
368	370
368	371
368	372
369	370
369	371
369	372
369	373
370	371
370	372
370	373
370	374
371	372
371	373
371	374
371	375
372	373
372	374
372	375
372	376
373	374
373	375
373	376
373	377
374	375
374	376
374	377
374	378
375	376
375	377
375	378
375	379
376	377
376	378
376	379
376	380
377	378
377	379
377	380
377	381
378	379
378	380
378	381
378	382
379	380
379	381
379	382
379	383
380	381
380	382
380	383
380	384
381	382
381	383
381	384
381	385
382	383
382	384
382	385
382	386
383	384
383	385
383	386
383	387
384	385
384	386
384	387
384	388
385	386
385	387
385	388
385	389
386	387
386	388
386	389
386	390
387	388
387	389
387	390
387	391
388	389
388	390
388	391
388	392
389	390
389	391
389	392
389	393
390	391
390	392
390	393
390	394
391	392
391	393
391	394
391	395
392	393
392	394
392	395
392	396
393	394
393	395
393	396
393	397
394	395
394	396
394	397
394	398
395	396
395	397
395	398
395	399
396	397
396	398
396	399
396	400
397	398
397	399
397	400
397	401
398	399
398	400
398	401
398	402
399	400
399	401
399	402
399	403
400	401
400	402
400	403
400	404
401	402
401	403
401	404
401	405
402	403
402	404
402	405
402	406
403	404
403	405
403	406
403	407
404	405
404	406
404	407
404	408
405	406
405	407
405	408
405	409
406	407
406	408
406	409
406	410
407	408
407	409
407	410
407	411
408	409
408	410
408	411
408	412
409	410
409	411
409	412
409	413
410	411
410	412
410	413
410	414
411	412
411	413
411	414
411	415
412	413
412	414
412	415
412	416
413	414
413	415
413	416
413	417
414	415
414	416
414	417
414	418
415	416
415	417
415	418
415	419
416	417
416	418
416	419
416	420
417	418
417	419
417	420
417	421
418	419
418	420
418	421
418	422
419	420
419	421
419	422
419	423
420	421
420	422
420	423
420	424
421	422
421	423
421	424
421	425
422	423
422	424
422	425
422	426
423	424
423	425
423	426
423	427
424	425
424	426
424	427
424	428
425	426
425	427
425	428
425	429
426	427
426	428
426	429
426	430
426	514
426	515
427	428
427	429
427	430
427	431
428	429
428	430
428	431
428	432
429	430
429	431
429	432
429	433
429	511
429	512
429	514
429	515
430	431
430	432
430	433
430	434
430	515
431	432
431	433
431	434
431	435
432	433
432	434
432	435
432	436
433	434
433	435
433	436
433	437
433	512
433	515
434	435
434	436
434	437
434	438
435	436
435	437
435	438
435	439
436	437
436	438
436	439
436	440
437	438
437	439
437	440
437	441
437	449
437	452
438	439
438	440
438	441
438	442
439	440
439	441
439	442
439	443
440	441
440	442
440	443
440	444
440	445
440	448
440	449
441	442
441	443
441	444
441	445
441	446
441	448
441	449
442	443
442	444
442	445
443	444
443	445
444	445
444	448
444	575
445	446
445	447
445	448
446	447
446	448
446	449
446	450
447	448
447	449
447	450
447	451
447	600
448	449
448	450
448	451
448	452
449	450
449	451
449	452
449	453
450	451
450	452
450	453
450	454
451	452
451	453
451	454
451	455
451	596
452	453
452	454
452	455
452	456
453	454
453	455
453	456
453	457
454	455
454	456
454	457
454	458
455	456
455	457
455	458
455	459
455	593
456	457
456	458
456	459
456	460
456	558
456	561
457	458
457	459
457	460
458	459
458	460
458	462
459	460
459	461
459	462
459	557
459	558
459	589
460	461
460	462
460	558
461	462
461	463
462	463
462	464
462	556
462	557
463	464
463	465
463	555
463	556
463	557
464	465
464	466
464	555
464	556
464	557
464	588
464	589
465	466
465	467
465	469
465	470
465	588
465	589
466	467
466	468
466	469
466	470
467	468
467	469
467	470
467	471
467	545
467	546
468	469
468	470
468	471
468	472
469	470
469	471
469	472
469	473
470	471
470	472
470	473
470	474
470	587
470	588
471	472
471	473
471	474
471	475
472	473
472	474
472	475
472	476
473	474
473	475
473	476
473	477
473	587
473	591
474	475
474	476
474	477
474	478
474	584
474	587
475	476
475	477
475	478
476	477
476	478
477	478
477	479
477	480
477	481
478	479
478	480
478	481
478	482
479	480
479	481
479	482
479	483
480	481
480	482
480	483
480	484
480	598
481	482
481	483
481	484
481	580
481	598
482	483
482	484
482	485
482	486
483	484
483	485
483	486
484	485
484	486
485	486
485	487
486	487
486	488
486	489
486	490
487	488
487	489
487	490
488	489
488	490
488	491
488	492
489	490
489	491
489	492
489	493
490	491
490	492
490	493
490	494
490	536
491	492
491	493
491	494
491	495
491	537
492	493
492	494
492	495
492	496
493	494
493	495
493	496
493	497
493	573
493	577
494	495
494	496
494	497
494	498
494	533
494	536
494	537
495	496
495	497
495	498
495	499
495	533
496	497
496	498
496	499
496	571
497	498
497	499
497	500
497	529
497	533
498	499
498	500
498	529
498	530
498	533
499	500
499	501
500	501
500	502
500	570
501	502
501	503
501	504
501	505
502	503
502	504
502	505
502	506
502	526
503	504
503	505
503	506
504	505
504	506
504	507
505	506
505	507
505	508
505	509
505	566
505	567
505	570
506	507
506	508
506	509
506	510
507	508
507	509
507	510
507	511
508	509
508	510
508	511
508	512
508	566
509	510
509	511
509	512
509	513
509	562
509	563
509	566
510	511
510	512
510	513
510	514
511	512
511	513
511	514
511	515
512	513
512	514
512	515
512	516
512	562
513	514
513	515
513	516
513	517
513	518
513	519
513	559
513	562
514	515
514	516
514	517
514	518
514	519
515	516
515	517
516	517
516	518
516	558
516	562
517	518
517	519
517	558
518	519
518	520
518	558
518	559
519	520
519	521
520	521
520	553
520	554
521	522
521	523
521	552
521	553
522	523
522	524
522	525
522	551
522	552
522	553
523	524
523	525
523	551
523	552
524	525
524	526
524	527
524	528
524	551
525	526
525	527
525	528
525	529
525	551
526	527
526	528
526	529
526	530
527	528
527	529
527	530
527	531
528	529
528	530
528	531
528	532
528	544
528	547
529	530
529	531
529	532
529	533
530	531
530	532
530	533
530	534
531	532
531	533
531	534
531	535
531	544
532	533
532	534
532	535
532	536
532	544
533	534
533	535
533	536
533	537
534	535
534	536
534	537
534	538
535	536
535	537
535	538
535	539
535	540
535	541
535	544
536	537
536	538
536	539
537	538
537	539
538	539
538	540
539	540
539	541
540	541
540	542
541	542
541	543
541	544
541	545
542	543
542	544
542	545
542	546
543	544
543	545
543	546
543	547
544	545
544	546
544	547
544	548
545	546
545	547
545	548
546	547
546	548
546	549
547	548
547	549
547	550
547	551
548	549
548	550
548	551
549	550
549	551
549	555
550	551
550	552
551	552
551	553
552	553
552	554
552	555
552	556
552	559
553	554
553	555
554	555
554	556
555	556
555	557
556	557
556	558
556	559
557	558
557	559
557	560
557	561
557	589
558	559
558	560
558	561
558	562
559	560
559	561
559	562
559	563
560	561
560	562
560	563
560	564
561	562
561	563
561	564
561	565
562	563
562	564
562	565
562	566
563	564
563	565
563	566
563	567
564	565
564	566
564	567
564	568
565	566
565	567
565	568
565	569
566	567
566	568
566	569
566	570
567	568
567	569
567	570
567	571
568	569
568	570
568	571
569	570
569	571
570	571
571	572
571	573
572	573
572	574
573	574
573	577
573	578
574	575
574	576
574	577
574	578
575	576
575	577
575	578
575	579
576	577
576	578
576	579
576	580
576	601
577	578
577	579
577	580
577	581
578	579
578	580
578	581
578	582
579	580
579	581
579	582
579	583
579	597
580	581
580	582
580	583
580	584
581	582
581	583
581	584
581	585
582	583
582	584
582	585
582	586
582	597
583	584
583	585
583	586
583	587
583	594
583	597
583	598
584	585
584	586
584	587
585	586
585	587
585	588
585	589
586	587
586	588
586	589
586	590
586	591
586	593
586	594
587	588
587	589
587	590
587	591
587	594
588	589
588	590
589	590
590	591
590	592
590	593
591	592
591	593
591	594
591	595
592	593
592	594
592	595
592	596
593	594
593	595
593	596
593	597
594	595
594	596
594	597
594	598
595	596
595	597
595	598
595	599
596	597
596	598
596	599
596	600
597	598
597	599
597	600
598	599
598	600
598	601
599	600
599	601
600	601
