0	1
0	2
0	25
0	26
1	2
1	3
1	25
1	26
1	27
1	90
2	3
2	4
2	26
2	27
2	28
2	89
2	90
2	91
2	398
2	400
3	4
3	5
3	27
3	28
3	29
3	89
3	90
3	91
3	92
4	5
4	6
4	28
4	29
4	30
4	89
4	91
4	92
4	93
5	6
5	7
5	12
5	29
5	30
5	31
5	92
5	93
5	94
5	95
6	7
6	8
6	12
6	30
6	31
6	32
6	93
6	94
6	95
6	96
7	8
7	9
7	12
7	30
7	31
7	32
7	95
7	96
8	9
8	10
8	12
8	13
8	30
8	31
8	32
8	37
8	38
8	39
9	10
9	11
9	12
9	13
9	37
9	38
9	39
9	40
9	41
10	11
10	12
10	13
10	14
10	38
10	370
10	373
10	374
11	12
11	13
11	14
11	15
11	95
11	359
11	360
11	373
11	374
11	377
12	13
12	14
12	15
12	16
12	95
13	14
13	15
13	16
13	17
13	59
14	15
14	16
14	17
14	18
14	374
14	377
14	378
15	16
15	17
15	18
15	19
15	377
15	378
15	381
16	17
16	18
16	19
16	20
16	28
17	18
17	19
17	20
17	21
17	62
18	19
18	20
18	21
18	22
18	378
18	381
19	20
19	21
19	22
19	23
19	381
20	21
20	22
20	23
20	24
20	26
21	22
21	23
22	23
22	24
23	24
23	25
23	26
24	25
24	26
25	26
25	27
26	27
26	28
27	28
27	29
27	67
27	68
28	29
28	30
28	67
28	68
28	69
29	30
29	31
29	68
29	69
29	70
30	31
30	32
30	69
30	70
30	71
31	32
31	33
31	70
31	71
31	72
31	74
32	33
32	34
32	37
32	71
32	72
32	73
32	74
32	75
33	34
33	35
33	72
33	73
33	74
33	75
34	35
34	36
34	72
34	73
35	36
35	72
35	73
35	416
36	37
36	72
36	421
37	38
37	39
37	72
38	39
38	40
38	41
38	42
39	40
39	41
39	42
39	43
40	41
40	42
40	43
40	44
40	45
41	42
41	43
41	44
41	45
41	53
42	43
42	44
42	45
42	125
43	44
43	45
43	122
43	125
43	126
43	127
44	45
44	46
44	121
44	122
44	125
45	46
45	47
45	49
46	47
46	48
46	49
46	153
47	48
47	49
47	50
47	168
47	169
47	170
48	49
48	50
48	165
48	168
49	50
49	51
49	52
50	51
50	52
50	53
50	54
51	52
51	53
51	54
52	53
52	54
52	55
53	54
53	55
53	56
54	55
54	56
54	57
55	56
55	57
55	58
55	59
56	57
56	58
56	59
56	60
57	58
57	59
57	60
57	61
58	59
58	60
58	61
58	62
59	60
59	61
59	62
59	63
60	61
60	62
60	63
60	64
61	62
61	63
61	64
61	65
62	63
62	64
62	65
62	68
63	64
63	65
63	68
63	69
63	70
63	418
64	65
64	66
65	66
65	67
65	68
66	67
66	68
67	68
67	69
68	69
68	70
69	70
69	71
69	418
70	71
70	72
70	417
70	418
71	72
71	73
71	74
71	415
71	416
71	417
72	73
72	74
72	415
72	416
72	417
73	74
73	75
73	415
73	416
74	75
74	76
74	79
74	415
75	76
75	77
75	78
75	79
75	80
76	77
76	78
76	79
76	80
76	81
76	82
77	78
77	79
77	80
77	81
77	82
77	330
77	331
78	79
78	80
78	81
79	80
79	81
80	81
80	82
80	84
81	82
81	83
81	84
81	85
81	331
82	83
82	84
82	85
82	86
82	331
82	333
83	84
83	85
83	86
83	87
83	333
84	85
84	86
84	87
84	88
85	86
85	87
85	88
85	89
85	92
86	87
86	88
86	89
86	91
86	92
87	88
87	89
88	89
88	398
88	399
88	400
88	403
89	90
89	91
89	92
89	398
89	399
89	400
90	91
90	355
90	393
90	394
90	398
91	92
91	93
91	355
91	356
92	93
92	94
92	355
92	356
92	357
93	94
93	95
93	356
93	357
93	358
93	359
94	95
94	96
94	357
94	358
94	359
95	96
95	97
95	358
95	359
95	360
95	362
96	97
96	98
96	362
97	98
97	99
97	327
97	360
97	361
97	362
98	99
98	100
98	325
98	326
98	327
98	328
98	361
98	362
98	366
99	100
99	101
99	325
99	326
99	327
99	328
100	101
100	102
100	325
100	326
100	327
100	328
101	102
101	103
101	116
101	324
101	325
101	326
102	103
102	104
102	323
102	324
102	325
102	326
103	104
103	105
104	105
104	106
104	109
104	321
105	106
105	107
106	107
106	108
106	109
106	275
106	276
107	108
107	109
107	276
107	277
108	109
108	110
108	111
108	276
108	277
108	278
109	110
109	111
109	114
109	277
110	111
110	112
110	114
111	112
111	113
111	114
111	279
111	285
111	286
112	113
112	114
112	284
112	285
112	286
113	114
113	115
113	135
113	136
113	285
113	286
113	317
113	318
113	319
114	115
114	286
114	318
114	319
114	320
115	116
115	117
115	119
115	120
115	319
115	320
115	321
116	117
116	118
116	119
116	120
116	320
116	321
116	322
117	118
117	119
117	120
117	121
117	154
117	320
117	321
117	322
118	119
118	120
118	121
118	122
119	120
119	121
119	122
119	123
119	130
120	121
120	122
120	123
120	124
121	122
121	123
121	124
121	125
121	154
122	123
122	124
122	125
122	126
122	127
122	130
123	124
123	125
123	126
123	127
123	130
123	131
123	133
124	125
124	126
124	170
124	171
124	174
125	126
125	127
125	170
125	171
126	127
126	128
126	131
126	171
126	441
126	443
127	128
127	129
127	130
127	131
128	129
128	130
128	131
128	443
128	444
128	445
129	130
129	131
130	131
130	132
130	133
131	132
131	133
131	443
132	133
132	134
133	134
133	135
134	135
134	136
135	136
135	137
136	137
136	138
137	138
137	139
137	181
137	182
137	183
138	139
138	140
138	181
138	182
138	183
139	140
139	141
139	182
139	183
139	317
140	141
140	182
140	183
140	184
140	185
140	317
141	142
141	143
141	183
141	184
141	185
141	186
141	316
141	317
141	318
142	143
142	144
142	183
142	185
142	186
142	187
142	316
142	317
142	318
142	319
143	144
143	145
143	186
143	187
143	188
143	316
143	318
143	319
143	320
144	145
144	146
144	151
144	187
144	188
144	189
144	319
144	320
144	321
144	322
145	146
145	147
145	188
145	189
145	190
145	320
145	321
145	322
146	147
146	148
146	151
146	188
146	189
146	190
146	321
146	322
146	323
147	148
147	151
147	188
147	189
147	190
147	197
147	198
147	199
148	149
148	150
148	151
148	152
148	197
148	198
148	199
149	150
149	151
149	152
149	153
149	198
149	199
149	200
149	203
150	151
150	152
150	153
150	154
150	322
151	152
151	153
151	154
151	155
151	188
151	322
152	153
152	154
152	155
152	156
152	203
153	154
153	155
153	156
153	157
154	155
154	156
154	157
154	158
155	156
155	157
155	158
155	159
155	186
156	157
156	158
156	159
156	160
156	207
157	158
157	159
157	160
158	159
158	160
159	160
159	161
159	184
159	264
160	161
160	162
160	164
160	210
161	162
161	163
161	164
161	212
162	163
162	164
162	165
162	166
162	178
162	179
163	164
163	165
163	166
164	165
164	166
165	166
165	167
165	168
166	167
166	168
167	168
167	169
167	436
167	437
168	169
168	170
168	437
168	438
169	170
169	171
169	437
169	438
169	439
169	440
170	171
170	172
170	174
170	175
171	172
171	173
171	174
171	175
171	440
171	441
172	173
172	174
172	175
172	176
173	174
173	175
173	176
173	177
174	175
174	176
174	177
174	178
175	176
175	177
175	178
175	179
176	177
176	178
176	179
176	180
177	178
177	179
177	180
177	181
178	179
178	180
178	181
179	180
179	181
180	181
180	182
181	182
181	183
182	183
182	184
183	184
183	185
184	185
184	186
184	263
184	264
184	265
185	186
185	187
185	264
185	265
185	266
186	187
186	188
186	265
186	266
186	267
187	188
187	189
187	266
187	267
187	268
187	269
188	189
188	190
188	267
188	268
188	269
189	190
189	191
189	268
189	269
189	270
189	272
190	191
190	192
190	269
190	270
190	271
190	272
190	273
191	192
191	193
191	270
191	271
191	272
191	273
191	294
191	305
192	193
192	196
192	270
192	271
192	296
192	305
193	194
193	195
193	196
193	270
193	271
194	195
194	196
194	197
194	222
195	196
195	197
196	197
196	198
197	198
197	199
198	199
198	200
199	200
199	201
199	203
199	204
200	201
200	202
200	203
200	204
200	239
201	202
201	203
201	204
201	205
201	239
202	203
202	204
202	205
202	206
203	204
203	205
203	206
203	207
204	205
204	206
204	207
204	208
205	206
205	207
205	208
205	209
206	207
206	208
206	209
206	210
207	208
207	209
207	210
208	209
208	210
208	215
209	210
209	211
210	211
210	212
210	213
211	212
211	213
212	213
212	262
212	263
212	264
213	214
213	215
213	259
213	262
213	263
213	264
213	265
214	215
214	216
214	259
214	262
214	264
214	265
214	266
215	216
215	217
215	265
215	266
215	267
216	217
216	218
216	266
216	267
216	268
217	218
217	219
217	247
217	267
217	268
218	219
218	220
218	221
218	247
219	220
219	221
219	222
219	223
219	247
219	248
220	221
220	222
220	223
221	222
221	223
222	223
222	224
222	225
222	244
223	224
223	225
224	225
224	226
224	227
224	228
225	226
225	227
225	228
225	229
226	227
226	228
226	229
226	230
227	228
227	229
227	230
228	229
228	230
229	230
229	231
229	232
229	237
230	231
230	232
231	232
231	233
232	233
232	234
232	236
232	237
233	234
233	235
233	236
233	237
234	235
234	236
234	237
234	238
235	236
235	237
235	238
235	239
236	237
236	238
236	239
236	240
237	238
237	239
237	240
237	241
238	239
238	240
238	241
238	242
239	240
239	241
239	242
239	243
240	241
240	242
240	243
240	244
241	242
241	243
241	244
241	245
242	243
242	244
242	245
242	246
243	244
243	245
243	246
243	247
244	245
244	246
244	247
244	248
245	246
245	247
245	248
245	249
246	247
246	248
246	249
247	248
247	249
248	249
248	250
249	250
249	251
250	251
250	252
251	252
251	253
251	255
251	256
252	253
252	254
252	255
252	256
253	254
253	255
253	256
253	257
254	255
254	256
254	257
254	258
255	256
255	257
255	258
255	259
256	257
256	258
256	259
256	260
257	258
257	259
257	260
257	261
258	259
258	260
258	261
258	262
259	260
259	261
259	262
260	261
260	262
261	262
261	263
262	263
262	264
263	264
263	265
264	265
265	266
265	267
266	267
267	268
267	269
268	269
268	270
269	270
270	271
270	272
271	272
271	273
271	293
271	294
271	295
272	273
272	274
272	291
272	292
272	293
272	294
273	274
273	275
273	291
273	292
273	293
274	275
274	276
274	290
274	291
274	292
275	276
275	290
275	291
275	292
276	277
276	278
276	289
276	290
277	278
277	279
277	286
277	288
277	289
277	290
278	279
278	280
278	286
278	287
278	288
278	289
278	290
279	280
279	281
279	283
279	285
279	286
279	287
279	288
280	281
280	282
280	283
280	284
280	285
280	286
280	287
281	282
281	283
282	283
282	284
283	284
283	285
284	285
285	286
285	287
286	287
286	288
286	317
286	318
287	288
287	315
287	316
287	317
288	289
288	290
288	313
288	314
288	315
288	316
288	317
289	290
289	291
289	313
289	314
289	315
289	316
290	291
290	292
290	311
290	312
290	313
290	314
291	292
291	293
291	311
291	312
291	313
292	293
292	294
292	307
292	310
292	311
292	312
293	294
293	307
293	308
293	309
293	310
293	311
293	312
294	295
294	296
294	305
294	306
294	307
294	308
295	296
295	297
295	305
295	306
295	307
295	308
296	297
296	298
296	303
296	304
296	305
296	306
297	298
297	299
297	303
297	304
297	305
298	299
298	300
298	302
298	303
298	304
299	300
299	301
299	302
299	303
300	301
300	302
300	303
301	302
301	303
302	303
302	304
303	304
303	305
304	305
304	306
305	306
305	307
306	307
306	308
307	308
307	309
308	309
308	310
309	310
309	311
310	311
310	312
311	312
311	313
312	313
312	314
313	314
313	315
314	315
314	316
315	316
316	317
316	318
317	318
317	319
318	319
318	320
319	320
319	321
320	321
320	322
321	322
321	323
322	323
322	324
323	324
324	325
324	326
325	326
325	366
326	327
326	328
326	341
326	342
327	328
327	329
327	341
327	342
327	362
328	329
328	330
329	330
329	331
329	336
330	331
331	332
331	333
331	334
332	333
332	334
333	334
333	335
334	335
334	336
335	336
335	343
335	344
336	337
336	338
336	342
336	343
336	344
337	338
337	339
337	340
337	341
337	342
337	343
337	344
338	339
338	340
338	341
339	340
339	341
340	341
340	342
341	342
342	343
342	344
342	362
342	363
342	365
343	344
343	345
343	350
343	362
343	363
344	345
344	350
344	351
345	346
345	347
345	348
345	349
345	350
345	351
345	363
346	347
346	348
346	349
346	350
346	351
347	348
347	349
347	380
348	349
348	350
348	357
348	358
348	359
348	363
348	380
349	350
349	351
349	356
349	357
349	358
350	351
350	352
350	353
350	356
350	357
350	358
351	352
351	353
352	353
352	354
353	354
353	355
353	356
354	355
354	356
355	356
355	357
355	393
356	357
357	358
358	359
358	362
358	363
359	360
359	361
359	362
359	363
359	376
359	377
359	380
360	361
360	362
360	363
360	364
360	373
360	376
360	377
361	362
361	363
361	364
361	365
361	366
362	363
362	364
362	365
363	364
363	365
364	365
364	366
365	366
365	367
366	367
366	368
367	368
367	369
368	369
368	370
368	372
368	373
369	370
369	371
369	372
369	373
370	371
370	372
370	373
370	374
371	372
371	373
371	374
371	375
372	373
372	374
372	375
372	376
373	374
373	375
373	376
373	377
374	375
374	376
374	377
374	378
375	376
375	377
375	378
375	379
376	377
376	378
376	379
376	380
377	378
377	379
377	380
377	381
378	379
378	380
378	381
378	382
379	380
379	381
379	382
379	383
380	381
380	382
380	383
380	384
381	382
381	383
381	384
381	385
382	383
382	384
382	385
382	386
383	384
383	385
383	386
383	387
384	385
384	386
384	387
384	388
385	386
385	387
385	388
385	389
386	387
386	388
386	389
386	390
387	388
387	389
387	390
387	391
387	392
387	393
388	389
388	390
388	391
388	392
388	393
389	390
389	391
390	391
390	392
391	392
391	393
391	395
392	393
392	394
393	394
393	395
394	395
394	396
395	396
395	397
396	397
396	398
397	398
397	399
398	399
398	400
399	400
399	401
399	402
399	403
400	401
400	402
400	403
400	404
401	402
401	403
401	404
401	405
402	403
402	404
402	405
402	406
403	404
403	405
403	406
403	407
404	405
404	406
404	407
404	408
405	406
405	407
405	408
405	409
406	407
406	408
406	409
406	410
407	408
407	409
407	410
407	411
408	409
408	410
408	411
408	412
408	413
409	410
409	411
409	412
409	413
410	411
410	412
411	412
411	413
412	413
412	414
413	414
413	415
414	415
414	416
415	416
415	417
416	417
416	418
416	420
416	421
417	418
417	419
417	420
417	421
418	419
418	420
418	421
418	422
419	420
419	421
419	422
419	423
420	421
420	422
420	423
420	424
420	452
420	453
421	422
421	423
421	424
421	425
421	452
422	423
422	424
422	425
422	426
423	424
423	425
423	426
423	427
423	451
423	452
424	425
424	426
424	427
424	428
424	451
424	452
425	426
425	427
425	428
425	429
426	427
426	428
426	429
426	430
427	428
427	429
427	430
427	431
428	429
428	430
428	431
428	432
428	439
428	440
428	441
428	442
429	430
429	431
429	432
429	433
429	438
429	439
429	440
430	431
430	432
430	433
430	439
431	432
431	433
431	434
431	439
431	440
432	433
432	434
432	435
432	436
432	437
432	438
432	439
432	440
433	434
433	435
433	436
433	437
434	435
434	436
435	436
435	437
436	437
436	438
437	438
437	439
437	440
438	439
439	440
439	441
440	441
440	442
441	442
441	443
442	443
442	444
442	448
443	444
443	445
444	445
444	446
444	447
444	448
445	446
445	447
445	448
445	449
446	447
446	448
446	449
446	450
447	448
447	449
447	450
447	451
448	449
448	450
448	451
448	452
449	450
449	451
449	452
449	453
449	454
450	451
450	452
450	453
450	454
451	452
451	453
452	453
452	454
453	454
