0	1
0	2
1	2
1	3
1	5
2	3
2	4
2	5
3	4
3	5
4	5
4	6
5	6
5	7
6	7
6	8
6	51
7	8
7	9
7	51
7	52
8	9
8	10
8	50
8	51
8	52
9	10
9	11
9	50
9	51
9	52
10	11
10	12
11	12
11	13
12	13
12	14
13	14
13	15
13	87
13	92
13	93
14	15
14	16
14	92
14	93
15	16
15	17
15	92
15	93
15	94
15	95
16	17
16	18
16	19
16	91
16	92
16	93
16	94
17	18
17	19
17	20
17	465
18	19
18	20
18	36
18	37
18	38
19	20
19	21
19	34
19	35
19	36
19	37
19	93
19	94
20	21
20	34
20	35
20	36
20	460
20	461
20	462
20	465
21	22
21	23
21	33
21	34
21	35
21	456
21	460
21	461
22	23
22	24
22	25
22	456
22	457
22	459
22	460
22	461
23	24
23	25
23	95
23	97
23	459
23	460
23	473
23	474
24	25
24	97
24	98
24	459
24	473
25	26
25	97
25	98
25	99
25	103
26	27
26	28
26	32
26	98
26	99
26	100
26	103
27	28
27	29
27	30
27	99
27	100
27	101
27	103
28	29
28	30
28	79
28	99
28	100
28	101
29	30
29	31
29	79
30	31
30	32
30	76
30	449
31	32
31	33
31	76
31	449
32	33
32	74
32	75
32	76
33	34
33	35
33	72
33	73
33	74
33	75
33	76
34	35
34	36
34	72
34	73
34	74
34	461
35	36
35	37
35	70
35	71
35	72
35	73
35	412
35	461
36	37
36	38
36	70
36	71
36	72
37	38
37	70
37	71
38	39
38	40
38	70
38	91
39	40
40	41
40	42
40	58
40	90
41	42
41	43
41	57
41	58
42	43
42	44
42	56
42	57
42	58
42	88
42	89
43	44
43	45
43	55
43	56
43	57
43	58
43	86
43	87
43	88
43	89
44	45
44	46
44	52
44	54
44	55
44	56
44	86
44	87
44	88
45	46
45	47
45	52
45	53
45	54
45	55
45	84
45	85
45	86
45	87
46	47
46	48
46	50
46	51
46	52
46	53
46	84
46	85
46	86
46	87
47	48
47	49
47	50
47	51
47	52
47	53
47	83
47	84
47	85
48	49
48	50
48	83
48	84
48	85
49	50
49	51
50	51
50	52
51	52
51	53
52	53
52	54
53	54
54	55
54	56
55	56
56	57
56	58
57	58
57	59
57	73
58	59
58	60
58	71
58	72
58	73
59	60
59	61
59	71
59	72
59	73
60	61
60	62
60	69
60	70
60	71
60	72
61	62
61	63
61	69
61	70
61	71
61	411
62	63
62	64
62	67
62	68
62	69
62	70
62	411
63	64
63	65
63	66
63	67
63	68
63	69
63	70
63	410
63	411
64	65
64	66
64	67
64	68
65	66
65	67
65	418
65	506
66	67
66	68
66	506
67	68
68	69
68	70
69	70
69	71
70	71
70	72
70	411
71	72
71	73
72	73
72	74
73	74
73	75
74	75
74	76
75	76
75	77
75	78
76	77
76	78
77	78
77	79
78	79
78	80
79	80
79	81
80	81
80	82
80	99
81	82
81	99
81	100
82	83
82	84
82	98
82	99
82	100
83	84
83	96
83	97
83	98
83	99
84	85
84	86
84	96
84	97
84	98
85	86
85	87
85	93
85	94
85	95
85	96
85	97
86	87
86	88
86	93
86	94
87	88
87	89
87	92
87	93
87	94
88	89
88	90
88	91
88	92
88	93
89	90
89	91
89	92
90	91
90	92
91	92
91	93
92	93
93	94
93	95
94	95
94	96
95	96
95	97
96	97
96	98
97	98
97	99
98	99
98	100
98	103
99	100
99	103
100	101
100	102
100	103
101	102
101	103
101	539
101	540
102	103
102	104
102	105
102	537
102	538
102	539
103	104
103	105
104	105
104	106
104	107
104	108
104	533
104	536
104	537
105	106
105	107
105	108
105	109
105	537
106	107
106	108
106	109
106	110
107	108
107	109
107	110
107	111
108	109
108	110
108	111
108	112
108	530
108	533
108	534
109	110
109	111
109	112
109	113
109	197
110	111
110	112
110	113
110	114
110	496
111	112
111	113
111	114
111	115
111	496
111	497
111	526
111	530
112	113
112	114
112	115
112	116
113	114
113	115
113	116
113	117
113	198
113	496
114	115
114	116
114	117
114	118
114	495
114	496
114	497
115	116
115	117
115	118
115	119
116	117
116	118
116	119
116	199
116	212
117	118
117	119
117	124
118	119
118	120
118	161
118	162
119	120
119	121
119	122
119	159
119	160
119	161
119	162
120	121
120	122
120	138
120	139
120	158
120	159
120	160
120	161
120	162
121	122
121	137
121	138
121	139
121	140
121	158
121	159
122	123
122	124
122	136
122	137
122	138
123	124
123	125
123	135
123	136
123	137
124	125
124	126
124	134
124	135
124	136
125	126
125	133
125	134
125	135
126	127
126	128
126	132
126	133
126	134
127	128
127	129
127	130
127	131
127	132
127	133
128	129
128	130
128	131
128	132
129	130
129	131
130	131
130	132
131	132
131	133
132	133
132	134
133	134
134	135
134	136
135	136
135	137
135	248
136	137
136	138
136	248
137	138
137	140
137	248
138	139
138	140
138	247
138	248
139	140
139	141
139	142
139	158
139	248
140	141
140	142
140	158
141	142
141	143
142	143
142	144
142	156
142	157
142	158
142	254
142	255
143	144
143	145
143	154
143	155
143	156
143	157
143	236
143	254
143	255
143	256
144	145
144	146
144	152
144	153
144	154
144	155
144	254
144	255
144	256
145	146
145	147
145	148
145	149
145	150
145	151
145	152
145	153
145	154
145	155
145	255
145	256
146	147
146	148
146	149
146	150
146	151
146	152
147	148
147	149
147	150
147	256
147	257
147	258
148	149
148	150
148	256
148	257
148	258
149	150
149	151
150	151
150	152
151	152
151	153
152	153
152	154
153	154
153	155
154	155
154	156
155	156
155	157
156	157
156	158
156	222
157	158
157	159
157	219
157	222
158	159
158	160
158	219
159	160
159	161
159	215
159	216
159	218
159	219
160	161
160	162
160	215
160	216
160	218
160	219
161	162
161	163
161	169
161	216
162	163
162	164
162	166
162	167
162	168
162	169
163	164
163	166
163	167
163	168
163	169
163	170
163	522
163	523
164	165
164	166
164	167
164	520
164	521
164	522
164	523
165	166
165	167
165	481
165	482
165	483
165	520
165	521
165	522
166	167
166	168
166	482
166	483
167	168
167	169
168	169
168	170
168	236
168	237
169	170
169	171
169	235
169	236
169	237
170	171
170	172
170	173
170	174
170	234
170	235
170	236
171	172
171	173
171	174
171	175
171	234
171	235
171	263
172	173
172	174
172	175
172	262
172	263
172	266
172	319
172	365
173	174
173	175
173	176
173	177
173	319
173	365
173	524
174	175
174	176
174	177
174	178
175	176
175	177
175	178
175	179
175	266
175	270
175	365
176	177
176	178
176	179
176	180
176	364
176	365
176	368
176	524
177	178
177	179
177	180
177	181
177	523
177	524
177	527
178	179
178	180
178	181
178	182
178	270
179	180
179	181
179	182
179	183
179	270
180	181
180	182
180	183
180	184
180	527
180	528
180	531
181	182
181	183
181	184
181	185
181	527
181	531
182	183
182	184
182	185
182	186
183	184
183	185
183	186
183	187
184	185
184	186
184	187
184	188
184	531
184	534
185	186
185	187
185	188
185	189
185	192
186	187
186	188
186	189
187	188
187	189
188	189
188	190
188	191
188	192
188	535
189	190
189	191
189	192
189	193
190	191
190	192
190	193
191	192
191	193
191	194
191	537
191	538
191	539
192	193
192	194
192	195
193	194
193	195
193	207
194	195
194	196
194	207
195	196
195	197
195	208
196	197
196	198
196	202
196	208
197	198
197	199
197	202
197	208
198	199
198	202
199	200
199	201
199	202
200	201
200	202
201	202
201	203
201	204
201	208
201	211
202	203
202	204
202	208
203	204
203	205
204	205
204	206
205	206
205	207
206	207
206	208
206	210
206	211
206	281
207	208
207	209
207	210
207	211
208	209
208	210
208	211
208	212
209	210
209	211
209	212
209	213
210	211
210	212
210	213
210	214
211	212
211	213
211	214
211	215
212	213
212	214
212	215
213	214
213	215
213	216
213	217
214	215
214	216
214	217
214	218
215	216
215	217
215	218
215	219
216	217
216	218
216	219
216	220
217	218
217	219
217	220
217	221
218	219
218	220
218	221
219	220
219	221
219	222
220	221
220	222
220	223
221	222
221	223
221	224
222	223
222	224
223	224
223	225
223	232
223	233
224	225
224	226
224	230
224	231
224	232
224	233
225	226
225	227
225	228
225	229
225	230
225	231
225	232
225	233
226	227
226	228
227	228
227	229
228	229
228	230
229	230
229	231
229	299
230	231
230	232
230	295
230	296
230	299
231	232
231	233
231	259
231	264
231	296
232	233
232	234
232	259
232	260
232	263
232	264
233	234
233	235
233	256
233	257
233	258
233	259
233	260
234	235
234	257
234	258
234	259
234	260
234	263
234	309
235	236
235	237
235	256
235	257
236	237
236	254
236	255
236	256
236	257
237	238
237	239
237	254
237	255
237	256
238	239
238	240
238	241
238	252
238	253
238	254
238	255
239	240
239	313
239	314
239	315
239	316
240	241
240	242
240	314
240	315
240	316
241	242
241	243
241	315
241	316
242	243
242	244
243	244
243	245
244	245
244	246
244	483
244	486
244	487
245	246
245	247
245	249
245	483
245	484
245	487
246	247
246	248
246	249
246	483
246	484
246	487
246	488
247	248
247	249
247	250
248	249
248	250
249	250
249	251
250	251
250	252
251	252
251	253
252	253
252	254
253	254
253	255
254	255
255	256
255	257
256	257
256	258
257	258
257	259
257	311
258	259
258	260
258	309
258	310
258	311
259	260
259	261
259	263
259	309
260	261
260	262
260	263
260	264
260	307
260	308
260	309
261	262
261	263
261	264
261	265
261	306
261	307
261	308
261	324
262	263
262	264
262	265
262	266
262	324
262	327
263	264
263	265
263	266
263	267
264	265
264	266
264	267
264	268
264	296
265	266
265	267
265	268
265	269
265	327
265	328
265	331
266	267
266	268
266	269
266	270
266	327
266	331
267	268
267	269
267	270
267	271
268	269
268	270
268	271
268	272
268	293
268	296
268	297
268	331
269	270
269	271
269	272
269	273
269	330
269	331
269	334
269	335
270	271
270	272
270	273
270	274
271	272
271	273
271	274
271	275
271	289
271	290
271	293
272	273
272	274
272	275
272	276
272	289
272	290
272	293
272	334
272	335
272	338
273	274
273	275
273	276
273	277
273	334
273	338
274	275
274	276
274	277
274	278
274	286
274	289
275	276
275	277
275	278
275	279
275	286
275	287
275	289
275	290
276	277
276	278
276	279
276	286
276	338
277	278
277	279
278	279
278	280
278	281
278	282
278	283
278	286
279	280
279	281
279	282
279	283
279	286
280	281
280	282
280	283
281	282
281	283
282	283
282	284
282	285
282	286
283	284
283	285
283	286
283	287
284	285
284	286
284	287
284	288
285	286
285	287
285	288
285	289
286	287
286	288
286	289
286	290
287	288
287	289
287	290
287	291
288	289
288	290
288	291
288	292
289	290
289	291
289	292
289	293
290	291
290	292
290	293
290	294
291	292
291	293
291	294
291	295
292	293
292	294
292	295
292	296
293	294
293	295
293	296
293	297
294	295
294	296
294	297
294	298
295	296
295	297
295	298
295	299
296	297
296	298
296	299
296	300
297	298
297	299
297	300
297	301
298	299
298	300
298	301
298	302
299	300
299	301
299	302
299	303
300	301
300	302
300	303
300	304
301	302
301	303
301	304
302	303
302	304
303	304
303	305
304	305
304	306
305	306
305	307
306	307
306	308
306	323
306	324
307	308
307	309
308	309
308	310
308	320
309	310
309	311
310	311
310	312
311	312
311	313
311	314
312	313
312	314
313	314
313	315
314	315
314	316
315	316
315	317
316	317
316	318
317	318
317	319
318	319
318	320
319	320
319	321
320	321
320	322
321	322
321	323
321	366
322	323
323	324
323	325
324	325
324	326
324	327
324	328
325	326
325	327
325	328
325	329
326	327
326	328
326	329
326	330
326	367
326	368
326	369
327	328
327	329
327	330
327	331
327	368
327	369
328	329
328	330
328	331
328	332
329	330
329	331
329	332
329	333
329	348
329	351
329	352
329	369
329	372
330	331
330	332
330	333
330	334
330	368
330	369
330	371
330	372
331	332
331	333
331	334
331	335
332	333
332	334
332	335
332	336
332	344
332	345
332	347
332	348
333	334
333	335
333	336
333	337
333	345
333	348
333	372
333	375
333	376
334	335
334	336
334	337
334	338
335	336
335	337
335	338
335	339
335	344
336	337
336	338
336	339
336	340
336	341
336	344
336	345
337	338
337	339
337	340
337	379
338	339
338	340
339	340
339	341
340	341
340	342
341	342
341	343
341	344
341	345
342	343
342	344
342	345
342	346
343	344
343	345
343	346
343	347
344	345
344	346
344	347
344	348
345	346
345	347
345	348
345	349
346	347
346	348
346	349
346	350
347	348
347	349
347	350
347	351
348	349
348	350
348	351
348	352
349	350
349	351
349	352
349	353
350	351
350	352
350	353
350	354
351	352
351	353
351	354
352	353
352	354
352	355
353	354
353	355
354	355
354	356
355	356
355	357
355	358
356	357
356	358
357	358
357	359
357	360
357	395
358	359
358	360
358	392
358	395
359	360
359	361
359	370
359	392
359	395
359	396
359	399
360	361
360	362
360	363
360	370
361	362
361	363
361	399
361	431
362	363
362	427
363	364
363	367
363	368
363	427
364	365
364	366
364	367
364	368
364	427
365	366
365	367
365	368
366	367
366	368
367	368
367	369
368	369
368	370
368	371
369	370
369	371
369	372
369	373
370	371
370	372
370	373
370	374
371	372
371	373
371	374
371	375
372	373
372	374
372	375
372	376
373	374
373	375
373	376
373	377
374	375
374	376
374	377
374	378
375	376
375	377
375	378
375	379
376	377
376	378
376	379
377	378
377	379
377	389
378	379
378	380
379	380
379	381
380	381
380	382
381	382
381	383
382	383
382	384
383	384
383	385
384	385
384	386
385	386
385	387
385	388
385	389
386	387
386	388
386	389
386	390
387	388
387	389
387	390
387	391
388	389
388	390
388	391
388	392
389	390
389	391
389	392
389	393
390	391
390	392
390	393
390	394
391	392
391	393
391	394
391	395
392	393
392	394
392	395
392	396
393	394
393	395
393	396
393	397
394	395
394	396
394	397
394	398
395	396
395	397
395	398
395	399
396	397
396	398
396	399
396	400
396	438
397	398
397	399
397	400
397	401
397	438
398	399
398	400
398	401
398	402
399	400
399	401
399	402
399	403
400	401
400	402
400	403
400	404
400	434
400	435
400	438
401	402
401	403
401	404
401	405
402	403
402	404
402	405
402	406
403	404
403	405
403	406
403	407
403	415
404	405
404	406
404	407
404	408
404	446
404	447
404	450
405	406
405	407
405	408
405	409
406	407
406	408
406	409
406	410
406	415
406	417
407	408
407	409
407	410
407	413
407	414
407	415
407	417
407	450
407	453
408	409
408	410
408	413
409	410
409	411
410	411
410	412
410	413
410	414
410	417
411	412
411	413
412	413
412	414
412	457
412	461
412	462
413	414
413	415
413	453
413	454
413	457
414	415
414	416
414	417
414	453
414	454
414	457
415	416
415	417
415	428
415	454
416	417
416	418
416	419
416	428
417	418
417	419
418	419
418	420
419	420
419	421
420	421
420	424
420	502
420	503
420	504
420	505
421	422
421	423
421	424
421	502
421	503
421	504
422	423
422	424
422	500
422	501
422	503
422	517
422	518
423	424
423	425
423	426
423	500
423	501
424	425
424	426
424	427
424	428
424	500
424	501
425	426
425	427
425	428
425	429
425	499
425	500
425	501
426	427
426	428
426	429
426	430
426	500
426	525
426	528
426	529
427	428
427	429
427	430
427	431
428	429
428	430
428	431
428	454
429	430
429	431
429	432
429	454
429	455
429	528
429	529
429	532
430	431
430	432
430	433
430	528
430	529
430	532
431	432
431	433
431	434
431	435
432	433
432	434
432	435
432	436
432	451
432	532
433	434
433	435
433	436
433	437
434	435
434	436
434	437
434	438
435	436
435	437
435	438
435	439
435	447
435	448
435	451
436	437
436	438
436	439
436	440
436	447
436	448
437	438
437	439
437	440
437	441
438	439
438	440
438	441
438	442
439	440
439	441
439	442
439	443
439	444
439	447
440	441
440	442
440	443
441	442
441	443
442	443
442	444
443	444
443	445
444	445
444	446
444	447
445	446
445	447
445	448
445	449
446	447
446	448
446	449
446	450
447	448
447	449
447	450
447	451
448	449
448	450
448	451
448	452
449	450
449	451
449	452
449	453
450	451
450	452
450	453
450	454
451	452
451	453
451	454
451	455
452	453
452	454
452	455
452	456
453	454
453	455
453	456
453	457
454	455
454	456
454	457
454	458
455	456
455	457
455	458
455	459
455	532
456	457
456	458
456	459
456	460
456	461
457	458
457	459
457	460
457	461
457	462
458	459
458	460
458	461
458	467
458	468
459	460
459	461
459	466
459	467
459	468
459	473
460	461
460	462
460	465
460	466
460	467
460	474
461	462
461	465
462	463
462	464
462	465
462	466
463	464
463	465
464	465
464	466
465	466
466	467
466	468
466	474
466	475
466	476
467	468
467	469
467	472
467	473
467	474
467	475
467	476
468	469
468	470
468	476
468	477
468	498
468	499
469	470
469	471
469	472
469	476
469	477
469	496
469	497
469	498
469	499
470	471
470	472
470	476
470	477
470	478
470	493
470	495
470	496
470	497
470	498
471	472
471	476
471	495
471	496
472	473
472	474
472	476
473	474
473	475
473	476
474	475
474	476
475	476
475	477
476	477
476	478
477	478
477	479
477	480
477	511
478	479
478	480
478	492
478	493
478	511
479	480
479	481
479	493
479	511
479	512
479	513
480	481
480	482
480	511
480	512
480	513
480	519
480	520
480	521
481	482
481	483
481	513
481	514
481	515
481	516
481	519
481	520
481	521
482	483
482	484
482	485
482	486
482	520
482	521
483	484
483	485
483	486
483	487
484	485
484	486
484	487
484	488
485	486
485	487
485	488
485	493
485	494
486	487
486	488
487	488
487	489
488	489
488	490
489	490
489	491
490	491
490	492
491	492
491	493
492	493
492	494
493	494
493	495
494	495
495	496
495	497
496	497
496	498
497	498
497	499
497	521
497	526
498	499
498	500
498	521
498	525
498	526
499	500
499	501
499	519
499	520
499	521
500	501
500	518
500	519
500	520
500	521
500	525
501	502
501	503
501	509
501	518
501	519
502	503
502	504
502	505
502	506
502	507
502	508
502	509
502	518
503	504
503	505
503	506
503	508
503	509
504	505
504	508
505	506
505	507
505	508
506	507
506	508
507	508
507	509
508	509
508	510
509	510
509	511
509	518
510	511
510	512
510	515
510	518
510	519
511	512
511	513
511	519
512	513
512	514
512	515
512	519
513	514
513	515
514	515
514	516
515	516
515	517
515	518
515	519
516	517
516	518
516	519
516	520
517	518
517	519
517	520
518	519
518	520
519	520
519	521
520	521
520	522
521	522
522	523
522	524
522	525
522	526
523	524
523	525
523	526
523	527
524	525
524	526
524	527
524	528
525	526
525	527
525	528
525	529
526	527
526	528
526	529
526	530
527	528
527	529
527	530
527	531
528	529
528	530
528	531
528	532
529	530
529	531
529	532
529	533
530	531
530	532
530	533
530	534
531	532
531	533
531	534
531	535
532	533
532	534
532	535
533	534
533	535
533	536
533	537
534	535
534	536
534	537
535	536
535	537
536	537
536	538
536	539
537	538
537	539
538	539
538	540
539	540
