0	1
0	2
0	3
0	4
1	2
1	3
1	4
1	5
2	3
2	4
2	5
2	6
2	39
3	4
3	5
3	6
3	7
4	5
4	6
4	7
4	8
5	6
5	7
5	8
5	9
5	39
6	7
6	8
6	9
6	10
6	39
7	8
7	9
7	10
7	11
7	50
8	9
8	10
8	11
8	12
9	10
9	11
9	12
9	13
10	11
10	12
10	13
10	14
11	12
11	13
11	14
11	15
12	13
12	14
12	15
12	16
13	14
13	15
13	16
13	17
14	15
14	16
14	17
14	18
14	65
14	66
15	16
15	17
15	18
15	19
16	17
16	18
16	19
16	20
17	18
17	19
17	20
17	21
17	22
17	23
17	66
18	19
18	20
18	21
18	22
18	66
19	20
19	21
20	21
20	22
21	22
22	23
23	24
23	25
23	66
23	67
23	68
24	25
24	26
24	28
24	29
24	66
24	67
24	68
25	26
25	27
25	28
25	29
25	67
25	68
25	69
25	70
26	27
26	28
26	29
26	30
26	48
26	67
26	68
26	69
26	70
27	28
27	29
27	30
27	31
27	44
28	29
28	30
28	31
28	32
29	30
29	31
29	32
29	33
30	31
30	32
30	33
30	41
30	44
30	47
31	32
31	33
31	34
32	33
32	34
32	35
33	34
33	35
33	36
33	40
33	41
34	35
34	36
34	40
34	41
35	36
35	37
35	40
36	37
36	38
36	39
36	40
37	38
37	39
37	40
38	39
38	40
39	40
39	41
40	41
40	42
41	42
41	43
41	46
41	47
42	43
42	46
43	44
43	45
43	46
43	47
44	45
44	46
44	47
44	48
45	46
45	47
45	48
45	49
46	47
46	48
46	49
46	50
47	48
47	49
47	50
47	51
48	49
48	50
48	51
48	52
49	50
49	51
49	52
49	53
50	51
50	52
50	53
50	54
51	52
51	53
51	54
51	55
51	62
52	53
52	54
52	55
52	56
53	54
53	55
53	56
53	57
54	55
54	56
54	57
54	58
55	56
55	57
55	58
55	59
55	60
55	61
55	62
56	57
56	58
56	59
56	60
57	58
57	59
58	59
58	60
59	60
59	61
60	61
60	62
60	64
61	62
61	63
61	64
61	65
62	63
62	64
62	65
62	66
62	67
62	68
63	64
63	65
63	66
63	67
63	68
63	108
64	65
64	66
65	66
65	67
66	67
66	68
67	68
68	69
68	70
68	107
68	108
69	70
69	71
69	107
70	71
70	72
70	107
71	72
71	73
71	107
71	154
72	73
72	74
72	105
72	106
72	107
72	156
73	74
73	75
73	104
73	105
73	106
73	107
73	154
73	156
73	157
74	75
74	76
74	104
74	105
74	147
74	148
74	149
74	150
74	157
75	76
75	102
75	103
75	104
75	105
75	147
75	148
76	77
76	78
76	102
76	103
76	104
76	146
76	147
76	148
77	78
77	95
77	96
77	102
77	103
77	145
77	146
77	147
78	79
78	80
78	95
78	96
78	139
78	140
78	144
78	145
78	146
79	80
79	95
79	96
79	116
79	117
79	118
79	143
79	144
79	145
80	81
80	82
80	94
80	95
80	115
80	116
81	82
81	83
81	92
81	93
81	94
81	95
81	114
81	115
81	116
82	83
82	84
82	92
82	93
82	94
82	112
82	113
82	114
82	115
83	84
83	85
83	91
83	92
83	93
83	112
83	113
83	114
84	85
84	86
84	90
84	91
84	92
84	112
84	113
85	86
85	89
85	90
85	91
86	87
86	88
86	89
86	90
87	88
87	89
88	89
89	90
89	91
90	91
90	92
91	92
91	93
92	93
92	94
93	94
93	95
94	95
94	96
94	97
95	96
95	97
95	98
95	103
96	97
96	98
97	98
97	99
98	99
98	100
98	101
98	102
99	100
99	101
100	101
100	102
100	135
101	102
102	103
102	104
103	104
103	105
104	105
104	106
105	106
105	107
105	157
106	107
106	108
106	109
106	156
107	108
107	109
107	156
108	109
108	110
108	156
109	110
109	111
109	112
109	156
109	160
110	111
110	112
111	112
111	113
112	113
112	114
113	114
113	115
114	115
114	116
115	116
116	117
116	118
117	118
117	119
118	119
118	120
118	143
118	144
118	145
119	120
119	143
119	144
119	170
120	121
120	122
120	144
120	145
120	170
120	171
120	172
121	122
121	123
121	144
121	145
121	146
121	170
121	171
121	172
121	173
122	123
122	124
122	144
122	145
122	146
122	147
122	172
122	173
122	174
123	124
123	125
123	146
123	147
123	148
123	149
123	172
123	173
123	174
123	175
124	125
124	126
124	130
124	147
124	148
124	149
124	174
124	175
124	176
125	126
125	127
125	148
125	149
125	150
125	151
125	175
125	176
126	127
126	128
126	129
126	130
126	148
126	149
126	150
127	128
127	129
127	130
127	131
127	148
127	150
128	129
128	130
128	131
128	132
129	130
129	131
129	132
129	133
129	261
130	131
130	132
130	133
130	134
130	148
131	132
131	133
131	134
131	135
132	133
132	134
132	135
132	136
133	134
133	135
133	136
133	137
133	138
133	272
134	135
134	136
134	137
134	138
135	136
135	137
136	137
136	138
137	138
137	139
137	140
137	141
138	139
138	140
138	141
138	142
138	272
139	140
139	141
139	142
139	143
139	144
139	145
139	146
140	141
140	142
140	143
140	144
141	142
141	143
142	143
142	144
143	144
143	145
144	145
144	146
145	146
145	147
146	147
146	148
147	148
147	149
148	149
148	150
149	150
149	151
149	152
149	153
150	151
150	152
150	153
151	152
151	153
151	186
152	153
152	154
152	185
152	186
152	189
153	154
153	155
153	157
153	158
153	186
154	155
154	156
154	157
154	158
155	156
155	157
155	158
155	159
156	157
156	158
156	159
156	160
157	158
157	159
157	160
157	161
158	159
158	160
158	161
158	162
158	190
158	195
159	160
159	161
159	162
159	163
159	195
160	161
160	162
160	163
160	164
161	162
161	163
161	164
161	165
162	163
162	164
162	165
162	166
162	195
162	197
163	164
163	165
163	166
163	167
164	165
164	166
164	167
164	168
164	170
165	166
165	167
165	168
165	169
165	170
165	171
165	172
166	167
166	168
166	169
167	168
167	169
168	169
168	170
169	170
169	171
170	171
170	172
171	172
171	173
171	200
172	173
172	174
172	200
172	201
173	174
173	175
173	200
173	201
173	202
173	203
174	175
174	176
174	187
174	200
174	201
174	202
174	203
175	176
175	202
175	203
175	204
175	205
176	177
176	178
176	182
176	204
176	205
176	260
177	178
177	179
177	182
177	205
177	258
177	259
177	260
178	179
178	182
178	205
178	206
178	207
178	257
178	258
178	259
178	260
179	180
179	181
179	182
179	183
179	257
179	258
180	181
180	182
180	183
180	184
180	224
180	227
180	228
181	182
181	183
181	184
181	185
181	186
182	183
182	184
182	185
182	186
182	187
183	184
183	185
183	186
183	187
183	188
184	185
184	186
184	187
184	188
185	186
185	187
185	188
185	189
186	187
186	188
186	189
186	190
187	188
187	189
187	190
187	191
188	189
188	190
188	191
188	192
189	190
189	191
189	192
190	191
190	192
190	196
190	197
191	192
191	196
191	197
191	198
191	200
192	193
192	196
192	197
192	198
193	194
193	195
193	196
194	195
194	196
195	196
195	197
196	197
196	198
197	198
197	199
197	200
198	199
198	200
199	200
199	201
200	201
200	202
201	202
201	203
201	286
201	287
201	288
202	203
202	204
202	286
202	287
202	288
203	204
203	279
203	285
203	286
203	287
204	205
204	206
204	286
205	206
205	207
205	209
205	260
206	207
206	208
206	209
206	210
207	208
207	209
207	210
207	211
207	247
207	250
207	251
208	209
208	210
208	211
208	212
209	210
209	211
209	212
209	213
210	211
210	212
210	213
210	214
210	215
210	258
211	212
211	213
211	214
211	215
212	213
212	214
213	214
213	215
214	215
214	216
215	216
215	217
215	258
215	262
215	263
216	217
216	258
216	262
217	218
217	219
217	256
217	257
217	258
218	219
218	220
218	256
218	257
218	258
219	220
219	221
219	255
219	256
219	257
220	221
220	222
220	224
220	225
220	255
220	256
220	257
221	222
221	223
221	224
221	225
222	223
222	224
222	225
222	226
223	224
223	225
223	226
223	227
224	225
224	226
224	227
224	228
225	226
225	227
225	228
225	229
225	252
226	227
226	228
226	229
226	230
227	228
227	229
227	230
227	231
228	229
228	230
228	231
228	232
228	248
229	230
229	231
229	232
229	233
230	231
230	232
230	233
230	234
231	232
231	233
231	234
231	235
231	238
232	233
232	234
232	235
232	238
232	239
232	245
233	234
233	235
234	235
234	236
235	236
235	237
235	238
235	239
236	237
236	238
236	239
236	240
237	238
237	239
237	240
237	241
238	239
238	240
238	241
238	244
238	245
239	240
239	241
240	241
240	242
241	242
241	243
241	244
241	245
242	243
242	244
242	245
242	246
243	244
243	245
243	246
243	247
243	287
243	288
244	245
244	246
244	247
244	248
244	287
244	288
245	246
245	247
245	248
245	249
246	247
246	248
246	249
246	250
247	248
247	249
247	250
247	251
248	249
248	250
248	251
248	252
249	250
249	251
249	252
249	253
250	251
250	252
250	253
250	254
251	252
251	253
251	254
251	255
251	256
252	253
252	254
252	255
253	254
253	255
254	255
254	256
255	256
256	257
256	258
257	258
258	259
258	260
258	262
259	260
259	261
259	262
260	261
260	262
260	263
261	262
261	263
261	264
262	263
262	264
262	265
263	264
263	265
263	266
263	270
263	271
264	265
264	266
264	267
264	268
264	270
265	266
265	267
266	267
266	270
267	268
267	269
267	270
268	269
268	270
269	270
269	271
269	272
269	273
270	271
270	272
270	273
270	274
270	275
271	272
271	273
271	274
271	275
271	276
272	273
272	274
272	275
272	276
272	277
273	274
273	275
273	276
273	277
274	275
274	276
274	277
274	278
275	276
275	277
275	278
275	279
276	277
276	278
276	279
276	280
277	278
277	279
277	280
277	281
278	279
278	280
278	281
278	282
279	280
279	281
279	282
279	285
280	281
280	282
280	283
281	282
281	283
282	283
282	284
282	285
283	284
283	285
283	286
284	285
284	286
285	286
285	287
286	287
286	288
287	288
