0	1
1	2
1	3
2	3
2	4
2	276
3	4
3	5
3	276
4	5
4	276
4	277
5	6
5	7
5	276
5	277
5	278
6	7
6	8
6	9
6	30
6	31
6	32
6	277
6	278
7	8
7	9
7	29
7	30
7	31
7	278
7	279
7	280
8	9
8	10
8	30
8	31
8	32
8	278
8	279
8	280
8	281
9	10
9	11
9	31
9	32
9	33
9	278
9	280
9	281
9	282
10	11
10	12
10	17
10	21
10	32
10	33
10	34
10	281
10	282
10	283
11	12
11	13
11	33
11	34
11	35
11	282
11	283
11	284
12	13
12	14
12	17
12	34
12	35
12	42
12	283
12	284
13	14
13	15
13	17
13	18
13	35
13	40
13	41
13	42
13	236
14	15
14	16
14	17
14	18
14	41
14	42
14	43
14	44
15	16
15	17
15	18
15	19
15	41
15	44
15	236
16	17
16	18
16	19
16	20
16	418
17	18
17	19
17	20
17	21
17	282
17	283
18	19
18	20
18	21
18	22
18	236
18	239
19	20
19	21
19	22
19	23
20	21
20	22
20	23
20	24
20	418
21	22
21	23
21	24
21	25
22	23
22	24
22	25
22	26
22	95
22	239
22	243
23	24
23	25
23	26
23	27
23	95
24	25
24	26
24	27
24	28
24	29
25	26
25	27
25	28
25	29
25	30
25	31
25	243
25	246
26	27
26	28
26	95
27	28
27	29
28	29
28	30
29	30
29	31
30	31
30	32
31	32
31	33
31	248
32	33
32	34
32	248
33	34
33	250
33	251
34	35
34	36
34	250
34	251
34	252
34	254
35	36
35	37
35	251
35	252
35	253
35	254
36	37
36	38
36	252
36	253
36	254
36	255
36	256
37	38
37	39
37	252
37	253
37	254
38	39
38	252
38	253
39	40
39	41
39	252
40	41
40	42
40	45
40	236
41	42
41	43
41	44
41	45
41	46
41	233
41	236
42	43
42	44
42	45
43	44
43	45
44	45
44	46
44	76
44	77
44	78
45	46
45	47
45	76
45	77
45	233
46	47
46	48
46	74
46	75
46	76
46	77
46	232
46	233
47	48
47	49
47	52
47	53
47	74
47	75
47	76
48	49
48	50
48	52
48	53
48	71
48	73
48	74
48	75
49	50
49	51
49	52
49	70
49	71
49	72
49	73
49	74
50	51
50	52
50	53
50	54
50	70
50	71
50	73
51	52
51	53
51	54
51	55
51	62
51	63
51	70
52	53
52	54
52	55
52	56
53	54
53	55
53	56
53	57
54	55
54	56
54	57
54	58
54	59
54	60
54	62
54	63
55	56
55	57
55	58
55	59
55	60
56	57
56	58
57	58
57	59
57	381
58	59
58	60
59	60
59	61
59	62
60	61
60	62
61	62
61	63
62	63
62	64
63	64
63	65
63	67
64	65
64	66
64	67
65	66
65	67
65	68
66	67
66	68
67	68
67	69
67	346
68	69
68	70
68	346
69	70
69	71
69	72
69	346
70	71
70	72
70	73
71	72
71	73
72	73
72	74
72	344
72	345
72	346
73	74
73	75
73	344
73	345
73	346
74	75
74	76
74	230
74	231
74	344
74	345
75	76
75	77
75	344
76	77
76	78
76	79
76	231
76	232
77	78
77	79
78	79
78	80
79	80
79	409
80	81
80	82
80	409
80	410
80	411
81	82
81	83
81	225
81	226
81	227
81	409
81	410
81	411
82	83
82	84
82	225
82	226
82	227
82	410
82	411
83	84
83	85
83	86
83	216
83	224
83	225
83	226
84	85
84	86
84	89
84	216
84	217
84	224
84	225
84	226
85	86
85	87
85	89
85	212
85	216
86	87
86	88
86	89
86	90
87	88
87	89
87	90
87	91
87	415
88	89
88	90
88	91
88	92
88	415
89	90
89	91
89	92
89	93
90	91
90	92
90	93
90	94
91	92
91	93
91	94
91	95
92	93
92	94
92	95
92	96
92	97
92	98
93	94
93	95
93	96
93	97
93	98
94	95
94	96
95	96
95	97
96	97
96	98
96	99
97	98
97	99
97	100
97	238
97	239
97	242
98	99
98	100
98	101
99	100
99	101
100	101
100	102
100	238
101	102
101	103
101	228
101	234
102	103
102	104
102	228
102	229
103	104
103	105
103	226
103	227
103	228
103	229
104	105
104	106
104	226
104	227
104	228
104	229
105	106
105	107
105	223
105	225
105	226
105	227
106	107
106	108
106	223
106	225
106	226
106	227
106	317
106	318
107	108
107	222
107	223
107	315
107	316
107	317
107	318
108	109
108	110
108	222
108	223
108	315
108	317
108	318
108	319
109	110
109	119
109	120
109	223
109	318
109	319
109	320
110	111
110	112
110	117
110	118
110	119
110	120
110	319
110	320
110	321
111	112
111	113
111	117
111	118
111	119
111	120
111	185
111	189
111	320
111	321
111	322
112	113
112	114
112	115
112	116
112	117
112	118
112	321
112	322
113	114
113	115
113	116
113	117
113	326
114	115
114	116
114	326
115	116
116	117
116	118
117	118
117	311
118	119
118	120
118	132
119	120
119	121
120	121
120	122
120	189
121	122
121	123
121	126
121	127
121	130
122	123
122	124
122	126
122	127
122	214
123	124
123	125
123	126
123	127
123	145
123	214
124	125
124	126
124	127
124	128
124	142
124	145
124	146
125	126
125	127
125	128
125	129
126	127
126	128
126	129
126	130
127	128
127	129
127	130
127	138
127	141
127	142
128	129
128	130
128	138
128	139
128	142
129	130
129	131
130	131
130	132
130	133
131	132
131	133
131	134
132	133
133	134
133	135
133	137
133	138
134	135
134	136
134	137
134	138
135	136
135	137
135	138
135	139
136	137
136	138
136	139
136	140
137	138
137	139
137	140
137	141
138	139
138	140
138	141
138	142
139	140
139	141
139	142
139	143
140	141
140	142
140	143
140	144
140	176
141	142
141	143
141	144
141	145
142	143
142	144
142	145
142	146
143	144
143	145
143	146
143	147
144	145
144	146
144	147
144	148
144	176
145	146
145	147
145	148
145	149
146	147
146	148
146	149
146	150
147	148
147	149
147	150
147	151
148	149
148	150
148	151
148	207
148	211
149	150
149	151
149	211
150	151
150	152
150	158
151	152
151	153
151	158
151	159
152	153
152	154
152	155
152	158
153	154
153	155
154	155
154	156
155	156
155	157
155	158
156	157
156	158
156	159
157	158
157	159
157	160
158	159
158	160
159	160
159	161
159	162
160	161
160	162
161	162
161	163
162	163
162	164
162	167
163	164
163	165
163	166
163	167
164	165
164	166
164	167
164	202
164	203
164	204
165	166
165	167
165	202
165	203
165	204
166	167
166	168
166	202
167	168
167	169
167	171
167	202
167	203
168	169
168	170
168	171
168	172
168	199
168	200
168	201
168	202
168	203
169	170
169	171
169	172
169	173
169	198
169	199
169	200
169	201
169	202
169	203
170	171
170	172
170	173
170	174
170	199
170	200
171	172
171	173
171	174
171	175
172	173
172	174
172	175
172	176
173	174
173	175
173	176
173	177
173	178
174	175
174	176
174	177
174	178
175	176
175	177
176	177
176	178
177	178
177	179
178	179
178	180
178	182
178	183
179	180
179	181
179	182
179	183
180	181
180	182
180	183
180	184
181	182
181	183
181	184
181	185
182	183
182	184
182	185
182	186
183	184
183	185
183	186
183	187
184	185
184	186
184	187
184	188
184	323
185	186
185	187
185	188
185	189
185	190
185	323
186	187
186	188
186	189
186	190
186	191
187	188
187	189
187	190
187	191
187	192
187	193
188	189
188	190
188	191
188	192
188	193
188	194
188	323
189	190
189	191
189	192
189	321
190	191
190	192
190	210
190	213
191	192
191	193
191	206
191	209
191	210
192	193
192	194
193	194
193	195
194	195
194	332
195	196
195	197
196	197
196	198
196	199
197	198
197	199
197	200
198	199
198	200
198	201
199	200
199	201
200	201
200	202
201	202
201	203
202	203
202	204
203	204
203	205
203	206
203	207
204	205
204	206
204	207
204	208
205	206
205	207
205	208
205	209
206	207
206	208
206	209
206	210
207	208
207	209
207	210
207	211
208	209
208	210
208	211
208	212
209	210
209	211
209	212
209	213
210	211
210	212
210	213
210	214
211	212
211	213
211	214
211	215
212	213
212	214
212	215
212	216
213	214
213	215
213	216
213	224
214	215
214	216
215	216
215	217
216	217
216	218
216	224
217	218
217	219
217	223
217	224
218	219
218	220
218	221
218	222
218	223
218	224
219	220
219	221
219	222
220	221
220	222
221	222
221	223
222	223
222	224
223	224
223	225
224	225
224	226
225	226
225	227
226	227
226	228
227	228
227	229
227	231
228	229
228	230
228	231
228	232
229	230
229	231
229	342
229	343
230	231
230	234
230	342
230	343
230	344
231	232
231	233
231	234
231	344
232	233
232	234
232	235
233	234
233	235
233	236
233	237
234	235
234	236
234	237
234	238
235	236
235	237
235	238
235	239
236	237
236	238
236	239
236	240
237	238
237	239
237	240
237	241
238	239
238	240
238	241
238	242
239	240
239	241
239	242
239	243
240	241
240	242
240	243
240	244
240	249
240	250
241	242
241	243
241	244
241	245
242	243
242	244
242	245
242	246
243	244
243	245
243	246
243	247
243	248
243	249
244	245
244	246
244	247
244	248
244	249
245	246
245	247
246	247
246	248
247	248
247	249
248	249
248	250
249	250
249	251
250	251
250	252
251	252
251	253
251	254
252	253
252	254
253	254
253	255
254	255
254	256
255	256
255	257
255	271
256	257
256	258
256	270
256	271
257	258
257	270
257	271
258	259
258	260
258	269
258	270
259	260
259	261
259	268
259	269
259	270
260	261
260	262
260	266
260	267
260	268
260	269
261	262
261	263
261	264
261	265
261	266
261	267
262	263
262	264
262	265
262	266
262	267
263	264
263	265
264	265
264	266
264	397
265	266
265	267
265	396
265	397
265	398
266	267
266	268
266	279
266	280
266	397
266	398
266	399
267	268
267	277
267	278
267	279
268	269
268	270
268	275
268	276
268	277
268	278
269	270
269	271
269	275
269	276
269	277
270	271
270	272
270	273
270	274
270	275
270	276
271	272
271	273
271	274
271	275
272	273
272	274
273	274
274	275
274	276
275	276
275	277
276	277
276	278
277	278
278	279
278	280
279	280
280	281
280	282
280	398
280	399
281	282
281	283
281	398
281	399
281	400
282	283
282	399
282	400
282	401
283	284
283	285
283	287
283	400
283	401
283	402
284	285
284	286
284	287
284	401
284	402
285	286
285	287
285	288
285	289
285	292
285	388
285	401
285	402
285	403
286	287
286	288
286	289
287	288
287	289
288	289
288	290
288	291
288	292
289	290
289	291
289	292
290	291
290	292
291	292
291	390
291	391
291	392
292	293
292	294
292	388
292	389
292	390
292	391
293	294
293	295
293	388
293	389
293	390
293	391
294	295
294	296
294	386
294	387
294	388
294	389
295	296
295	387
295	388
295	389
296	297
296	298
296	386
296	387
297	298
297	299
297	357
297	358
297	384
297	385
297	386
297	387
298	299
298	300
298	355
298	356
298	357
298	358
298	384
298	385
298	386
298	406
298	407
299	300
299	301
299	355
299	356
299	357
299	358
299	363
299	383
299	384
299	385
300	301
300	302
300	353
300	354
300	355
300	356
300	382
300	383
300	384
301	302
301	303
301	353
301	354
301	355
301	380
301	381
301	382
301	383
302	303
302	304
302	351
302	352
302	353
302	354
302	380
302	381
302	382
303	304
303	305
303	351
303	352
303	353
303	377
303	379
303	380
303	381
304	305
304	350
304	351
304	352
304	377
304	378
304	379
304	380
305	306
305	307
305	349
305	350
305	351
305	377
305	378
306	307
306	348
306	349
306	350
307	308
307	309
307	349
307	350
308	309
308	310
308	314
308	315
308	316
308	350
309	310
309	311
309	312
309	314
309	374
310	311
310	312
311	312
311	313
312	313
312	314
312	315
313	314
313	315
314	315
314	316
315	316
315	317
315	318
316	317
316	338
316	339
316	341
317	318
317	337
317	338
317	339
318	319
318	320
318	336
318	337
318	338
319	320
319	321
319	335
319	336
319	337
320	321
320	322
320	334
320	335
320	336
321	322
321	323
321	333
321	334
321	335
322	323
322	324
322	332
322	333
322	334
323	324
323	325
323	326
323	332
323	333
324	325
324	326
324	327
324	328
324	329
324	330
324	331
324	332
324	333
325	326
325	327
325	328
325	329
326	327
326	328
327	328
327	329
328	329
329	330
329	331
330	331
331	332
331	333
331	356
331	357
332	333
332	334
332	356
333	334
333	355
333	356
334	335
334	336
334	354
334	355
334	356
334	408
334	409
335	336
335	337
335	352
335	353
335	354
335	355
335	370
336	337
336	338
336	352
336	353
336	354
336	409
337	338
337	339
337	350
337	351
337	352
337	353
338	339
338	342
338	350
338	351
338	352
339	340
339	341
339	342
339	343
339	344
339	345
339	349
339	350
339	351
340	341
340	342
340	343
340	344
340	345
340	346
340	347
340	348
340	349
340	350
341	342
341	343
342	343
342	344
343	344
343	345
344	345
345	346
345	347
345	349
345	350
346	347
346	348
346	349
347	348
347	349
348	349
348	350
349	350
349	351
350	351
350	352
351	352
351	353
352	353
352	354
353	354
353	355
354	355
354	367
354	370
355	356
355	407
356	357
356	358
356	407
357	358
357	359
357	407
358	359
358	360
358	363
359	360
360	361
360	362
360	363
361	362
361	363
362	363
362	364
362	365
362	366
363	364
363	365
363	366
364	365
364	366
364	367
365	366
365	367
365	368
366	367
366	368
367	368
367	369
367	370
367	371
368	369
368	370
368	371
368	372
369	370
369	371
369	372
369	373
370	371
370	372
370	373
371	372
371	373
371	374
371	375
372	373
372	374
372	375
373	374
373	375
374	375
374	376
374	377
375	376
375	377
376	377
376	378
377	378
377	379
378	379
379	380
379	381
380	381
380	382
381	382
381	383
382	383
382	384
383	384
383	385
384	385
384	386
385	386
385	387
386	387
386	388
387	388
387	404
388	389
388	390
388	403
388	404
389	390
389	391
389	402
389	403
389	404
390	391
390	392
390	393
390	401
390	402
390	403
391	392
391	393
392	393
392	394
393	394
393	395
393	400
393	424
394	395
394	396
394	397
394	398
394	399
394	400
394	424
395	396
395	397
395	398
395	424
396	397
396	398
397	398
397	399
398	399
398	400
399	400
399	401
400	401
400	402
400	421
401	402
401	403
402	403
402	404
402	417
403	404
403	405
403	417
404	405
404	406
405	406
405	407
405	414
406	407
406	408
407	408
407	409
408	409
408	410
409	410
410	411
410	412
411	412
411	413
411	414
411	415
412	413
412	414
412	415
412	416
413	414
413	415
413	416
413	417
414	415
414	416
414	417
414	418
415	416
415	417
415	418
415	419
416	417
416	418
416	419
416	420
417	418
417	419
417	420
417	421
418	419
418	420
418	421
418	422
419	420
419	421
419	422
419	423
419	430
420	421
420	422
420	423
420	424
421	422
421	423
421	424
421	425
422	423
422	424
422	425
422	426
422	429
422	430
423	424
423	425
423	426
423	427
423	428
423	429
423	430
424	425
424	426
424	427
425	426
425	427
426	427
426	428
427	428
428	429
428	430
429	430
429	431
430	431
430	432
431	432
