0	1
0	2
0	3
1	2
1	3
1	4
1	289
2	3
2	4
2	5
2	6
2	289
2	290
3	4
3	5
3	6
3	7
4	5
4	6
4	301
5	6
5	7
5	297
5	298
5	301
6	7
6	8
6	11
7	8
7	11
8	9
8	10
8	11
9	10
9	11
9	12
9	275
9	276
9	279
10	11
10	12
10	13
10	272
10	275
11	12
11	13
12	13
12	14
12	270
12	275
12	291
12	292
13	14
13	15
13	270
13	271
13	272
13	275
14	15
14	16
14	18
14	268
14	269
14	270
14	271
15	16
15	17
15	18
15	19
16	17
16	18
16	19
16	20
17	18
17	19
17	20
17	21
18	19
18	20
18	21
18	22
18	294
19	20
19	21
19	22
19	23
19	231
20	21
20	22
20	23
20	24
21	22
21	23
21	24
21	25
22	23
22	24
22	25
22	26
22	231
23	24
23	25
23	26
23	27
23	231
24	25
24	26
24	27
24	28
25	26
25	27
25	28
25	29
26	27
26	28
26	29
26	30
27	28
27	29
27	30
27	31
28	29
28	30
28	31
28	32
29	30
29	31
29	32
29	33
30	31
30	32
30	33
30	34
30	125
31	32
31	33
31	34
32	33
32	34
32	35
33	34
33	35
33	36
34	35
34	36
34	37
34	38
35	36
35	37
35	38
35	39
36	37
36	38
36	39
36	40
37	38
37	39
37	40
37	41
38	39
38	40
38	41
38	42
39	40
39	41
39	42
39	43
40	41
40	42
40	43
40	44
41	42
41	43
41	44
41	45
41	110
41	114
42	43
42	44
42	45
42	46
43	44
43	45
43	46
43	47
44	45
44	46
44	47
44	48
44	63
45	46
45	47
45	48
45	49
45	106
45	110
46	47
46	48
46	49
47	48
47	49
47	50
48	49
48	50
48	51
48	57
48	106
49	50
49	51
49	106
50	51
50	52
51	52
51	53
51	54
51	56
51	57
52	53
52	56
53	54
53	55
53	56
54	55
54	56
54	57
54	94
54	98
54	99
54	105
55	56
55	57
55	58
55	94
56	57
56	58
56	59
57	58
57	59
57	60
58	59
58	60
59	60
59	61
60	61
60	62
60	63
60	64
61	62
61	63
61	64
62	63
62	64
63	64
63	65
63	66
63	67
64	65
64	66
64	67
64	68
65	66
65	67
65	68
65	69
66	67
66	68
66	69
66	70
66	113
67	68
67	69
67	70
67	71
67	90
68	69
68	70
68	71
68	73
68	86
68	89
68	90
69	70
69	71
69	72
69	73
69	74
69	113
69	116
70	71
70	72
70	109
70	112
70	113
70	116
71	72
71	73
71	89
71	90
71	93
72	73
72	74
72	116
73	74
73	75
73	77
73	78
74	75
74	76
74	77
74	78
75	76
75	77
75	78
75	79
76	77
76	78
76	79
77	78
77	79
77	80
78	79
78	80
78	81
79	80
79	81
80	81
80	82
81	82
81	83
81	85
81	86
82	83
82	84
82	85
82	86
83	84
83	85
83	86
83	87
84	85
84	86
84	87
84	88
85	86
85	87
85	88
85	89
86	87
86	88
86	89
86	90
87	88
87	89
87	90
87	91
88	89
88	90
88	91
88	92
89	90
89	91
89	92
89	93
90	91
90	92
90	93
90	94
91	92
91	93
91	94
91	95
92	93
92	94
92	95
92	96
93	94
93	95
93	96
93	97
93	98
94	95
94	96
94	97
94	98
94	99
95	96
95	97
95	98
95	99
96	97
96	98
96	99
96	100
97	98
97	99
97	100
97	101
98	99
98	100
98	101
98	102
98	105
98	108
98	109
99	100
99	101
99	102
99	105
100	101
100	102
101	102
101	103
101	104
101	105
101	108
102	103
102	104
102	105
103	104
103	105
104	105
104	106
104	107
104	108
105	106
105	107
105	108
105	109
106	107
106	108
106	109
106	110
107	108
107	109
107	110
107	111
108	109
108	110
108	111
108	112
109	110
109	111
109	112
109	113
110	111
110	112
110	113
110	114
111	112
111	113
111	114
111	115
112	113
112	114
112	115
112	116
113	114
113	115
113	116
113	117
114	115
114	116
114	117
114	118
115	116
115	117
115	118
116	117
116	118
116	119
117	118
117	119
117	120
117	121
118	119
118	120
118	121
118	122
119	120
119	121
119	122
119	123
120	121
120	122
120	123
120	124
121	122
121	123
121	124
121	125
122	123
122	124
122	125
122	126
123	124
123	125
123	126
123	127
124	125
124	126
124	127
124	128
125	126
125	127
125	128
125	129
126	127
126	128
126	129
126	130
127	128
127	129
127	130
127	131
128	129
128	130
128	131
128	132
129	130
129	131
129	132
129	133
129	229
129	230
130	131
130	132
130	133
130	134
130	229
131	132
131	133
131	134
131	135
132	133
132	134
132	135
132	136
133	134
133	135
133	136
133	137
133	229
134	135
134	136
134	137
134	138
135	136
135	137
135	138
135	139
135	176
135	177
136	137
136	138
136	139
136	140
137	138
137	139
137	140
137	141
138	139
138	140
138	141
138	142
138	176
139	140
139	141
139	142
139	143
139	176
140	141
140	142
140	143
140	144
140	300
140	303
141	142
141	143
141	144
141	145
141	303
142	143
142	144
142	145
142	146
143	144
143	145
143	146
143	147
144	145
144	146
144	147
144	148
144	303
144	304
145	146
145	147
145	148
145	149
145	150
145	151
146	147
146	148
146	149
146	150
147	148
147	149
148	149
148	150
149	150
149	151
150	151
150	152
151	152
151	168
151	184
152	153
152	154
152	167
152	168
152	182
152	183
152	184
153	154
153	165
153	166
153	167
153	168
153	182
153	183
153	184
154	155
154	156
154	165
154	166
154	167
154	168
154	179
154	181
154	182
154	183
155	156
155	157
155	162
155	164
155	165
155	166
155	179
155	180
155	181
155	182
156	157
156	158
156	159
156	162
156	178
156	179
156	180
157	158
157	159
157	160
157	162
157	178
157	179
157	180
158	159
158	160
158	178
159	160
159	161
159	162
160	161
160	162
161	162
161	163
162	163
162	164
163	164
163	165
164	165
164	166
165	166
166	167
166	168
167	168
167	169
168	169
168	170
168	172
169	170
169	171
169	172
170	171
170	172
171	172
171	173
172	173
172	174
172	175
173	174
173	175
174	175
174	176
174	177
175	176
175	177
175	178
175	179
176	177
176	178
176	179
177	178
177	179
178	179
178	180
179	180
179	181
180	181
180	194
180	195
181	182
181	183
181	193
181	194
181	195
182	183
182	184
182	192
182	193
182	194
183	184
183	191
183	192
183	193
183	214
183	215
184	185
184	186
184	190
184	191
184	192
185	186
185	187
185	188
185	189
185	190
185	191
186	187
186	188
186	189
186	190
186	308
187	188
187	189
188	189
188	190
189	190
189	191
190	191
190	192
190	212
190	213
190	214
191	192
191	193
191	210
191	211
191	212
191	213
191	214
192	193
192	194
192	210
192	211
192	212
192	213
192	214
192	215
193	194
193	195
193	209
193	210
193	211
194	195
194	196
194	197
194	208
194	209
194	210
195	196
195	197
195	207
195	208
195	209
196	197
196	198
196	205
196	206
196	207
196	208
197	198
197	199
197	205
197	206
197	207
198	199
198	200
198	203
198	204
198	205
198	206
199	200
199	201
199	202
199	203
199	204
199	205
199	206
200	201
200	202
200	203
200	216
201	202
201	203
201	218
201	253
201	254
202	203
202	204
202	249
202	250
202	253
203	204
203	205
204	205
204	206
205	206
205	207
206	207
206	208
206	209
206	224
206	225
206	226
207	208
207	209
207	225
207	226
207	227
208	209
208	210
208	224
208	225
208	226
209	210
209	211
209	223
209	224
209	225
210	211
210	212
210	221
210	222
210	223
210	224
211	212
211	213
211	220
211	221
211	222
212	213
212	220
212	221
212	222
213	214
213	215
213	220
214	215
216	217
216	218
217	218
217	219
217	220
218	219
218	220
218	221
219	220
219	221
219	259
220	221
220	222
221	222
221	223
221	261
222	223
222	261
222	262
223	224
223	225
223	261
223	262
223	263
224	225
224	261
224	262
224	263
224	264
225	226
225	227
225	263
225	264
225	265
226	227
226	228
226	243
226	264
226	265
226	266
227	228
227	229
227	265
227	266
227	267
228	229
228	230
228	266
228	267
228	268
229	230
229	231
229	267
229	268
230	231
230	232
230	268
230	269
231	232
231	233
231	268
231	269
232	233
232	234
232	235
232	236
232	269
233	234
233	235
233	236
233	269
233	271
234	235
234	236
235	236
235	237
235	238
235	239
236	237
236	238
236	239
236	240
236	269
236	270
236	271
237	238
237	239
237	240
237	241
237	274
238	239
238	240
238	241
238	242
239	240
239	241
239	242
239	243
240	241
240	242
240	243
240	244
241	242
241	243
241	244
241	245
242	243
242	244
242	245
242	246
243	244
243	245
243	246
243	247
244	245
244	246
244	247
244	248
245	246
245	247
245	248
245	249
246	247
246	248
246	249
246	250
247	248
247	249
247	250
247	251
248	249
248	250
248	251
248	252
249	250
249	251
249	252
249	253
250	251
250	252
250	253
250	254
251	252
251	253
251	254
251	255
252	253
252	254
252	255
252	256
253	254
253	255
253	256
253	257
254	255
254	256
254	257
254	258
254	259
254	260
255	256
255	257
255	258
255	259
255	260
256	257
256	258
257	258
257	259
258	259
258	260
259	260
259	261
260	261
260	262
261	262
261	263
262	263
262	264
262	288
263	264
263	287
263	288
263	289
264	265
264	266
264	287
264	288
264	289
264	290
265	266
265	267
265	289
265	290
265	291
266	267
266	290
266	291
266	292
266	293
267	268
267	269
267	270
267	291
267	292
267	293
268	269
268	270
268	292
268	293
268	294
269	270
269	271
270	271
270	272
270	274
270	275
271	272
271	273
271	274
271	275
272	273
272	274
272	275
272	276
273	274
273	275
273	276
273	277
274	275
274	276
274	277
274	278
275	276
275	277
275	278
275	279
276	277
276	278
276	279
276	280
277	278
277	279
277	280
277	281
278	279
278	280
278	281
278	282
279	280
279	281
279	282
279	283
280	281
280	282
280	283
280	284
281	282
281	283
281	284
281	285
281	286
281	287
282	283
282	284
282	285
282	286
282	287
282	288
282	289
283	284
283	285
284	285
284	286
285	286
285	287
285	288
286	287
286	288
287	288
287	289
288	289
289	290
290	291
291	292
291	293
291	298
291	299
291	302
292	293
292	294
292	295
292	298
292	299
293	294
293	295
293	299
294	295
294	296
295	296
295	297
295	298
295	299
296	297
296	298
296	299
296	300
297	298
297	299
297	300
297	301
298	299
298	300
298	301
298	302
299	300
299	301
299	302
299	303
300	301
300	302
300	303
300	304
301	302
301	303
301	304
301	305
302	303
302	304
302	305
302	306
303	304
303	305
303	306
303	307
304	305
304	306
304	307
304	308
305	306
305	307
305	308
305	309
306	307
306	308
306	309
307	308
307	309
308	309
