0	1
0	2
0	3
0	104
0	105
1	2
1	3
1	4
1	5
1	104
1	105
2	3
2	4
2	5
2	6
3	4
3	5
4	5
4	6
4	93
4	94
4	95
4	101
4	104
5	6
5	7
5	91
5	92
5	93
5	94
6	7
6	8
6	9
6	10
6	92
6	93
6	94
7	8
7	9
7	10
8	9
8	10
9	10
9	11
9	92
10	11
10	90
10	91
10	92
11	12
11	13
11	89
11	90
11	91
12	13
12	14
12	87
12	88
12	89
12	90
12	130
13	14
13	15
13	16
13	87
13	88
13	89
14	15
14	16
14	86
14	87
14	88
15	16
15	17
15	83
15	84
15	85
15	86
15	87
16	17
16	83
16	84
16	88
17	18
17	81
17	82
17	83
17	84
18	19
18	54
18	55
18	56
18	81
18	82
18	83
19	20
19	21
19	54
19	55
19	56
19	57
19	58
19	61
19	79
19	80
19	81
19	82
20	21
20	22
20	53
20	54
20	55
20	61
20	79
20	80
20	81
21	22
21	23
21	61
21	62
21	63
21	64
21	65
21	78
21	79
21	80
22	23
22	24
22	26
22	27
22	64
22	65
22	77
22	78
22	79
23	24
23	25
23	26
23	27
23	65
23	66
23	67
23	76
23	77
23	78
24	25
24	26
24	27
24	67
24	75
24	76
24	77
25	26
25	27
26	27
26	28
26	29
26	30
27	28
27	29
27	30
27	31
27	77
27	78
27	165
28	29
28	30
28	31
29	30
29	31
29	32
30	31
30	32
30	33
30	34
31	32
31	33
31	160
31	161
32	33
33	34
33	35
33	156
33	158
33	159
33	160
34	35
34	155
34	156
34	158
35	36
35	37
35	152
35	156
36	37
36	38
36	42
36	152
37	38
37	39
37	42
38	39
38	40
39	40
40	41
40	42
41	42
41	43
41	44
41	45
42	43
42	44
42	50
42	51
43	44
43	49
43	50
43	51
43	52
43	53
44	45
44	46
44	47
44	49
44	50
45	46
45	47
46	47
46	48
46	49
46	50
47	48
47	49
47	50
47	112
48	49
48	50
48	98
48	112
48	113
48	114
49	50
49	51
49	112
49	113
49	114
50	51
50	114
51	52
51	53
51	114
51	149
51	150
51	151
51	152
52	53
52	54
52	149
52	150
52	151
52	152
52	155
53	54
53	148
53	149
53	150
54	55
54	147
54	148
54	149
55	56
55	57
55	61
55	146
55	147
55	148
56	57
56	58
56	145
56	146
56	147
57	58
57	59
57	60
57	61
57	145
58	59
58	60
58	61
58	62
58	79
59	60
59	61
59	62
59	63
59	181
60	61
60	62
60	63
61	62
61	63
61	64
61	79
62	63
62	64
62	65
62	78
62	79
63	64
63	65
64	65
64	66
65	66
65	67
65	76
65	77
65	78
66	67
66	68
66	71
66	74
66	75
66	76
66	77
67	68
67	69
67	70
67	71
67	74
67	75
67	76
68	69
68	70
68	71
69	70
69	71
70	71
70	72
70	73
70	74
70	285
71	72
71	73
71	74
72	73
72	74
72	285
72	288
73	74
73	75
73	173
73	284
73	285
74	75
74	76
75	76
75	77
75	173
75	174
76	77
76	78
76	166
76	167
76	174
76	177
77	78
77	165
77	166
77	167
78	79
78	80
78	164
78	165
78	166
79	80
79	81
79	162
79	163
79	164
79	165
80	81
80	82
80	160
80	161
80	162
80	163
80	164
81	82
81	83
81	160
81	161
81	162
81	163
82	83
82	84
82	158
82	159
82	160
82	161
83	84
83	85
83	158
83	159
83	160
84	85
84	86
84	88
84	157
84	158
84	159
85	86
85	87
86	87
86	88
87	88
87	89
87	130
87	131
88	89
88	90
88	130
88	131
88	132
88	133
89	90
89	91
89	127
89	128
89	130
89	132
89	133
89	134
90	91
90	92
90	133
90	134
90	135
90	136
91	92
91	93
91	133
91	134
91	135
91	136
92	93
92	94
92	135
92	136
92	137
93	94
93	95
93	135
93	136
93	137
94	95
95	96
95	97
96	97
96	98
97	98
97	99
97	100
97	101
98	99
98	100
98	101
98	102
98	113
99	100
99	101
99	102
99	103
100	101
100	102
100	103
100	104
101	102
101	103
101	104
101	105
102	103
102	104
102	105
102	106
102	107
102	108
102	109
102	113
103	104
103	105
103	106
103	107
103	109
104	105
104	106
105	106
105	107
106	107
106	108
107	108
107	109
108	109
108	110
108	111
109	110
109	111
110	111
110	112
111	112
111	113
111	115
111	116
112	113
112	114
112	115
112	116
113	114
113	115
113	116
113	117
114	115
114	116
114	117
114	118
114	151
115	116
115	117
115	118
115	151
116	117
116	118
116	119
116	122
117	118
117	119
117	122
117	123
117	133
117	151
118	119
118	120
118	122
118	123
118	132
118	151
118	153
118	154
119	120
119	121
119	122
119	123
120	121
120	122
120	123
120	124
121	122
121	123
121	124
121	125
122	123
122	124
122	125
122	126
123	124
123	125
123	126
123	127
123	132
123	133
124	125
124	126
124	127
125	126
125	127
126	127
126	128
127	128
127	129
127	130
127	131
127	132
127	133
128	129
128	130
129	130
129	131
130	131
130	132
131	132
132	133
132	134
132	154
133	134
133	135
134	135
134	136
134	148
134	149
134	150
135	136
135	137
135	148
135	149
135	150
136	137
136	138
136	146
136	147
136	148
136	149
137	138
137	139
137	146
137	147
137	148
138	139
138	140
138	145
138	146
138	147
139	140
139	143
139	145
139	146
139	147
140	141
140	142
140	143
141	142
141	143
142	143
142	144
143	144
143	145
144	145
144	146
145	146
145	147
146	147
146	148
147	148
147	149
148	149
148	150
149	150
149	151
150	151
150	152
150	155
151	152
151	153
151	154
151	155
152	153
152	154
152	155
152	156
153	154
153	155
153	156
154	155
154	156
154	157
155	156
155	157
155	158
156	157
156	158
157	158
157	159
158	159
158	160
159	160
159	161
160	161
160	162
161	162
161	163
162	163
162	164
163	164
164	165
164	166
165	166
165	167
165	168
166	167
166	168
166	169
166	176
166	177
167	168
167	169
167	170
168	169
168	170
169	170
169	171
169	176
170	171
170	172
171	172
171	173
171	175
171	176
172	173
172	174
172	175
173	174
173	175
174	175
174	176
174	177
174	178
175	176
175	177
175	178
175	179
175	193
176	177
176	178
176	179
176	180
177	178
177	179
177	180
177	181
178	179
178	180
178	181
178	182
178	356
179	180
179	181
179	182
179	183
180	181
180	182
180	183
181	182
181	183
181	184
182	183
182	184
182	185
182	186
182	189
182	190
182	360
182	363
183	184
183	185
183	186
184	185
184	186
185	186
185	188
185	363
186	188
187	188
187	189
188	189
188	190
188	363
189	190
189	191
189	311
189	359
189	363
190	191
190	192
191	192
191	193
191	313
192	193
192	194
192	195
192	196
192	313
193	194
193	195
193	196
193	197
194	195
194	196
194	197
194	198
195	196
195	197
195	198
195	199
195	313
196	197
196	198
196	199
196	200
196	313
196	314
196	317
197	198
197	199
197	200
197	201
198	199
198	200
198	201
198	202
199	200
199	201
199	202
199	203
199	317
200	201
200	202
200	203
200	204
200	317
200	318
200	320
200	321
201	202
201	203
201	204
201	205
202	203
202	204
202	205
202	206
203	204
203	205
203	206
203	207
203	246
203	321
204	205
204	206
204	207
204	208
204	321
204	325
205	206
205	207
205	208
205	209
206	207
206	208
206	209
206	210
207	208
207	209
207	210
207	213
208	209
208	210
208	213
208	214
209	210
209	211
209	214
210	211
210	212
210	213
210	214
211	212
211	213
211	214
211	215
212	213
212	214
212	215
212	216
213	214
213	215
213	216
213	217
213	240
213	241
214	215
214	216
214	217
214	218
215	216
215	217
215	218
215	219
216	217
216	218
216	219
216	220
216	237
217	218
217	219
217	220
218	219
218	220
219	220
219	221
220	221
220	222
220	233
221	222
221	223
221	333
222	223
222	332
222	333
223	224
223	225
223	332
223	333
224	225
224	226
224	332
224	333
224	334
225	226
225	227
225	229
225	230
225	333
225	334
226	227
226	228
226	229
226	230
226	334
227	228
227	229
227	230
227	231
227	270
227	334
228	229
228	230
228	231
228	232
229	230
229	231
229	232
229	233
230	231
230	232
230	233
230	234
230	330
230	333
230	334
231	232
231	233
231	234
231	235
231	266
231	267
232	233
232	234
232	235
232	236
233	234
233	235
233	236
233	237
234	235
234	236
234	237
234	238
234	266
234	326
235	236
235	237
235	238
235	239
235	262
235	263
235	266
236	237
236	238
236	239
236	240
237	238
237	239
237	240
237	241
238	239
238	240
238	241
238	242
238	262
239	240
239	241
239	242
239	262
240	241
240	242
240	243
241	242
241	243
241	244
242	243
242	244
242	247
242	248
242	251
243	244
243	245
243	248
244	245
244	246
244	247
244	248
245	246
245	247
245	248
246	247
246	248
247	248
247	249
247	250
247	251
247	318
248	249
248	250
248	251
248	252
249	250
249	251
249	252
249	253
249	315
250	251
250	252
250	253
250	254
250	315
250	318
250	319
251	252
251	253
251	254
251	255
252	253
252	254
252	255
253	254
253	255
254	255
254	256
254	257
254	260
254	261
255	256
255	257
256	257
256	258
257	258
257	259
257	260
258	259
258	260
258	261
259	260
259	261
259	264
259	299
260	261
260	262
260	264
260	299
260	300
260	302
261	262
261	263
261	264
261	265
262	263
262	264
262	265
262	266
263	264
263	265
263	266
263	267
264	265
264	266
264	267
264	268
264	299
265	266
265	267
265	268
265	269
265	299
265	300
265	323
266	267
266	268
266	269
266	270
267	268
267	269
267	270
267	271
268	269
268	270
268	271
268	272
268	296
268	297
269	270
269	271
269	272
269	273
269	323
269	326
269	327
269	330
270	271
270	272
270	273
270	274
270	330
270	334
271	272
271	273
271	274
271	275
272	273
272	274
272	275
272	276
272	291
272	327
273	274
273	275
273	276
273	327
273	330
273	331
273	334
273	335
274	275
274	276
274	334
274	335
275	276
275	277
275	290
276	277
276	278
276	280
276	281
277	278
277	279
277	280
277	281
277	336
277	337
278	279
278	280
278	281
278	282
278	337
279	280
279	281
279	282
279	283
280	281
280	282
280	283
280	286
280	287
281	282
281	283
281	287
281	342
281	346
282	283
282	284
283	284
283	285
283	286
283	287
284	285
284	286
284	287
284	288
284	346
284	350
285	286
285	287
285	288
285	289
286	287
286	288
286	289
286	290
287	288
287	289
287	290
287	291
287	346
287	350
288	289
288	290
288	291
288	292
288	350
289	290
289	291
289	292
290	291
290	292
290	293
291	292
291	293
291	294
292	293
292	294
293	294
293	295
294	295
294	296
295	296
295	297
296	297
296	298
296	299
297	298
297	299
297	300
297	301
298	299
298	300
298	301
298	302
298	303
298	304
299	300
299	301
299	302
299	303
300	301
300	302
300	319
300	320
300	323
301	302
301	303
301	310
301	355
302	303
302	304
302	308
302	309
302	310
303	304
303	307
303	308
303	309
304	305
304	306
304	307
304	308
305	306
305	307
306	307
307	308
307	309
308	309
308	310
308	311
309	310
309	311
310	311
310	312
310	315
310	316
311	312
311	313
311	316
312	313
312	314
312	315
312	316
313	314
313	315
313	316
313	317
314	315
314	316
314	317
314	318
315	316
315	317
315	318
315	319
316	317
316	318
316	319
316	320
317	318
317	319
317	320
317	321
318	319
318	320
318	321
318	322
319	320
319	321
319	322
319	323
320	321
320	322
320	323
320	324
321	322
321	323
321	324
321	325
322	323
322	324
322	325
322	326
323	324
323	325
323	326
323	327
324	325
324	326
324	327
324	328
324	343
324	344
324	348
325	326
325	327
325	328
325	329
325	343
326	327
326	328
326	329
326	330
327	328
327	329
327	330
327	331
327	343
328	329
328	330
328	331
328	339
328	340
328	343
329	330
329	331
329	332
330	331
330	332
330	333
330	334
330	335
331	332
331	333
331	334
331	335
331	336
331	339
332	333
332	334
332	335
332	336
332	339
333	334
333	335
334	335
335	336
335	337
336	337
337	338
337	339
338	339
338	340
338	341
338	342
339	340
339	341
339	342
339	343
340	341
340	342
340	343
340	344
341	342
341	343
341	344
341	345
342	343
342	344
342	345
342	346
342	347
343	344
343	345
343	346
343	347
343	348
344	345
344	346
344	347
344	348
345	346
345	347
345	348
345	349
346	347
346	348
346	349
346	350
347	348
347	349
347	350
347	351
348	349
348	350
348	351
348	352
349	350
349	351
349	352
349	353
350	351
350	352
350	353
350	354
351	352
351	353
351	354
351	355
352	353
352	354
352	355
352	356
353	354
353	355
353	356
353	357
354	355
354	356
354	357
354	358
355	356
355	357
355	358
355	359
356	357
356	358
356	359
356	360
357	358
357	359
357	360
357	361
358	359
358	360
358	361
358	362
359	360
359	361
359	362
359	363
360	361
360	362
360	363
360	364
361	362
361	363
361	364
362	363
362	364
363	364
363	365
364	365
364	366
365	366
366	367
366	368
367	368
367	369
367	371
367	374
368	369
368	370
368	371
368	374
369	370
369	371
369	374
369	375
369	376
370	371
370	372
370	373
370	374
370	375
370	376
370	384
370	515
370	516
370	517
371	372
371	373
371	374
371	516
371	517
372	373
372	374
372	385
372	388
372	391
373	374
373	375
373	384
373	385
373	386
373	387
373	388
374	375
374	376
374	384
375	376
375	377
375	382
375	383
375	384
376	377
376	378
376	382
376	383
376	384
376	514
376	515
377	378
377	380
377	381
377	382
377	383
378	379
378	380
378	381
378	382
378	514
379	380
379	381
379	512
380	381
380	382
380	409
380	410
381	382
381	383
381	408
381	409
381	410
382	383
382	407
382	408
382	409
383	384
383	405
383	406
383	407
383	408
384	385
384	386
384	405
384	406
384	407
384	516
385	386
385	387
385	388
385	390
385	391
385	404
385	405
385	406
385	516
386	387
386	390
386	404
386	405
386	406
387	388
387	389
387	390
388	389
388	390
388	391
389	390
389	391
389	392
390	391
390	392
390	403
390	404
391	392
391	393
391	517
391	518
391	519
392	393
392	394
392	518
392	519
392	520
392	521
393	394
393	395
393	518
393	519
393	520
393	521
394	395
394	520
394	521
394	522
395	396
395	397
395	485
395	486
395	520
395	521
395	522
396	397
396	483
396	484
396	485
396	522
397	398
397	399
397	480
397	482
397	483
397	484
398	399
398	480
398	481
398	482
398	483
399	400
399	479
399	480
399	481
400	401
400	477
400	478
400	479
400	480
401	402
401	403
401	477
401	478
401	479
402	403
402	404
402	475
402	476
402	477
402	478
403	404
403	405
403	475
403	476
403	477
404	405
404	406
404	473
404	474
404	475
404	476
405	406
405	407
405	473
405	474
405	475
406	407
406	408
406	472
406	473
406	474
407	408
407	471
407	472
407	473
408	409
408	410
408	466
408	467
408	470
408	471
408	472
409	410
409	411
409	414
409	466
409	467
409	468
410	411
410	467
410	468
411	412
411	413
411	467
411	468
412	413
412	414
412	467
412	468
413	414
413	415
413	465
413	466
413	467
414	415
414	416
414	465
414	466
414	467
414	501
415	416
415	417
415	464
415	465
415	466
415	500
415	501
416	417
416	418
416	464
416	465
416	499
416	500
416	501
417	418
417	459
417	499
417	500
417	501
418	419
418	457
418	458
418	459
418	460
418	498
418	499
419	420
419	421
419	457
419	458
419	459
419	497
419	498
419	499
420	421
420	422
420	455
420	456
420	457
420	458
420	496
420	497
420	498
421	422
421	423
421	455
421	456
421	457
421	496
421	497
422	423
422	424
422	454
422	455
422	456
422	493
423	424
423	425
423	428
423	429
423	430
423	454
423	455
423	456
424	425
424	426
424	427
424	428
424	429
424	454
424	490
425	426
425	427
425	428
425	429
426	427
426	428
426	429
426	480
426	481
426	482
427	428
427	429
427	480
427	481
427	482
427	484
427	486
428	429
428	430
428	478
428	479
428	480
429	430
429	431
429	478
429	479
429	480
430	431
430	432
430	477
430	478
430	479
431	432
431	433
431	434
431	435
431	477
431	478
431	479
432	433
432	434
432	435
432	446
433	434
433	435
434	435
434	436
434	477
435	436
435	445
435	475
435	476
435	477
436	437
436	438
436	443
436	444
436	445
436	446
436	474
436	475
436	476
437	438
437	439
437	443
437	444
437	445
437	472
437	473
437	474
437	475
438	439
438	440
438	441
438	442
438	443
438	444
438	472
438	473
438	474
439	440
439	441
439	442
439	443
439	470
439	471
439	472
439	473
440	441
440	442
440	470
440	471
440	472
441	442
441	443
442	443
442	444
443	444
443	445
444	445
444	446
444	460
444	461
444	462
445	446
445	460
445	461
446	447
446	448
446	458
446	459
446	460
446	461
447	448
447	449
447	458
447	459
447	460
447	461
448	449
448	450
448	456
448	457
448	458
448	459
449	450
449	451
449	456
449	457
449	458
450	451
450	452
450	455
450	456
450	457
451	452
451	453
451	454
451	455
451	456
451	457
452	453
452	454
452	455
453	454
453	455
453	492
454	455
454	456
454	492
455	456
455	457
456	457
456	458
457	458
457	459
458	459
458	460
459	460
459	461
460	461
460	462
460	463
460	464
461	462
461	463
462	463
462	464
463	464
463	465
464	465
464	466
465	466
465	467
466	467
466	470
466	471
466	472
467	468
467	469
467	470
467	471
468	469
468	470
469	470
469	471
470	471
470	472
471	472
471	473
472	473
472	474
473	474
473	475
474	475
474	476
475	476
475	477
476	477
476	478
477	478
477	479
478	479
478	480
479	480
479	481
480	481
480	482
481	482
481	483
482	483
482	484
483	484
483	485
484	485
484	486
485	486
485	487
486	487
486	488
486	490
487	488
487	489
487	490
488	489
488	490
488	491
489	490
489	491
490	491
490	492
491	492
491	493
492	493
493	494
493	495
494	495
494	517
494	518
495	496
495	497
495	515
495	516
495	517
495	518
496	497
496	498
496	515
496	516
496	517
497	498
497	499
497	513
497	514
497	515
497	516
498	499
498	500
498	513
498	514
498	515
499	500
499	501
499	511
499	512
499	513
499	514
500	501
500	502
500	511
500	512
500	513
501	502
501	503
501	511
501	512
502	503
502	504
502	509
502	510
502	511
502	512
503	504
503	505
503	509
503	510
503	511
504	505
504	506
504	507
504	508
504	509
504	510
505	506
505	507
505	508
505	509
505	510
506	507
506	508
507	508
507	509
508	509
508	510
509	510
509	511
510	511
510	512
511	512
511	513
512	513
512	514
513	514
513	515
514	515
514	516
515	516
515	517
516	517
516	518
517	518
517	519
518	519
518	520
519	520
519	521
520	521
521	522
