0	1
0	2
1	2
1	3
1	64
1	65
1	66
2	3
3	4
3	5
3	64
4	5
4	6
4	62
4	63
4	64
5	6
5	7
5	21
5	62
5	63
5	64
6	7
6	8
6	9
6	18
6	21
6	61
6	62
6	63
7	8
7	9
7	17
7	18
7	21
7	61
7	62
7	63
8	9
8	10
8	15
8	16
8	17
8	18
8	60
8	61
8	62
9	10
9	11
9	15
9	16
9	17
9	18
9	58
9	59
9	60
9	61
10	11
10	12
10	13
10	14
10	15
10	16
10	59
10	60
10	94
11	12
11	13
11	14
11	59
11	91
12	13
12	14
12	91
13	14
13	15
13	91
13	93
13	94
14	15
14	16
15	16
15	17
15	257
15	261
16	17
16	18
17	18
17	19
17	254
18	19
18	20
18	21
18	22
19	20
19	21
19	22
19	23
20	21
20	22
20	23
20	24
21	22
21	23
21	24
21	25
22	23
22	24
22	25
22	26
22	250
23	24
23	25
23	26
23	27
24	25
24	26
24	27
24	28
25	26
25	27
25	28
25	246
25	247
25	250
26	27
26	28
26	246
26	247
26	250
27	28
27	29
27	246
28	29
28	30
28	245
28	246
29	30
29	31
29	245
29	246
30	31
30	32
30	73
30	74
30	75
30	245
31	32
31	74
31	75
31	235
31	243
31	244
31	245
32	33
32	34
32	74
32	75
32	76
32	77
32	235
32	236
32	244
32	245
33	34
33	35
33	75
33	76
33	77
33	107
33	233
33	234
33	235
33	236
34	35
34	36
34	76
34	77
34	78
34	106
34	107
34	108
34	236
35	36
35	37
35	77
35	78
35	79
35	106
35	107
35	108
35	109
36	37
36	38
36	78
36	79
36	80
36	102
36	106
36	108
36	109
36	110
37	38
37	45
37	79
37	80
37	81
37	109
37	110
37	111
38	39
38	80
38	81
38	110
38	111
38	112
39	40
39	41
39	43
39	81
39	84
39	111
39	112
39	113
40	41
40	42
40	43
40	84
40	85
40	86
41	42
41	43
41	44
42	43
42	44
43	44
43	45
43	112
43	113
43	114
43	156
44	45
44	46
44	47
45	46
45	47
45	48
45	49
45	112
46	47
46	48
46	49
46	50
47	48
47	49
47	50
47	51
48	49
48	50
48	51
48	52
49	50
49	51
49	52
49	53
50	51
50	52
50	53
50	54
50	55
51	52
51	53
51	54
51	55
52	53
52	54
52	226
53	54
53	55
53	66
54	55
54	56
55	56
57	58
57	59
58	59
58	60
59	60
59	61
59	82
59	83
60	61
60	62
60	81
60	82
60	83
60	98
61	62
61	63
61	79
61	80
61	81
61	82
62	63
62	64
62	79
62	80
62	81
63	64
63	65
63	77
63	78
63	79
63	80
64	65
64	66
64	77
64	78
64	79
65	66
65	75
65	76
65	77
65	78
66	67
66	68
66	75
66	76
66	77
67	68
67	69
67	74
67	75
67	76
68	69
68	70
68	71
68	72
68	74
68	75
68	76
69	70
69	71
70	71
70	72
70	230
71	72
71	73
71	74
72	73
72	74
73	74
73	75
74	75
74	76
75	76
75	77
76	77
76	78
77	78
77	79
78	79
78	80
79	80
79	81
80	81
80	82
81	82
81	83
81	84
82	83
82	84
83	84
83	85
83	86
83	87
84	85
84	86
84	95
85	86
85	87
85	88
85	95
86	87
86	88
87	88
87	89
87	90
87	91
87	92
88	89
88	90
88	92
89	90
90	91
90	92
91	92
91	93
92	93
92	94
92	95
93	94
93	95
94	95
94	96
94	97
94	98
95	96
95	97
95	98
95	99
96	97
96	98
96	99
96	100
96	127
97	98
97	99
97	100
97	101
98	99
98	100
98	101
98	102
99	100
99	101
99	102
99	103
99	127
100	101
100	102
100	103
100	104
100	131
100	134
101	102
101	103
101	104
101	105
102	103
102	104
102	105
102	106
103	104
103	105
103	106
103	109
103	148
103	149
104	105
104	106
104	148
105	106
106	107
106	108
106	109
106	149
106	236
107	108
107	109
107	149
107	150
107	233
107	234
107	235
107	236
108	109
108	110
108	149
108	150
108	151
108	233
109	110
109	111
109	149
109	150
109	151
109	152
110	111
110	112
110	151
110	152
110	153
111	112
111	113
111	152
111	153
111	154
112	113
112	153
112	154
112	155
113	114
113	115
113	154
113	155
113	156
114	115
114	116
114	155
114	156
114	157
114	158
115	116
115	155
115	156
115	157
115	158
115	159
116	117
116	118
116	155
116	158
116	159
117	118
117	121
117	122
117	174
118	119
118	120
118	121
118	122
119	120
119	121
119	122
119	123
120	121
120	122
120	123
120	124
121	122
121	123
121	124
121	125
122	123
122	124
122	125
122	126
123	124
123	125
123	126
124	125
124	126
125	126
125	127
125	128
126	127
126	128
126	129
126	191
127	128
127	129
127	130
127	131
128	129
128	130
128	131
128	191
128	194
129	130
129	131
129	190
129	191
129	194
130	131
130	132
130	133
130	134
131	132
131	133
131	134
131	135
132	133
132	134
132	135
132	141
133	134
133	135
134	135
134	136
134	265
135	136
135	137
135	265
135	266
135	267
136	137
136	138
136	140
136	265
136	266
136	267
136	268
137	138
137	139
137	140
137	143
137	144
137	267
137	268
137	269
138	139
138	267
138	268
138	269
139	267
139	269
139	270
140	141
140	142
140	143
141	142
141	143
141	144
142	143
142	144
142	531
143	144
143	145
143	146
144	145
144	146
144	147
144	148
144	198
145	146
145	147
145	148
145	197
145	198
145	199
145	200
145	505
146	147
146	148
146	505
147	148
147	149
148	149
148	150
148	198
148	199
148	200
149	150
149	151
149	199
150	151
150	152
150	199
150	200
150	201
150	202
151	152
151	153
151	199
151	201
151	202
151	203
152	153
152	154
152	202
152	203
152	204
153	154
153	155
153	203
153	204
153	205
154	155
154	156
154	204
154	205
154	206
155	156
155	157
155	158
155	205
155	206
155	207
156	157
156	158
156	206
156	207
156	208
157	158
157	159
157	207
157	208
157	209
158	159
158	160
158	206
158	207
158	208
159	160
159	161
160	161
160	162
161	162
162	164
162	165
162	166
163	164
163	165
163	166
164	165
164	166
165	166
165	167
165	169
165	170
166	167
166	168
166	169
166	170
167	168
167	169
167	170
167	171
167	204
167	205
167	206
168	169
168	170
168	171
168	172
168	203
168	204
169	170
169	171
169	172
169	173
170	171
170	172
170	173
170	174
171	172
171	173
171	174
171	175
171	204
172	173
172	174
172	175
172	176
173	174
173	175
173	176
174	175
174	176
175	176
175	177
175	192
176	177
176	178
177	178
177	179
177	189
178	179
178	180
178	185
178	189
179	180
179	181
180	181
180	182
180	185
181	182
181	183
181	185
181	186
182	183
182	184
182	185
182	186
183	184
183	185
183	186
183	187
184	185
184	186
184	187
184	188
185	186
185	187
185	188
185	189
186	187
186	188
186	189
186	190
187	188
187	189
187	190
188	189
188	190
189	190
189	191
189	192
189	193
190	191
190	192
190	193
190	194
191	192
191	193
191	194
191	195
192	193
192	194
192	195
192	196
193	194
193	195
193	196
193	197
194	195
194	196
194	197
194	198
195	196
195	197
195	198
195	199
196	197
196	198
196	199
197	198
197	199
198	199
198	200
199	200
199	201
200	201
200	508
201	202
201	203
202	203
202	204
203	204
203	205
204	205
204	206
205	206
205	207
206	207
207	208
207	209
207	218
207	221
208	209
208	210
208	217
208	218
209	210
209	211
209	218
210	211
210	214
210	215
210	218
211	212
211	214
211	215
213	214
213	215
214	215
214	216
214	219
215	216
215	217
215	218
215	219
216	217
216	218
216	219
216	220
217	218
217	219
217	220
217	221
218	219
218	220
218	221
218	222
219	220
219	221
219	222
219	223
220	221
220	222
220	223
220	224
221	222
221	223
221	224
221	225
222	223
222	224
222	225
222	226
223	224
223	225
223	226
223	227
224	225
224	226
224	227
224	228
225	226
225	227
225	228
225	229
226	227
226	228
226	229
226	230
227	228
227	229
227	230
227	231
228	229
228	230
228	231
228	232
229	230
229	231
229	232
229	233
230	231
230	232
230	233
231	232
231	233
232	233
232	234
233	234
233	235
234	235
234	236
235	236
235	237
235	243
236	237
236	243
236	244
237	238
237	239
237	241
237	242
237	243
237	244
238	239
238	240
238	241
238	242
238	243
239	240
239	241
239	242
240	241
240	242
240	494
240	497
240	498
241	242
241	243
242	243
242	244
243	244
243	245
244	245
244	246
244	248
244	249
245	246
245	247
245	248
245	249
246	247
246	248
246	249
246	250
247	248
247	249
247	250
247	251
248	249
248	250
248	251
248	252
249	250
249	251
249	252
249	253
250	251
250	252
250	253
250	254
251	252
251	253
251	254
251	255
251	275
252	253
252	254
252	255
252	256
252	271
253	254
253	255
253	256
253	257
254	255
254	256
254	257
254	258
255	256
255	257
255	258
255	259
255	271
256	257
256	258
256	259
256	260
256	266
257	258
257	259
257	260
257	261
258	259
258	260
258	261
258	262
259	260
259	261
259	262
259	263
259	264
259	265
259	266
260	261
260	262
260	263
260	264
260	265
260	266
261	262
261	263
262	263
262	264
263	264
264	265
264	266
265	266
265	267
266	267
266	268
267	268
267	269
267	270
267	271
268	269
268	270
268	271
268	272
269	270
269	271
269	272
269	273
270	271
270	272
270	273
270	274
271	272
271	273
271	274
271	275
272	273
272	274
272	275
272	276
273	274
273	275
273	276
273	277
273	330
274	275
274	276
274	277
274	278
275	276
275	277
275	278
275	279
276	277
276	278
276	279
276	280
276	329
276	330
277	278
277	279
277	280
277	281
278	279
278	280
278	281
278	282
279	280
279	281
279	282
279	283
279	328
280	281
280	282
280	283
280	284
280	328
280	329
280	336
281	282
281	283
281	284
281	285
281	336
282	283
282	284
282	285
282	286
283	284
283	285
283	286
283	287
283	324
283	327
283	328
284	285
284	286
284	287
284	288
284	324
284	336
284	340
285	286
285	287
285	288
285	289
286	287
286	288
286	289
286	290
287	288
287	289
287	290
287	291
287	320
287	321
287	323
287	324
288	289
288	290
288	291
288	292
288	320
289	290
289	291
289	292
289	293
290	291
290	292
290	293
290	294
290	320
291	292
291	293
291	294
291	295
291	316
291	317
291	320
292	293
292	294
292	295
292	296
293	294
293	295
293	296
293	297
294	295
294	296
294	297
294	298
294	316
295	296
295	297
295	298
295	299
295	316
296	297
296	298
296	299
297	298
297	299
298	299
298	300
299	300
299	301
300	301
300	302
300	303
301	302
301	303
301	355
301	358
302	303
302	304
302	355
302	358
302	359
302	409
302	410
303	304
303	305
303	306
303	308
303	309
303	355
303	408
303	410
304	305
304	308
304	408
304	409
304	410
305	306
305	307
305	308
305	309
305	410
305	411
306	307
306	308
306	309
306	310
306	411
307	308
307	309
307	310
307	311
308	309
308	310
308	311
308	312
309	310
309	311
309	312
309	313
310	311
310	312
310	313
310	314
311	312
311	313
311	314
311	315
312	313
312	314
312	315
312	316
313	314
313	315
313	316
313	317
313	348
314	315
314	316
314	317
314	318
315	316
315	317
315	318
315	319
316	317
316	318
316	319
316	320
317	318
317	319
317	320
317	321
318	319
318	320
318	321
318	322
319	320
319	321
319	322
319	323
320	321
320	322
320	323
320	324
321	322
321	323
321	324
321	325
322	323
322	324
322	325
322	326
323	324
323	325
323	326
323	327
324	325
324	326
324	327
324	328
325	326
325	327
325	328
326	327
326	328
327	328
328	329
328	331
329	330
329	331
330	331
330	332
331	332
331	333
331	334
331	335
331	336
332	333
332	334
332	335
333	334
333	335
334	335
334	336
334	337
334	338
335	336
335	337
335	338
335	339
336	337
336	338
336	339
336	340
337	338
337	339
337	340
337	341
338	339
338	340
338	341
338	342
339	340
339	341
339	342
339	343
340	341
340	342
340	343
340	344
341	342
341	343
341	344
341	345
342	343
342	344
342	345
342	346
343	344
343	345
343	346
343	347
344	345
344	346
344	347
344	348
345	346
345	347
345	348
345	349
346	347
346	348
346	349
346	350
347	348
347	349
347	350
347	351
348	349
348	350
348	351
348	352
349	350
349	351
349	352
349	353
350	351
350	352
350	353
350	354
351	352
351	353
351	354
351	355
352	353
352	354
352	355
352	356
353	354
353	355
353	356
353	357
354	355
354	356
354	357
354	358
355	356
355	357
355	358
355	359
356	357
356	358
356	359
356	360
356	411
356	412
357	358
357	359
357	360
357	361
358	359
358	360
358	361
358	362
359	360
359	361
359	362
359	363
359	409
359	410
359	411
359	412
360	361
360	362
360	363
360	364
360	412
360	416
361	362
361	363
361	364
361	365
362	363
362	364
362	365
362	366
362	409
363	364
363	365
363	366
363	367
363	409
363	413
363	416
364	365
364	366
364	367
364	368
364	416
365	366
365	367
365	368
365	369
366	367
366	368
366	369
366	370
367	368
367	369
367	370
367	371
368	369
368	370
368	371
368	372
369	370
369	371
369	372
370	371
370	372
370	399
371	372
371	373
371	374
371	375
371	399
372	373
372	374
372	375
372	376
373	374
373	375
373	376
373	377
374	375
374	376
374	377
374	378
375	376
375	377
375	378
375	379
376	377
376	378
376	379
376	380
377	378
377	379
377	380
377	381
377	382
378	379
378	380
378	381
378	382
378	383
379	380
379	381
380	381
380	382
381	382
381	383
381	384
382	383
382	384
383	384
383	385
383	388
383	389
383	392
383	431
384	385
384	388
384	431
385	386
385	387
385	388
385	435
386	387
386	388
386	435
386	436
386	437
387	388
387	389
387	390
387	391
387	435
387	437
388	389
388	390
388	391
388	392
388	435
389	390
389	391
389	392
389	393
389	431
389	432
389	435
390	391
390	392
390	393
390	394
391	392
391	393
391	394
391	395
392	393
392	394
392	395
392	396
393	394
393	395
393	396
393	397
394	395
394	396
394	397
394	398
395	396
395	397
395	398
395	399
396	397
396	398
396	399
396	400
397	398
397	399
397	400
397	401
398	399
398	400
398	401
398	402
399	400
399	401
399	402
399	403
400	401
400	402
400	403
400	404
401	402
401	403
401	404
401	405
402	403
402	404
402	405
402	406
403	404
403	405
403	406
404	405
404	406
405	406
405	407
406	407
406	408
406	409
407	408
407	409
408	409
408	410
409	410
409	413
410	411
410	412
410	413
411	412
411	413
412	413
412	414
412	415
412	416
413	414
413	415
413	416
413	417
414	415
414	416
414	417
414	418
415	416
415	417
415	418
415	419
416	417
416	418
416	419
416	420
417	418
417	419
417	420
417	421
418	419
418	420
418	421
418	422
419	420
419	421
419	422
419	423
420	421
420	422
420	423
420	424
421	422
421	423
421	424
421	425
422	423
422	424
422	425
423	424
423	425
424	425
424	426
424	427
424	428
425	426
425	427
425	428
425	429
426	427
426	428
426	429
426	430
427	428
427	429
427	430
427	431
428	429
428	430
428	431
428	432
429	430
429	431
429	432
429	433
430	431
430	432
430	433
430	434
431	432
431	433
431	434
431	435
432	433
432	434
432	435
432	443
433	434
433	435
434	435
434	436
435	436
435	437
435	438
436	437
436	438
437	438
437	439
438	439
438	440
438	442
438	443
439	440
439	441
439	442
439	443
440	441
440	442
440	443
440	444
441	442
441	443
441	444
441	445
442	443
442	444
442	445
442	446
443	444
443	445
443	446
443	447
444	445
444	446
444	447
444	448
445	446
445	447
445	448
445	449
446	447
446	448
446	449
446	450
447	448
447	449
447	450
447	451
448	449
448	450
448	451
448	452
449	450
449	451
449	452
449	453
450	451
450	452
450	453
450	454
451	452
451	453
451	454
451	455
452	453
452	454
452	455
452	456
453	454
453	455
453	456
453	457
454	455
454	456
454	457
454	458
455	456
455	457
455	458
455	459
456	457
456	458
456	459
456	460
457	458
457	459
457	460
457	461
458	459
458	460
458	461
458	462
459	460
459	461
459	462
459	463
460	461
460	462
460	463
460	464
461	462
461	463
461	464
461	465
462	463
462	464
462	465
462	466
463	464
463	465
463	466
463	467
464	465
464	466
464	467
464	468
465	466
465	467
465	468
465	469
466	467
466	468
466	469
466	470
467	468
467	469
467	470
467	471
468	469
468	470
468	471
468	472
469	470
469	471
469	472
469	473
470	471
470	472
470	473
470	474
471	472
471	473
471	474
471	475
472	473
472	474
472	475
472	476
473	474
473	475
473	476
473	477
474	475
474	476
474	477
474	478
475	476
475	477
475	478
475	479
476	477
476	478
476	479
476	480
477	478
477	479
477	480
477	481
478	479
478	480
478	481
478	482
479	480
479	481
479	482
479	483
480	481
480	482
480	483
480	484
481	482
481	483
481	484
481	485
482	483
482	484
482	485
482	486
483	484
483	485
483	486
483	487
484	485
484	486
484	487
484	488
485	486
485	487
485	488
485	489
486	487
486	488
486	489
486	490
487	488
487	489
487	490
487	491
488	489
488	490
488	491
488	492
489	490
489	491
489	492
489	493
490	491
490	492
490	493
490	494
491	492
491	493
491	494
491	495
492	493
492	494
492	495
492	496
493	494
493	495
493	496
493	497
494	495
494	496
494	497
494	498
495	496
495	497
495	498
495	499
496	497
496	498
496	499
496	500
497	498
497	499
497	500
497	501
498	499
498	500
498	501
498	502
499	500
499	501
499	502
499	503
499	539
500	501
500	502
500	503
500	504
501	502
501	503
501	504
501	505
502	503
502	504
502	505
502	506
503	504
503	505
503	506
503	507
504	505
504	506
504	507
504	508
505	506
505	507
505	508
505	509
506	507
506	508
506	509
506	510
506	532
507	508
507	509
507	510
507	511
508	509
508	510
508	511
508	512
509	510
509	511
509	512
509	513
509	532
510	511
510	512
510	513
510	514
511	512
511	513
511	514
511	515
512	513
512	514
512	515
512	516
513	514
513	515
513	516
513	517
513	525
513	528
513	529
514	515
514	516
514	517
514	518
515	516
515	517
515	518
515	519
516	517
516	518
516	519
516	520
516	521
516	524
516	525
517	518
517	519
517	520
517	521
517	522
517	525
518	519
518	520
519	520
519	521
520	521
520	522
521	522
521	523
521	524
521	525
522	523
522	524
522	525
522	526
523	524
523	525
523	526
523	527
524	525
524	526
524	527
524	528
525	526
525	527
525	528
525	529
526	527
526	528
526	529
526	530
527	528
527	529
527	530
527	531
528	529
528	530
528	531
528	532
529	530
529	531
529	532
529	533
530	531
530	532
530	533
530	534
531	532
531	533
531	534
531	535
532	533
532	534
532	535
532	536
533	534
533	535
533	536
533	537
534	535
534	536
534	537
534	538
535	536
535	537
535	538
535	539
536	537
536	538
536	539
537	538
537	539
538	539
