0	1
0	2
0	19
0	20
0	21
0	22
1	2
1	17
1	18
1	19
1	20
1	38
2	3
2	4
2	17
2	18
2	19
2	20
2	35
2	36
2	37
2	38
3	4
3	5
3	15
3	16
3	17
3	18
3	35
3	36
3	37
3	38
4	5
4	6
4	12
4	13
4	15
4	16
4	17
4	34
4	35
4	36
5	6
5	11
5	12
5	13
5	33
5	34
5	35
5	36
6	7
6	8
6	10
6	11
6	12
6	13
6	34
6	35
7	8
7	9
7	10
7	11
7	12
7	34
8	9
8	10
8	11
8	12
9	10
9	11
9	12
10	11
10	12
11	12
11	13
12	13
12	14
12	15
12	16
13	14
13	15
13	16
14	15
14	16
14	50
15	16
15	17
15	46
16	17
16	18
17	18
17	19
18	19
18	20
19	20
19	21
20	21
20	22
20	25
21	22
21	23
21	24
21	25
22	23
22	24
22	25
22	26
23	24
23	25
23	26
23	27
24	25
24	26
24	27
24	28
25	26
25	27
25	28
25	29
25	30
26	27
26	28
26	29
26	30
26	31
27	28
27	29
27	30
27	31
28	29
28	30
28	31
28	32
29	30
29	31
29	32
29	33
29	34
29	35
30	31
30	32
30	33
30	34
30	35
30	36
31	32
31	33
32	33
32	34
33	34
33	35
34	35
35	36
36	37
36	38
37	38
37	39
38	39
38	40
38	42
38	43
39	40
39	41
39	42
39	43
40	41
40	42
40	43
40	44
41	42
41	43
41	44
41	45
42	43
42	44
42	45
42	46
43	44
43	45
43	46
43	47
44	45
44	46
44	47
44	48
45	46
45	47
45	48
45	49
46	47
46	48
46	49
46	50
47	48
47	49
47	50
47	51
48	49
48	50
48	51
48	52
49	50
49	51
49	52
49	53
50	51
50	52
50	53
50	54
51	52
51	53
51	54
51	55
52	53
52	54
52	55
52	56
53	54
53	55
53	56
53	57
54	55
54	56
54	57
54	58
55	56
55	57
55	58
55	59
56	57
56	58
56	59
56	60
57	58
57	59
57	60
57	61
58	59
58	60
58	61
58	62
59	60
59	61
59	62
59	63
60	61
60	62
60	63
60	64
61	62
61	63
61	64
61	65
62	63
62	64
62	65
62	66
63	64
63	65
63	66
63	67
64	65
64	66
64	67
64	68
64	132
64	133
64	136
65	66
65	67
65	68
65	69
65	136
66	67
66	68
66	69
66	70
67	68
67	69
67	70
67	71
68	69
68	70
68	71
68	72
68	138
69	70
69	71
69	72
69	73
70	71
70	72
70	73
71	72
71	73
71	74
71	138
71	140
72	73
72	74
72	138
72	139
72	140
73	74
74	75
74	76
74	141
75	76
75	77
75	140
75	141
75	142
75	143
76	77
76	78
76	100
76	101
76	141
76	142
76	143
77	78
77	79
77	142
77	143
77	144
78	79
78	80
78	100
78	143
78	144
78	145
79	80
79	144
79	145
79	146
79	147
80	81
80	82
80	144
80	145
80	146
80	147
81	82
81	83
81	88
81	89
81	146
81	147
81	148
82	83
82	84
82	86
82	87
82	88
82	89
82	146
83	84
83	85
83	86
83	87
83	88
84	85
84	86
84	87
85	86
85	87
86	87
86	88
86	122
86	123
87	88
87	89
87	121
87	122
87	123
88	89
88	90
88	91
88	121
88	122
88	123
89	90
89	91
90	91
90	92
90	121
91	92
91	93
91	119
91	120
91	121
92	93
92	96
92	119
92	120
92	121
93	94
93	95
93	96
93	97
93	119
93	120
94	95
94	96
94	97
94	98
94	111
94	114
94	116
95	96
95	97
95	98
95	99
95	111
96	97
96	98
96	99
96	100
97	98
97	99
97	100
97	101
98	99
98	100
98	101
98	102
98	109
98	111
99	100
99	101
99	102
99	103
100	101
100	102
100	103
100	104
101	102
101	103
101	104
101	105
101	106
101	107
102	103
102	104
102	105
102	106
102	107
102	108
103	104
103	105
103	106
104	105
104	106
105	106
105	107
106	107
106	108
107	108
107	109
108	109
108	110
109	110
109	111
110	111
110	112
110	113
111	112
111	113
111	114
112	113
112	114
113	114
113	115
113	130
113	131
113	132
114	115
114	116
114	128
114	129
114	130
114	131
115	116
115	117
115	128
115	129
115	130
115	131
116	117
116	118
116	119
116	128
117	118
117	119
118	119
118	120
119	120
119	121
120	121
120	122
121	122
122	123
122	124
123	124
123	144
123	145
123	146
124	125
124	126
124	143
124	144
124	145
125	126
125	127
125	141
125	142
125	143
125	144
126	127
126	128
126	141
126	142
126	143
127	128
127	129
127	139
127	140
127	141
127	142
128	129
128	130
128	139
128	140
128	141
128	142
129	130
129	131
129	137
129	138
129	139
129	140
130	131
130	132
130	137
130	138
130	139
130	140
131	132
131	133
131	136
131	137
131	138
132	133
132	136
132	137
133	134
133	135
133	136
133	137
134	135
134	136
135	136
135	137
136	137
136	138
137	138
137	139
138	139
138	140
139	140
139	141
140	141
140	142
141	142
141	143
142	143
142	144
143	144
143	145
144	145
144	146
145	146
145	147
146	147
147	148
