0	1
0	94
0	95
0	98
0	430
0	431
0	432
1	2
1	3
1	93
1	94
1	95
1	430
1	431
1	432
2	3
2	4
2	5
2	93
2	94
2	429
2	430
2	431
3	4
3	5
3	19
3	20
3	21
3	429
3	430
3	431
4	5
4	6
4	19
4	20
4	21
5	6
5	7
5	19
5	20
5	443
5	444
5	445
6	7
6	17
6	18
6	19
6	20
6	443
6	444
6	445
7	8
7	9
7	17
7	18
7	19
7	20
7	442
7	443
7	444
8	9
8	15
8	16
8	17
8	18
8	52
9	10
9	15
9	16
9	17
9	50
9	51
9	52
10	11
10	12
10	13
10	14
10	15
10	16
10	50
10	51
10	52
11	12
11	13
11	14
11	15
11	49
11	50
11	51
12	13
12	14
13	14
13	15
14	15
14	16
14	232
14	233
14	234
15	16
15	17
15	231
15	232
15	233
15	234
16	17
16	18
16	231
16	232
17	18
18	19
18	20
18	22
18	23
19	20
19	21
19	22
19	23
20	21
20	22
20	23
20	24
20	431
21	22
21	23
21	24
21	25
22	23
22	24
22	25
22	26
23	24
23	25
23	26
23	27
24	25
24	26
24	27
24	28
24	70
25	26
25	27
25	28
26	27
26	28
27	28
27	29
27	30
28	29
28	30
28	31
28	32
28	43
29	30
29	31
30	31
30	32
31	32
31	33
31	43
32	33
32	34
32	41
32	42
32	43
33	34
33	35
33	41
33	42
33	43
34	35
34	36
34	40
34	41
34	42
35	36
35	37
35	38
35	39
35	40
35	41
36	37
36	38
36	39
37	38
37	39
38	39
38	40
39	40
40	41
40	42
40	71
40	72
40	73
41	42
41	71
41	72
41	73
42	43
42	44
42	69
42	70
42	71
42	72
43	44
43	45
43	69
43	70
43	71
44	45
44	46
44	68
44	69
44	70
45	46
45	47
45	48
45	67
45	68
45	69
46	47
46	48
46	49
46	67
46	68
46	69
47	48
47	49
48	49
48	50
49	50
49	51
50	51
50	52
50	66
50	67
51	52
51	53
51	64
51	65
51	66
51	67
52	53
52	54
52	64
52	65
52	66
52	441
52	442
53	54
53	55
53	62
53	63
53	64
53	65
53	441
53	442
54	55
54	56
54	62
54	63
54	64
54	65
54	438
54	440
54	441
54	442
55	56
55	57
55	60
55	61
55	62
55	63
55	438
55	440
55	450
56	57
56	58
56	59
56	60
56	61
56	62
56	63
56	438
57	58
57	59
57	60
57	109
58	59
58	60
59	60
59	61
60	61
60	407
61	62
61	63
61	407
62	63
62	129
63	64
63	65
64	65
64	66
65	66
65	67
65	435
65	436
65	438
66	67
66	68
66	435
66	436
67	68
67	69
67	433
67	434
67	435
67	436
68	69
68	434
68	435
68	436
69	70
69	71
69	433
69	434
70	71
70	72
70	432
70	433
70	434
71	72
71	73
71	431
71	432
71	433
72	73
72	430
72	431
72	432
73	74
73	75
73	429
73	430
73	431
74	75
74	76
74	428
74	429
74	430
75	76
75	79
75	427
75	428
75	429
76	77
76	78
76	79
76	425
76	426
76	427
76	428
77	78
77	79
77	80
77	425
77	426
78	79
78	80
79	80
79	81
79	425
80	81
80	82
80	96
80	423
80	424
80	425
81	82
81	83
81	93
81	94
81	95
81	96
81	423
81	424
81	425
82	83
82	84
82	93
82	94
82	95
82	96
82	114
82	421
82	422
82	423
82	424
83	84
83	85
83	92
83	93
83	94
83	421
83	422
83	423
84	85
84	86
84	91
84	92
84	93
84	418
84	420
84	421
84	422
85	86
85	87
85	89
85	90
85	91
85	92
85	418
85	419
85	420
85	421
86	87
86	88
86	89
86	90
86	91
86	416
86	417
86	418
86	419
86	420
87	88
87	89
87	416
87	417
87	418
87	419
88	89
88	90
88	416
89	90
89	91
89	446
90	91
90	92
90	444
90	445
90	446
90	447
90	448
91	92
91	93
91	444
91	445
91	446
91	447
92	93
92	94
92	444
92	445
93	94
94	95
94	96
94	98
95	96
95	97
95	98
95	114
96	97
96	98
96	113
96	114
96	115
97	98
97	99
97	113
97	114
97	115
98	99
98	100
98	113
98	114
98	452
98	453
99	100
99	101
99	111
99	112
99	113
99	114
99	452
100	101
100	102
100	111
100	112
100	113
100	450
100	451
100	452
101	102
101	103
101	109
101	110
101	111
101	112
101	123
101	124
102	103
102	104
102	109
102	110
102	111
102	112
102	122
102	123
102	124
103	104
103	105
103	107
103	108
103	109
103	110
103	122
103	123
103	124
104	105
104	106
104	107
104	108
104	109
105	106
105	107
105	340
105	341
105	342
106	107
106	108
106	341
106	342
106	345
107	108
107	109
107	345
108	109
108	110
109	110
110	111
110	112
111	112
111	113
112	113
112	114
112	116
112	117
113	114
113	115
113	116
113	117
114	115
114	116
114	117
115	116
115	117
116	117
116	118
117	118
117	121
118	119
118	120
118	121
118	418
119	120
119	121
119	418
119	419
119	420
120	121
120	122
120	417
120	418
120	419
121	122
121	123
121	417
121	418
122	123
122	124
122	415
122	416
122	417
122	418
123	124
123	125
123	415
123	416
123	417
124	125
124	414
124	415
124	416
124	449
124	450
125	126
125	127
125	414
125	415
125	416
125	448
125	449
125	450
126	127
126	276
126	277
126	278
126	279
126	414
126	448
126	449
127	128
127	129
127	277
127	278
127	279
127	410
127	411
127	413
127	414
128	129
128	130
128	278
128	279
128	410
129	130
129	131
130	131
130	132
131	132
131	133
132	133
132	134
133	134
133	135
133	236
134	135
134	136
134	236
135	136
135	137
135	236
135	240
136	137
136	138
136	139
136	140
136	236
136	237
136	240
137	138
137	139
137	140
137	141
137	240
138	139
138	140
138	141
138	142
139	140
139	141
139	142
139	143
139	237
139	240
139	241
140	141
140	142
140	143
140	144
140	240
140	241
140	243
140	244
141	142
141	143
141	144
141	145
141	244
142	143
142	144
142	145
142	146
142	215
142	218
142	219
142	241
143	144
143	145
143	146
143	147
143	241
143	242
143	244
143	245
144	145
144	146
144	147
144	148
144	244
144	245
144	247
144	248
145	146
145	147
145	148
145	149
145	170
146	147
146	148
146	149
146	245
147	148
147	149
147	245
147	248
147	249
148	149
148	150
148	170
148	171
148	172
148	248
149	150
149	151
149	168
149	169
149	170
149	171
150	151
150	152
150	168
150	169
150	170
151	152
151	166
151	167
151	168
151	169
152	153
152	154
152	166
152	167
152	168
153	154
153	155
153	164
153	165
153	166
153	167
154	155
154	156
154	164
154	165
154	166
154	167
155	156
155	157
155	163
155	164
155	165
156	157
156	158
156	162
156	163
156	164
157	158
157	159
157	161
157	162
158	159
158	160
158	161
158	162
159	160
159	161
159	162
160	161
160	162
161	162
161	163
162	163
163	164
163	165
164	165
164	166
165	166
165	167
165	207
166	167
166	168
166	207
166	212
167	168
167	169
167	206
167	207
167	212
168	169
168	170
168	205
168	206
168	207
168	212
169	170
169	171
169	203
169	204
169	205
169	206
170	171
170	203
170	204
171	172
171	201
171	202
171	203
172	173
172	174
172	201
172	202
172	203
173	174
173	175
173	200
173	201
173	202
174	175
174	176
174	177
174	202
175	176
175	177
175	178
175	179
175	202
176	177
176	178
176	179
176	180
177	178
177	179
177	180
177	181
177	318
178	179
178	180
178	181
178	182
179	180
179	181
179	182
179	183
180	181
180	182
180	183
180	184
181	182
181	183
181	184
181	185
182	183
182	184
182	185
182	186
182	192
182	193
183	184
183	185
183	186
183	187
184	185
184	186
184	187
184	188
185	186
185	187
185	188
185	189
185	190
185	191
185	192
186	187
186	188
186	189
186	190
186	191
186	192
187	188
187	189
187	190
188	189
188	190
189	190
189	191
190	191
190	192
191	192
191	193
192	193
192	194
193	194
193	195
193	204
194	195
194	196
194	204
195	196
195	197
195	202
195	203
195	204
196	197
196	198
196	202
196	203
196	204
197	198
197	199
197	200
197	201
197	202
197	203
198	199
198	200
198	201
198	202
199	200
199	201
200	201
200	202
201	202
201	203
202	203
203	204
203	205
204	205
204	206
205	206
205	207
206	207
206	208
207	208
207	209
207	212
208	209
208	210
208	211
208	212
209	210
209	211
209	212
209	213
210	211
210	212
210	213
210	214
211	212
211	213
211	214
211	215
212	213
212	214
212	215
212	216
213	214
213	215
213	216
213	217
214	215
214	216
214	217
214	218
215	216
215	217
215	218
215	219
216	217
216	218
216	219
216	220
217	218
217	219
217	220
218	219
218	220
218	227
218	229
218	230
219	220
219	221
219	222
219	227
220	221
220	222
220	227
221	222
221	223
221	224
221	225
221	227
221	228
222	223
222	224
222	225
222	226
222	227
222	267
223	224
223	225
223	264
223	266
224	225
224	266
224	267
225	226
225	227
225	266
225	267
225	270
226	227
226	228
226	231
226	267
226	270
227	228
227	229
227	230
227	231
228	229
228	230
228	231
228	232
229	230
229	231
229	232
229	233
230	231
230	232
230	233
230	237
230	238
231	232
231	233
231	234
231	238
232	233
232	234
233	234
233	237
234	235
234	236
234	237
234	238
235	236
235	237
235	238
235	239
236	237
236	238
236	239
236	240
237	238
237	239
237	240
237	241
238	239
238	240
238	241
238	242
239	240
239	241
239	242
239	243
239	312
240	241
240	242
240	243
240	244
241	242
241	243
241	244
241	245
242	243
242	244
242	245
242	246
243	244
243	245
243	246
243	247
243	312
243	315
243	316
244	245
244	246
244	247
244	248
245	246
245	247
245	248
245	249
246	247
246	248
246	249
246	250
246	260
247	248
247	249
247	250
247	316
247	317
247	318
248	249
248	250
249	250
249	251
249	260
250	251
250	252
250	259
250	260
251	252
251	253
251	258
251	259
251	260
252	253
252	257
252	258
252	259
252	321
252	324
252	325
253	254
253	255
253	256
253	257
253	258
254	255
254	256
254	257
254	328
255	256
255	257
256	257
256	300
256	328
257	258
257	259
257	299
257	300
257	305
258	259
258	260
258	298
258	299
258	300
259	260
259	261
259	296
259	297
259	298
259	299
260	261
260	262
260	296
260	297
260	298
261	262
261	294
261	295
261	296
261	297
262	263
262	264
262	294
262	295
262	296
263	264
263	265
263	293
263	294
263	295
264	265
264	266
264	267
264	268
265	266
265	267
265	268
265	269
265	295
266	267
266	268
266	269
266	270
267	268
267	269
267	270
267	271
268	269
268	270
268	271
268	272
268	295
268	297
269	270
269	271
269	272
269	273
270	271
270	272
270	273
270	274
271	272
271	273
271	274
271	275
272	273
272	274
272	275
272	276
272	282
272	283
272	297
273	274
273	275
273	276
273	277
273	446
273	447
274	275
274	276
274	277
274	278
275	276
275	277
275	278
275	279
275	280
275	282
276	277
276	278
276	279
276	280
276	281
276	282
276	447
276	448
277	278
277	279
277	448
278	279
278	280
279	280
279	281
279	413
279	414
280	281
280	282
280	304
280	307
280	308
281	282
281	283
281	299
281	304
282	283
282	297
282	298
282	299
283	284
283	285
283	297
283	298
283	299
283	446
284	285
284	286
284	295
284	296
284	297
284	298
285	286
285	287
285	295
285	296
285	297
286	287
286	288
286	293
286	294
286	295
286	296
287	288
287	289
287	293
287	294
287	295
287	296
288	289
288	292
288	293
288	294
289	290
289	291
289	292
289	293
289	294
290	291
290	292
291	292
292	293
292	294
293	294
293	295
294	295
294	296
295	296
295	297
296	297
296	298
297	298
298	299
298	300
299	300
299	301
299	304
299	305
300	301
300	302
300	305
301	302
301	303
301	304
301	305
302	303
302	304
302	305
302	306
302	387
303	304
303	305
303	306
303	307
303	387
303	390
303	413
304	305
304	306
304	307
304	308
305	306
305	307
305	308
305	309
306	307
306	308
306	309
306	310
306	329
307	308
307	309
307	310
307	311
308	309
308	310
308	311
308	312
308	313
309	310
309	311
309	312
309	313
309	314
310	311
310	312
310	313
310	314
311	312
311	313
312	313
312	314
312	315
312	316
313	314
313	315
313	316
313	322
314	315
314	316
314	322
315	316
315	317
316	317
316	318
316	319
316	322
317	318
317	319
318	319
318	320
318	321
318	322
319	320
319	321
319	322
319	323
320	321
320	322
320	323
320	324
321	322
321	323
321	324
321	325
322	323
322	324
322	325
322	326
323	324
323	325
323	326
323	327
324	325
324	326
324	327
324	328
325	326
325	327
325	328
325	329
326	327
326	328
326	329
326	330
327	328
327	329
327	330
327	331
328	329
328	330
328	331
328	332
329	330
329	331
329	332
330	331
330	332
331	332
331	333
332	333
332	334
333	334
334	335
334	336
334	387
335	336
335	337
335	385
335	387
336	337
336	338
336	385
337	338
337	339
337	385
338	339
338	340
338	383
338	384
338	385
338	386
339	340
339	341
339	383
339	384
339	385
339	386
340	341
340	342
340	382
340	383
340	384
341	342
341	343
341	382
341	383
341	384
342	343
342	344
342	345
342	346
342	382
343	344
343	345
343	346
343	347
343	378
343	379
343	382
344	345
344	346
344	347
344	348
345	346
345	347
345	348
345	349
346	347
346	348
346	349
346	350
347	348
347	349
347	350
347	351
348	349
348	350
348	351
349	350
349	351
349	352
350	351
350	352
350	353
350	355
351	352
351	353
351	354
351	355
352	353
352	354
353	354
353	355
354	355
354	356
355	356
355	357
355	366
355	367
355	368
356	357
356	358
356	366
356	367
356	368
357	358
357	359
357	365
357	366
357	367
358	359
358	360
358	364
358	365
358	366
359	360
359	361
359	363
359	364
359	365
360	361
360	362
360	363
360	364
361	362
361	363
362	363
362	364
362	377
362	380
363	364
363	365
363	376
363	377
363	378
364	365
364	366
364	374
364	375
364	376
364	377
364	378
364	379
365	366
365	367
365	372
365	373
365	374
365	375
366	367
366	368
366	372
366	373
366	374
366	375
367	368
367	369
367	370
367	371
367	372
367	373
368	369
368	370
368	371
368	372
368	396
369	370
369	371
370	371
370	372
371	372
371	373
372	373
372	374
373	374
373	375
373	392
374	375
374	376
375	376
375	377
375	378
375	388
375	389
376	377
376	378
376	384
377	378
377	379
377	380
377	381
378	379
378	380
378	381
378	382
378	383
378	384
379	380
379	381
379	382
380	381
380	382
381	382
381	383
382	383
382	384
383	384
383	385
384	385
384	386
384	389
385	386
385	387
385	388
385	389
386	387
386	388
386	389
386	390
387	388
387	389
387	390
387	391
388	389
388	390
388	391
388	392
389	390
389	391
389	392
389	393
390	391
390	392
390	393
390	394
390	409
391	392
391	393
391	394
391	395
392	393
392	394
392	395
392	396
393	394
393	395
393	396
393	397
393	405
393	409
394	395
394	396
394	397
394	398
395	396
395	397
395	398
395	399
396	397
396	398
396	399
396	400
397	398
397	399
397	400
397	401
397	402
397	405
397	406
398	399
398	400
398	401
399	400
399	401
400	401
400	402
401	402
401	403
402	403
402	404
402	405
402	406
403	404
403	405
403	406
403	407
404	405
404	406
404	407
404	408
405	406
405	407
405	408
405	409
406	407
406	408
406	409
406	410
407	408
407	409
407	410
407	411
408	409
408	410
408	411
408	412
409	410
409	411
409	412
409	413
410	411
410	412
410	413
410	414
411	412
411	413
411	414
411	415
412	413
412	414
412	415
413	414
413	415
414	415
414	416
415	416
415	417
416	417
416	418
417	418
417	419
418	419
418	420
419	420
420	421
420	422
421	422
422	423
423	424
424	425
424	426
425	426
425	427
426	427
426	428
427	428
427	429
428	429
428	430
429	430
429	431
430	431
430	432
431	432
432	433
432	434
433	434
433	435
434	435
434	436
434	439
434	453
435	436
435	437
435	438
435	439
435	440
436	437
436	438
436	439
437	438
437	439
438	439
438	440
439	440
439	452
439	453
440	441
440	450
440	451
440	452
440	453
441	442
441	443
441	450
441	451
441	452
442	443
442	448
442	449
442	450
442	451
443	444
443	448
443	449
443	450
444	445
444	446
444	447
444	448
444	449
445	446
445	447
445	448
446	447
447	448
447	449
448	449
449	450
449	451
450	451
450	452
451	452
451	453
452	453
