0	1
0	2
1	2
1	3
1	8
2	3
2	4
2	5
2	6
2	8
2	34
3	4
3	5
4	5
4	6
5	6
5	7
6	7
6	8
6	33
7	8
7	9
7	10
7	33
7	152
8	9
8	10
8	32
8	33
8	34
9	10
9	30
9	31
9	32
9	33
9	34
9	152
9	155
9	156
10	11
10	12
10	30
10	31
10	32
10	33
10	151
10	152
10	155
11	12
11	13
11	28
11	29
11	30
11	31
11	129
11	151
11	154
11	155
12	13
12	28
12	29
12	30
13	14
13	15
13	28
13	29
13	141
13	142
14	15
14	16
14	61
14	142
15	16
15	56
15	60
15	61
15	142
15	143
16	17
16	18
16	19
16	60
16	61
16	62
17	18
17	19
17	62
18	19
18	20
19	20
19	21
20	21
20	22
20	23
20	24
21	22
21	23
21	139
22	23
22	24
23	24
23	25
23	138
23	139
24	25
25	26
25	27
26	27
26	28
26	127
27	28
27	29
27	127
27	128
27	129
28	29
28	30
28	127
28	128
28	129
29	30
29	31
29	126
29	127
29	128
29	129
30	31
30	32
30	126
30	128
30	129
30	155
31	32
31	33
32	33
32	34
32	35
32	36
33	34
33	35
33	36
33	37
34	35
34	36
34	37
34	38
35	36
35	37
35	38
35	39
36	37
36	38
36	39
36	40
37	38
37	39
37	40
37	41
38	39
38	40
38	41
39	40
39	41
40	41
40	42
41	42
41	43
42	43
42	44
42	45
43	44
43	45
43	46
43	47
44	45
44	46
44	47
44	48
44	50
45	46
45	47
45	48
45	90
45	91
46	47
46	48
46	90
46	91
47	48
47	49
47	50
47	51
47	52
48	49
48	50
48	88
48	90
49	50
49	51
50	51
50	52
51	52
51	53
52	53
52	54
53	54
53	55
54	55
54	56
54	57
55	56
55	57
55	58
55	59
56	57
56	58
56	59
56	60
56	72
57	58
57	59
57	60
58	59
58	60
58	64
58	66
58	67
59	60
59	61
59	63
59	67
59	70
59	71
59	72
59	75
60	61
60	62
60	63
60	64
60	71
60	72
61	62
61	63
61	71
61	72
61	73
62	63
62	64
62	71
63	64
63	67
63	69
63	70
63	71
64	65
64	66
64	67
64	68
64	69
65	66
65	67
65	68
65	69
66	67
66	68
67	68
67	69
67	70
68	69
68	70
69	70
69	71
70	71
70	72
70	74
70	75
71	72
71	73
71	74
71	75
72	73
72	74
72	75
72	76
73	74
73	75
73	76
73	77
74	75
74	76
74	77
74	78
75	76
75	77
75	78
75	92
76	77
76	78
76	92
76	93
76	94
77	78
77	79
77	92
77	93
77	94
77	95
78	79
78	80
78	81
78	92
78	94
78	95
79	80
79	81
79	94
79	95
80	81
80	82
81	82
81	83
82	83
82	84
83	84
83	85
83	89
84	85
84	86
84	87
84	88
84	89
85	86
85	87
86	87
86	88
87	88
87	89
88	89
88	90
89	90
89	91
90	91
90	92
91	92
91	93
91	95
91	96
92	93
92	94
92	95
92	96
93	94
93	95
93	96
93	97
94	95
94	96
94	97
94	98
95	96
95	97
95	98
95	99
96	97
96	98
96	99
96	100
97	98
97	99
97	100
97	101
98	99
98	100
98	101
98	102
99	100
99	101
99	102
99	103
100	101
100	102
100	103
100	104
101	102
101	103
101	104
101	107
101	108
101	111
102	103
102	104
102	107
102	108
102	111
103	104
103	105
103	108
104	105
104	106
104	107
104	108
105	106
105	107
105	108
105	109
105	270
106	107
106	108
106	109
106	203
106	204
106	270
107	108
107	109
107	110
107	111
108	109
108	110
108	111
108	112
108	269
108	270
109	110
109	111
109	112
109	266
109	267
109	269
109	270
110	111
110	112
110	113
110	114
110	223
110	266
111	112
111	113
111	114
112	113
112	114
112	265
112	266
112	269
113	114
113	115
113	262
113	265
113	266
114	115
114	116
114	223
115	116
115	117
116	117
116	118
117	118
117	119
118	119
118	120
118	122
118	123
119	120
119	121
119	122
119	123
120	121
120	122
120	123
120	124
121	122
121	123
121	124
121	125
122	123
122	124
122	125
122	213
123	124
123	125
123	126
123	127
124	125
124	126
124	127
124	128
125	126
125	127
125	128
125	212
125	213
126	127
126	128
127	128
127	129
128	129
128	130
129	130
129	131
129	155
129	158
130	131
130	132
130	133
130	154
130	157
130	158
131	132
131	133
132	133
132	134
133	134
133	135
133	137
133	138
133	154
134	135
134	136
134	137
134	138
135	136
135	137
135	138
135	139
136	137
136	138
136	139
136	140
137	138
137	139
137	140
137	141
137	146
138	139
138	140
138	141
138	142
139	140
139	141
139	142
139	143
140	141
140	142
140	143
140	144
140	145
140	146
141	142
141	143
141	144
141	145
141	146
142	143
142	144
143	144
143	145
144	145
144	146
145	146
145	147
146	147
146	148
146	150
146	151
147	148
147	149
147	150
147	151
148	149
148	150
148	151
148	152
149	150
149	151
149	152
149	153
150	151
150	152
150	153
150	154
151	152
151	153
151	154
151	155
152	153
152	154
152	155
152	156
153	154
153	155
153	156
153	157
154	155
154	156
154	157
154	158
155	156
155	157
155	158
155	159
156	157
156	158
156	159
156	160
157	158
157	159
157	160
157	161
158	159
158	160
158	161
158	162
159	160
159	161
159	162
160	161
160	162
161	162
161	163
162	163
162	164
163	164
163	165
164	165
164	166
164	211
164	212
164	215
165	166
165	167
165	215
165	216
165	217
166	167
166	168
166	217
167	168
167	169
167	216
167	217
167	218
168	169
168	170
168	172
168	217
168	218
169	170
169	171
169	172
170	171
170	172
170	173
170	194
170	197
170	198
171	172
171	173
171	194
172	173
172	174
173	174
173	175
173	194
173	232
174	175
174	176
174	177
174	193
174	194
175	176
175	177
175	192
175	193
175	194
176	177
176	178
176	190
176	191
176	192
176	193
176	194
177	178
177	179
177	190
177	191
177	192
177	193
178	179
178	180
178	188
178	189
178	190
178	191
179	180
179	181
179	188
179	189
179	190
179	191
180	181
180	182
180	183
180	188
180	189
181	182
181	183
182	183
182	184
183	184
183	185
183	186
183	187
183	188
184	185
184	186
184	187
185	186
185	286
185	287
186	187
186	188
186	284
186	285
186	286
186	287
187	188
187	189
187	284
187	285
187	286
187	287
188	189
188	190
188	284
189	190
189	191
189	283
189	284
190	191
190	192
191	192
191	193
192	193
192	194
192	195
192	196
193	194
193	195
193	196
193	197
194	195
194	196
194	197
194	198
195	196
195	197
195	198
195	199
196	197
196	198
196	199
196	200
197	198
197	199
197	200
197	201
198	199
198	200
198	201
198	202
199	200
199	201
199	202
199	203
200	201
200	202
200	203
201	202
201	203
201	204
201	205
202	203
202	204
202	205
203	204
203	205
204	205
204	206
204	207
205	206
205	207
206	207
206	208
207	208
207	209
207	210
207	211
208	209
208	210
208	211
208	212
209	210
209	211
209	212
209	213
210	211
210	212
210	213
210	214
211	212
211	213
211	214
211	215
212	213
212	214
212	215
213	214
213	215
214	215
214	216
214	219
215	216
215	217
215	219
216	217
216	218
216	219
217	218
217	219
218	219
218	220
218	221
218	222
218	230
218	231
219	220
219	221
219	222
219	230
220	221
220	222
220	223
221	222
221	223
221	224
221	225
222	223
222	224
222	225
222	226
222	230
223	224
223	225
223	226
224	225
224	226
225	226
225	227
225	228
225	234
226	227
226	228
227	228
227	229
228	229
228	230
229	230
229	231
230	231
231	232
231	233
231	234
232	233
232	234
233	234
233	235
234	235
234	236
235	236
235	237
235	239
236	237
236	238
236	239
237	238
237	239
237	240
237	241
238	239
238	240
238	241
238	242
238	255
239	240
239	241
240	241
240	242
241	242
241	243
241	253
241	254
241	255
242	243
242	244
242	245
242	246
242	254
242	255
243	244
243	245
243	254
243	255
243	256
244	245
244	246
244	254
245	246
245	247
245	253
245	254
246	247
246	248
246	249
246	250
247	248
247	249
247	250
248	249
248	250
249	250
249	251
250	251
250	252
251	252
251	253
252	253
252	254
253	254
253	255
253	257
253	258
254	255
254	256
254	257
254	258
255	256
255	257
255	258
255	259
256	257
256	258
256	259
256	260
257	258
257	259
257	260
257	261
258	259
258	260
258	261
258	262
259	260
259	261
259	262
259	263
260	261
260	262
260	263
260	264
261	262
261	263
261	264
261	265
262	263
262	264
262	265
262	266
263	264
263	265
263	266
263	267
264	265
264	266
264	267
264	268
264	277
265	266
265	267
265	268
265	269
266	267
266	268
266	269
266	270
267	268
267	269
267	270
267	271
267	272
268	269
268	270
268	271
268	272
269	270
269	271
270	271
270	272
271	272
271	273
272	273
272	274
272	275
273	274
273	275
273	276
274	275
274	276
275	276
275	277
275	279
275	282
276	277
276	278
276	279
277	278
277	279
277	280
278	279
278	280
279	280
279	281
279	282
280	281
280	282
280	283
280	284
281	282
281	283
281	284
281	285
281	286
282	283
282	284
282	285
283	284
283	285
284	285
284	286
285	286
285	287
286	287
286	288
287	288
