0	1
0	2
0	3
1	2
1	3
1	4
1	5
2	3
2	4
2	5
2	6
3	4
3	5
3	6
3	7
4	5
4	6
4	7
4	8
4	48
5	6
5	7
5	8
5	9
6	7
6	8
6	9
6	10
6	136
7	8
7	9
7	10
7	11
8	9
8	10
8	11
8	12
8	34
8	37
9	10
9	11
9	12
9	13
9	136
10	11
10	12
10	13
10	14
10	132
10	135
10	136
11	12
11	13
11	14
11	15
12	13
12	14
12	15
12	16
12	30
12	31
13	14
13	15
13	16
13	17
13	135
13	136
13	137
13	138
14	15
14	16
14	17
14	18
15	16
15	17
15	18
15	19
15	25
15	30
16	17
16	18
16	19
16	20
16	30
17	18
17	19
17	20
17	21
17	182
17	183
18	19
18	20
18	21
18	22
18	23
19	20
19	21
19	22
19	23
19	24
19	25
20	21
20	22
21	22
21	23
21	183
22	23
22	24
22	59
22	60
22	63
23	24
23	25
23	57
23	58
23	59
23	60
24	25
24	26
24	57
24	58
24	59
24	60
25	26
25	27
25	29
26	27
26	28
26	29
26	30
27	28
27	29
27	30
27	31
28	29
28	30
28	31
28	32
29	30
29	31
29	32
30	31
30	32
31	32
31	33
32	33
32	34
32	36
32	37
33	34
33	35
33	36
33	37
34	35
34	36
34	37
34	38
35	36
35	37
35	38
35	39
36	37
36	38
36	39
36	40
37	38
37	39
37	40
37	41
38	39
38	40
38	41
38	42
38	46
39	40
39	41
39	42
40	41
40	42
41	42
41	43
41	48
41	49
41	52
41	53
42	43
42	44
42	46
42	47
42	48
42	49
43	44
43	45
43	46
43	47
43	48
43	49
44	45
44	46
45	46
45	47
46	47
46	48
47	48
47	49
48	49
48	50
49	50
49	51
49	52
50	51
50	52
50	53
50	54
50	77
50	78
50	79
51	52
51	53
51	54
51	77
51	79
52	53
52	54
53	54
53	55
53	77
54	55
54	75
54	76
54	77
55	56
55	57
55	74
55	75
55	76
56	57
56	58
56	73
56	74
56	75
57	58
57	59
57	72
57	73
57	74
58	59
58	60
58	71
58	72
58	73
59	60
59	61
59	63
59	64
59	70
59	71
59	72
60	61
60	62
60	63
60	64
61	62
61	63
61	64
61	65
62	63
62	64
62	65
62	66
63	64
63	65
63	66
63	67
64	65
64	66
64	67
64	68
64	70
65	66
65	67
65	68
66	67
66	68
66	152
67	68
67	69
67	70
67	152
68	69
68	70
69	70
69	71
70	71
71	72
71	73
71	100
71	101
72	73
72	74
72	100
72	101
72	102
73	74
73	75
73	100
73	101
73	102
73	103
74	75
74	76
74	100
74	102
74	103
74	104
75	76
75	77
75	103
75	104
75	105
76	77
76	78
76	104
76	105
76	106
77	78
77	79
77	105
77	106
77	107
78	79
78	80
78	106
78	107
79	80
79	81
80	81
80	82
80	83
81	82
81	83
81	107
81	108
81	109
81	110
82	83
82	84
82	108
82	109
82	110
82	111
83	84
83	85
83	87
83	88
83	110
83	111
83	112
84	85
84	86
84	87
84	88
84	111
84	112
84	115
85	86
85	87
85	88
85	89
85	112
85	114
85	115
86	87
86	88
86	89
86	90
87	88
87	89
87	90
87	91
88	89
88	90
88	91
88	92
88	115
89	90
89	91
89	92
89	93
90	91
90	92
90	93
90	94
91	92
91	93
91	94
91	95
92	93
92	94
92	95
92	96
93	94
93	95
93	96
93	97
94	95
94	96
94	97
94	98
95	96
95	97
95	98
95	99
95	100
95	103
96	97
96	98
96	99
96	100
97	98
97	99
98	99
98	100
99	100
99	101
100	101
100	102
100	103
100	125
101	102
101	103
101	125
101	126
102	103
102	104
102	125
102	126
102	127
103	104
103	105
103	126
103	127
103	128
104	105
104	106
104	127
104	128
104	129
105	106
105	107
105	127
105	128
105	129
105	130
106	107
106	129
106	130
106	131
106	132
107	108
107	109
107	110
107	130
107	131
107	132
108	109
108	110
108	131
108	132
109	110
110	111
110	112
111	112
111	113
111	115
111	116
112	113
112	114
112	115
112	116
113	114
113	115
113	116
113	117
114	115
114	116
114	117
115	116
115	117
115	118
116	117
116	118
116	119
117	118
117	119
118	119
118	120
118	121
119	120
119	121
119	127
120	121
120	122
120	123
120	126
120	127
121	122
121	123
122	123
122	124
122	125
123	124
123	125
123	126
124	125
124	126
125	126
125	127
126	127
126	128
127	128
127	129
128	129
128	130
129	130
129	131
130	131
130	132
131	132
131	133
131	134
131	135
132	133
132	134
132	135
132	136
133	134
133	135
133	136
134	135
134	136
134	137
135	136
135	137
135	138
136	137
136	138
137	138
137	139
138	139
138	140
138	141
139	140
139	141
139	142
140	141
140	142
140	145
140	179
141	142
141	143
142	143
142	144
142	145
143	144
143	145
144	145
144	146
145	146
145	147
146	147
146	148
146	193
146	194
146	195
146	196
147	148
147	149
147	193
147	194
147	195
147	196
148	149
148	150
148	191
148	192
148	193
148	194
149	150
149	151
149	191
149	192
149	193
150	151
150	152
150	190
150	191
150	192
151	152
151	153
151	155
151	156
151	190
151	191
151	192
152	153
152	154
152	155
152	156
153	154
153	155
153	156
153	157
154	155
154	156
154	157
154	158
155	156
155	157
155	158
155	159
156	157
156	158
156	159
156	160
156	190
157	158
157	159
157	160
157	161
158	159
158	160
158	161
158	162
159	160
159	161
159	162
159	163
160	161
160	162
160	163
160	164
160	165
160	166
160	167
161	162
161	163
161	164
161	165
162	163
162	164
163	164
163	165
164	165
165	166
165	167
165	169
166	167
166	168
166	169
167	168
167	169
167	170
168	169
168	170
169	170
169	171
170	171
170	172
170	207
170	208
171	172
171	206
171	207
171	208
172	173
172	174
172	207
172	208
172	209
172	210
173	174
173	175
173	177
173	207
173	208
173	209
173	210
174	175
174	176
174	177
174	209
174	210
175	176
175	177
175	180
175	185
175	209
175	210
176	177
176	178
176	180
176	181
177	178
177	179
177	180
177	181
178	179
178	180
178	181
178	182
179	180
179	181
179	182
179	183
180	181
180	182
180	183
180	184
180	185
181	182
181	183
181	184
181	185
182	183
182	184
183	184
183	185
184	185
184	186
185	186
185	187
185	189
185	209
186	187
186	188
186	189
186	209
187	188
187	189
187	209
187	210
188	189
188	190
188	208
188	209
188	210
189	190
189	191
189	208
189	209
190	191
190	192
190	206
190	207
190	208
190	209
191	192
191	193
191	206
191	207
191	208
192	193
192	194
192	204
192	205
192	206
192	207
193	194
193	195
193	204
193	205
193	206
194	195
194	196
194	201
194	204
194	205
195	196
195	197
195	198
196	197
196	198
197	198
197	199
198	199
198	200
199	200
200	201
200	202
201	202
201	203
201	204
202	203
202	204
203	204
203	205
204	205
204	206
205	206
205	207
206	207
206	208
207	208
207	209
208	209
208	210
209	210
