0	1
0	2
0	3
1	2
1	3
1	19
2	3
2	4
3	4
3	5
3	18
4	5
4	6
4	17
4	18
4	23
4	27
5	6
5	7
5	16
5	17
5	18
6	7
6	8
6	14
6	15
6	16
6	17
7	8
7	9
7	14
7	15
7	16
8	9
8	10
8	12
8	13
8	14
8	15
9	10
9	11
9	12
9	13
9	14
10	11
10	12
11	12
11	13
12	13
12	14
13	14
13	15
14	15
14	16
14	31
15	16
15	17
16	17
16	18
16	24
16	27
16	28
17	18
17	24
18	19
18	20
18	23
18	24
19	20
19	23
19	24
20	21
20	22
20	23
20	24
21	22
21	23
21	24
21	25
21	88
21	89
22	23
22	24
22	25
22	26
22	88
22	89
22	91
22	92
23	24
23	25
23	26
23	27
23	92
24	25
24	26
24	27
24	28
25	26
25	27
25	28
25	29
25	89
25	92
25	93
26	27
26	28
26	29
26	30
26	92
26	93
26	95
26	96
27	28
27	29
27	30
27	31
27	96
28	29
28	30
28	31
28	32
28	93
28	96
29	30
29	31
29	32
29	33
29	93
29	94
29	96
29	97
30	31
30	32
30	33
30	34
30	96
30	97
30	99
30	100
31	32
31	33
31	34
31	35
32	33
32	34
32	35
32	36
32	37
32	97
33	34
33	35
33	36
33	37
33	97
33	100
33	101
34	35
34	36
34	37
34	100
35	36
35	37
36	37
36	38
36	39
36	40
37	38
37	39
37	40
37	41
38	39
38	40
38	41
38	42
38	113
38	115
39	40
39	41
39	42
39	43
40	41
40	42
40	43
40	44
41	42
41	43
41	44
41	45
42	43
42	44
42	45
42	46
43	44
43	45
43	46
43	47
43	134
44	45
44	46
44	47
44	48
44	130
44	134
45	46
45	47
45	48
45	49
45	50
45	51
46	47
46	48
46	49
46	50
46	51
47	48
47	49
47	66
47	133
47	134
47	137
47	138
48	49
48	50
48	66
48	67
49	50
49	51
49	62
49	63
49	64
49	66
49	67
50	51
50	52
50	53
50	63
51	52
51	53
51	54
51	55
51	59
51	63
52	53
52	54
52	55
52	56
52	57
52	59
52	60
52	63
53	54
53	55
53	56
54	55
54	56
55	56
55	59
56	57
56	58
56	59
57	58
57	59
57	60
58	59
58	60
58	232
59	60
59	61
59	62
59	63
60	61
60	62
60	63
60	64
61	62
61	63
61	64
61	65
62	63
62	64
62	65
62	66
63	64
63	65
63	66
63	67
64	65
64	66
64	67
64	68
65	66
65	67
65	68
65	69
66	67
66	68
66	69
67	68
67	69
67	70
68	69
68	70
69	70
70	71
70	72
71	72
71	73
71	74
71	75
72	73
72	74
72	75
72	76
73	74
73	75
73	76
73	77
74	75
74	76
74	77
74	78
75	76
75	77
75	78
75	79
76	77
76	78
76	79
76	80
76	129
77	78
77	79
77	80
77	81
78	79
78	80
78	81
78	82
79	80
79	81
79	82
80	81
80	82
81	82
81	83
82	83
82	84
82	86
82	87
83	84
83	85
83	86
83	87
84	85
84	86
84	87
84	88
85	86
85	87
85	88
86	87
86	88
86	89
87	88
87	89
87	90
87	91
88	89
88	90
88	91
88	92
89	90
89	91
89	92
89	93
90	91
90	92
90	93
90	94
90	128
90	131
91	92
91	93
91	94
91	95
91	127
91	128
92	93
92	94
92	95
92	96
93	94
93	95
93	96
93	97
94	95
94	96
94	97
94	98
94	126
94	127
94	128
94	131
95	96
95	97
95	98
95	99
96	97
96	98
96	99
96	100
97	98
97	99
97	100
97	101
98	99
98	100
98	101
98	102
98	125
98	126
99	100
99	101
99	102
99	103
100	101
100	102
100	103
100	104
101	102
101	103
101	104
101	105
101	125
102	103
102	104
102	105
102	106
103	104
103	105
103	106
103	107
104	105
104	106
104	107
104	108
104	111
104	112
105	106
105	107
105	108
106	107
106	108
107	108
107	109
107	110
107	111
108	109
108	110
108	111
108	112
109	110
109	111
109	112
110	111
110	112
111	112
111	113
112	113
112	114
112	116
113	114
113	115
113	116
114	115
114	116
114	117
114	118
115	116
115	117
115	118
115	119
116	117
116	118
116	119
116	120
116	121
116	122
117	118
117	119
117	120
117	121
118	119
118	120
119	120
119	121
120	121
121	122
121	123
122	123
122	124
123	124
123	125
124	125
124	126
125	126
125	127
126	127
126	128
126	130
127	128
127	129
127	130
127	131
128	129
128	130
128	131
128	132
129	130
129	131
129	132
129	133
130	131
130	132
130	133
130	134
131	132
131	133
131	134
132	133
132	134
132	135
132	136
133	134
133	135
133	136
133	137
134	135
134	136
134	137
134	138
135	136
135	137
135	138
135	139
136	137
136	138
136	139
136	140
136	141
137	138
137	139
137	140
137	141
137	142
138	139
138	140
138	141
138	142
138	143
139	140
139	141
139	142
139	143
139	144
140	141
140	142
140	143
140	144
140	145
141	142
141	143
141	144
141	145
142	143
142	144
142	145
143	144
143	145
144	145
144	146
145	146
145	147
146	147
146	148
147	148
147	149
148	149
148	150
148	151
148	152
149	150
149	151
149	152
149	153
150	151
150	152
150	153
150	154
151	152
151	153
151	154
151	155
151	216
151	217
151	218
152	153
152	154
152	155
152	156
153	154
153	155
153	156
153	157
153	212
154	155
154	156
154	157
154	158
154	212
154	213
154	216
155	156
155	157
155	158
155	159
156	157
156	158
156	159
156	160
156	168
156	169
156	172
157	158
157	159
157	160
157	161
157	211
157	212
158	159
158	160
158	161
158	162
159	160
159	161
159	162
159	163
159	168
160	161
160	162
160	163
160	164
160	165
160	167
160	168
160	169
161	162
161	163
161	164
162	163
162	164
163	164
163	165
163	167
163	168
164	165
164	166
164	167
164	168
165	166
165	167
165	168
165	169
166	167
166	168
166	169
166	170
167	168
167	169
167	170
167	171
168	169
168	170
168	171
168	172
169	170
169	171
169	172
169	173
170	171
170	172
170	173
170	174
171	172
171	173
171	174
171	175
172	173
172	174
172	175
172	176
173	174
173	175
173	176
173	177
174	175
174	176
174	177
175	176
175	177
176	177
176	178
177	178
177	179
177	180
178	179
178	198
178	199
179	180
179	181
180	181
180	182
180	183
181	182
181	183
182	183
182	184
183	184
183	185
184	185
184	186
185	186
185	187
185	188
186	187
186	188
187	188
187	189
187	191
188	189
188	190
188	191
189	190
189	191
189	192
189	193
190	191
190	192
191	192
192	193
192	194
193	194
193	195
194	195
194	196
195	196
195	197
196	197
196	198
197	198
197	199
198	199
199	200
199	201
199	202
200	201
200	202
200	203
201	202
201	203
202	203
202	204
203	204
203	205
203	206
204	205
204	206
204	207
205	206
205	207
205	208
206	207
206	208
206	209
207	208
207	209
208	209
208	210
209	210
209	211
210	211
210	212
211	212
211	213
212	213
212	214
213	214
213	215
214	215
214	216
215	216
215	217
216	217
216	218
216	219
217	218
217	219
217	220
218	219
218	220
218	221
219	220
219	221
219	239
219	242
219	243
220	221
220	222
220	238
220	239
221	222
221	223
222	223
222	224
222	230
222	232
222	238
223	224
223	225
223	230
223	231
223	238
223	241
223	242
223	255
224	225
224	226
224	228
224	229
224	230
224	231
224	254
225	226
225	227
225	228
225	229
225	230
225	231
226	227
226	228
227	228
227	229
228	229
228	230
229	230
229	231
230	231
230	232
231	232
231	233
232	233
233	234
233	235
233	237
233	238
234	235
234	236
234	237
234	238
235	236
235	237
235	238
235	239
236	237
236	238
236	239
236	240
237	238
237	239
237	240
237	241
238	239
238	240
238	241
238	242
239	240
239	241
239	242
239	243
240	241
240	242
240	243
240	244
241	242
241	243
241	244
241	245
242	243
242	244
242	245
242	246
242	255
243	244
243	245
243	246
243	247
244	245
244	246
244	247
244	248
245	246
245	247
245	248
245	249
245	253
245	254
245	255
246	247
246	248
246	249
246	250
246	253
246	255
246	256
247	248
247	249
247	250
248	249
248	250
249	250
249	251
249	252
249	253
249	254
250	251
250	252
250	253
250	255
250	256
251	252
251	253
251	256
251	257
252	253
252	256
252	257
253	254
253	255
253	256
254	255
254	256
255	256
256	257
