0	1
0	2
0	122
1	2
1	3
1	122
2	3
2	106
2	120
2	121
2	122
3	4
3	5
3	119
3	120
4	5
4	6
4	117
4	118
4	119
4	120
4	164
4	166
4	168
5	6
5	118
5	119
5	120
5	162
5	163
5	164
6	7
6	8
6	117
6	118
6	161
6	162
6	163
6	164
7	8
7	9
7	116
7	117
7	118
7	163
8	9
8	10
8	116
8	117
9	10
9	11
9	116
10	11
10	12
10	116
11	12
11	13
11	14
11	15
12	13
12	14
12	15
12	16
13	14
13	15
13	16
14	15
14	16
14	17
14	54
15	16
15	17
15	18
15	19
15	54
16	17
16	18
16	19
16	20
17	18
17	19
17	20
17	21
17	52
18	19
18	20
18	21
18	22
18	52
18	53
18	54
19	20
19	21
19	22
19	23
20	21
20	22
20	23
20	24
21	22
21	23
21	24
21	25
21	52
22	23
22	24
22	25
22	39
23	24
23	25
24	25
24	26
25	26
25	27
26	27
26	28
27	28
27	29
27	39
28	29
30	31
30	32
31	32
31	33
32	33
32	34
32	81
33	34
33	35
33	79
33	80
34	35
34	36
34	77
34	78
34	79
35	36
35	37
35	76
35	77
35	78
35	79
36	37
36	38
36	75
36	76
36	77
37	38
37	39
37	74
37	75
37	76
38	39
38	40
38	72
38	73
38	74
38	75
39	40
39	41
39	72
39	73
39	74
40	41
40	42
40	43
40	46
40	71
40	72
40	73
41	42
41	43
41	45
41	46
41	48
41	49
41	71
41	72
42	43
42	44
42	45
42	46
42	70
42	71
42	72
43	44
43	69
43	70
43	71
44	45
44	46
45	46
45	47
45	49
46	47
46	48
46	49
47	48
47	49
47	50
48	49
48	50
48	51
49	50
49	51
49	52
49	53
49	56
50	51
50	52
50	53
51	52
51	53
52	53
52	54
53	54
53	55
53	56
53	57
54	55
54	56
54	57
54	58
55	56
55	57
55	58
55	59
56	57
56	58
56	59
56	60
57	58
57	59
57	60
57	61
58	59
58	60
58	61
58	62
59	60
59	61
59	62
59	63
60	61
60	62
60	63
61	62
61	63
61	157
62	63
62	156
62	157
62	158
63	64
63	65
63	155
63	156
63	157
64	65
64	66
64	68
64	155
64	156
64	157
65	66
65	67
65	68
66	67
66	68
67	68
67	69
67	144
67	145
67	146
68	69
68	70
68	143
68	144
68	145
69	70
69	143
69	144
69	145
70	71
70	72
70	142
70	143
71	72
71	141
71	142
71	143
72	73
72	74
72	140
72	141
72	142
73	74
73	75
73	138
73	139
73	140
73	141
74	75
74	76
74	138
74	139
74	140
74	141
75	76
75	77
75	136
75	137
75	138
75	139
76	77
76	78
76	79
76	131
76	136
76	137
77	78
77	79
77	131
77	133
77	134
77	135
77	136
77	137
78	79
78	131
78	132
78	133
78	134
79	80
79	81
79	130
79	131
79	132
80	81
80	82
80	129
80	130
80	131
80	201
81	82
81	83
81	128
81	129
81	130
82	83
82	84
82	128
82	201
82	204
83	84
83	126
83	127
83	128
83	204
83	214
83	215
83	244
84	85
84	86
84	126
84	127
84	128
84	244
84	245
85	86
85	87
85	123
85	124
85	125
85	126
85	127
85	244
85	245
85	247
86	87
86	123
86	124
86	247
87	123
87	124
87	247
88	89
88	90
88	146
88	147
89	90
89	91
89	123
89	144
89	145
89	146
90	91
90	92
90	122
90	123
90	143
90	144
90	145
91	92
91	93
91	120
91	121
91	122
91	142
91	143
91	144
92	93
92	94
92	118
92	119
92	120
92	121
92	141
92	142
92	143
93	94
93	95
93	118
93	119
93	120
93	139
93	140
93	141
93	142
94	95
94	96
94	115
94	116
94	117
94	118
94	119
94	139
94	140
94	141
95	96
95	97
95	113
95	114
95	115
95	116
95	137
95	138
95	139
95	140
96	97
96	115
96	116
96	138
96	139
96	140
97	98
97	99
97	115
97	137
97	138
98	99
98	100
98	114
98	115
98	137
99	100
99	101
99	102
99	135
99	136
99	137
100	101
100	102
101	102
101	103
101	131
101	132
101	133
102	103
102	112
102	130
102	131
102	132
103	104
103	105
103	110
103	111
103	112
103	113
103	129
103	130
103	131
104	105
104	106
104	110
104	111
104	112
104	128
104	129
104	130
105	106
105	107
105	109
105	110
105	111
105	127
105	128
105	129
106	107
106	108
106	109
106	110
106	125
106	126
106	127
106	128
107	108
107	109
107	125
107	126
107	127
107	213
107	214
108	109
108	110
108	213
109	110
109	111
110	111
110	170
110	171
110	208
111	112
111	113
111	169
111	170
111	171
112	113
112	114
112	169
112	170
112	171
113	114
113	115
113	117
113	169
114	115
114	116
114	117
115	116
115	117
116	117
116	118
117	118
117	119
118	119
118	120
119	120
119	121
120	121
120	122
121	122
121	123
122	123
122	124
122	125
123	124
123	125
124	125
125	126
125	127
126	127
126	245
127	128
128	129
128	130
129	130
130	131
130	132
131	132
131	133
132	133
133	134
133	135
134	135
134	136
135	136
135	137
136	137
136	138
137	138
137	139
138	139
139	140
139	141
140	141
140	142
141	142
141	143
142	143
142	144
143	144
143	145
144	145
144	146
145	146
145	147
146	147
146	148
146	149
147	148
148	149
148	150
149	150
150	151
150	152
151	152
151	153
151	154
152	153
152	154
152	155
153	154
153	155
153	156
153	159
153	162
154	155
154	156
155	156
155	157
156	157
156	158
156	159
157	158
157	159
158	159
158	160
158	161
159	160
159	161
159	162
160	161
160	162
161	162
161	163
162	163
162	164
163	164
163	165
163	166
164	165
164	166
165	166
165	167
166	167
166	168
167	168
167	169
168	169
168	170
169	170
169	171
170	171
170	172
171	172
171	173
172	173
172	174
173	174
173	175
173	209
173	210
173	211
174	175
174	176
174	209
174	210
174	211
175	176
175	177
175	210
175	211
176	177
176	180
176	210
176	211
176	212
177	178
177	179
177	180
177	181
178	179
178	180
178	181
178	182
179	180
179	181
179	182
179	183
180	181
180	182
180	183
180	184
181	182
181	183
181	184
181	185
182	183
182	184
182	185
182	186
183	184
183	185
183	186
184	185
184	186
184	187
185	186
185	187
185	188
185	220
185	223
185	224
186	187
186	188
186	189
187	188
187	189
187	190
187	191
187	224
188	189
188	190
188	191
188	224
188	225
188	227
188	228
189	190
189	191
189	228
190	191
190	192
191	192
191	193
191	195
191	196
191	228
192	193
192	194
192	195
192	196
193	194
193	195
193	196
194	195
194	196
195	196
195	197
195	198
195	199
196	197
196	198
196	199
196	200
197	198
197	199
197	200
197	201
197	256
198	199
198	200
198	201
198	202
199	200
199	201
199	202
199	203
200	201
200	202
200	203
200	204
200	221
201	202
201	203
201	204
201	205
202	203
202	204
202	205
203	204
203	205
203	206
203	217
204	205
204	206
204	207
204	214
204	217
205	206
205	207
205	208
206	207
206	208
206	209
206	210
207	208
207	209
207	210
207	211
207	212
207	213
207	214
208	209
208	210
209	210
209	211
210	211
210	212
211	212
212	213
212	214
213	214
213	215
213	216
214	215
214	216
214	217
215	216
215	217
215	218
215	245
216	217
216	218
216	219
216	220
217	218
217	219
217	220
217	221
218	219
218	220
218	221
218	222
218	241
219	220
219	221
219	222
219	223
220	221
220	222
220	223
220	224
221	222
221	223
221	224
221	225
221	237
222	223
222	224
222	225
222	226
222	234
222	237
222	238
223	224
223	225
223	226
223	227
224	225
224	226
224	227
224	228
225	226
225	227
225	228
225	229
225	230
225	233
225	234
226	227
226	228
226	229
226	230
226	234
227	228
227	229
228	229
228	230
229	230
229	231
230	231
230	232
230	233
230	234
231	232
231	233
231	234
231	235
232	233
232	234
232	235
232	236
232	259
233	234
233	235
233	236
233	237
234	235
234	236
234	237
234	238
235	236
235	237
235	238
235	239
236	237
236	238
236	239
236	240
237	238
237	239
237	240
237	241
238	239
238	240
238	241
238	242
239	240
239	241
239	242
239	243
240	241
240	242
240	243
240	244
241	242
241	243
241	244
241	245
242	243
242	244
242	245
242	246
242	247
242	248
243	244
243	245
243	246
243	247
243	248
243	249
243	250
244	245
244	246
244	247
245	246
245	247
246	247
246	248
247	248
247	249
248	249
248	250
249	250
249	251
250	251
250	252
251	252
251	253
251	254
252	253
252	254
253	254
253	255
254	255
254	256
254	258
255	256
255	257
255	258
256	257
256	258
257	258
257	259
258	259
