0	1
0	2
0	44
1	2
1	390
2	3
2	4
2	44
2	368
2	369
2	370
2	389
2	390
3	4
3	5
3	66
3	368
3	369
3	370
3	388
3	389
3	390
4	5
4	62
4	63
4	66
4	366
4	367
4	368
4	369
5	6
5	7
5	9
5	61
5	62
5	63
5	366
5	367
5	368
6	7
6	8
6	9
6	61
6	62
6	366
6	367
7	8
7	9
7	21
7	22
7	366
7	367
8	9
8	10
8	20
8	21
8	22
9	10
9	11
9	20
9	21
9	60
10	11
10	12
10	18
10	19
10	20
10	21
10	381
10	382
11	12
11	13
11	18
11	19
11	20
11	21
11	380
11	381
11	382
12	13
12	14
12	16
12	17
12	18
12	19
12	30
12	31
12	380
12	381
12	382
13	14
13	15
13	16
13	17
13	18
13	19
13	29
13	30
13	31
14	15
14	16
14	29
14	30
14	31
14	36
14	37
15	16
15	17
16	17
16	18
16	258
17	18
17	19
18	19
18	382
19	20
19	21
19	23
19	24
20	21
20	22
20	23
20	24
21	22
21	23
21	24
21	367
22	23
22	24
22	367
23	24
23	25
24	25
24	28
25	26
25	27
25	28
26	27
26	28
26	40
26	41
26	42
26	43
27	28
27	29
27	39
27	40
27	41
28	29
28	30
28	39
28	40
29	30
29	31
29	37
29	38
29	39
29	40
30	31
30	32
30	37
30	38
30	39
30	379
31	32
31	33
31	35
31	36
31	37
31	38
31	379
31	380
32	33
32	34
32	35
32	36
32	37
32	38
32	378
32	379
32	380
33	34
33	35
33	163
33	379
33	380
33	386
34	35
34	36
34	166
35	36
35	37
35	165
35	166
35	167
36	37
36	38
36	167
37	38
37	39
38	39
38	40
38	371
38	379
39	40
39	41
39	371
39	372
40	41
40	42
40	369
40	370
40	371
40	372
41	42
41	370
41	371
41	372
41	392
42	43
42	44
42	369
42	370
43	44
43	45
43	368
43	369
43	370
44	45
44	367
44	368
44	369
45	46
45	366
45	367
45	368
46	47
46	48
46	365
46	366
47	48
47	363
47	364
47	365
47	366
48	49
48	50
48	63
48	64
48	363
48	364
48	365
49	50
49	51
49	63
49	64
49	361
49	362
49	363
49	364
50	51
50	52
50	61
50	62
50	63
50	64
50	360
50	361
50	362
50	363
50	364
51	52
51	53
51	61
51	62
51	63
51	64
51	144
51	358
51	359
51	360
51	361
52	53
52	54
52	60
52	61
52	62
52	358
52	359
52	360
53	54
53	55
53	59
53	60
53	61
53	356
53	357
53	358
53	359
54	55
54	56
54	58
54	59
54	60
54	356
54	357
54	358
55	56
55	57
55	58
55	59
55	354
55	355
55	356
55	357
56	57
56	355
56	356
56	357
58	59
58	383
59	60
60	61
60	62
61	62
62	63
62	64
62	66
63	64
63	65
63	66
63	366
64	65
64	66
64	143
64	144
64	145
65	66
65	67
65	143
65	144
65	145
66	67
66	68
66	143
66	144
67	68
67	69
67	141
67	142
67	143
67	144
67	388
68	69
68	70
68	141
68	142
68	143
68	144
68	387
68	388
69	70
69	140
69	141
69	160
69	386
69	387
69	388
70	71
70	72
70	139
70	140
70	141
70	158
70	159
70	160
71	72
71	73
71	137
71	138
71	139
71	140
71	158
71	159
71	160
72	73
72	74
72	137
72	138
72	157
72	158
72	159
73	74
73	75
73	136
73	137
73	138
73	157
74	75
74	90
74	136
74	137
74	138
75	76
75	77
75	89
75	90
76	77
76	87
76	88
76	89
76	90
76	126
77	78
77	79
77	87
77	88
77	89
78	79
78	86
78	87
78	88
79	80
79	81
79	85
79	86
79	87
80	81
80	84
80	85
80	86
81	83
81	84
81	85
82	83
82	84
83	84
83	114
83	115
84	85
84	86
84	112
84	113
84	114
84	115
85	86
85	87
85	112
85	113
85	114
85	115
85	122
86	87
86	88
86	110
86	111
86	112
86	113
87	88
87	89
87	110
87	111
87	112
87	122
88	89
88	108
88	109
88	110
88	111
89	90
89	91
89	108
89	109
89	110
90	91
90	106
90	107
90	108
90	109
91	92
91	93
91	106
91	107
91	108
91	109
92	93
92	105
92	106
92	107
93	94
93	95
93	104
93	105
93	106
93	107
94	95
94	96
94	102
94	103
94	104
94	105
95	96
95	97
95	102
95	103
95	104
96	97
96	98
96	100
96	101
96	102
96	103
97	98
97	99
97	100
97	101
97	102
97	103
98	99
98	100
99	100
99	101
100	101
100	102
101	102
101	103
102	103
102	104
103	104
103	105
104	105
105	106
105	107
106	107
106	154
107	108
107	109
107	150
107	151
107	154
108	109
108	110
108	154
109	110
109	111
110	111
110	112
111	112
112	113
113	114
113	115
114	115
114	116
114	117
115	116
115	117
115	118
116	117
116	118
117	118
117	119
118	119
118	120
119	120
119	121
119	122
119	123
120	121
120	122
120	123
120	124
121	122
121	123
121	124
121	125
122	123
122	124
122	125
122	126
123	124
123	125
123	126
123	127
124	125
124	126
124	127
124	128
125	126
125	127
125	128
125	129
126	127
126	128
126	129
126	130
127	128
127	129
127	130
127	131
128	129
128	130
128	131
128	132
129	130
129	131
129	132
130	131
130	132
131	132
131	133
131	134
132	133
133	134
133	135
134	135
135	136
135	137
136	137
137	138
137	139
138	139
138	140
139	140
140	141
141	142
141	143
142	143
142	144
142	146
142	147
143	144
143	145
143	146
143	147
144	145
144	146
144	147
145	146
145	147
146	147
146	148
146	149
147	148
147	149
147	150
148	149
148	150
149	150
149	151
150	151
150	152
150	154
150	155
151	152
151	153
151	154
151	155
152	153
152	154
152	155
152	156
153	154
153	155
153	156
153	157
154	155
154	156
154	157
154	158
155	156
155	157
155	158
156	157
156	158
157	158
157	159
158	159
159	160
159	161
159	353
159	354
159	355
159	356
160	161
160	353
160	354
160	355
161	162
161	163
161	351
161	352
161	353
161	354
161	385
161	386
162	163
162	164
162	351
162	352
162	353
162	384
162	385
162	386
163	164
163	165
163	307
163	350
163	351
163	352
163	384
163	385
163	386
164	165
164	166
164	304
164	305
164	306
164	307
164	349
164	351
164	384
165	166
165	167
165	258
165	305
165	306
166	167
166	168
167	168
167	169
167	258
168	169
168	170
168	258
168	259
168	260
168	261
169	170
169	171
169	258
169	259
169	260
170	171
170	172
170	173
170	174
170	259
170	260
171	172
171	173
171	174
171	175
171	259
172	173
172	174
172	175
172	176
173	174
173	175
173	176
174	175
174	176
175	176
175	177
176	177
178	179
178	180
178	181
178	182
178	263
178	266
179	180
179	181
179	182
179	183
179	214
180	181
180	182
180	183
180	184
181	182
181	183
181	184
181	185
181	263
181	266
181	267
182	183
182	184
182	185
182	186
182	266
182	267
182	269
182	270
183	184
183	185
183	186
183	187
183	270
184	185
184	186
184	187
184	188
184	267
185	186
185	187
185	188
185	189
185	267
185	268
185	270
185	271
186	187
186	188
186	189
186	190
186	191
186	198
186	270
186	271
186	273
186	274
187	188
187	189
187	190
187	191
187	197
187	198
188	189
188	190
188	191
188	250
188	271
189	190
189	191
189	271
189	274
189	275
190	191
190	192
190	198
190	199
190	274
190	275
191	192
191	193
191	197
191	198
191	199
192	193
192	194
192	195
192	197
192	198
193	194
193	195
194	195
195	196
195	197
196	197
196	198
196	237
196	238
197	198
197	235
197	236
197	237
197	238
198	199
198	200
198	235
198	236
198	237
199	200
199	201
199	233
199	234
199	235
199	236
200	201
200	202
200	233
200	234
200	235
200	236
200	274
201	202
201	203
201	204
201	232
201	233
201	234
202	203
202	204
202	232
202	233
202	234
203	204
203	205
204	205
204	206
204	207
204	208
204	336
205	206
205	207
205	208
205	209
206	207
206	208
206	209
206	210
206	334
206	335
206	336
207	208
207	209
207	210
207	211
207	334
207	335
208	209
208	210
208	211
208	212
209	210
209	211
209	212
209	213
210	211
210	212
210	213
210	214
210	334
211	212
211	213
211	214
211	215
212	213
212	214
212	215
212	216
212	222
213	214
213	215
213	216
213	217
214	215
214	216
214	217
214	218
215	216
215	217
215	218
215	219
215	220
215	221
215	222
216	217
216	218
216	219
216	220
216	221
217	218
217	219
218	219
218	220
219	220
219	221
219	240
220	221
220	222
220	238
220	239
220	240
221	222
221	223
221	238
221	239
221	240
222	223
222	224
222	237
222	238
223	224
223	225
223	236
223	237
223	238
224	225
224	226
224	234
224	235
224	236
224	237
225	226
225	227
225	234
225	235
225	236
226	227
226	228
226	234
226	235
227	228
227	229
227	230
227	231
227	233
227	234
227	235
228	229
228	230
228	233
228	234
228	235
229	230
229	231
229	232
229	233
230	231
230	232
231	232
231	233
232	233
232	234
233	234
233	235
234	235
234	236
235	236
235	237
236	237
236	238
237	238
237	239
238	239
238	240
239	240
241	242
241	243
242	243
242	244
243	244
243	245
243	246
243	253
244	245
244	246
244	250
244	251
244	252
244	253
245	246
245	247
245	248
245	249
245	250
245	251
246	247
246	248
246	249
246	250
246	251
247	248
247	249
248	249
248	250
249	250
249	251
249	292
250	251
250	252
250	292
250	295
251	252
251	253
251	294
251	295
251	298
252	253
252	254
252	294
252	295
252	298
252	299
253	254
253	255
253	256
253	298
254	255
254	256
254	257
254	298
255	256
255	257
255	258
255	259
256	257
256	258
256	259
256	264
256	302
257	258
257	259
257	301
257	302
257	305
258	259
258	260
259	260
259	261
259	264
260	261
260	262
260	263
260	264
261	262
261	263
261	264
261	265
262	263
262	264
262	265
262	266
263	264
263	265
263	266
263	267
264	265
264	266
264	267
264	268
265	266
265	267
265	268
265	269
265	329
266	267
266	268
266	269
266	270
266	329
266	332
267	268
267	269
267	270
267	271
268	269
268	270
268	271
268	272
268	329
269	270
269	271
269	272
269	273
269	329
269	330
269	332
269	333
270	271
270	272
270	273
270	274
270	333
271	272
271	273
271	274
271	275
271	276
272	273
272	274
272	275
272	276
272	288
273	274
273	275
273	276
273	333
273	334
273	335
273	338
274	275
274	276
275	276
275	277
275	288
276	277
276	278
276	286
276	287
276	288
277	278
277	279
277	286
277	287
277	288
278	279
278	285
278	286
278	287
278	338
279	280
279	281
279	284
279	285
279	286
280	281
280	282
280	283
280	284
280	285
281	282
281	283
282	283
282	284
283	284
283	285
284	285
284	286
284	321
284	323
285	286
285	287
285	319
285	320
285	321
286	287
286	288
286	319
286	320
286	321
287	288
287	289
287	317
287	318
287	319
287	320
288	289
288	290
288	317
288	318
288	319
289	290
289	315
289	316
289	317
289	318
290	291
290	292
290	296
290	315
290	316
290	317
291	292
291	293
291	314
291	315
291	316
292	293
292	294
292	295
292	296
293	294
293	295
293	296
293	297
294	295
294	296
294	297
294	298
295	296
295	297
295	298
295	299
296	297
296	298
296	299
296	300
296	316
296	318
297	298
297	299
297	300
297	301
298	299
298	300
298	301
298	302
299	300
299	301
299	302
299	303
300	301
300	302
300	303
300	304
300	310
301	302
301	303
301	304
301	305
302	303
302	304
302	305
302	306
303	304
303	305
303	306
303	307
303	308
303	310
304	305
304	306
304	307
304	308
304	309
304	310
305	306
305	307
306	307
306	308
307	308
307	309
307	325
307	349
307	350
307	351
307	352
308	309
308	310
308	320
308	321
308	322
308	325
308	326
309	310
309	320
309	321
309	322
309	352
310	311
310	312
310	318
310	319
310	320
310	321
311	312
311	313
311	318
311	319
311	320
312	313
312	316
312	317
312	318
312	319
313	316
313	317
313	318
314	315
314	316
315	316
315	317
316	317
316	318
317	318
317	319
318	319
318	320
319	320
319	321
320	321
321	322
321	323
321	326
322	323
322	324
322	325
322	326
323	324
323	325
323	326
323	327
324	325
324	326
324	327
324	328
324	343
324	347
325	326
325	327
325	328
325	329
325	349
326	327
326	328
326	329
326	330
327	328
327	329
327	330
327	331
327	340
327	341
327	342
327	343
328	329
328	330
328	331
328	342
328	343
329	330
329	331
329	332
330	331
330	332
330	333
330	338
330	339
330	340
331	332
331	333
331	339
331	340
331	341
331	342
332	333
332	334
333	334
333	335
333	338
333	339
334	335
334	336
334	338
334	339
335	336
335	337
335	338
335	339
336	337
336	338
336	339
337	338
337	339
338	339
338	340
339	340
339	341
340	341
340	342
341	342
341	343
342	343
342	344
343	344
343	345
344	345
345	346
345	347
346	347
346	348
347	348
347	349
348	349
348	350
349	350
349	351
350	351
350	352
351	352
351	353
352	353
352	354
353	354
353	355
354	355
354	356
355	356
356	357
356	358
357	358
357	359
358	359
358	360
359	360
359	361
360	361
360	362
361	362
361	363
362	363
362	364
363	364
364	365
364	366
365	366
365	367
366	367
366	368
367	368
368	369
368	370
369	370
369	371
369	389
370	371
370	372
370	389
370	390
370	391
370	392
371	372
371	373
371	375
371	377
371	389
371	390
371	391
371	392
372	373
372	374
372	375
372	391
372	392
372	393
373	374
373	375
373	391
373	392
373	393
374	375
375	376
375	377
376	377
376	378
377	378
377	388
377	389
377	390
377	391
378	379
378	386
378	387
378	388
378	389
379	380
379	381
379	386
379	387
379	388
380	381
380	382
380	384
380	385
380	386
380	387
381	382
381	383
381	384
381	385
381	386
382	383
382	384
383	384
383	385
384	385
384	386
385	386
385	387
386	387
386	388
387	388
387	389
388	389
388	390
389	390
389	391
390	391
390	392
391	392
392	393
