0	1
0	2
0	4
1	2
1	3
2	3
2	4
2	5
2	6
3	4
3	5
3	6
3	40
3	41
4	5
4	6
4	30
4	39
4	40
4	41
5	6
5	7
5	35
5	39
6	7
6	8
6	39
6	40
7	8
7	9
7	37
7	38
7	39
7	40
8	9
8	10
8	24
8	38
8	39
8	40
9	10
9	11
9	38
10	11
10	12
10	22
10	23
10	24
11	12
11	13
11	14
11	22
12	13
12	14
13	14
13	15
14	15
14	16
14	21
14	22
15	16
15	17
15	19
15	20
15	21
15	22
16	17
16	18
16	19
16	21
16	22
16	23
17	18
17	19
17	20
17	21
17	22
17	23
17	46
18	19
18	20
18	21
19	20
19	21
20	21
21	22
21	23
21	25
22	23
22	24
22	25
23	24
23	25
23	43
23	46
24	25
24	26
24	38
24	39
24	40
24	42
24	43
24	46
25	26
25	27
25	38
25	39
25	42
26	27
26	30
26	36
26	37
26	38
26	39
26	42
27	28
27	29
27	30
27	31
27	42
28	29
28	30
28	31
28	32
29	30
29	31
29	32
29	33
30	31
30	32
30	33
30	34
30	35
30	36
31	32
31	33
31	34
31	35
31	36
32	33
32	34
33	34
33	35
34	35
34	36
35	36
35	37
36	37
37	38
37	39
38	39
39	40
39	41
39	42
39	43
40	41
40	42
40	43
40	44
41	42
41	43
41	44
41	45
42	43
42	44
42	45
42	46
43	44
43	45
43	46
43	47
44	45
44	46
44	47
44	48
45	46
45	47
45	48
45	49
46	47
46	48
46	49
46	50
47	48
47	49
47	50
47	51
48	49
48	50
48	51
48	52
49	50
49	51
49	52
50	51
50	52
51	52
51	53
52	53
52	54
53	54
53	55
53	57
54	55
54	56
54	57
55	56
55	57
55	205
55	206
55	207
56	57
56	58
56	204
56	205
56	206
57	58
57	59
57	204
57	205
58	59
58	60
58	202
58	203
58	204
58	205
59	60
59	61
59	202
59	203
59	204
60	61
60	200
60	201
60	202
60	203
61	62
61	63
61	64
61	200
61	201
61	202
62	63
62	64
62	199
62	200
62	201
63	64
63	65
64	65
64	66
64	201
65	66
65	67
66	67
66	68
66	181
67	68
67	69
67	177
67	181
68	69
68	70
68	177
68	178
68	179
68	180
68	181
69	70
69	71
69	151
69	175
69	176
69	177
69	178
70	71
70	72
70	151
70	174
70	175
70	176
71	72
71	73
71	147
71	148
71	149
71	150
71	151
71	152
71	174
71	175
72	73
72	74
72	147
72	148
72	151
72	153
72	172
72	173
72	174
73	74
73	146
73	147
73	148
73	170
73	171
73	172
73	173
74	75
74	76
74	145
74	146
74	147
74	168
74	169
74	170
74	171
74	172
75	76
75	77
75	143
75	144
75	145
75	146
75	168
75	169
75	170
75	171
76	77
76	78
76	143
76	144
76	145
76	167
76	168
76	169
77	78
77	142
77	143
77	144
77	166
77	167
77	168
78	79
78	110
78	142
78	143
78	164
78	165
78	166
78	167
79	80
79	81
79	110
79	142
79	164
79	165
80	81
80	82
80	109
80	110
80	163
80	164
80	165
81	82
81	83
81	107
81	108
81	109
81	110
81	163
81	164
82	83
82	105
82	106
82	107
82	108
82	109
82	162
82	163
82	164
83	84
83	85
83	106
83	107
83	162
83	163
84	85
84	86
84	87
84	106
84	162
85	86
85	87
86	87
87	88
87	89
87	91
88	89
88	90
88	91
89	90
89	91
89	106
89	107
90	91
90	92
90	105
90	106
90	107
91	92
91	93
91	105
91	106
92	93
92	104
92	105
92	106
93	94
93	95
93	103
93	104
93	105
94	95
94	96
94	101
94	102
94	103
94	104
95	96
95	97
95	101
95	102
95	103
95	104
96	97
96	98
96	99
96	100
96	101
96	102
97	98
97	99
97	100
97	101
97	102
98	99
98	100
99	100
99	101
100	101
100	102
100	120
101	102
101	103
101	120
102	103
102	104
102	116
102	117
102	120
103	104
103	116
104	105
104	106
104	113
104	116
105	106
105	107
105	108
106	107
106	108
107	108
107	109
108	109
108	110
108	112
108	113
109	110
109	111
109	112
109	113
110	111
110	112
110	113
110	114
110	142
111	112
111	113
111	114
111	115
111	141
111	142
112	113
112	114
112	115
112	116
113	114
113	115
113	116
113	117
114	115
114	116
114	117
114	118
114	142
115	116
115	117
115	118
115	119
116	117
116	118
116	119
116	120
117	118
117	119
117	120
117	121
118	119
118	120
118	121
118	122
119	120
119	121
119	122
119	123
120	121
120	122
120	123
120	124
121	122
121	123
121	124
121	125
122	123
122	124
122	125
122	126
123	124
123	125
123	126
123	127
124	125
124	126
124	127
124	128
124	129
124	131
125	126
125	127
125	128
125	129
125	131
125	132
125	133
126	127
126	128
127	128
127	129
128	129
128	130
128	131
129	130
129	131
130	131
130	132
130	148
130	149
131	132
131	133
131	147
131	148
131	149
132	133
132	147
132	148
132	149
133	134
133	146
133	147
133	148
134	135
134	136
134	144
134	145
134	146
134	147
135	136
135	137
135	144
135	145
135	146
136	137
136	138
136	143
136	144
136	145
137	138
137	139
137	140
137	141
137	143
137	144
137	145
138	139
138	140
139	140
139	141
140	141
140	142
140	143
141	142
141	143
142	143
143	144
143	145
144	145
144	146
145	146
146	147
146	148
147	148
147	149
148	149
148	150
149	150
149	151
150	151
150	152
151	152
151	153
151	174
151	175
151	176
152	153
152	154
152	174
153	154
153	155
153	174
154	155
154	156
155	156
155	157
156	157
156	158
156	168
157	158
157	159
157	167
158	159
158	166
158	167
158	168
159	160
159	161
159	165
159	166
159	167
160	161
160	162
160	163
160	164
160	165
160	166
161	162
161	163
161	164
161	165
162	163
162	164
163	164
163	165
164	165
164	166
165	166
165	167
166	167
167	168
167	169
168	169
168	170
169	170
169	171
170	171
170	172
171	172
171	173
172	173
172	174
173	174
173	175
174	175
174	176
175	176
175	177
176	177
177	178
178	179
178	180
179	180
179	181
179	205
179	207
180	181
180	182
180	205
180	206
180	207
181	182
181	183
181	203
181	204
181	205
181	206
182	183
182	184
182	203
182	204
182	205
182	206
183	184
183	185
183	202
183	203
183	204
184	185
184	202
184	203
184	204
185	186
185	187
185	201
185	202
186	187
186	188
186	199
186	200
186	201
186	202
187	188
187	189
187	199
187	200
187	201
188	189
188	190
188	197
188	198
188	199
188	200
189	190
189	191
189	197
189	198
189	199
190	191
190	192
190	194
190	196
190	197
190	198
191	192
191	193
191	194
192	193
192	194
193	194
194	195
194	196
195	196
195	197
196	197
196	198
197	198
197	199
198	199
198	200
199	200
199	201
200	201
200	202
201	202
201	203
202	203
202	204
203	204
203	205
204	205
204	206
205	206
205	207
206	207
