0	1
0	2
0	387
0	390
0	432
1	2
1	3
1	390
1	432
1	433
1	434
2	3
2	4
2	389
2	390
2	391
2	429
2	434
2	435
3	4
3	5
3	390
3	391
3	392
3	434
3	435
3	436
4	5
4	6
4	391
4	392
4	393
4	435
4	436
4	437
5	6
5	7
5	392
5	393
5	394
5	436
5	437
5	438
6	7
6	8
6	393
6	394
6	395
6	436
6	437
6	438
6	439
7	8
7	9
7	394
7	395
7	396
7	438
7	439
7	440
7	441
8	9
8	10
8	11
8	395
8	396
8	397
8	439
8	440
9	10
9	11
9	395
9	396
9	397
9	398
9	399
9	400
9	440
9	441
9	442
10	11
10	12
10	399
10	400
10	440
10	441
10	442
10	443
10	444
10	445
11	12
11	22
11	399
11	440
11	442
11	443
11	444
11	445
11	446
11	464
12	13
12	14
12	440
12	442
12	443
12	444
12	446
12	462
12	463
12	464
12	465
13	14
13	15
13	446
13	462
13	463
13	464
13	465
14	15
14	16
14	446
14	462
15	16
15	17
16	17
16	18
17	18
17	19
17	20
17	23
17	24
18	19
18	20
19	20
19	21
19	408
19	447
19	448
19	449
19	450
20	21
20	22
20	23
20	24
20	445
20	446
20	447
20	448
21	22
21	23
21	24
21	25
21	408
21	411
21	412
21	445
21	446
21	447
22	23
22	24
22	25
22	412
22	415
22	445
22	446
23	24
23	25
23	446
24	25
24	26
24	412
25	26
25	27
25	412
25	415
25	416
26	27
26	28
26	416
27	28
27	29
27	30
27	31
27	416
27	419
28	29
28	30
28	31
28	32
29	30
29	31
29	32
29	33
29	419
29	420
29	422
29	423
30	31
30	32
30	33
30	34
30	419
31	32
31	33
31	34
31	35
32	33
32	34
32	35
32	36
33	34
33	35
33	36
33	37
34	35
34	36
34	37
34	39
34	467
35	36
35	37
36	37
37	38
37	39
37	467
37	468
37	469
37	470
37	471
38	39
38	467
38	468
38	469
38	471
38	473
38	474
38	475
39	40
39	466
39	467
39	468
39	475
40	41
40	42
40	465
40	466
40	467
40	475
40	477
41	42
41	463
41	464
41	465
41	466
41	477
41	479
42	43
42	44
42	463
42	464
42	465
42	478
42	479
42	480
42	481
43	44
43	45
43	48
43	463
43	464
43	479
43	480
43	481
44	45
44	48
44	49
44	57
44	62
44	441
44	442
44	463
44	464
44	480
44	481
45	46
45	47
45	48
45	49
45	55
45	56
45	57
45	461
46	47
46	48
46	49
46	50
46	51
46	52
46	53
46	54
46	55
46	56
47	48
47	49
47	50
47	51
47	52
47	53
48	49
48	50
48	71
48	480
49	50
49	51
49	61
49	65
49	71
49	72
49	481
50	51
50	71
50	72
50	73
50	74
51	52
51	53
51	55
51	73
51	74
51	76
51	77
52	53
52	54
52	55
52	77
53	54
53	55
54	55
54	56
55	56
55	57
56	57
56	58
56	459
56	460
56	461
57	58
57	61
57	62
57	442
57	461
58	59
58	60
58	61
58	62
58	119
58	441
58	442
59	60
59	61
59	62
59	63
59	336
59	441
60	61
60	62
60	63
60	64
60	336
60	340
61	62
61	63
61	64
61	65
62	63
62	64
62	65
62	66
62	441
62	442
63	64
63	65
63	66
63	67
63	336
63	337
63	340
63	341
63	441
64	65
64	66
64	67
64	68
64	72
64	340
64	341
64	343
65	66
65	67
65	68
65	69
65	70
65	71
65	72
65	481
65	482
66	67
66	68
66	69
66	481
66	482
66	484
66	485
67	68
67	69
67	313
67	314
67	341
67	342
67	343
67	485
68	69
68	70
68	313
68	314
68	343
68	482
68	485
68	500
69	70
69	313
69	482
69	483
69	484
69	485
69	486
69	500
69	501
69	502
70	71
70	72
70	482
70	483
70	500
70	501
70	502
71	72
71	73
71	482
72	73
72	74
73	74
74	75
74	76
74	77
74	78
75	76
75	77
75	78
75	79
75	257
76	77
76	78
76	79
76	80
76	118
77	78
77	79
77	80
77	81
78	79
78	80
78	81
78	82
79	80
79	81
79	82
79	83
80	81
80	82
80	83
80	84
81	82
81	83
81	84
81	85
82	83
82	84
82	85
82	86
82	87
82	88
83	84
83	85
83	86
83	87
83	88
84	85
84	86
85	86
85	87
86	87
86	88
86	89
87	88
87	89
87	90
87	91
88	89
88	90
88	91
89	90
89	91
89	132
90	91
90	92
91	92
91	93
91	94
91	95
91	304
92	93
92	94
92	95
92	96
93	94
93	95
93	96
93	97
93	303
93	304
94	95
94	96
94	97
94	98
94	304
95	96
95	97
95	98
95	99
96	97
96	98
96	99
96	100
97	98
97	99
97	100
97	101
97	251
97	288
98	99
98	100
98	101
98	102
98	138
99	100
99	101
99	102
99	103
100	101
100	102
100	103
100	104
101	102
101	103
101	104
101	105
101	106
101	107
101	108
101	250
101	251
102	103
102	104
102	105
102	106
102	138
103	104
103	105
104	105
104	106
105	106
105	107
106	107
106	108
106	249
106	250
107	108
107	109
107	140
107	141
107	250
107	251
108	109
108	110
108	140
108	141
108	142
108	250
108	251
108	252
109	110
109	111
109	141
109	142
109	143
109	251
109	252
109	253
110	111
110	142
110	143
110	144
110	252
110	253
110	254
111	112
111	143
111	144
111	145
111	253
111	254
111	255
112	113
112	114
112	144
112	145
112	146
112	254
112	255
112	256
113	114
113	115
113	120
113	121
113	145
113	146
113	147
113	148
113	256
114	115
114	123
114	145
114	146
114	147
114	148
114	160
115	116
115	117
115	122
115	123
115	148
115	160
116	117
116	118
116	122
116	123
117	118
117	119
117	121
117	122
117	151
117	152
118	119
118	120
118	121
118	122
119	120
119	121
119	151
120	121
120	256
120	257
120	258
121	122
121	123
121	255
121	256
121	257
122	123
122	124
122	125
123	124
123	125
123	126
123	127
124	125
124	126
124	127
124	128
125	126
125	127
125	128
125	129
126	127
126	128
126	129
126	130
126	255
127	128
127	129
127	130
127	131
127	167
128	129
128	130
128	131
128	132
129	130
129	131
129	132
129	133
130	131
130	132
130	133
130	134
130	171
130	173
130	174
131	132
131	133
131	134
131	135
131	171
132	133
132	134
132	135
132	136
133	134
133	135
133	136
133	137
133	138
134	135
134	136
134	137
134	138
134	171
134	172
134	173
135	136
135	137
136	137
136	138
137	138
137	139
138	139
138	140
138	141
139	140
139	141
140	141
140	142
140	174
141	142
141	143
141	173
141	174
141	175
142	143
142	144
142	174
142	175
142	176
142	177
142	244
143	144
143	145
143	174
143	175
143	176
143	177
143	178
144	145
144	146
144	176
144	177
144	178
144	179
145	146
145	147
145	178
145	179
145	180
146	147
146	148
146	179
146	180
146	181
146	182
146	185
147	148
147	149
147	157
147	179
147	180
147	181
147	182
147	227
147	228
148	149
148	150
148	151
148	152
148	181
148	182
148	227
148	228
149	150
149	151
149	152
149	153
149	154
149	155
149	156
149	227
149	228
150	151
150	152
150	154
150	228
150	404
150	457
150	458
151	152
151	457
151	458
152	153
152	154
152	458
153	154
153	155
153	156
153	456
153	457
154	155
154	156
154	226
154	227
154	457
155	156
155	157
155	226
155	227
156	157
156	158
156	159
157	158
157	159
157	160
157	161
157	227
158	159
158	160
158	161
158	162
158	214
159	160
159	161
159	162
159	163
160	161
160	162
160	163
160	164
161	162
161	163
161	164
161	165
162	163
162	164
162	165
162	166
163	164
163	165
163	166
163	167
164	165
164	166
164	167
164	168
165	166
165	167
165	168
165	169
166	167
166	168
166	169
166	170
167	168
167	169
167	170
167	171
168	169
168	170
168	171
168	172
168	173
168	174
169	170
169	171
169	172
170	171
170	172
171	172
171	173
172	173
173	174
174	175
174	176
175	176
175	177
176	177
176	178
177	178
177	234
177	235
177	243
177	244
178	179
178	180
178	202
178	233
178	234
178	235
179	180
179	232
179	233
179	234
180	181
180	182
180	184
180	185
180	198
180	230
180	231
180	232
180	233
181	182
181	183
181	184
181	185
181	227
181	228
181	229
181	230
181	231
181	232
182	183
182	184
182	185
182	186
182	228
182	229
183	184
183	185
183	186
183	187
183	228
183	229
184	185
184	186
184	187
184	194
184	195
184	197
184	198
185	186
185	187
185	195
185	198
185	265
186	187
186	188
186	261
186	262
187	188
187	189
187	190
187	191
187	195
187	261
188	189
188	190
188	260
188	261
188	264
189	190
189	191
189	331
189	332
190	191
190	192
191	192
191	193
191	194
191	195
192	193
192	194
192	195
192	196
192	276
193	194
193	195
193	196
193	197
194	195
194	196
194	197
194	198
195	196
195	197
195	198
195	199
195	265
196	197
196	198
196	199
196	200
197	198
197	199
197	200
197	201
197	232
198	199
198	200
198	201
198	202
198	232
199	200
199	201
199	202
199	203
200	201
200	202
200	203
200	204
200	205
200	206
201	202
201	203
201	204
201	205
201	206
201	207
201	232
201	233
201	234
202	203
202	204
202	205
202	245
202	246
203	204
203	205
203	245
203	246
203	247
203	283
204	205
204	206
204	245
205	206
205	207
205	234
205	242
205	245
206	207
206	234
207	208
207	209
207	232
207	233
207	234
208	209
208	210
208	233
208	234
209	210
209	233
209	234
209	235
209	236
210	211
210	212
210	213
210	215
210	216
210	234
210	235
210	236
211	212
211	213
211	235
211	236
211	237
212	213
212	214
212	215
212	216
212	235
213	214
213	215
213	216
213	217
213	235
214	215
214	216
214	217
214	218
215	216
215	217
215	218
215	219
216	217
216	218
216	219
216	220
217	218
217	219
217	220
217	221
218	219
218	220
218	221
218	222
219	220
219	221
219	222
219	223
220	221
220	222
220	223
220	224
220	225
220	226
220	230
221	222
221	223
221	224
221	225
221	226
222	223
222	224
223	224
223	225
224	225
224	226
225	226
225	229
225	230
226	227
226	228
226	229
226	230
227	228
227	229
227	230
228	229
228	230
229	230
229	231
230	231
230	232
231	232
231	233
232	233
233	234
233	235
234	235
234	236
234	242
235	236
235	242
235	243
236	237
236	238
236	240
236	241
236	242
236	243
237	238
237	239
237	240
237	241
237	242
237	243
238	239
238	240
239	240
239	241
240	241
240	242
241	242
241	243
242	243
242	244
243	244
244	245
244	246
245	246
245	247
246	247
246	250
246	284
247	248
247	249
247	250
247	284
248	249
248	250
248	284
248	285
248	286
248	287
249	250
249	251
249	285
249	286
249	287
249	288
250	251
250	252
250	287
250	288
251	252
251	253
251	287
251	288
251	289
252	253
252	254
252	288
252	289
252	290
253	254
253	255
253	289
253	290
253	291
254	255
254	256
254	290
254	291
254	292
255	256
255	257
255	291
255	292
256	257
256	258
256	292
257	258
257	259
257	292
257	293
258	259
258	260
258	261
258	262
259	260
259	261
259	262
259	263
259	294
259	295
260	261
260	262
260	263
260	335
261	262
261	263
261	264
262	263
262	264
262	265
262	266
262	295
263	264
263	265
263	266
263	267
263	295
263	296
264	265
264	266
264	267
264	268
265	266
265	267
265	268
265	269
266	267
266	268
266	269
266	270
266	299
267	268
267	269
267	270
267	271
267	298
267	299
268	269
268	270
268	271
268	274
269	270
269	271
270	271
270	272
270	299
270	300
270	301
271	272
271	273
271	274
271	299
271	300
272	273
272	274
273	274
273	275
274	275
274	276
275	276
275	277
275	278
276	277
277	278
277	279
278	279
278	280
279	280
279	281
279	283
280	281
280	282
280	283
281	282
281	283
282	283
282	284
283	284
283	285
284	285
284	287
285	286
285	287
286	287
286	288
287	288
287	289
288	289
288	290
288	301
289	290
289	291
289	301
289	302
290	291
290	292
290	301
290	302
290	303
290	304
291	292
291	293
291	294
291	302
291	303
291	304
292	293
292	294
292	303
292	304
292	305
293	294
293	295
293	303
293	304
293	305
293	306
293	307
294	295
294	296
294	303
294	306
294	307
295	296
296	297
296	298
296	299
297	298
297	299
298	299
298	300
299	300
299	301
300	301
301	302
301	303
302	303
302	304
303	304
303	305
303	306
304	305
304	306
305	306
305	307
306	307
306	308
307	308
307	309
308	309
308	310
309	310
309	311
310	311
310	312
310	313
310	343
311	312
311	313
311	499
312	313
312	314
312	316
312	317
312	497
312	499
313	314
313	315
313	316
313	317
313	342
313	343
314	315
314	316
314	317
314	318
314	485
315	316
315	317
315	318
315	319
315	342
316	317
316	318
316	319
316	320
316	349
317	318
317	319
317	320
317	321
318	319
318	320
318	321
318	322
318	323
319	320
319	321
319	322
319	323
319	349
319	350
319	351
320	321
320	322
321	322
321	323
322	323
322	324
323	324
323	325
323	351
323	390
324	325
324	326
324	351
324	352
324	389
324	390
324	391
325	326
325	327
325	351
325	352
325	353
325	389
325	390
325	391
325	392
326	327
326	328
326	352
326	353
326	354
326	389
326	391
326	392
326	393
327	328
327	337
327	338
327	353
327	354
327	355
327	392
327	393
327	394
328	329
328	337
328	354
328	355
328	356
328	393
328	394
328	395
329	330
329	331
329	333
329	334
329	337
329	355
329	356
329	357
329	376
329	394
329	395
329	396
330	331
330	332
330	333
330	334
330	356
330	357
330	358
330	359
330	372
330	376
331	332
331	333
331	334
331	356
331	357
331	358
331	359
332	333
332	334
332	359
332	397
333	334
333	335
333	336
333	337
333	395
333	397
334	335
334	336
334	337
334	338
334	356
335	336
335	337
335	338
335	339
335	340
336	337
336	338
336	339
336	340
336	341
337	338
337	339
337	340
337	341
337	393
337	395
338	339
338	340
338	341
338	342
339	340
339	341
339	342
339	343
339	344
339	345
339	346
340	341
340	342
340	343
340	344
340	345
341	342
341	343
341	344
342	343
342	344
342	345
343	344
343	345
344	345
344	346
345	346
345	347
346	347
346	348
347	348
347	349
348	349
348	350
348	352
349	350
349	351
349	352
350	351
350	352
351	352
351	353
352	353
352	354
353	354
353	355
354	355
354	356
355	356
355	357
356	357
356	358
357	358
357	359
357	375
357	376
358	359
358	360
358	372
359	360
359	361
359	371
359	372
360	361
360	362
360	371
360	372
361	362
361	363
362	363
362	364
362	365
362	367
363	364
363	365
364	365
364	366
364	367
365	366
365	367
365	368
365	369
365	371
365	401
365	402
366	367
366	368
366	369
366	402
366	405
366	410
366	411
367	368
367	369
368	369
368	370
368	371
369	370
369	371
369	398
369	402
369	410
369	411
369	413
369	414
370	371
370	372
370	373
370	398
370	414
370	417
371	372
371	373
371	398
372	373
372	374
372	375
372	376
373	374
373	375
373	376
373	377
373	396
373	418
374	375
374	376
374	377
374	378
374	421
375	376
375	377
375	378
375	379
376	377
376	378
376	379
376	380
377	378
377	379
377	380
377	381
377	421
377	425
378	379
378	380
378	381
378	382
379	380
379	381
379	382
379	383
380	381
380	382
380	383
380	384
381	382
381	383
381	384
381	385
381	425
382	383
382	384
382	385
382	386
383	384
383	385
383	386
383	387
383	388
384	385
384	386
384	387
385	386
385	387
386	387
386	388
387	388
387	389
388	389
389	390
389	391
389	392
390	391
390	392
391	392
391	393
392	393
392	394
393	394
393	395
394	395
394	396
395	396
395	397
396	397
396	398
396	418
397	398
397	399
397	400
397	401
398	399
398	400
398	401
398	402
398	414
398	415
398	418
399	400
399	401
399	402
399	403
399	411
399	414
399	415
399	445
400	401
400	402
400	403
400	404
400	444
400	445
401	402
401	403
401	404
402	403
402	404
402	405
402	410
402	411
402	414
403	404
403	405
403	406
403	407
403	411
403	444
403	445
403	448
403	457
404	405
404	406
404	457
404	458
405	406
405	407
405	457
406	407
406	408
406	448
406	449
406	455
406	456
406	457
407	408
407	409
407	410
407	411
407	448
407	449
407	455
408	409
408	410
408	411
408	412
408	448
408	449
409	410
409	411
409	412
409	413
410	411
410	412
410	413
410	414
411	412
411	413
411	414
411	415
411	445
412	413
412	414
412	415
412	416
413	414
413	415
413	416
413	417
414	415
414	416
414	417
414	418
415	416
415	417
415	418
415	419
416	417
416	418
416	419
416	420
417	418
417	419
417	420
417	421
418	419
418	420
418	421
418	422
419	420
419	421
419	422
419	423
420	421
420	422
420	423
420	424
421	422
421	423
421	424
421	425
422	423
422	424
422	425
422	426
423	424
423	425
423	426
423	427
424	425
424	426
424	427
424	428
425	426
425	427
425	428
425	429
426	427
426	428
426	429
426	430
426	436
427	428
427	429
427	430
427	431
428	429
428	430
428	431
428	432
429	430
429	431
429	432
429	433
429	434
429	435
430	431
430	432
430	433
430	434
430	435
431	432
431	433
432	433
432	434
433	434
433	435
434	435
434	436
435	436
435	437
435	469
435	470
436	437
436	438
436	468
436	469
437	438
437	439
437	466
437	467
437	468
437	469
438	439
438	466
438	467
438	468
439	440
439	464
439	465
439	466
439	467
440	441
440	442
440	464
440	465
441	442
441	464
442	443
442	444
442	464
443	444
443	445
443	446
443	459
443	460
443	461
443	462
443	464
444	445
444	446
444	447
444	448
444	458
444	459
444	460
445	446
445	447
445	448
446	447
446	448
447	448
447	449
447	456
448	449
448	450
448	455
448	456
448	457
449	450
449	451
449	453
449	454
449	455
449	456
450	451
450	452
450	453
450	454
450	455
450	456
451	452
451	453
452	453
452	454
453	454
453	455
454	455
454	456
455	456
455	457
456	457
456	458
457	458
458	459
458	460
459	460
459	461
460	461
460	462
461	462
461	463
462	463
462	464
463	464
463	465
464	465
464	466
465	466
465	467
466	467
466	468
467	468
467	469
468	469
468	470
469	470
469	471
470	471
470	472
470	473
471	472
471	473
472	473
473	474
473	475
473	506
473	507
474	475
474	476
474	506
474	507
475	476
475	477
475	505
475	506
475	507
476	477
476	478
476	479
476	505
476	506
476	507
477	478
477	479
478	479
478	480
479	480
479	481
479	483
479	505
480	481
480	482
480	483
481	482
481	483
481	484
482	483
482	484
482	485
482	502
483	484
483	485
483	486
483	487
483	502
483	503
483	504
483	505
484	485
484	486
484	487
484	488
484	504
485	486
485	487
485	488
485	489
486	487
486	488
486	489
486	490
486	496
486	502
486	503
486	504
487	488
487	489
487	490
487	491
487	504
487	505
487	506
488	489
488	490
488	491
488	492
489	490
489	491
489	492
489	493
489	494
489	495
489	496
490	491
490	492
490	493
490	494
490	504
491	492
491	493
492	493
492	494
493	494
493	495
494	495
494	496
495	496
495	497
496	497
496	498
496	500
497	498
497	499
497	500
498	499
498	500
498	501
499	500
499	501
500	501
500	502
501	502
501	503
502	503
502	504
503	504
503	505
504	505
504	506
505	506
505	507
506	507
