0	1
0	2
0	3
1	2
1	3
1	4
1	124
2	3
2	4
2	5
2	6
3	4
3	5
3	6
3	7
4	5
4	6
4	7
4	8
4	82
5	6
5	7
5	8
5	9
5	105
5	122
5	123
6	7
6	8
6	9
6	10
7	8
7	9
7	10
7	11
8	9
8	10
8	11
8	12
8	79
8	80
9	10
9	11
9	12
9	13
10	11
10	12
10	13
10	14
11	12
11	13
11	14
11	15
12	13
12	14
12	15
12	16
13	14
13	15
13	16
13	17
13	18
14	15
14	16
14	17
15	16
15	17
16	17
16	18
16	19
16	20
16	21
17	18
17	19
18	19
18	20
18	153
18	156
19	20
19	21
19	22
19	23
19	153
19	156
20	21
20	22
20	23
20	24
21	22
21	23
21	24
21	25
22	23
22	24
22	25
22	26
23	24
23	25
23	26
23	27
23	159
24	25
24	26
24	27
24	28
25	26
25	27
25	28
25	29
25	62
25	63
26	27
26	28
26	29
26	30
26	59
27	28
27	29
27	30
27	31
27	160
28	29
28	30
28	31
28	32
29	30
29	31
29	32
29	33
29	59
30	31
30	32
30	33
30	34
31	32
31	33
31	34
31	35
31	202
32	33
32	34
32	35
33	34
33	35
33	51
34	35
34	36
34	41
34	42
34	43
34	47
35	36
35	37
35	38
35	39
35	41
36	37
36	38
36	39
36	40
36	41
36	42
36	202
36	205
36	206
36	209
37	38
37	39
37	40
37	205
37	206
37	208
37	209
37	210
37	211
38	39
38	40
38	209
39	40
39	41
40	41
40	42
40	206
40	209
41	42
41	43
41	46
42	43
42	164
42	165
43	44
43	45
43	46
43	165
44	45
44	46
44	47
45	46
45	47
46	47
46	48
47	48
47	49
47	51
47	52
48	49
48	50
48	51
48	52
49	50
49	51
49	52
49	53
50	51
50	52
50	53
50	54
51	52
51	53
51	54
51	55
52	53
52	54
52	55
53	54
53	55
54	55
54	56
54	57
54	58
55	56
55	57
55	58
55	59
56	57
56	58
56	59
56	60
56	87
56	88
56	89
57	58
57	59
57	60
57	61
58	59
58	60
58	61
58	62
59	60
59	61
59	62
59	63
59	88
60	61
60	62
60	63
60	64
60	86
61	62
61	63
61	64
61	65
62	63
62	64
62	65
62	66
63	64
63	65
63	66
63	67
64	65
64	66
64	67
64	68
64	69
65	66
65	67
65	68
66	67
66	68
67	68
67	69
68	69
68	70
69	70
69	71
69	77
69	78
69	79
70	71
70	72
70	77
70	78
70	79
71	72
71	73
71	76
71	77
71	78
72	73
72	74
72	75
72	76
72	77
72	78
72	83
72	84
73	74
73	75
74	75
74	100
75	76
75	77
75	83
75	84
75	85
75	101
76	77
76	84
76	85
76	86
77	78
77	79
77	83
77	84
77	85
78	79
78	80
78	81
78	82
78	83
78	84
79	80
79	81
79	82
79	83
79	84
80	81
80	82
81	82
81	83
82	83
82	84
83	84
83	85
83	104
83	105
84	85
84	86
84	104
84	105
84	106
84	107
85	86
85	87
85	101
85	105
85	106
85	107
86	87
86	88
86	106
86	107
86	108
87	88
87	89
87	95
87	107
87	108
87	109
88	89
88	95
88	108
88	109
88	110
89	90
89	91
89	92
89	94
89	95
89	109
89	110
90	91
90	92
90	110
90	111
90	112
91	92
91	93
91	94
91	110
92	93
92	94
92	110
93	94
93	95
93	146
94	95
94	96
94	140
95	96
95	97
95	140
96	97
96	98
96	138
96	139
96	140
97	98
97	99
97	101
97	138
97	139
97	140
98	99
98	100
98	101
98	137
98	138
98	139
99	100
99	101
99	102
99	137
99	138
100	101
100	102
101	102
101	103
101	104
101	125
102	103
102	104
102	125
102	126
102	127
103	104
103	124
103	125
103	126
104	105
104	106
104	124
104	125
105	106
105	107
105	122
105	123
105	124
105	125
106	107
106	108
106	122
106	123
106	124
106	125
107	108
107	109
107	120
107	121
107	122
107	123
108	109
108	120
108	121
108	122
109	110
109	119
109	120
109	121
110	111
110	118
110	119
110	120
111	112
111	113
111	117
111	118
111	119
112	113
112	114
112	115
112	116
112	117
112	118
113	114
113	115
113	116
113	117
113	162
114	115
114	116
115	116
115	117
116	117
116	158
116	159
116	160
116	161
117	118
117	158
117	159
118	119
118	120
118	159
119	120
119	121
120	121
120	151
120	152
121	122
121	123
121	149
121	150
121	151
121	152
122	123
122	149
122	150
122	151
123	124
123	125
123	148
123	149
123	150
124	125
124	126
125	126
125	127
126	127
126	128
126	129
127	128
127	129
127	130
128	129
128	130
129	130
129	141
129	142
129	144
129	145
130	131
130	132
130	139
130	140
130	141
130	142
131	132
131	133
131	139
131	140
131	141
131	142
132	133
132	134
132	139
133	134
133	135
133	137
133	138
133	139
134	135
134	136
134	137
134	138
134	139
135	136
135	137
136	137
136	138
137	138
137	139
138	139
138	140
139	140
139	141
140	141
140	142
141	142
141	143
141	145
141	146
142	143
142	144
142	145
142	146
143	144
143	145
143	146
143	147
144	145
144	146
144	147
144	148
145	146
145	147
145	148
146	147
146	148
146	149
147	148
147	149
148	149
148	150
149	150
149	151
150	151
150	152
151	152
151	153
151	154
152	153
152	154
153	154
153	155
153	156
154	155
154	156
155	156
155	157
156	157
156	158
157	158
157	159
158	159
158	160
159	160
159	161
160	161
160	162
161	162
161	163
162	163
162	164
162	165
162	166
163	164
163	165
163	166
163	167
163	199
163	203
164	165
164	166
164	167
164	172
164	203
165	166
165	167
166	167
166	168
167	168
167	169
167	171
167	172
168	169
168	170
168	171
168	172
169	170
169	171
169	172
169	173
170	171
170	172
170	173
170	174
171	172
171	173
171	174
171	175
172	173
172	174
172	175
172	176
173	174
173	175
173	176
173	177
174	175
174	176
174	177
175	176
175	177
175	178
175	186
175	189
175	190
176	177
176	178
176	186
176	207
177	178
177	186
178	179
178	182
178	185
178	186
179	180
179	182
179	185
180	181
180	182
181	182
181	183
181	184
181	185
182	183
182	184
182	185
182	186
183	184
183	185
183	186
183	208
183	209
184	185
184	186
184	187
184	188
184	208
184	216
185	186
185	187
185	188
185	189
186	187
186	188
186	189
186	190
186	207
186	208
187	188
187	189
187	190
187	191
187	204
187	207
187	208
187	223
188	189
188	190
188	191
188	192
188	223
189	190
189	191
189	192
189	193
190	191
190	192
190	193
190	194
191	192
191	193
191	194
191	195
191	257
192	193
192	194
193	194
193	195
194	195
194	196
194	197
194	257
195	196
195	197
195	256
195	257
195	258
196	197
196	198
196	247
196	248
196	256
196	257
196	258
197	198
197	199
197	248
197	256
198	199
198	200
198	248
198	250
198	254
198	255
198	256
199	200
199	201
199	203
199	254
199	255
199	256
200	201
200	202
200	203
200	204
200	253
200	254
200	255
201	202
201	203
201	204
201	205
201	253
201	254
202	203
202	204
202	205
202	206
203	204
203	205
203	206
203	207
204	205
204	206
204	207
204	208
204	213
205	206
205	207
205	208
205	209
205	210
205	213
206	207
206	208
206	209
207	208
207	209
208	209
208	210
208	213
209	210
209	211
210	211
210	212
210	213
211	212
211	213
212	213
212	214
212	215
212	216
213	214
213	215
213	216
213	217
214	215
214	216
214	217
214	218
215	216
215	217
215	218
215	219
215	222
216	217
216	218
216	222
216	223
217	218
217	219
217	222
217	223
217	224
218	219
218	220
218	222
218	223
218	224
219	220
219	221
219	222
220	221
220	222
220	225
221	222
221	223
221	225
221	226
222	223
222	224
222	225
223	224
223	225
223	226
223	227
224	225
224	226
224	227
224	228
224	233
224	234
225	226
225	227
225	228
226	227
226	228
226	229
227	228
227	229
227	230
227	231
227	232
228	229
228	230
228	231
228	232
228	233
228	290
228	291
229	230
229	231
229	289
229	290
229	291
230	231
230	232
230	288
230	289
230	290
231	232
231	233
231	259
231	260
231	261
231	288
231	289
231	290
231	291
232	233
232	234
232	257
232	258
232	259
232	260
232	291
233	234
233	235
233	257
233	258
233	259
233	291
234	235
234	236
234	255
234	256
234	257
234	258
235	236
235	240
235	255
235	256
235	257
236	237
236	238
236	240
236	241
236	250
236	254
236	255
236	256
237	238
237	239
237	240
237	241
237	250
237	251
237	252
237	254
237	255
238	239
238	240
239	240
239	241
240	241
240	242
240	243
240	294
241	242
241	243
241	249
241	250
242	243
242	244
243	244
243	245
243	272
244	245
244	246
244	247
244	249
245	246
245	247
245	270
245	271
245	272
245	280
246	247
246	248
246	270
247	248
247	249
248	249
248	250
249	250
249	251
250	251
250	252
250	254
250	255
250	256
251	252
251	253
251	254
252	253
252	254
253	254
253	255
254	255
255	256
255	257
256	257
256	258
257	258
258	259
258	260
258	281
259	260
259	281
259	282
260	261
260	279
260	280
260	281
260	282
260	291
261	262
261	263
261	279
261	280
261	281
261	282
261	289
262	263
262	264
262	277
262	278
262	279
262	280
263	264
263	265
263	267
263	278
263	279
263	280
264	265
264	266
264	267
265	266
265	267
266	267
266	268
267	268
267	269
268	269
268	270
269	270
269	271
269	280
270	271
270	272
270	280
271	272
271	273
271	278
271	279
271	280
272	273
272	274
272	278
272	279
272	280
273	274
273	275
273	276
273	277
273	278
273	279
274	275
274	276
274	277
274	278
274	292
274	294
275	276
275	277
275	292
275	293
276	277
276	278
277	278
277	279
278	279
279	280
280	281
280	282
281	282
281	283
282	283
282	284
282	286
283	284
283	285
283	286
284	285
284	286
285	286
285	287
286	287
286	288
287	288
287	289
288	289
288	290
289	290
289	291
290	291
291	292
292	293
293	294
