0	1
0	2
0	149
1	2
1	18
1	44
2	3
2	4
2	16
2	17
2	18
2	44
2	45
3	4
3	5
3	16
3	17
3	18
3	44
3	45
3	46
3	47
3	88
4	5
4	6
4	14
4	15
4	16
4	17
4	44
4	46
4	47
4	48
5	6
5	7
5	14
5	15
5	16
5	47
5	48
5	49
5	84
5	85
5	87
5	88
6	7
6	8
6	12
6	13
6	14
6	15
6	48
6	49
6	50
6	84
7	8
7	12
7	13
7	14
7	49
7	50
7	80
7	81
7	83
7	84
8	9
8	10
8	11
8	12
8	13
8	80
9	10
9	11
9	12
9	79
9	80
10	11
10	12
10	79
10	80
11	12
11	13
11	28
11	29
11	30
11	80
12	13
12	14
12	28
12	29
12	30
12	80
13	14
13	15
13	27
13	28
13	29
13	80
13	81
13	84
14	15
14	16
14	26
14	27
14	28
14	81
14	84
15	16
15	17
15	25
15	26
15	27
15	81
15	84
15	85
16	17
16	24
16	25
16	26
17	18
17	19
17	22
17	23
17	24
17	25
17	88
18	19
18	20
18	21
18	22
18	23
18	24
19	20
19	21
19	22
20	21
20	22
21	22
21	23
22	23
22	24
22	101
22	102
22	103
23	24
23	25
23	102
23	103
24	25
24	102
24	103
24	104
24	105
24	106
25	26
25	105
25	106
25	107
26	27
26	85
26	106
26	107
26	108
27	28
27	29
27	81
27	107
27	108
28	29
28	30
28	81
29	30
29	31
29	34
29	35
30	31
30	32
31	32
31	33
31	34
31	35
32	33
32	34
32	35
32	36
33	34
33	35
33	36
33	37
34	35
34	36
34	37
34	38
35	36
35	37
35	38
35	39
36	37
36	38
36	39
36	40
37	38
37	39
37	40
37	41
37	116
37	117
38	39
38	40
38	41
38	42
39	40
39	41
39	42
39	43
40	41
40	42
40	43
40	117
41	42
41	43
41	156
42	43
42	44
43	44
43	45
44	45
44	46
44	47
45	46
45	47
46	47
46	48
47	48
47	49
47	67
48	49
48	50
48	67
48	68
48	69
49	50
49	51
49	53
49	54
50	51
50	52
50	53
50	54
50	71
51	52
51	53
51	54
51	55
52	53
52	54
52	55
52	56
53	54
53	55
53	56
53	59
53	60
54	55
54	56
54	60
55	56
55	57
56	57
56	58
56	59
56	60
57	58
57	59
57	60
57	61
58	59
58	60
58	61
58	62
59	60
59	61
59	62
59	63
60	61
60	62
60	63
60	64
61	62
61	63
61	64
61	65
62	63
62	64
62	65
62	66
63	64
63	65
63	66
64	65
64	66
65	66
67	68
67	69
68	69
69	70
69	71
69	87
69	91
70	71
70	72
70	87
71	72
71	73
71	83
71	84
71	86
71	87
72	73
72	74
72	83
72	86
72	87
73	74
73	75
73	79
73	82
73	83
73	86
74	75
74	76
74	82
74	83
74	86
75	76
75	77
75	82
76	77
76	82
77	78
77	79
77	81
77	82
78	79
78	80
78	81
78	82
79	80
79	81
79	82
79	83
80	81
80	82
80	83
80	84
81	82
81	83
81	84
81	85
82	83
82	84
82	85
82	86
83	84
83	85
83	86
83	87
84	85
84	86
84	87
84	88
85	86
85	87
85	88
86	87
86	88
86	89
86	90
87	88
87	89
87	90
87	91
88	89
88	90
88	91
88	92
89	90
89	91
89	92
89	93
90	91
90	92
90	93
90	94
91	92
91	93
91	94
91	95
92	93
92	94
92	95
92	96
93	94
93	95
93	96
93	97
93	98
93	99
93	100
94	95
94	96
94	97
94	98
95	96
95	97
96	97
96	98
97	98
98	99
98	100
99	100
99	101
100	101
100	102
100	192
101	102
101	191
101	192
102	103
102	104
103	104
103	105
104	105
104	106
105	106
105	107
106	107
106	108
107	108
107	109
108	109
108	110
109	110
109	111
109	112
110	111
110	112
110	113
111	112
111	113
112	113
113	114
113	157
113	158
113	159
113	160
113	304
114	115
114	116
114	304
114	305
114	306
115	116
115	117
115	119
115	120
115	305
115	306
115	307
116	117
116	118
116	119
116	120
116	307
117	118
117	119
117	120
117	121
118	119
118	120
118	121
118	122
119	120
119	121
119	122
119	123
119	307
119	308
120	121
120	122
120	123
120	124
120	125
121	122
121	123
121	124
121	125
121	127
122	123
122	124
122	310
123	124
123	125
123	278
123	282
124	125
124	126
124	127
124	128
124	129
124	134
124	135
125	126
125	127
125	134
125	135
125	136
126	127
126	128
126	134
126	135
126	136
127	128
127	129
127	134
128	129
128	130
128	131
128	132
128	133
128	134
129	130
129	131
130	131
130	132
131	132
131	133
132	133
133	134
133	137
133	246
134	135
134	136
134	137
134	138
134	246
135	136
135	137
135	138
135	139
135	245
135	246
136	137
136	138
136	139
136	140
137	138
137	139
137	140
138	139
138	140
138	246
139	140
139	141
139	219
139	222
140	141
140	142
141	142
141	143
141	218
141	219
141	221
141	222
142	143
142	144
142	147
142	148
142	214
142	215
142	218
143	144
143	145
143	147
143	189
143	190
143	214
143	218
144	145
144	146
144	147
144	148
144	189
144	211
144	214
145	146
145	147
145	148
145	149
146	147
146	148
146	149
146	150
146	211
147	148
147	149
147	150
147	151
147	211
147	212
147	214
147	215
148	149
148	150
148	151
148	152
149	150
149	151
149	152
149	153
150	151
150	152
150	153
150	154
150	211
150	212
151	152
151	153
151	154
151	155
151	215
152	153
152	154
152	155
152	156
153	154
153	155
153	156
153	157
154	155
154	156
154	157
154	158
154	289
155	156
155	157
155	158
155	289
156	157
156	158
157	158
157	159
158	159
158	285
158	288
158	289
159	160
159	161
159	165
159	288
159	289
160	161
160	162
160	302
160	303
160	304
161	162
161	163
161	164
161	165
162	163
162	164
162	165
162	166
162	302
163	164
163	165
163	166
163	167
164	165
164	166
164	167
164	168
165	166
165	167
165	168
165	169
165	288
165	290
166	167
166	168
166	169
166	170
167	168
167	169
167	170
167	171
168	169
168	170
168	171
168	172
168	290
169	170
169	171
169	172
169	173
169	290
169	291
170	171
170	172
170	173
170	174
171	172
171	173
171	174
172	173
172	174
172	175
172	176
172	216
172	220
173	174
173	175
173	176
173	177
174	175
174	176
174	177
174	178
175	176
175	177
175	178
175	179
175	181
175	182
175	217
175	220
176	177
176	178
176	179
176	220
177	178
177	179
178	179
178	180
178	181
178	182
179	180
179	181
179	182
179	183
180	181
180	182
180	183
180	184
181	182
181	183
181	184
181	185
182	183
182	184
182	185
182	186
182	217
183	184
183	185
183	186
183	187
184	185
184	186
184	187
184	188
185	186
185	187
185	188
185	189
186	187
186	188
186	189
186	190
186	214
186	217
187	188
187	189
187	190
188	189
188	190
189	190
189	214
191	192
191	193
192	193
192	194
193	194
193	195
194	195
194	196
195	196
195	197
195	199
196	197
196	198
196	199
197	198
197	199
197	200
197	201
198	199
198	200
198	201
198	202
199	200
199	201
199	202
199	203
200	201
200	202
200	203
201	202
201	203
202	203
204	205
204	206
204	207
204	208
205	206
205	207
205	208
205	209
206	207
206	208
206	209
206	210
207	208
207	209
207	210
207	211
208	209
208	210
208	211
208	212
209	210
209	211
209	212
209	213
210	211
210	212
210	213
210	214
211	212
211	213
211	214
211	215
212	213
212	214
212	215
212	216
213	214
213	215
213	216
213	217
214	215
214	216
214	217
214	218
215	216
215	217
215	218
215	219
216	217
216	218
216	219
216	220
217	218
217	219
217	220
217	221
218	219
218	220
218	221
218	222
219	220
219	221
219	222
219	223
219	291
220	221
220	222
220	223
220	224
221	222
221	223
221	224
221	225
222	223
222	224
222	225
222	226
223	224
223	225
223	226
223	227
223	228
223	229
223	292
224	225
224	226
224	227
224	228
225	226
225	227
226	227
226	228
227	228
227	229
227	294
228	229
228	292
228	293
228	294
228	295
229	230
229	231
229	292
229	293
229	294
229	295
229	296
229	297
230	231
230	232
230	292
230	293
231	232
231	233
231	287
231	292
231	297
231	298
231	299
231	300
232	233
232	234
232	298
232	299
232	300
233	234
233	299
233	300
233	301
233	302
234	235
234	236
234	299
234	300
234	301
234	302
235	236
235	237
235	260
235	300
235	301
236	237
236	238
236	260
236	299
236	300
236	301
237	238
237	239
237	259
237	260
237	299
237	300
237	301
238	239
238	240
238	258
238	259
238	298
238	299
238	300
239	240
239	241
239	242
239	257
239	258
239	259
239	295
239	297
239	298
239	299
240	241
240	242
240	257
240	295
240	296
240	297
240	298
241	242
241	243
241	255
241	256
241	257
241	295
241	296
242	243
242	255
242	256
242	257
242	294
242	295
242	296
243	244
243	245
243	248
243	255
243	256
243	279
243	294
243	295
244	245
244	246
244	247
244	248
244	279
245	246
245	247
245	248
245	249
245	294
246	247
246	248
246	249
247	248
247	249
247	250
248	249
248	250
248	251
248	253
249	250
249	251
250	251
251	252
251	253
252	253
252	254
253	254
253	255
254	255
254	256
254	402
255	256
256	257
256	403
256	404
257	258
258	259
260	261
260	262
260	366
261	262
261	331
261	364
261	365
261	366
262	263
262	264
262	361
262	364
262	365
262	366
262	367
262	383
262	384
263	264
263	265
263	361
263	366
263	367
263	368
263	369
263	383
263	384
263	385
264	265
264	266
264	367
264	368
264	369
264	384
264	385
264	386
264	387
265	266
265	267
265	368
265	369
265	370
265	371
265	377
265	385
265	386
265	387
266	267
266	273
266	369
266	370
266	371
266	386
266	387
266	388
267	268
267	269
267	370
267	371
267	372
267	387
267	388
267	389
267	408
267	409
268	269
268	270
268	372
268	388
268	389
268	390
268	409
269	270
269	271
269	389
269	390
269	391
269	413
270	271
270	272
270	273
271	272
271	273
271	389
271	390
271	391
271	400
271	401
271	402
272	273
272	274
272	275
272	276
272	402
273	274
273	275
273	276
273	277
273	370
274	275
274	276
274	277
274	278
275	276
275	277
275	278
275	279
276	277
276	278
276	279
276	280
277	278
277	279
277	280
277	281
277	336
277	368
278	279
278	280
278	281
278	282
279	280
279	281
279	282
279	283
280	281
280	282
280	283
280	284
281	282
281	283
281	284
281	285
281	306
282	283
282	284
282	285
282	286
283	284
283	285
283	286
283	287
283	293
284	285
284	286
284	287
284	288
284	300
285	286
285	287
285	288
285	289
286	287
286	288
286	289
286	290
286	291
286	293
287	288
287	289
287	290
287	291
287	292
287	293
288	289
288	290
289	290
289	291
290	291
291	292
291	293
292	293
293	294
293	295
294	295
295	296
295	297
295	298
296	297
296	298
297	298
297	299
298	299
298	300
299	300
299	301
300	301
300	302
301	302
301	303
302	303
302	304
303	304
303	305
303	332
303	333
303	334
304	305
304	332
304	333
305	306
305	307
305	333
305	334
306	307
306	308
306	333
306	334
306	335
307	308
307	325
307	334
307	335
307	336
308	309
308	310
308	335
308	336
308	337
309	310
309	319
309	321
309	322
309	336
309	337
309	338
310	311
310	312
310	337
310	338
311	312
313	314
313	315
314	315
314	318
315	316
315	317
315	318
316	317
316	318
316	319
317	318
317	319
317	343
318	319
318	320
318	321
319	320
319	321
319	322
320	321
320	322
320	323
320	324
321	322
321	323
321	324
321	325
322	323
322	324
322	325
322	326
323	324
323	325
323	326
323	327
324	325
324	326
324	327
324	328
325	326
325	327
325	328
325	329
326	327
326	328
326	329
326	360
327	328
327	329
328	329
328	330
329	330
329	333
330	331
330	332
330	333
330	363
330	365
331	332
331	333
331	363
331	364
331	365
332	333
332	334
332	365
332	366
333	334
333	335
333	365
333	366
334	335
334	336
334	365
334	366
334	367
335	336
335	337
335	366
335	367
335	368
336	337
336	338
336	367
336	368
336	369
337	338
337	339
337	340
337	368
337	369
337	370
338	339
338	340
338	369
338	370
338	371
339	340
339	341
339	342
339	370
339	371
339	372
340	341
340	342
340	353
341	342
341	343
341	349
341	352
341	353
342	343
342	344
342	349
343	344
344	345
344	346
344	348
344	349
345	346
345	347
345	348
345	349
346	347
346	348
346	349
346	350
347	348
347	349
347	350
347	351
348	349
348	350
348	351
348	352
349	350
349	351
349	352
349	353
350	351
350	352
350	353
350	354
350	373
351	352
351	353
351	354
351	355
352	353
352	354
352	355
352	356
353	354
353	355
353	356
353	357
354	355
354	356
354	357
354	358
354	376
355	356
355	357
355	358
355	359
356	357
356	358
356	359
356	360
357	358
357	359
357	360
357	361
358	359
358	360
358	361
358	362
359	360
359	361
359	362
359	363
360	361
360	362
360	363
360	364
360	365
361	362
361	363
361	364
361	365
361	383
362	363
362	364
363	364
363	365
364	365
364	366
365	366
365	367
366	367
366	368
367	368
367	369
368	369
368	370
369	370
369	371
370	371
371	372
371	373
372	373
372	374
373	374
373	375
373	376
373	377
374	375
374	376
374	377
374	378
375	376
375	377
375	378
376	377
376	378
376	379
377	378
377	379
377	386
377	408
378	379
378	380
379	380
379	381
380	381
380	382
381	382
381	383
381	384
382	383
382	384
383	384
383	385
384	385
384	386
385	386
385	387
386	387
386	388
386	406
386	407
386	408
387	388
387	404
387	405
387	406
387	407
387	408
388	389
388	390
388	404
388	405
388	406
388	407
388	408
388	409
389	390
389	401
389	403
389	404
389	405
390	391
390	392
390	400
390	401
391	392
391	393
391	398
391	399
391	400
391	401
392	393
392	394
392	398
392	399
392	400
393	394
393	395
393	396
393	397
393	398
393	399
394	395
394	396
394	397
394	398
394	399
395	396
395	397
396	397
396	398
397	398
398	399
398	400
399	400
399	401
400	401
400	402
401	402
401	403
402	403
402	404
403	404
403	405
404	405
404	406
405	406
405	407
406	407
406	408
407	408
407	409
408	409
408	410
409	410
409	411
410	411
410	412
411	412
411	413
412	413
412	414
413	414
413	415
413	416
413	417
414	415
414	416
414	417
414	418
415	416
415	417
415	418
415	419
415	427
415	430
415	431
416	417
416	418
416	419
417	418
417	419
417	420
418	419
418	420
418	422
419	420
419	421
419	422
419	427
420	421
420	422
421	422
421	423
422	423
422	424
422	426
422	427
423	424
423	425
423	426
423	427
424	425
424	426
424	427
424	428
425	426
425	427
425	428
425	429
426	427
426	428
426	429
426	430
427	428
427	429
427	430
427	431
428	429
428	430
428	431
428	432
429	430
429	431
429	432
429	433
430	431
430	432
430	433
430	434
431	432
431	433
431	434
431	435
432	433
432	434
432	435
432	436
433	434
433	435
433	436
434	435
434	436
434	437
435	436
435	437
435	438
436	437
436	438
436	439
437	438
437	439
438	439
