0	1
0	2
0	4
0	5
1	2
1	3
1	4
1	5
2	3
2	4
2	5
2	6
3	4
3	5
3	6
3	7
3	41
3	42
3	44
3	47
4	5
4	6
4	7
4	8
4	36
4	41
5	6
5	7
5	8
5	9
6	7
6	8
6	9
6	10
7	8
7	9
7	10
7	11
7	47
7	51
8	9
8	10
8	11
8	12
9	10
9	11
9	12
9	13
9	328
10	11
10	12
10	13
10	14
10	51
10	334
11	12
11	13
11	14
11	15
11	32
12	13
12	14
12	15
12	16
13	14
13	15
13	16
13	17
13	326
14	15
14	16
14	17
14	18
15	16
15	17
15	18
16	17
16	18
17	18
17	19
17	338
18	19
18	20
18	21
18	336
18	337
18	338
19	20
19	21
19	263
19	264
19	337
19	338
19	339
20	21
20	22
20	23
20	24
20	263
20	264
21	22
21	23
21	264
22	23
22	24
22	25
22	26
23	24
23	25
23	26
23	28
23	58
24	25
24	26
24	58
25	26
25	27
26	27
26	28
27	28
27	29
27	30
27	31
28	29
28	30
28	31
28	32
29	30
29	31
29	32
29	33
30	31
30	32
30	33
30	34
31	32
31	33
31	34
31	35
32	33
32	34
32	35
32	36
33	34
33	35
33	36
33	37
34	35
34	36
34	37
34	38
35	36
35	37
35	38
35	39
36	37
36	38
36	39
37	38
37	39
38	39
38	40
39	40
39	41
39	50
40	41
40	42
40	46
41	42
41	43
41	46
41	47
42	43
42	44
42	46
43	44
43	45
43	46
43	47
44	45
44	46
44	47
44	48
45	46
45	47
45	48
45	49
46	47
46	48
46	49
46	50
47	48
47	49
47	50
47	51
48	49
48	50
48	51
48	52
49	50
49	51
49	52
49	53
50	51
50	52
50	53
50	54
51	52
51	53
51	54
51	55
51	65
52	53
52	54
52	55
52	56
52	64
52	65
53	54
53	55
53	56
54	55
54	56
54	57
55	56
55	57
55	58
55	63
55	64
56	57
56	58
56	59
57	58
57	59
58	59
58	60
59	60
59	61
60	61
60	62
60	63
61	62
61	63
61	131
61	133
62	63
62	64
62	336
62	337
63	64
63	335
63	336
63	337
64	65
64	66
64	334
64	335
64	336
65	66
65	67
65	333
65	334
65	335
66	67
66	68
66	70
66	71
66	332
66	333
66	334
67	68
67	69
67	70
67	71
67	332
67	333
68	69
68	70
68	71
68	72
68	330
68	331
68	332
69	70
69	71
69	72
69	73
70	71
70	72
70	73
70	74
71	72
71	73
71	74
71	75
71	332
71	333
72	73
72	74
72	75
72	76
73	74
73	75
73	76
73	77
74	75
74	76
74	77
75	76
75	77
76	77
76	78
77	78
77	79
78	79
78	80
79	80
79	81
79	82
80	81
80	82
81	82
81	83
81	144
81	145
82	83
82	84
82	142
82	143
82	144
82	145
83	84
83	142
83	143
83	144
83	145
83	169
83	170
83	171
84	85
84	86
84	141
84	142
84	143
84	169
84	170
84	171
85	86
85	87
85	108
85	109
85	110
85	141
85	167
85	168
85	169
85	170
86	87
86	88
86	104
86	105
86	108
86	109
86	110
86	111
86	172
87	88
87	89
87	101
87	103
87	104
87	105
87	110
88	89
88	101
88	102
88	103
88	104
89	90
89	99
89	100
89	101
89	102
89	103
90	91
90	99
90	100
90	101
90	102
90	134
91	92
91	93
91	98
91	99
91	100
92	93
92	94
92	95
92	97
92	98
92	99
92	100
93	94
93	95
93	318
93	351
94	95
94	96
95	96
95	97
95	98
96	97
96	98
97	98
97	130
97	131
98	99
98	100
98	120
98	130
98	131
99	100
99	120
99	121
99	129
99	130
100	101
100	102
100	118
100	119
100	120
100	121
101	102
101	103
101	104
101	116
101	117
101	118
101	119
101	120
101	121
102	103
102	104
102	117
102	118
102	238
102	291
103	104
103	105
103	117
103	236
103	238
103	291
104	105
104	106
104	110
104	111
104	115
104	116
104	117
105	106
105	107
105	108
105	111
106	107
106	108
106	111
107	108
107	109
107	111
107	112
108	109
108	110
108	111
108	112
108	172
109	110
109	111
109	112
109	113
109	167
109	168
110	111
110	112
110	113
110	114
110	115
110	167
111	112
111	113
111	114
111	115
112	113
112	114
113	114
113	115
113	165
114	115
114	116
115	116
115	117
115	119
116	117
116	118
116	119
117	118
117	119
117	290
117	291
118	119
118	120
118	156
119	120
119	121
119	153
119	154
119	155
119	156
120	121
120	122
120	153
120	154
120	155
120	156
121	122
121	123
121	152
121	153
121	154
122	123
122	128
122	129
122	152
122	153
123	124
123	125
123	126
123	127
123	128
123	129
123	151
123	152
124	125
124	126
124	127
124	128
124	129
124	140
124	141
124	150
124	151
124	152
125	126
125	127
125	149
125	150
125	151
126	127
126	128
127	128
127	129
128	129
128	130
129	130
129	131
129	132
129	137
130	131
130	132
131	132
131	133
132	133
132	134
132	136
132	137
133	134
133	135
133	136
133	137
134	135
134	136
134	137
134	138
135	136
135	137
135	138
135	139
136	137
136	138
136	139
136	140
137	138
137	139
137	140
137	141
138	139
138	140
138	141
138	142
139	140
139	141
139	142
140	141
140	142
141	142
141	143
141	149
142	143
143	144
143	145
143	147
143	169
144	145
144	146
144	147
145	146
145	147
145	169
145	170
146	147
146	148
146	168
146	169
146	170
147	148
147	168
147	169
148	149
148	150
148	166
148	167
148	168
148	169
149	150
149	151
149	166
149	167
149	168
150	151
150	152
150	164
150	165
150	166
150	167
151	152
151	153
151	164
151	165
151	166
152	153
152	162
152	163
152	164
152	165
153	154
153	155
153	162
153	163
153	164
154	155
154	156
154	158
154	159
154	161
154	162
154	163
155	156
155	157
155	158
155	161
156	157
156	158
157	158
157	159
158	159
158	160
158	161
159	160
159	161
159	162
160	161
160	162
161	162
161	163
162	163
162	164
163	164
163	165
164	165
164	166
165	166
165	167
166	167
166	168
167	168
167	169
168	169
168	170
169	170
170	171
170	172
171	172
171	173
172	173
172	174
173	174
173	175
174	175
174	176
175	176
175	177
176	177
176	204
176	205
176	206
176	207
176	210
176	211
177	178
177	179
177	203
177	204
177	205
177	211
177	214
177	215
178	179
178	202
178	203
178	204
179	180
179	201
179	202
179	203
179	218
179	369
180	181
180	182
180	200
180	201
180	202
180	369
181	182
181	183
181	198
181	199
181	200
181	201
182	183
182	184
182	185
182	198
182	199
182	200
182	373
183	184
183	185
183	197
183	198
183	199
184	185
184	186
184	197
184	198
184	377
185	186
185	187
185	189
185	197
185	198
185	376
185	377
186	187
186	188
186	189
186	190
186	197
186	376
186	377
186	378
186	379
186	381
187	188
187	189
187	190
188	189
188	190
188	381
188	382
188	383
189	190
189	191
189	376
189	381
189	382
189	383
189	384
189	385
190	191
190	192
190	194
190	197
190	385
191	192
191	193
191	194
191	229
191	283
191	385
192	193
192	194
193	194
193	195
194	195
194	196
194	197
194	228
195	196
195	228
196	197
196	198
196	228
197	198
197	199
197	228
198	199
198	200
198	227
198	228
199	200
199	201
199	227
199	228
199	229
199	230
199	231
200	201
200	202
200	222
200	227
200	229
200	230
200	231
201	202
201	203
201	230
201	231
201	232
202	203
202	204
202	231
202	232
202	233
203	204
203	205
203	232
203	233
203	234
204	205
204	206
204	233
204	234
205	206
205	234
205	236
205	237
206	207
206	208
206	237
206	238
206	239
206	240
207	208
207	211
207	239
207	240
207	241
207	244
207	245
208	209
208	210
208	211
208	240
208	241
208	244
209	210
209	211
209	212
209	244
210	211
210	212
210	213
210	214
211	212
211	213
211	214
211	215
211	244
212	213
212	214
212	215
212	216
212	244
212	247
212	248
213	214
213	215
213	216
213	217
214	215
214	216
214	217
214	218
215	216
215	217
215	218
215	219
216	217
216	218
216	219
216	220
217	218
217	219
217	220
217	221
218	219
218	220
218	221
218	222
219	220
219	221
219	222
219	223
219	278
219	279
220	221
220	222
220	223
220	224
220	278
221	222
221	223
221	224
221	225
222	223
222	224
222	225
222	226
222	227
223	224
223	225
223	226
223	227
223	279
224	225
224	226
225	226
225	227
226	227
226	228
227	228
227	229
228	229
228	282
229	230
229	231
229	282
229	283
229	284
230	231
230	232
230	282
230	283
230	284
230	285
231	232
231	233
231	284
231	285
231	286
231	287
232	233
232	234
232	285
232	286
232	287
233	234
233	235
233	286
233	287
233	288
234	235
234	236
234	237
234	287
234	288
234	292
234	296
235	236
235	237
235	287
235	288
235	289
235	291
235	292
236	237
236	238
236	289
236	291
236	292
237	238
237	239
237	291
237	292
237	293
237	296
238	239
238	240
238	291
238	292
238	293
238	294
238	296
239	240
239	241
239	242
239	293
239	294
239	295
239	296
240	241
240	242
240	295
241	242
241	243
241	244
241	245
241	295
242	243
242	244
242	245
242	246
242	295
243	244
243	245
243	246
243	247
244	245
244	246
244	247
244	248
245	246
245	247
245	248
245	249
245	295
245	296
245	298
245	299
246	247
246	248
246	249
246	250
246	299
247	248
247	249
247	250
247	251
248	249
248	250
248	251
248	252
249	250
249	251
249	252
249	253
249	299
249	302
250	251
250	252
250	253
250	254
250	273
250	274
250	276
250	277
251	252
251	253
251	276
251	277
251	278
251	279
252	253
252	254
252	277
252	278
252	279
252	280
253	254
253	255
253	273
253	277
253	280
253	308
254	255
254	273
254	274
254	275
254	276
254	277
254	280
255	256
255	257
255	273
255	274
255	275
256	257
256	258
256	272
256	273
257	258
257	259
257	271
257	272
257	273
257	344
258	259
258	271
258	272
258	273
258	302
258	343
258	344
259	260
259	261
259	270
259	271
259	298
259	302
259	341
259	342
259	343
259	344
260	261
260	262
260	267
260	269
260	270
260	271
260	341
260	342
260	343
260	344
261	262
261	267
261	268
261	269
261	270
261	339
261	340
261	341
261	342
262	263
262	264
262	266
262	267
262	268
262	339
262	340
262	341
263	264
263	265
263	266
263	267
263	338
263	339
263	340
264	265
264	266
265	266
265	267
266	267
266	268
267	268
267	269
268	269
269	270
270	271
270	272
271	272
272	273
272	274
273	274
273	275
274	275
274	276
275	276
275	277
276	277
276	278
277	278
277	279
277	280
278	279
278	280
279	280
279	281
279	282
280	281
280	282
281	282
281	283
282	283
282	284
283	284
283	309
284	285
284	286
284	309
284	310
285	286
285	287
285	309
285	310
285	311
285	312
285	384
285	385
286	287
286	288
286	309
286	310
286	311
286	312
287	288
287	311
287	312
287	313
288	289
288	292
288	312
288	313
288	314
288	316
289	290
289	291
289	292
289	313
289	314
289	315
289	316
289	362
290	291
290	292
290	314
290	315
290	316
290	317
291	292
291	293
291	316
291	317
292	293
292	296
292	297
292	316
292	317
293	294
293	295
293	296
293	297
293	316
293	317
293	318
293	319
294	295
294	296
294	297
294	298
294	319
294	320
295	296
295	297
295	298
295	299
296	297
296	298
296	299
296	300
297	298
297	299
297	300
297	301
297	316
297	353
297	354
298	299
298	300
298	301
298	302
298	343
299	300
299	301
299	302
299	303
300	301
300	302
300	303
300	304
300	354
301	302
301	303
301	304
301	305
301	343
301	354
302	303
302	304
302	305
302	306
302	343
302	344
303	304
303	305
303	306
303	307
303	308
303	309
304	305
304	306
304	307
304	308
304	309
304	310
304	311
305	306
305	307
305	344
305	345
306	307
306	308
307	308
307	309
308	309
309	310
309	311
310	311
310	312
310	357
311	312
311	313
311	356
311	357
311	358
312	313
312	314
312	356
312	357
312	358
312	359
312	360
312	384
313	314
313	315
313	356
313	358
313	359
313	360
313	361
313	362
314	315
314	316
314	355
314	356
314	359
314	360
314	362
315	316
315	317
315	353
315	354
315	355
315	356
316	317
316	318
316	353
316	354
316	355
317	318
317	319
317	353
318	319
318	320
318	349
318	350
318	351
318	352
318	353
319	320
319	321
319	349
319	350
319	351
320	321
320	322
320	340
320	341
320	349
320	350
321	322
321	323
321	337
321	339
321	340
321	341
321	350
322	323
322	324
322	337
322	338
322	339
322	340
323	324
323	325
323	335
323	336
323	337
323	338
324	325
324	326
324	335
324	336
324	337
324	338
325	326
325	327
325	333
325	334
325	335
325	336
326	327
326	328
326	333
326	334
326	335
327	328
327	329
327	331
327	332
327	333
327	334
328	329
328	330
328	331
328	332
328	333
329	330
329	331
330	331
330	332
331	332
331	333
332	333
333	334
333	335
334	335
334	336
335	336
336	337
336	338
337	338
337	339
338	339
339	340
339	341
340	341
340	342
340	348
341	342
341	343
341	348
341	349
342	343
342	344
342	346
342	347
342	348
342	349
343	344
343	345
343	346
343	347
343	348
343	349
344	345
344	346
345	346
345	347
346	347
346	348
347	348
347	349
348	349
348	350
348	352
349	350
349	351
349	352
349	353
349	354
350	351
350	352
350	353
351	352
351	353
352	353
352	354
353	354
353	355
354	355
354	356
355	356
355	357
356	357
356	358
356	359
357	358
357	359
358	359
358	360
358	384
359	360
360	361
360	362
361	362
361	363
361	364
362	363
362	364
362	365
363	364
363	365
364	365
364	366
365	366
365	367
365	372
365	375
366	367
366	368
366	371
366	372
367	368
367	369
367	372
368	369
368	370
368	371
368	372
369	370
369	371
369	372
369	373
370	371
370	372
370	373
370	374
371	372
371	373
371	374
371	375
372	373
372	374
372	375
372	376
373	374
373	375
373	376
373	377
374	375
374	376
374	377
374	378
375	376
375	377
375	378
375	380
375	381
376	377
376	378
376	381
376	382
377	378
377	381
378	379
378	380
378	381
379	380
379	381
380	381
380	382
381	382
381	383
382	383
382	384
383	384
383	385
384	385
