0	1
0	2
0	54
1	2
1	54
1	55
1	56
2	3
2	4
2	46
2	55
2	56
2	57
3	4
3	56
3	57
3	58
4	5
4	6
4	56
4	57
4	58
4	59
5	6
5	7
5	38
5	58
5	59
5	60
6	7
6	8
6	36
6	37
6	38
6	58
6	59
6	60
7	8
7	9
7	36
7	37
7	38
7	60
7	61
8	9
8	35
8	36
8	37
9	10
9	11
9	12
9	35
9	36
9	37
10	11
10	12
10	35
11	12
11	13
12	13
12	14
12	17
13	14
13	15
13	16
13	17
14	15
14	16
14	17
14	18
14	24
15	16
15	17
15	18
15	19
16	17
16	18
16	19
16	20
17	18
17	19
17	20
17	21
17	22
17	23
17	24
18	19
18	20
18	21
18	22
18	23
18	24
19	20
19	21
20	21
20	22
21	22
21	23
21	39
21	40
22	23
22	24
22	37
22	38
22	39
22	40
23	24
23	25
23	37
23	38
23	39
23	40
23	83
23	84
24	25
24	36
24	37
24	38
24	83
24	84
24	85
25	26
25	35
25	36
25	37
25	84
25	85
25	86
26	27
26	28
26	34
26	35
26	36
26	85
26	86
26	87
27	28
27	33
27	34
27	35
27	86
27	87
27	88
27	89
28	29
28	32
28	33
28	34
28	87
28	88
28	89
29	30
29	31
29	32
29	33
29	88
29	89
30	31
30	32
31	32
32	33
32	34
33	34
33	35
34	35
34	36
35	36
36	37
37	38
38	39
38	40
38	43
39	40
39	41
39	42
39	43
40	41
40	42
40	43
40	44
41	42
41	43
41	44
41	45
42	43
42	44
42	45
42	46
43	44
43	45
43	46
43	47
44	45
44	46
44	47
44	48
45	46
45	47
45	48
46	47
46	48
46	49
46	50
47	48
47	49
47	50
47	51
48	49
48	50
48	51
49	50
49	51
50	51
50	52
50	53
50	54
50	55
51	52
51	53
51	54
51	70
52	53
52	54
52	69
52	70
52	71
53	54
53	55
53	98
53	99
54	55
54	56
54	69
55	56
55	57
55	67
55	68
55	69
56	57
56	58
56	67
56	68
56	69
57	58
57	59
57	65
57	66
57	67
57	68
58	59
58	60
58	65
58	66
58	67
58	68
59	60
59	61
59	63
59	64
59	65
59	66
60	61
60	62
60	63
60	64
60	65
61	62
61	63
61	64
62	63
62	64
63	64
63	65
64	65
64	66
65	66
65	67
66	67
66	68
66	89
67	68
67	89
67	90
68	69
68	70
68	87
68	88
68	89
68	90
69	70
69	71
69	87
69	88
69	89
69	90
70	71
70	72
70	86
70	87
70	88
71	72
71	86
71	87
71	88
72	73
72	74
72	85
72	86
73	74
73	75
73	82
73	84
73	85
73	86
74	75
74	76
74	82
74	83
74	84
74	85
75	76
75	77
75	80
75	81
75	82
75	83
76	77
76	78
76	79
76	81
76	82
76	83
77	78
77	79
78	79
79	80
79	81
80	81
81	82
81	83
82	83
82	84
83	84
84	85
85	86
85	87
86	87
86	88
87	88
87	89
88	89
88	90
89	90
89	91
90	91
90	129
91	92
91	93
92	93
92	94
93	94
93	95
93	128
94	95
94	126
94	127
94	128
94	129
95	96
95	97
95	126
95	127
95	128
96	97
96	124
96	125
96	126
96	127
96	163
97	98
97	99
97	124
97	125
97	126
98	99
98	100
98	122
98	123
98	124
98	125
99	100
99	101
99	122
99	123
99	124
99	134
99	135
99	136
100	101
100	102
100	121
100	122
100	123
100	135
100	136
101	102
101	103
101	121
101	122
101	123
101	135
101	136
101	137
101	138
102	103
102	104
102	135
102	136
102	137
102	138
103	104
103	137
103	138
103	139
103	140
104	105
104	106
104	137
104	138
104	139
104	140
105	106
105	107
105	139
105	140
105	141
106	107
106	108
106	110
106	140
106	141
107	108
107	109
107	110
107	111
107	140
107	141
107	142
107	143
107	144
108	109
108	110
108	111
108	112
108	141
108	142
108	143
108	144
109	110
109	111
109	112
109	113
109	114
109	143
109	144
109	145
109	173
110	111
110	112
110	113
110	114
110	115
110	116
111	112
111	113
111	114
112	113
112	114
113	114
113	115
113	176
114	115
114	116
114	145
114	173
114	174
114	175
114	176
115	116
115	117
115	173
115	174
115	175
115	176
116	117
116	118
116	172
116	173
116	174
117	118
117	119
117	171
117	172
117	173
118	119
118	120
118	170
118	171
118	172
119	120
119	121
119	169
119	170
119	171
120	121
120	122
120	123
120	170
120	171
121	122
121	123
122	123
122	124
123	124
123	125
124	125
124	162
124	163
124	164
125	126
125	127
125	160
125	161
125	162
125	163
126	127
126	160
126	161
126	162
126	163
127	128
127	129
127	131
127	132
127	159
127	160
127	161
128	129
128	130
128	131
128	132
129	130
129	131
129	132
130	131
130	132
131	132
131	133
131	159
132	133
132	134
133	134
133	135
134	135
135	136
135	137
136	137
136	138
137	138
137	139
138	139
138	140
138	154
139	140
139	141
140	141
140	142
140	143
141	142
141	143
142	143
142	144
143	144
143	145
143	147
143	148
143	172
143	173
144	145
144	146
144	147
144	173
145	146
145	147
145	173
145	174
145	175
146	147
146	148
146	172
146	173
146	174
147	148
147	149
147	172
147	173
148	149
148	150
148	169
148	171
148	172
148	173
149	150
149	151
149	153
149	169
149	170
149	171
149	172
150	151
150	152
150	153
150	154
150	166
150	167
150	168
150	169
150	170
150	171
151	152
151	153
151	154
151	166
151	167
151	168
151	169
151	170
152	153
152	154
152	166
152	167
153	154
153	155
154	155
154	156
155	156
155	157
156	157
156	158
156	160
156	161
157	158
157	159
157	160
158	159
158	160
159	160
159	161
160	161
161	162
161	163
162	163
162	164
163	164
164	165
164	166
164	168
165	166
165	167
165	168
166	167
166	168
167	168
167	169
168	169
168	170
169	170
169	171
170	171
171	172
172	173
172	174
173	174
174	175
174	176
174	179
175	176
175	177
175	179
176	177
176	178
176	179
177	178
177	179
178	179
178	180
178	181
178	182
179	180
179	181
180	181
180	182
181	182
181	183
182	183
182	184
183	184
