0	1
0	2
0	36
0	38
1	2
1	3
1	4
1	34
1	35
1	36
2	3
2	4
3	4
3	5
4	5
4	6
4	8
4	58
5	6
5	7
5	8
6	7
6	8
6	9
7	8
7	9
7	121
7	159
7	160
8	9
8	58
8	59
8	60
9	10
9	11
9	56
9	57
9	58
9	59
9	60
10	11
10	12
10	56
10	57
10	58
10	59
10	118
11	12
11	13
11	55
11	56
11	57
12	13
12	14
12	15
12	25
12	55
12	56
12	57
13	14
13	15
13	54
13	55
13	56
14	15
14	16
15	16
15	17
15	23
15	24
15	25
16	17
16	18
16	23
16	24
16	25
17	18
17	19
17	21
17	22
17	23
17	24
18	19
18	20
18	21
18	22
18	23
19	20
19	21
20	21
20	22
21	22
21	23
21	32
22	23
22	30
22	31
22	32
23	24
23	25
23	29
23	30
23	31
23	32
24	25
24	26
24	27
24	28
24	29
24	30
25	26
25	27
25	28
25	29
25	30
26	27
26	28
27	28
27	29
28	29
28	30
29	30
29	31
30	31
30	32
30	34
30	59
31	32
31	33
31	34
31	35
32	33
32	34
32	35
33	34
33	35
34	35
34	36
34	57
34	58
35	36
35	56
35	57
35	58
36	37
36	38
36	55
36	56
36	57
37	38
37	39
37	53
37	54
37	55
37	56
38	39
38	40
38	53
38	54
38	55
38	56
39	40
39	50
39	51
39	52
39	53
39	54
40	41
40	42
40	48
40	49
40	50
40	51
41	42
41	43
41	48
41	49
41	50
41	51
42	43
42	46
42	47
42	48
42	49
43	44
43	45
43	46
43	47
43	48
43	122
44	45
44	46
44	122
44	123
44	124
44	125
45	46
45	47
46	47
46	48
47	48
47	49
48	49
48	50
49	50
49	51
50	51
51	52
51	53
52	53
52	54
53	54
54	55
54	56
55	56
55	57
56	57
56	58
57	58
57	59
58	59
58	60
58	61
59	60
59	61
59	62
59	63
60	61
60	62
60	63
60	64
60	65
61	62
61	63
62	63
62	64
63	64
63	65
63	115
63	116
64	65
64	66
64	115
64	116
64	144
64	145
65	66
65	67
65	115
65	116
65	117
65	118
66	67
66	68
66	111
66	115
66	116
66	117
66	118
67	68
67	69
67	117
67	118
67	119
67	159
67	163
67	164
68	69
68	70
68	117
68	118
68	119
68	163
68	164
68	165
69	70
69	119
69	123
69	163
69	164
69	165
70	71
70	72
70	74
70	81
70	119
70	165
71	72
71	73
71	74
71	119
72	73
72	74
72	117
73	74
73	75
73	83
74	75
74	76
74	81
74	82
74	83
74	84
74	85
75	76
75	77
75	81
75	82
75	83
75	85
75	165
75	166
75	167
76	77
76	78
76	79
76	80
76	81
76	82
76	165
76	166
76	167
77	78
77	79
77	80
77	81
77	82
77	167
78	79
78	80
79	80
79	81
79	127
79	128
80	81
80	82
81	82
81	83
82	83
82	84
83	84
83	85
84	85
84	86
85	86
85	87
85	89
85	90
86	87
86	88
86	89
86	90
87	88
87	89
87	90
87	91
88	89
88	90
88	91
88	92
89	90
89	91
89	92
89	93
90	91
90	92
90	93
91	92
91	93
92	93
92	94
93	94
93	95
93	176
93	177
93	178
94	95
94	96
94	177
94	178
95	96
95	97
95	110
95	111
96	97
96	98
96	108
96	109
96	110
96	111
97	98
97	99
97	108
97	109
97	110
97	111
98	99
98	100
98	106
98	107
98	108
98	109
99	100
99	101
99	106
99	107
99	108
99	109
99	142
99	143
99	144
100	101
100	102
100	104
100	105
100	106
100	107
100	141
100	142
100	143
100	144
101	102
101	103
101	104
101	105
101	106
101	143
101	144
102	103
102	104
103	104
103	105
104	105
104	106
105	106
105	107
106	107
106	108
107	108
107	109
108	109
108	110
109	110
109	111
109	114
110	111
110	112
110	113
110	114
110	115
111	112
111	113
111	114
111	115
112	113
112	114
112	115
112	116
112	117
113	114
113	115
114	115
115	116
115	117
116	117
116	118
117	118
117	119
118	119
118	120
118	121
119	120
119	121
120	121
120	122
121	122
121	123
122	123
122	124
123	124
123	125
124	125
124	160
124	161
124	162
124	184
125	126
125	127
125	128
125	184
126	127
126	128
127	128
127	129
128	129
128	130
128	182
128	183
128	184
128	185
129	130
129	131
129	182
129	183
129	184
129	185
130	131
130	132
130	180
130	181
130	182
130	183
131	132
131	133
131	138
131	180
131	181
131	182
132	133
132	134
132	135
132	138
132	180
133	134
133	135
133	136
133	138
133	139
133	140
134	135
134	136
135	136
135	137
135	138
136	137
136	138
136	139
137	138
137	139
137	152
138	139
138	140
138	152
139	140
139	150
139	151
140	141
140	142
140	149
140	150
140	151
141	142
141	143
141	148
141	149
141	150
142	143
142	144
142	147
142	148
142	149
143	144
143	145
143	146
143	147
143	148
144	145
144	146
145	146
145	147
146	147
146	148
146	158
146	159
147	148
147	149
147	156
147	157
147	158
148	149
148	150
148	156
148	157
148	158
149	150
149	151
149	154
149	155
149	156
149	157
150	151
150	152
150	153
150	154
150	155
150	156
151	152
151	153
151	154
152	153
152	154
153	154
153	155
154	155
154	156
155	156
155	157
156	157
156	158
157	158
157	159
157	161
157	162
158	159
158	160
158	161
158	162
159	160
159	161
159	162
160	161
160	162
161	162
161	183
161	184
162	163
162	164
162	181
162	182
162	183
163	164
163	165
163	181
163	182
164	165
164	179
164	180
164	181
164	182
165	166
165	167
165	179
165	180
165	181
166	167
166	177
166	178
166	179
166	180
167	168
167	169
167	177
167	178
167	179
167	180
168	169
168	170
168	175
168	176
168	177
168	178
169	170
169	171
169	175
169	176
169	177
170	171
170	172
170	173
170	174
170	175
170	176
171	172
171	173
171	174
171	175
171	176
172	173
172	174
173	174
174	175
175	176
176	177
176	178
177	178
178	179
178	180
179	180
179	181
180	181
180	182
181	182
181	183
182	183
183	184
183	185
184	185
184	186
184	187
185	186
185	187
186	187
