0	1
0	2
0	70
0	71
1	2
1	70
1	71
2	3
2	4
2	55
2	56
2	57
2	71
3	4
3	5
3	55
3	56
3	313
4	5
4	6
4	54
4	55
4	56
4	310
4	313
5	6
5	7
5	9
5	55
5	56
5	313
6	7
6	8
6	9
6	10
6	313
6	314
7	8
7	9
7	10
7	11
7	314
7	322
8	9
8	10
8	11
8	12
9	10
9	11
9	12
9	13
9	44
9	45
10	11
10	12
10	13
10	14
10	44
11	12
11	13
11	14
11	15
12	13
12	14
12	15
12	16
12	44
12	45
13	14
13	15
13	16
13	17
13	22
13	44
13	45
14	15
14	16
14	17
14	18
14	290
14	291
15	16
15	17
15	18
15	19
15	334
16	17
16	18
16	19
16	20
16	21
16	22
17	18
17	19
17	20
17	21
17	22
17	84
17	87
17	88
18	19
18	20
18	87
18	88
18	91
19	20
19	21
19	88
19	91
19	282
20	21
20	22
20	88
20	89
20	91
20	92
21	22
21	23
21	88
22	23
22	24
22	42
22	43
22	88
23	24
23	25
23	31
23	42
23	43
24	25
24	26
24	31
24	33
24	39
24	41
24	42
24	43
25	26
25	27
25	30
25	31
25	39
25	40
25	41
25	42
26	27
26	28
26	29
26	30
26	31
26	37
26	38
26	39
26	40
26	41
27	28
27	29
27	30
27	40
28	29
28	30
28	37
29	30
29	31
29	32
29	33
30	31
30	32
31	32
31	33
32	33
32	34
33	34
33	35
33	36
34	35
34	36
34	151
34	152
34	154
35	36
35	37
35	151
35	152
36	37
36	149
36	150
36	151
37	38
37	39
38	39
38	40
39	40
39	41
39	51
40	41
40	50
40	51
40	52
41	42
41	43
41	48
41	49
41	50
41	51
42	43
42	44
42	48
42	49
42	50
42	51
43	44
43	45
43	46
43	47
43	48
43	49
44	45
44	46
44	47
44	48
44	49
45	46
45	47
46	47
46	48
46	59
46	60
47	48
47	49
47	56
47	58
47	59
47	60
48	49
48	50
48	56
48	57
48	58
48	59
48	60
49	50
49	51
49	54
49	55
49	56
49	57
50	51
50	52
50	53
50	54
50	55
50	56
50	57
51	52
51	53
51	54
51	76
52	53
52	54
52	74
52	75
52	76
52	77
53	54
53	55
53	72
53	73
53	74
53	75
53	76
54	55
54	56
54	76
55	56
55	57
56	57
56	58
57	58
57	68
58	59
58	62
59	60
59	61
59	62
60	61
60	62
60	63
61	62
61	63
62	63
62	64
63	64
63	65
64	65
64	66
65	66
66	67
66	68
67	68
67	69
68	69
68	70
69	70
70	71
70	72
71	72
71	73
72	73
72	74
73	74
73	75
74	75
74	76
75	76
75	77
75	304
76	77
76	78
76	80
76	300
77	78
77	79
77	80
78	79
78	80
78	81
78	82
79	80
79	81
79	82
80	81
80	82
80	296
80	297
80	300
81	82
81	83
81	84
81	85
81	294
81	296
81	297
82	83
82	84
82	85
82	86
83	84
83	85
83	86
83	87
83	210
83	293
84	85
84	86
84	87
84	88
84	293
84	294
85	86
85	87
85	88
85	89
86	87
86	88
86	89
86	90
86	210
87	88
87	89
87	90
87	91
87	209
87	210
88	89
88	90
88	91
88	92
89	90
89	91
89	92
89	93
89	148
90	91
90	92
90	93
90	94
90	148
90	209
91	92
91	93
91	94
91	95
92	93
92	94
92	95
92	96
93	94
93	95
93	96
93	97
93	152
94	95
94	96
94	97
94	98
94	264
95	96
95	97
95	98
95	99
96	97
96	98
96	99
96	100
97	98
97	99
97	100
97	101
97	136
98	99
98	100
98	101
98	102
99	100
99	101
99	102
99	103
99	162
100	101
100	102
100	103
100	104
100	136
101	102
101	103
101	104
101	105
101	135
102	103
102	104
102	105
102	106
102	165
102	166
103	104
103	105
103	106
103	107
103	165
104	105
104	106
104	107
104	108
105	106
105	107
105	108
105	109
106	107
106	108
106	109
106	110
106	165
106	169
107	108
107	109
107	110
107	111
108	109
108	110
108	111
108	112
108	128
109	110
109	111
109	112
109	128
110	111
110	112
111	112
111	113
112	113
112	114
112	116
112	117
113	114
113	115
113	116
113	117
114	115
114	116
114	117
114	118
115	116
115	117
115	118
115	119
116	117
116	118
116	119
116	120
117	118
117	119
117	120
117	121
118	119
118	120
118	121
118	122
119	120
119	121
119	122
119	123
120	121
120	122
120	123
120	124
120	125
120	127
120	364
121	122
121	123
121	124
121	176
121	364
122	123
122	124
123	124
123	125
123	235
124	125
124	234
124	235
124	364
125	126
125	127
125	228
125	363
125	364
126	127
126	128
126	362
126	363
126	364
127	128
127	129
127	362
127	363
127	364
128	129
128	130
128	361
128	362
128	363
129	130
129	131
129	359
129	360
129	361
129	362
130	131
130	132
130	359
130	360
130	361
131	132
131	133
131	134
131	359
132	133
132	134
132	135
132	219
132	358
132	359
132	360
133	134
133	135
133	137
134	135
134	136
134	137
135	136
135	137
136	137
136	138
136	139
136	142
137	138
137	139
137	142
137	143
138	139
138	140
138	142
138	143
138	146
139	140
139	141
139	142
139	143
139	146
140	141
140	142
140	143
140	146
140	147
140	148
140	216
141	142
141	143
141	215
141	216
141	217
141	264
141	265
142	143
142	144
142	216
142	217
142	218
143	144
143	145
143	146
143	216
144	145
144	146
145	146
145	147
146	147
146	150
147	148
147	149
147	150
148	149
148	150
149	150
149	151
150	151
150	152
151	152
151	153
152	153
152	154
153	154
153	155
154	155
154	156
155	156
155	157
155	158
156	157
156	158
157	158
157	159
157	160
157	161
158	159
158	160
158	161
158	162
159	160
159	161
159	162
159	163
159	280
160	161
160	162
160	163
160	164
161	162
161	163
161	164
161	165
162	163
162	164
162	165
162	166
163	164
163	165
163	166
163	167
163	278
163	279
163	280
164	165
164	166
164	167
164	168
165	166
165	167
165	168
165	169
166	167
166	168
166	169
166	170
167	168
167	169
167	170
167	171
167	279
168	169
168	170
168	171
168	172
169	170
169	171
169	172
169	173
170	171
170	172
170	173
170	174
170	251
171	172
171	173
171	174
171	175
171	251
172	173
172	174
172	175
172	176
173	174
173	175
173	176
173	177
173	178
174	175
174	176
174	177
174	178
174	245
174	250
174	251
175	176
175	177
176	177
176	178
177	178
177	179
177	239
177	243
178	179
178	180
178	243
178	362
178	363
178	364
179	180
179	181
179	242
179	243
179	244
179	362
179	363
179	364
180	181
180	182
180	183
180	361
180	362
180	363
181	182
181	183
181	221
181	222
181	224
181	360
181	361
181	362
182	183
182	184
182	221
182	222
182	260
182	261
182	360
183	184
183	185
183	258
183	259
183	260
183	261
184	185
184	186
184	187
184	258
184	259
184	260
184	261
184	350
185	186
185	187
185	258
185	259
185	342
185	343
185	349
185	350
186	187
186	188
186	189
186	259
186	342
187	188
187	189
187	190
187	259
187	268
188	189
188	190
188	191
188	192
189	190
189	191
189	192
189	193
189	194
190	191
190	192
190	193
190	194
190	261
191	192
191	193
191	205
192	193
192	194
193	194
193	195
193	351
194	195
194	196
194	350
194	351
194	354
194	355
195	196
195	197
195	354
195	355
196	197
196	198
196	200
196	201
196	354
196	355
196	356
197	198
197	199
197	200
197	201
197	354
197	355
197	356
198	199
198	200
198	201
198	356
199	200
199	201
199	202
199	357
200	201
200	202
200	203
200	356
200	357
201	202
201	203
202	203
202	204
203	204
203	205
204	205
204	206
205	206
205	207
205	266
206	207
206	208
206	213
207	208
207	267
207	285
208	209
208	210
208	285
208	289
209	210
209	213
210	211
210	212
210	213
211	212
211	213
212	213
212	214
213	214
213	215
214	215
214	216
215	216
215	217
215	265
215	266
216	217
216	265
217	218
217	219
217	265
217	266
218	219
218	220
218	357
219	220
219	221
219	262
219	263
219	264
219	357
219	358
220	221
220	261
220	262
220	263
220	355
220	356
220	357
220	358
221	222
221	223
221	261
221	262
221	263
221	355
221	356
221	357
221	358
221	360
222	223
222	224
222	353
222	354
222	355
222	356
223	224
223	225
223	353
223	354
223	355
223	356
224	225
224	226
224	227
224	228
224	353
225	226
225	227
225	228
225	229
226	227
226	228
226	229
226	230
227	228
227	229
227	230
227	233
228	229
228	230
229	230
229	231
230	231
230	232
230	233
230	234
231	232
231	233
231	234
232	233
232	234
233	234
233	235
233	237
233	238
234	235
234	236
234	237
234	238
235	236
235	237
235	238
235	239
235	364
236	237
236	238
236	239
236	240
237	238
237	239
237	240
237	241
238	239
238	240
238	241
238	242
238	243
239	240
239	241
239	242
239	243
240	241
240	242
241	242
241	243
241	246
241	347
241	348
242	243
242	244
242	246
242	348
243	244
243	245
243	246
244	245
244	246
244	247
244	248
245	246
245	247
245	248
245	249
245	250
245	251
246	247
246	248
246	249
246	347
247	248
247	249
247	343
247	345
247	346
247	347
247	348
248	249
248	250
248	256
248	343
249	250
249	251
249	253
249	254
250	251
250	252
250	253
250	254
251	252
251	253
251	254
251	274
252	253
252	254
252	274
253	254
253	275
254	255
254	256
254	273
254	274
254	275
255	256
255	257
255	273
255	274
255	275
255	276
256	257
256	258
256	272
256	273
256	341
256	342
256	343
257	258
257	259
257	270
257	271
257	272
257	273
257	338
257	341
257	342
258	259
258	260
258	270
258	271
258	272
258	273
258	342
259	260
259	261
259	268
259	269
259	270
259	271
260	261
260	262
260	268
260	269
260	270
261	262
261	263
261	268
262	263
262	264
262	265
262	266
262	267
262	268
263	264
263	266
263	267
263	268
264	265
264	266
264	267
265	266
265	267
266	267
266	268
267	268
267	269
267	283
267	284
268	269
268	270
268	283
268	284
269	270
269	271
269	281
269	282
269	283
269	284
270	271
270	272
270	281
270	282
270	283
270	284
270	338
270	339
271	272
271	273
271	279
271	280
271	281
271	282
271	338
272	273
272	274
272	276
272	278
272	279
272	280
272	281
272	338
273	274
273	275
273	276
273	279
274	275
274	276
274	277
274	278
274	279
275	276
275	277
276	277
276	278
277	278
278	279
278	280
279	280
279	281
280	281
280	282
281	282
282	283
282	284
283	284
283	285
284	285
284	286
285	286
285	287
285	289
286	287
286	288
286	289
286	290
286	335
287	288
287	289
287	290
287	291
287	330
287	331
287	334
287	335
288	289
288	290
288	291
288	292
288	327
288	330
289	290
289	291
289	292
290	291
290	292
290	293
291	292
291	293
291	294
291	327
292	293
292	294
292	295
293	294
293	295
294	295
294	296
294	297
294	298
295	296
295	297
295	298
295	299
296	297
296	298
296	299
296	300
297	298
297	299
297	300
297	301
298	299
298	300
298	301
298	302
298	319
298	320
299	300
299	301
299	302
299	303
300	301
300	302
300	303
300	304
301	302
301	303
301	304
301	305
302	303
302	304
302	305
303	304
303	305
304	305
304	306
305	306
305	307
305	309
305	310
306	307
306	308
306	309
306	310
307	308
307	309
307	310
307	311
308	309
308	310
308	311
308	312
309	310
309	311
309	312
309	313
310	311
310	312
310	313
310	314
310	318
310	319
311	312
311	313
311	314
311	315
311	316
311	317
311	318
312	313
312	314
312	315
313	314
313	315
314	315
314	316
314	318
314	319
314	322
315	316
315	317
315	318
316	317
316	318
317	318
317	319
317	320
317	321
317	322
318	319
318	320
318	321
318	322
319	320
319	321
319	322
319	323
320	321
320	322
320	323
320	324
321	322
321	323
321	324
321	325
322	323
322	324
322	325
322	326
323	324
323	325
323	326
323	327
324	325
324	326
324	327
324	328
325	326
325	327
325	328
325	329
326	327
326	328
326	329
326	330
327	328
327	329
327	330
328	329
328	330
329	330
329	331
329	332
329	333
330	331
330	332
330	333
330	334
330	335
331	332
331	333
331	334
331	335
332	333
332	334
332	335
333	334
333	335
334	335
334	336
335	336
335	337
335	339
336	337
336	338
336	339
337	338
337	339
337	340
337	341
338	339
338	340
338	341
339	340
339	341
340	341
340	342
341	342
341	343
342	343
342	344
343	344
343	345
343	346
344	345
344	346
345	346
345	347
346	347
346	348
346	349
347	348
347	349
348	349
349	350
349	351
350	351
350	352
351	352
351	353
352	353
352	354
353	354
353	355
354	355
354	356
355	356
356	357
356	358
357	358
358	359
358	360
359	360
359	361
360	361
361	362
361	363
362	363
363	364
