0	1
0	2
0	3
0	4
0	73
1	2
1	3
1	4
1	5
2	3
2	4
2	5
2	6
2	56
3	4
3	5
3	6
3	7
3	8
3	9
3	10
4	5
4	6
4	7
4	8
5	6
5	7
6	7
6	8
6	22
7	8
7	9
8	9
8	10
9	10
9	11
10	11
10	70
11	12
11	13
12	13
12	14
12	66
12	67
12	132
13	14
14	15
14	16
15	16
15	17
15	18
15	19
16	17
16	18
16	19
16	20
16	61
17	18
17	19
17	20
17	21
18	19
18	20
18	21
18	22
19	20
19	21
19	22
19	23
20	21
20	22
20	23
20	24
21	22
21	23
21	24
21	25
22	23
22	24
22	25
22	26
23	24
23	25
23	26
23	27
23	57
24	25
24	26
24	27
24	28
25	26
25	27
25	28
26	27
26	28
26	29
27	28
27	29
27	30
27	31
27	50
28	29
28	30
28	31
29	30
29	31
30	31
30	32
30	34
30	46
30	50
31	32
31	33
31	34
32	33
32	34
32	35
32	36
33	34
33	35
33	36
34	35
34	36
35	36
35	37
35	38
35	42
35	43
36	37
36	38
37	38
37	39
38	39
38	40
38	42
38	43
39	40
39	41
39	42
39	43
40	41
40	42
40	43
40	44
41	42
41	43
41	44
41	45
42	43
42	44
42	45
42	46
43	44
43	45
43	46
43	47
44	45
44	46
44	47
44	48
45	46
45	47
45	48
45	49
46	47
46	48
46	49
46	50
47	48
47	49
47	50
47	51
48	49
48	50
48	51
48	52
49	50
49	51
49	52
49	53
50	51
50	52
50	53
50	54
51	52
51	53
51	54
51	55
52	53
52	54
52	55
52	56
53	54
53	55
53	56
53	57
54	55
54	56
54	57
54	58
55	56
55	57
55	58
55	59
56	57
56	58
56	59
56	60
57	58
57	59
57	60
57	61
58	59
58	60
58	61
58	62
59	60
59	61
59	62
59	65
59	66
60	61
60	62
60	65
60	66
61	62
61	63
61	66
62	63
62	64
62	65
62	66
63	64
63	65
63	66
63	67
64	65
64	66
64	67
64	68
65	66
65	67
65	68
65	69
66	67
66	68
66	69
66	70
67	68
67	69
67	70
67	71
68	69
68	70
68	71
68	72
68	78
69	70
69	71
69	72
69	73
70	71
70	72
70	73
71	72
71	73
71	74
71	75
71	76
71	140
71	144
72	73
72	74
72	75
72	76
72	77
73	74
73	75
74	75
74	76
75	76
75	77
76	77
76	78
77	78
77	79
77	80
78	79
78	80
79	80
79	81
80	81
80	82
80	83
81	82
81	83
81	84
82	83
82	84
83	84
84	85
84	86
85	86
85	87
85	145
85	148
86	87
86	88
86	145
87	88
87	89
87	90
87	91
88	89
88	90
88	91
88	92
89	90
89	91
89	92
89	93
90	91
90	92
90	93
90	94
91	92
91	93
91	94
91	95
92	93
92	94
92	95
92	96
93	94
93	95
93	96
93	97
94	95
94	96
94	97
94	98
95	96
95	97
95	98
95	99
96	97
96	98
96	99
96	100
97	98
97	99
97	100
97	101
98	99
98	100
98	101
98	102
99	100
99	101
99	102
99	103
100	101
100	102
100	103
100	104
101	102
101	103
101	104
101	105
102	103
102	104
102	105
102	106
103	104
103	105
103	106
103	107
104	105
104	106
104	107
104	108
104	109
104	112
104	113
105	106
105	107
105	108
105	109
105	167
106	107
106	108
107	108
107	109
108	109
108	110
108	167
108	168
109	110
109	111
109	112
109	113
110	111
110	112
110	113
110	114
111	112
111	113
111	114
111	115
112	113
112	114
112	115
112	116
113	114
113	115
113	116
113	117
114	115
114	116
114	117
114	118
115	116
115	117
115	118
115	119
116	117
116	118
116	119
116	120
117	118
117	119
117	120
117	121
117	157
117	160
117	161
118	119
118	120
118	121
118	122
119	120
119	121
119	122
119	123
120	121
120	122
120	123
120	124
120	157
121	122
121	123
121	124
121	125
121	157
122	123
122	124
122	125
122	126
123	124
123	125
123	126
123	127
124	125
124	126
124	127
124	128
124	150
124	153
125	126
125	127
125	128
125	129
126	127
126	128
126	129
126	130
127	128
127	129
127	130
127	131
127	146
127	150
128	129
128	130
128	131
128	132
128	150
129	130
129	131
129	132
129	133
130	131
130	132
130	133
130	134
131	132
131	133
131	134
131	135
131	143
131	146
131	147
132	133
132	134
132	135
132	136
133	134
133	135
133	136
133	137
134	135
134	136
134	137
134	138
134	139
134	140
134	142
134	143
135	136
135	137
135	138
135	139
135	140
135	143
136	137
136	138
137	138
137	139
138	139
138	140
139	140
139	141
139	142
139	143
140	141
140	142
140	143
140	144
141	142
141	143
141	144
141	145
142	143
142	144
142	145
142	146
143	144
143	145
143	146
143	147
144	145
144	146
144	147
144	148
145	146
145	147
145	148
145	149
146	147
146	148
146	149
146	150
147	148
147	149
147	150
147	151
148	149
148	150
148	151
148	152
149	150
149	151
149	152
149	153
150	151
150	152
150	153
150	154
151	152
151	153
151	154
151	155
152	153
152	154
152	155
152	156
153	154
153	155
153	156
153	157
154	155
154	156
154	157
154	158
155	156
155	157
155	158
155	159
156	157
156	158
156	159
156	160
157	158
157	159
157	160
157	161
158	159
158	160
158	161
158	162
159	160
159	161
159	162
159	163
160	161
160	162
160	163
160	164
161	162
161	163
161	164
161	165
162	163
162	164
162	165
163	164
163	165
163	166
163	167
164	165
164	166
164	167
165	166
165	167
166	167
166	168
166	169
167	168
167	169
168	169
168	170
169	170
