0	1
0	2
1	2
1	3
1	4
1	5
2	3
2	4
3	4
4	5
4	6
4	7
5	6
5	7
6	7
6	8
7	8
7	9
8	9
8	10
9	10
9	11
9	86
9	87
9	88
9	228
9	229
10	11
10	12
10	223
10	226
10	227
10	228
10	229
11	12
11	13
11	14
11	86
11	223
11	226
12	13
12	14
12	85
12	86
12	135
12	136
12	223
13	14
13	15
13	86
14	15
14	86
14	87
15	16
15	17
15	86
15	87
16	17
16	18
16	87
17	18
17	19
18	19
18	20
19	20
19	21
19	22
20	21
20	22
20	150
20	151
20	152
20	153
21	22
21	149
21	150
21	151
22	148
22	149
22	150
23	24
23	25
23	143
23	144
23	145
24	25
24	26
25	26
25	27
25	68
25	69
25	70
25	143
26	27
26	28
26	68
26	69
27	28
27	29
27	66
27	67
27	68
27	69
28	29
28	67
28	68
28	69
29	30
29	31
29	66
29	67
30	31
30	32
30	65
30	66
30	67
31	32
31	33
31	64
31	65
31	66
32	33
32	34
32	63
32	64
32	65
33	34
33	35
33	38
33	40
33	63
33	64
34	35
34	36
34	38
34	40
34	41
34	53
34	54
35	36
35	37
35	38
35	41
36	37
36	38
36	41
36	47
37	38
37	39
37	42
37	47
38	39
38	40
38	41
38	42
39	40
39	41
39	42
39	43
40	41
40	42
40	43
40	44
40	62
40	63
41	42
41	43
41	44
41	45
41	46
41	47
41	55
41	56
42	43
42	44
42	45
42	46
42	47
43	44
43	45
44	45
44	46
44	56
44	57
45	46
45	47
46	47
46	48
46	49
46	55
46	56
47	48
47	49
48	49
48	50
48	210
49	50
49	51
49	210
49	211
50	51
50	52
50	210
50	211
50	212
51	52
51	53
51	212
52	53
52	54
53	54
53	55
53	157
53	158
53	159
53	160
54	55
54	56
54	159
54	160
54	161
55	56
55	160
55	161
55	162
56	57
56	161
56	162
56	163
57	58
57	59
57	60
57	162
57	163
57	164
57	165
58	59
58	60
58	128
58	129
58	130
58	131
58	132
58	162
58	163
58	164
58	165
59	60
59	61
59	108
59	127
59	128
59	129
59	130
59	168
60	61
60	62
60	127
60	128
60	168
61	62
61	63
61	125
61	126
61	127
61	128
62	63
62	64
62	125
62	126
62	127
63	64
63	124
63	125
63	126
64	65
64	66
64	123
64	124
64	125
65	66
65	67
65	121
65	122
65	123
65	124
66	67
66	68
66	121
66	122
66	123
67	68
67	120
67	121
67	122
68	69
68	70
68	71
68	120
68	121
69	70
69	71
69	120
70	71
70	72
70	120
71	72
71	73
71	119
71	120
71	121
72	73
72	74
72	77
72	120
73	74
73	75
73	76
73	77
74	75
74	76
74	77
75	76
75	77
76	77
76	78
77	78
77	79
78	79
78	143
78	144
79	80
79	141
79	142
79	143
79	144
80	81
80	82
80	98
80	99
80	100
80	101
80	141
80	142
80	143
81	82
81	83
81	98
81	99
81	140
81	141
81	142
82	83
82	84
82	97
82	98
82	99
82	139
82	140
82	141
83	84
83	96
83	97
83	98
83	137
83	138
83	139
83	140
84	85
84	86
84	89
84	95
84	96
84	97
84	137
84	138
84	139
85	86
85	87
85	89
85	95
85	96
85	137
85	138
86	87
86	88
86	89
87	88
87	89
88	89
88	90
89	90
89	91
89	95
89	96
90	91
90	92
90	93
90	94
90	95
90	96
91	92
91	93
91	94
91	95
91	96
91	97
92	93
92	94
93	94
93	95
93	230
94	95
94	96
94	97
94	230
95	96
95	97
95	230
96	97
96	98
97	98
97	99
98	99
98	100
99	100
99	101
99	110
99	111
99	112
100	101
100	102
100	111
100	112
101	102
101	103
101	111
101	112
101	113
102	103
102	104
102	105
102	111
102	112
102	113
103	104
103	113
104	105
104	106
104	113
105	106
105	107
105	111
105	112
105	113
105	127
106	107
106	108
106	109
106	111
107	108
107	109
108	109
108	129
108	130
109	110
109	111
109	128
109	129
110	111
110	127
110	128
110	129
111	112
111	113
111	126
111	127
112	113
112	114
112	124
112	125
112	126
112	127
113	114
113	115
113	124
113	125
113	126
114	115
114	116
114	122
114	123
114	124
114	125
115	116
115	117
115	123
115	124
115	125
116	117
116	118
116	122
116	123
117	118
117	119
117	121
117	122
117	123
118	119
118	120
118	121
118	122
119	120
119	121
120	121
120	122
121	122
121	123
122	123
122	124
123	124
123	125
124	125
124	126
125	126
125	127
126	127
126	128
127	128
127	129
128	129
128	130
128	132
129	130
129	131
129	132
130	131
130	132
130	170
130	171
131	132
131	133
131	171
131	233
132	133
132	134
132	233
133	134
133	135
133	229
133	230
133	232
133	233
134	135
134	162
134	163
134	164
134	232
134	233
135	136
135	137
135	161
135	162
135	163
135	219
136	137
136	138
136	159
136	160
136	161
136	162
137	138
137	139
137	159
137	160
137	161
138	139
138	140
138	159
138	160
139	140
139	158
139	159
140	141
140	142
140	151
140	152
141	142
141	143
141	151
141	152
142	143
142	144
142	149
142	150
142	151
142	152
143	144
143	145
143	149
143	150
143	151
144	145
144	146
144	148
144	149
144	150
145	146
145	147
145	148
145	149
145	150
146	147
146	148
147	148
148	149
148	150
149	150
149	151
150	151
151	152
151	153
152	153
152	154
153	154
153	155
154	155
154	156
155	156
155	157
155	158
156	157
156	158
156	159
157	158
157	159
158	159
158	160
159	160
159	161
160	161
160	162
161	162
161	163
162	163
163	164
163	165
163	308
163	309
164	165
164	166
164	173
164	308
164	309
164	310
165	166
165	167
165	168
165	171
165	173
165	174
165	309
166	167
166	168
166	171
166	173
166	174
166	175
166	181
167	168
167	169
167	174
167	175
168	169
168	170
168	171
168	174
169	170
169	171
169	174
170	171
170	172
171	172
171	173
171	174
172	173
172	174
172	360
172	361
173	174
173	175
173	310
173	359
173	360
173	361
174	175
174	176
175	176
175	177
175	181
176	177
176	178
177	178
177	179
177	180
177	181
178	179
178	180
178	181
178	182
179	180
179	181
179	182
179	183
180	181
180	182
180	183
180	184
180	449
181	182
181	183
181	184
181	185
181	186
182	183
182	184
182	185
182	186
182	187
183	184
183	185
183	186
183	187
183	449
184	185
184	186
184	187
184	306
184	311
184	312
184	313
185	186
185	187
185	306
185	309
185	311
186	187
186	188
187	188
187	189
188	189
188	190
188	206
188	207
188	208
188	209
189	190
189	205
189	206
189	207
189	208
190	191
190	192
190	204
190	205
190	206
190	207
191	192
191	193
191	202
191	203
191	204
191	205
191	447
191	452
192	193
192	194
192	202
192	203
192	204
192	205
193	194
193	200
193	201
193	202
193	203
193	316
194	195
194	196
194	200
194	201
194	202
194	352
195	196
195	199
195	200
195	201
195	606
196	197
196	198
196	199
196	200
196	318
196	351
196	352
196	604
196	605
197	198
197	199
197	200
197	318
197	443
198	199
198	200
199	200
199	201
200	201
200	202
201	202
202	203
202	204
203	204
203	205
203	698
204	205
204	206
204	686
204	700
205	206
205	207
205	273
205	274
206	207
206	208
206	273
206	274
206	275
206	649
206	650
207	208
207	209
207	274
207	275
207	299
207	302
207	303
208	209
208	210
208	211
208	275
208	276
208	303
208	650
209	210
209	211
209	214
209	215
209	303
209	306
209	307
210	211
210	212
210	214
210	307
211	212
211	213
211	214
211	650
212	213
212	214
213	214
213	215
213	216
213	217
214	215
214	216
214	217
214	218
214	276
215	216
215	217
215	218
215	219
215	307
216	217
216	218
216	219
216	220
217	218
217	219
217	220
217	221
217	279
217	283
218	219
218	220
218	221
218	222
218	304
219	220
219	221
219	222
219	223
220	221
220	222
220	223
220	224
221	222
221	223
221	224
221	225
222	223
222	224
222	225
222	226
222	227
222	242
223	224
223	225
223	226
223	227
224	225
224	226
225	226
225	227
226	227
226	228
227	228
227	229
228	229
228	230
228	231
228	232
229	230
229	231
229	232
230	231
230	232
230	233
231	232
231	233
231	234
231	237
232	233
232	234
232	238
233	234
233	235
234	235
234	236
234	237
234	238
235	236
235	237
235	238
235	239
235	360
236	237
236	238
236	239
236	240
236	391
237	238
237	239
237	240
237	241
238	239
238	240
238	241
238	242
239	240
239	241
239	242
239	243
240	241
240	242
240	243
240	244
240	390
240	391
241	242
241	243
241	244
241	245
242	243
242	244
242	245
243	244
243	245
243	246
243	301
243	377
243	388
244	245
244	246
244	247
244	377
244	387
244	388
245	246
245	247
245	248
245	253
245	254
246	247
246	248
246	253
246	254
246	255
246	297
246	301
246	377
247	248
247	249
247	253
247	254
247	255
247	256
247	257
247	377
247	378
248	249
248	250
248	251
248	252
248	253
248	254
248	255
248	256
248	288
249	250
249	251
249	252
249	253
250	251
250	252
251	252
251	253
251	287
251	288
252	253
252	288
253	254
253	255
253	288
254	255
254	282
254	288
254	289
255	256
255	257
255	288
255	289
255	290
255	291
255	292
256	257
256	258
256	288
256	289
256	290
256	291
256	292
257	258
257	259
257	291
257	292
257	293
258	259
258	260
258	291
258	292
258	293
259	260
259	261
259	293
260	261
260	262
260	263
261	262
261	263
261	579
261	580
262	263
262	264
263	264
263	265
263	266
263	267
263	268
264	265
264	266
265	266
266	267
266	268
266	290
266	291
267	268
267	269
267	271
267	290
267	291
268	269
268	270
268	271
268	291
269	270
269	271
269	272
269	291
269	292
269	293
269	296
270	271
270	272
270	695
270	696
271	272
271	273
271	688
271	689
271	690
271	696
272	273
272	274
273	274
273	648
273	686
273	687
273	688
274	275
274	276
274	277
274	299
275	276
275	277
275	278
275	279
275	299
275	300
275	303
276	277
276	278
276	279
276	280
277	278
277	279
277	280
277	281
277	655
278	279
278	280
278	281
278	282
278	289
279	280
279	281
279	282
279	283
280	281
280	282
280	283
280	284
281	282
281	283
281	284
281	285
281	289
282	283
282	284
282	285
282	286
282	287
282	288
282	289
283	284
283	285
283	286
284	285
284	286
285	286
285	287
286	287
287	288
287	289
288	289
288	290
289	290
289	291
290	291
290	292
291	292
291	293
292	293
292	294
292	296
292	297
293	294
293	295
293	296
293	297
294	295
294	296
294	297
294	298
294	353
294	354
294	378
295	296
295	297
295	298
295	299
295	354
296	297
296	298
296	299
296	300
297	298
297	299
297	300
297	301
297	377
297	378
298	299
298	300
298	301
298	302
298	314
298	354
298	355
298	356
299	300
299	301
299	302
299	303
300	301
300	302
300	303
300	304
301	302
301	303
301	304
301	305
302	303
302	304
302	305
302	306
302	312
302	313
302	356
303	304
303	305
303	306
303	307
304	305
304	306
304	307
304	308
305	306
305	307
305	308
305	309
305	310
305	311
305	312
306	307
306	308
306	309
306	310
306	311
306	312
307	308
307	309
308	309
308	310
309	310
309	311
310	311
310	312
310	358
310	359
311	312
311	358
311	359
312	313
312	356
312	357
312	358
312	359
313	314
313	315
313	356
313	357
313	358
314	315
314	316
314	354
314	355
314	356
314	357
314	446
315	316
315	317
315	354
315	355
315	356
315	444
315	445
315	446
316	317
316	318
316	352
316	353
316	354
316	355
316	444
316	445
316	446
317	318
317	319
317	320
317	352
317	353
317	354
317	441
317	443
317	444
317	445
318	319
318	320
318	351
318	352
318	353
318	441
318	442
318	443
318	444
319	320
319	321
319	349
319	350
319	351
319	352
319	439
319	440
319	441
319	442
320	321
320	322
320	349
320	350
320	351
320	352
320	353
320	414
320	415
320	440
320	441
321	322
321	323
321	324
321	349
321	350
321	413
321	414
321	415
321	417
321	440
322	323
322	324
322	349
322	350
322	414
323	324
323	325
323	380
323	381
324	325
324	326
324	327
324	410
324	413
325	326
325	327
325	381
325	410
326	327
326	328
326	409
326	410
326	413
326	481
326	482
326	483
327	328
327	329
327	413
327	482
327	483
327	484
328	329
328	330
328	413
328	416
328	417
328	418
328	482
328	483
328	484
329	330
329	331
329	417
329	418
329	419
329	420
329	484
330	331
330	332
330	347
330	417
330	418
330	419
330	420
331	332
331	333
331	345
331	347
331	419
331	420
331	421
332	333
332	334
332	345
332	420
332	421
332	422
333	334
333	335
333	340
333	341
333	342
333	344
333	345
333	421
333	422
333	423
333	424
334	335
334	336
334	338
334	339
334	340
334	341
334	421
334	422
334	423
334	424
335	336
335	337
335	338
335	339
335	340
335	341
335	423
335	424
335	425
336	337
336	338
336	423
336	425
337	338
337	339
338	339
338	340
338	589
338	590
338	591
339	340
339	341
339	532
339	589
340	341
340	342
341	342
341	343
341	345
342	343
342	344
342	345
343	344
343	345
344	345
344	346
345	346
345	347
346	347
346	348
347	348
347	349
348	349
348	350
348	542
348	543
349	350
349	351
349	541
349	542
350	351
350	352
350	353
350	540
350	541
350	542
351	352
351	540
351	541
351	542
352	353
352	354
353	354
353	355
354	355
355	356
355	375
355	376
356	357
356	358
356	374
356	375
356	376
357	358
357	359
357	372
357	373
357	374
357	375
358	359
358	360
358	372
358	373
358	374
359	360
359	371
359	372
359	373
360	361
360	362
360	370
360	371
360	372
361	362
361	363
361	370
361	371
362	363
362	364
362	365
362	369
362	370
363	364
363	365
364	365
365	366
365	367
365	369
366	367
366	368
366	369
367	368
367	369
368	369
368	370
369	370
369	371
369	393
369	395
369	396
370	371
370	372
370	393
371	372
371	373
372	373
372	374
372	393
372	394
373	374
373	375
373	391
373	392
373	393
373	394
374	375
374	376
374	390
374	391
374	392
374	393
374	394
375	376
375	377
375	389
375	390
375	391
375	392
376	377
376	378
376	388
376	389
376	390
377	378
377	379
377	388
377	389
378	379
378	380
378	388
379	380
379	381
379	386
379	387
379	388
380	381
380	382
380	386
380	387
380	388
381	382
381	383
381	385
381	386
381	387
382	383
382	384
382	385
382	386
382	387
382	407
382	410
383	384
383	385
384	385
384	386
385	386
385	387
386	387
387	388
387	389
388	389
388	390
389	390
389	391
389	406
389	407
390	391
390	392
390	406
390	407
391	392
391	393
391	406
392	393
392	394
392	405
392	406
392	407
392	408
393	394
393	395
393	396
393	397
394	395
394	396
394	397
394	398
394	460
394	461
395	396
395	397
395	398
395	399
396	397
396	398
396	399
396	400
396	401
396	402
397	398
397	399
397	400
397	401
397	402
397	408
397	412
397	461
398	399
398	400
398	460
398	461
398	462
398	463
399	400
399	401
399	473
400	401
400	402
400	473
400	474
400	476
400	477
401	402
401	403
401	404
401	476
401	477
402	403
402	404
402	408
402	409
402	477
402	480
403	404
403	405
403	480
404	405
404	406
404	408
405	406
405	407
405	408
406	407
406	408
407	408
407	409
407	410
407	411
408	409
408	410
408	411
408	412
409	410
409	411
409	412
409	413
409	481
409	482
410	411
410	412
410	413
410	414
411	412
411	413
411	414
412	413
412	414
412	415
412	416
413	414
413	415
413	416
413	417
414	415
414	416
414	417
415	416
415	417
415	440
415	441
416	417
416	418
416	440
416	441
417	418
417	419
417	440
418	419
418	420
418	435
418	436
418	437
418	438
418	440
419	420
419	421
419	435
419	436
419	437
420	421
420	422
420	434
420	435
420	436
421	422
421	423
421	432
421	433
421	434
421	435
422	423
422	424
422	430
422	431
422	432
422	433
423	424
423	425
423	430
423	431
423	432
423	433
424	425
424	426
424	428
424	429
424	430
424	431
425	426
425	427
425	428
425	429
425	430
426	427
426	428
426	429
427	428
427	429
428	429
428	430
429	430
429	431
430	431
430	432
431	432
431	433
432	433
432	434
432	488
433	434
433	435
433	492
433	598
434	435
434	436
434	492
434	598
435	436
435	437
435	492
436	437
436	438
436	439
437	438
437	439
438	439
438	440
438	442
439	440
439	441
439	442
440	441
440	442
441	442
441	443
441	444
442	443
442	444
443	444
443	445
443	458
444	445
444	456
444	457
444	458
445	446
445	454
445	455
445	456
445	457
445	458
446	447
446	448
446	454
446	455
446	456
446	457
447	448
447	449
447	452
447	453
447	454
447	455
448	449
448	450
448	451
448	452
448	453
448	454
448	455
449	450
449	451
450	451
451	452
451	453
452	453
452	454
453	454
453	455
454	455
454	456
455	456
455	457
456	457
456	458
457	458
457	459
457	460
458	459
458	460
458	461
458	462
459	460
459	461
459	462
459	463
460	461
460	462
461	462
462	463
462	464
463	464
463	465
463	469
463	470
464	465
464	466
464	467
464	470
465	466
465	467
465	470
466	467
466	468
466	470
467	468
467	469
467	470
467	471
468	469
468	470
468	471
468	472
469	470
469	471
469	472
469	473
470	471
470	472
470	473
470	474
471	472
471	473
471	474
471	475
472	473
472	474
472	475
472	476
473	474
473	475
473	476
473	477
474	475
474	476
474	477
474	478
475	476
475	477
475	478
475	479
476	477
476	478
476	479
476	480
477	478
477	479
477	480
477	481
477	482
478	479
478	480
478	481
478	482
478	483
479	480
479	481
480	481
480	482
481	482
481	483
482	483
483	484
483	485
484	485
484	486
484	487
485	486
485	487
486	487
486	488
487	488
487	489
488	489
488	490
488	491
489	490
489	491
490	491
491	492
491	493
492	493
492	494
493	494
493	495
494	495
494	496
494	497
495	496
495	497
495	498
495	597
495	598
495	599
496	497
496	498
496	595
496	597
497	498
497	499
497	521
497	522
497	523
498	499
498	500
498	519
498	520
498	521
498	522
499	500
499	501
499	519
499	520
499	521
500	501
500	517
500	518
500	519
500	520
500	599
501	502
501	503
501	517
501	518
501	519
501	601
502	503
502	504
502	515
502	516
502	517
502	518
503	504
503	505
503	515
503	516
503	517
504	505
504	506
504	514
504	515
504	516
505	506
505	507
505	513
505	514
505	515
506	507
506	508
506	513
506	607
507	508
507	509
507	511
507	512
507	513
507	607
507	608
508	509
508	510
508	511
508	607
508	608
508	609
509	510
509	511
509	607
509	608
509	609
510	511
510	512
510	571
510	575
511	512
511	513
511	571
512	513
512	569
512	570
512	571
513	514
513	568
513	569
514	515
514	516
514	566
514	567
514	568
514	569
515	516
515	517
515	566
515	567
515	568
516	517
516	518
516	564
516	565
516	566
516	567
517	518
517	519
517	564
517	565
517	566
518	519
518	520
518	563
518	564
518	565
519	520
519	521
519	562
519	563
519	564
520	521
520	522
520	561
520	562
520	563
521	522
521	523
521	557
521	559
521	560
521	561
521	562
522	523
522	524
522	560
523	524
523	525
523	559
523	560
524	525
524	559
524	560
525	526
525	527
525	558
525	559
526	527
526	556
526	557
526	558
526	559
527	528
527	529
527	556
527	557
527	558
527	594
528	529
528	530
528	554
528	555
528	556
528	557
528	592
528	593
528	594
529	530
529	531
529	554
529	555
529	556
529	590
529	591
529	592
529	593
530	531
530	532
530	552
530	553
530	554
530	555
530	590
530	591
530	592
531	532
531	533
531	552
531	553
531	554
531	589
531	590
531	591
532	533
532	534
532	551
532	552
532	553
532	588
532	589
532	590
533	534
533	535
533	550
533	551
533	552
533	586
533	587
533	588
533	589
534	535
534	536
534	547
534	549
534	550
534	551
534	586
534	587
534	588
535	536
535	547
535	548
535	549
535	550
535	585
535	586
535	587
536	537
536	538
536	544
536	546
536	547
536	548
536	584
536	585
536	586
537	538
537	544
537	545
537	546
537	547
537	548
537	578
537	579
537	583
537	584
537	585
538	539
538	540
538	542
538	543
538	544
538	545
538	579
538	583
538	584
538	585
539	540
539	541
539	542
539	543
539	544
539	579
539	581
539	583
540	541
540	542
540	581
540	583
541	542
541	543
542	543
542	544
543	544
543	545
544	545
544	546
545	546
546	547
546	548
547	548
547	549
548	549
548	573
548	574
549	550
549	551
550	551
551	552
551	553
552	553
552	554
553	554
553	555
554	555
554	556
555	556
555	557
556	557
556	558
557	558
557	559
557	561
558	559
558	560
558	561
559	560
559	561
560	561
561	562
561	563
562	563
562	564
563	564
563	565
564	565
564	566
565	566
565	567
566	567
566	568
567	568
567	569
568	569
568	570
569	570
569	571
570	571
570	572
570	573
571	572
571	573
571	574
571	575
572	573
572	574
572	575
572	576
573	574
573	575
573	576
574	575
574	576
574	577
574	578
575	576
575	577
575	578
576	577
576	578
577	578
577	579
578	579
578	580
578	582
579	580
579	581
579	582
579	583
580	581
580	582
580	694
580	695
580	696
581	582
581	583
581	696
582	583
582	584
582	606
582	607
583	584
583	585
583	604
583	605
583	606
583	607
584	585
584	586
584	604
584	605
584	606
585	586
585	587
585	603
585	604
585	605
586	587
586	588
586	602
586	603
586	604
587	588
587	589
587	601
587	602
587	603
588	589
588	590
588	600
588	601
588	602
589	590
589	599
589	600
589	601
590	591
590	592
590	598
590	599
590	600
591	592
591	593
591	596
591	597
591	598
591	599
592	593
592	594
592	595
592	596
592	597
592	598
593	594
593	595
593	596
594	595
594	596
595	596
595	597
596	597
596	598
597	598
597	599
598	599
598	600
599	600
599	601
600	601
600	602
601	602
602	603
603	604
603	605
604	605
604	606
605	606
605	607
606	607
606	608
607	608
607	609
608	609
608	610
609	610
609	611
609	697
610	611
610	612
611	612
611	613
611	697
611	698
611	699
612	613
612	614
612	630
612	631
612	632
612	698
612	699
613	614
613	615
613	630
613	631
613	632
613	699
614	615
614	616
614	628
614	629
614	630
614	631
614	699
614	700
614	701
615	616
615	617
615	628
615	629
615	630
616	617
616	618
616	626
616	627
616	628
616	629
617	618
617	619
617	626
617	627
617	628
618	619
618	620
618	626
618	627
619	620
619	621
619	624
619	625
619	626
620	621
620	624
620	626
620	704
620	705
620	706
621	622
621	623
621	624
621	705
621	706
621	707
621	708
622	623
622	624
622	676
622	677
622	678
622	679
622	680
622	705
622	706
622	707
622	708
623	624
623	625
623	676
623	677
623	678
623	708
624	625
624	626
624	676
625	626
625	627
625	674
625	675
625	676
626	627
626	628
626	674
626	675
626	676
627	628
627	629
627	672
627	673
627	674
627	675
628	629
628	630
628	672
628	673
628	674
629	630
629	631
629	670
629	671
629	672
629	673
630	631
630	632
630	670
630	671
630	672
631	632
631	633
631	668
631	669
631	670
631	671
632	633
632	634
632	668
632	669
632	670
633	634
633	635
633	666
633	667
633	668
633	669
634	635
634	636
634	663
634	665
634	666
634	667
634	668
635	636
635	666
636	637
636	638
636	665
636	666
637	638
637	639
637	665
637	666
638	639
638	640
638	664
638	665
639	640
639	641
639	662
639	663
639	664
639	665
640	641
640	642
640	643
640	662
640	663
640	664
640	691
640	693
641	642
641	643
641	661
641	662
641	663
641	691
641	692
642	643
642	644
642	659
642	660
642	661
642	662
642	691
643	644
643	645
643	659
643	660
643	661
643	662
643	689
643	690
643	691
644	645
644	646
644	657
644	658
644	659
644	660
644	689
644	690
644	691
645	646
645	647
645	657
645	658
645	659
645	687
645	688
645	689
645	690
646	647
646	648
646	656
646	657
646	658
646	687
646	688
646	689
647	648
647	655
647	656
647	657
647	686
647	687
647	688
648	649
648	650
648	653
648	654
648	655
648	656
648	685
648	686
648	687
649	650
649	651
649	652
649	653
649	684
649	685
649	686
650	651
650	652
650	653
650	654
651	652
651	653
651	677
651	678
651	679
652	653
652	675
652	676
652	677
652	678
652	679
653	654
653	655
653	675
653	677
654	655
654	656
655	656
656	657
656	658
657	658
657	659
658	659
658	660
659	660
659	661
660	661
660	662
661	662
662	663
662	664
663	664
663	665
663	667
664	665
664	666
664	667
665	666
665	667
666	667
666	668
667	668
667	669
668	669
668	670
669	670
670	671
670	672
671	672
671	673
672	673
672	674
673	674
673	675
674	675
674	676
675	676
675	677
676	677
676	678
677	678
677	679
678	679
678	680
679	680
680	681
680	682
680	704
680	705
680	706
680	707
681	682
681	683
681	704
681	705
681	706
682	683
682	684
682	702
682	703
682	704
682	705
683	684
683	685
683	702
683	703
683	704
683	705
684	685
684	686
684	700
684	701
684	702
684	703
685	686
685	687
685	700
685	701
685	702
686	687
686	699
686	700
686	701
687	688
687	698
687	699
687	700
688	689
688	690
688	697
688	698
688	699
689	690
689	691
689	695
689	696
689	697
689	698
690	691
690	692
690	694
690	695
690	696
691	692
691	693
691	694
691	695
692	693
692	694
693	694
694	695
695	696
695	697
696	697
696	698
697	698
698	699
699	700
700	701
700	702
701	702
701	703
702	703
702	704
703	704
703	705
704	705
704	706
705	706
705	707
706	707
706	708
707	708
707	709
708	709
