0	1
0	2
0	634
0	636
0	637
1	2
1	3
1	446
1	447
2	3
2	4
2	5
2	446
2	447
3	4
3	5
3	446
3	447
3	448
4	5
4	6
4	7
4	8
5	6
5	7
5	8
5	447
5	455
5	483
6	7
6	8
6	479
6	482
6	483
7	8
7	9
7	482
8	9
8	10
8	482
8	483
9	10
9	11
9	47
9	50
9	51
10	11
10	12
10	50
10	51
11	12
11	13
11	50
11	51
11	52
11	53
12	13
12	14
12	18
12	51
12	52
13	14
13	15
14	15
14	16
14	17
14	18
15	16
15	17
15	18
15	19
16	17
16	18
16	19
16	20
17	18
17	19
17	20
17	21
18	19
18	20
18	21
18	22
18	52
19	20
19	21
19	22
19	23
20	21
20	22
20	23
20	24
21	22
21	23
21	24
21	25
21	52
22	23
22	24
22	25
22	26
22	52
23	24
23	25
23	26
24	25
24	26
24	66
25	26
25	27
25	66
25	67
25	68
26	27
26	66
26	67
27	28
27	29
27	56
27	66
27	67
27	68
28	29
28	30
28	56
28	57
28	58
28	59
28	67
28	68
28	69
29	30
29	31
29	58
29	59
29	60
29	67
29	68
29	69
29	70
30	31
30	32
30	41
30	58
30	59
30	60
30	69
30	70
30	71
31	32
31	33
31	60
31	75
31	76
32	33
32	34
32	37
32	71
32	75
32	76
33	34
33	35
33	37
33	38
34	35
34	36
34	37
34	38
35	36
35	37
35	38
35	39
35	229
36	37
36	38
36	39
36	40
36	116
36	117
36	120
36	229
36	230
37	38
37	39
37	40
37	41
37	116
37	120
38	39
38	40
38	41
38	42
39	40
39	41
39	42
39	43
39	229
39	230
40	41
40	42
40	43
40	44
40	120
40	123
41	42
41	43
41	44
41	45
41	58
42	43
42	44
42	45
42	46
43	44
43	45
43	46
43	47
44	45
44	46
44	47
44	48
44	123
45	46
45	47
45	48
45	49
45	56
45	57
45	58
46	47
46	48
46	49
46	50
47	48
47	49
47	50
47	51
47	127
48	49
48	50
48	51
48	52
48	56
49	50
49	51
49	52
49	53
49	54
49	55
49	56
50	51
50	52
50	53
50	54
51	52
51	53
52	53
52	54
53	54
54	55
54	56
55	56
55	57
56	57
56	58
57	58
57	59
58	59
59	60
59	61
60	61
61	62
61	63
62	63
62	64
63	64
63	65
64	65
64	66
64	67
64	106
65	66
65	67
65	106
65	107
65	108
66	67
66	68
66	106
66	107
66	108
67	68
67	69
67	107
67	108
67	109
68	69
68	70
68	108
68	109
68	110
69	70
69	71
69	108
69	109
69	110
69	111
70	71
70	110
70	111
70	112
70	119
71	72
71	73
71	75
71	76
71	79
71	111
71	112
71	113
71	119
72	73
72	74
72	75
72	76
72	79
72	112
72	113
72	114
72	115
72	116
73	74
73	75
73	76
73	77
73	79
73	80
74	75
74	76
75	76
75	77
76	77
76	78
76	79
76	80
77	78
77	79
77	80
77	81
78	79
78	80
78	81
78	103
79	80
79	81
79	82
79	112
80	81
80	82
80	83
81	82
81	83
82	83
82	84
83	84
83	85
84	85
84	86
84	87
84	88
85	86
85	87
85	88
85	89
86	87
86	88
86	89
86	90
87	88
87	89
87	90
88	89
88	90
88	91
88	97
88	113
89	90
89	91
89	92
89	114
90	91
90	92
91	92
91	93
91	95
91	96
91	143
91	144
92	93
92	94
92	95
92	114
93	94
93	95
93	114
93	115
93	118
94	95
94	96
94	115
94	117
94	118
94	144
94	145
95	96
95	113
95	118
95	143
95	144
95	145
96	97
96	98
96	111
96	112
96	113
96	118
96	119
96	122
96	142
96	143
96	144
97	98
97	99
97	111
97	112
97	113
97	141
97	142
97	143
98	99
98	110
98	111
98	112
98	122
98	139
98	140
98	141
98	142
99	100
99	101
99	109
99	110
99	111
99	139
99	140
99	141
100	101
100	108
100	109
100	110
100	137
100	138
100	139
100	140
101	102
101	103
101	107
101	108
101	109
102	103
102	104
102	105
102	106
102	107
102	108
103	104
103	105
103	106
103	107
103	108
104	105
104	106
105	106
105	107
106	107
106	108
107	108
108	109
108	110
109	110
109	111
110	111
110	112
111	112
111	113
111	119
111	122
111	123
112	113
112	119
113	114
113	115
113	118
113	119
114	115
114	118
115	116
115	117
115	118
115	119
116	117
116	118
116	119
116	120
117	118
117	119
117	120
117	121
117	231
118	119
118	120
118	121
118	122
119	120
119	121
119	122
119	123
120	121
120	122
120	123
120	124
121	122
121	123
121	124
121	125
121	193
121	194
121	196
122	123
122	124
122	125
122	126
123	124
123	125
123	126
123	127
124	125
124	126
124	127
124	128
124	194
125	126
125	127
125	128
125	129
126	127
126	128
126	129
126	130
127	128
127	129
127	130
127	131
128	129
128	130
128	131
128	132
129	130
129	131
129	132
129	133
129	134
130	131
130	132
130	133
130	134
131	132
131	133
131	481
131	482
132	133
132	134
132	478
132	481
132	482
132	486
133	134
133	135
134	135
134	136
135	136
135	137
136	137
136	138
136	139
137	138
137	139
138	139
138	140
139	140
139	141
140	141
140	142
141	142
141	143
142	143
143	144
143	145
144	145
144	146
145	146
145	147
145	466
145	467
146	147
146	148
146	425
146	466
146	467
147	148
147	149
147	150
147	425
147	434
147	435
147	465
147	466
148	149
148	150
148	433
148	434
148	435
149	150
149	151
149	198
149	199
149	434
149	435
149	436
150	151
150	197
150	198
150	199
150	435
150	436
150	437
150	465
151	152
151	153
151	197
151	198
151	199
151	200
151	436
151	437
151	438
152	153
152	154
152	199
152	200
152	201
152	437
152	438
152	439
152	440
153	154
153	155
153	200
153	201
153	202
153	437
153	438
153	439
153	440
154	155
154	156
154	201
154	202
154	203
154	204
154	439
154	440
154	441
155	156
155	157
155	162
155	163
155	203
155	204
155	205
155	441
156	157
156	158
156	160
156	161
156	162
156	163
156	170
156	202
156	203
156	204
157	158
157	159
157	160
157	161
157	162
157	203
157	204
158	159
158	160
159	160
159	161
160	161
160	162
160	169
160	170
161	162
161	163
161	169
161	170
161	701
162	163
162	164
162	165
162	169
162	170
162	441
162	701
163	164
163	165
163	701
164	165
164	166
164	388
165	166
165	167
165	168
165	386
165	441
165	442
166	167
166	168
166	392
166	393
166	450
166	699
167	168
167	393
167	442
167	443
167	444
167	445
167	448
167	449
167	450
168	169
168	170
168	443
168	444
168	445
169	170
169	171
169	443
169	444
170	171
170	172
170	443
170	444
171	172
171	173
171	443
171	444
172	173
172	174
173	174
173	175
173	176
173	177
174	175
174	176
174	177
174	219
175	176
175	177
176	177
176	178
176	179
176	180
177	178
177	179
177	180
177	219
178	179
178	180
178	218
178	219
178	222
179	180
179	181
180	181
180	182
181	182
181	183
182	183
182	184
182	185
183	184
183	185
183	186
183	187
184	185
184	186
184	187
184	188
185	186
185	187
185	188
185	189
185	226
186	187
186	188
186	189
186	190
186	226
186	227
187	188
187	189
187	190
187	191
188	189
188	190
188	191
188	192
189	190
189	191
189	192
189	193
189	227
189	230
190	191
190	192
190	193
190	194
190	230
191	192
191	193
191	194
192	193
192	194
192	195
192	196
192	197
193	194
193	195
193	196
193	197
193	198
193	230
194	195
194	196
195	196
195	197
195	462
195	463
196	197
196	198
196	462
196	466
197	198
197	199
197	232
197	462
198	199
198	231
198	232
198	233
199	200
199	201
199	232
199	233
199	234
200	201
200	202
200	232
200	233
200	234
200	235
201	202
201	203
201	234
201	235
201	236
201	237
202	203
202	235
202	236
203	204
203	205
203	236
203	237
204	205
204	206
204	207
204	237
205	206
205	207
205	237
205	282
205	283
206	207
206	208
206	283
206	289
207	208
207	209
207	237
207	238
207	239
208	209
208	210
208	211
208	239
209	210
209	211
209	212
209	238
209	239
209	242
209	245
210	211
210	212
210	213
210	216
211	212
211	213
211	216
211	217
212	213
212	214
212	216
212	217
213	214
213	215
213	216
213	217
214	215
214	216
214	217
214	218
215	216
215	217
215	218
215	219
216	217
216	218
216	219
216	220
217	218
217	219
217	220
217	221
217	270
217	273
218	219
218	220
218	221
218	222
218	273
219	220
219	221
219	222
219	223
220	221
220	222
220	223
220	224
221	222
221	223
221	224
221	225
221	273
221	274
222	223
222	224
222	225
222	226
223	224
223	225
223	226
223	227
224	225
224	226
224	227
224	228
224	233
224	234
224	274
225	226
225	227
225	228
226	227
226	228
226	229
227	228
227	229
227	230
227	231
227	232
228	229
228	230
228	231
228	232
228	233
229	230
229	231
230	231
230	232
231	232
231	233
232	233
232	234
233	234
233	235
233	276
233	277
233	278
234	235
234	236
234	277
234	278
235	236
235	237
235	277
235	278
235	279
235	280
235	281
236	237
236	238
236	279
236	280
236	281
237	238
237	239
237	280
237	281
237	282
238	239
238	240
238	280
238	281
238	282
239	240
239	241
239	242
239	290
240	241
240	242
240	252
240	284
240	290
240	291
241	242
241	243
241	244
241	245
241	252
241	290
242	243
242	244
242	245
242	246
243	244
243	245
243	246
243	247
243	248
243	249
243	252
243	259
243	262
244	245
244	246
244	247
244	248
244	249
244	250
244	251
244	252
245	246
245	247
246	247
246	248
247	248
247	249
248	249
248	250
249	250
249	251
249	258
249	259
250	251
251	252
251	253
252	253
252	254
252	259
253	254
253	255
253	256
253	259
253	292
253	295
254	255
254	256
254	259
254	260
254	292
254	301
254	302
254	305
255	256
255	257
256	257
256	258
256	259
256	260
257	258
257	259
257	260
257	261
258	259
258	260
258	261
258	262
259	260
259	261
259	262
259	263
260	261
260	262
260	263
260	264
260	305
261	262
261	263
261	264
261	265
262	263
262	264
262	265
262	266
263	264
263	265
263	266
263	267
263	306
263	309
264	265
264	266
264	267
264	268
264	309
265	266
265	267
265	268
265	269
266	267
266	268
266	269
266	270
267	268
267	269
267	270
267	271
267	309
267	310
268	269
268	270
268	271
268	272
269	270
269	271
269	272
269	273
270	271
270	272
270	273
270	274
271	272
271	273
271	274
271	275
271	276
271	277
272	273
272	274
272	275
273	274
273	275
274	275
274	276
274	277
275	276
275	277
276	277
276	278
277	278
277	279
277	315
278	279
278	315
278	316
279	280
279	310
279	315
279	316
279	317
280	281
280	282
280	316
280	317
280	318
281	282
281	283
281	317
281	318
281	319
282	283
282	284
282	318
282	319
282	320
283	284
283	286
283	289
283	319
283	320
284	285
284	286
284	289
284	290
284	291
285	286
285	287
285	288
285	289
285	290
285	291
285	293
285	323
286	287
286	288
286	289
286	322
286	323
286	324
287	288
287	289
288	289
288	290
289	290
289	291
290	291
290	294
291	292
291	293
291	294
292	293
292	294
292	295
292	296
292	297
292	298
292	299
292	302
293	294
293	295
293	296
293	297
293	298
294	295
294	296
295	296
295	297
296	297
296	298
297	298
297	299
297	301
298	299
298	300
298	301
298	302
299	300
299	301
299	302
299	303
300	301
300	302
300	303
300	304
300	342
300	345
300	346
301	302
301	303
301	304
301	305
302	303
302	304
302	305
302	306
303	304
303	305
303	306
303	307
303	317
303	319
303	350
304	305
304	306
304	307
304	308
304	346
304	347
305	306
305	307
305	308
305	309
306	307
306	308
306	309
306	310
307	308
307	309
307	310
307	311
307	316
307	317
307	347
307	349
307	350
308	309
308	310
308	311
309	310
309	311
310	311
310	312
310	313
310	314
310	315
310	316
311	312
311	313
311	314
311	315
312	313
312	314
313	314
313	315
314	315
314	316
315	316
316	317
316	318
316	349
316	350
317	318
317	319
317	349
317	350
317	351
318	319
318	320
318	350
318	351
318	352
318	353
319	320
319	321
319	350
319	351
319	352
319	353
320	321
320	322
320	352
320	353
320	354
321	322
321	323
321	335
321	352
321	353
321	354
322	323
322	324
322	335
322	354
323	324
323	325
323	334
323	335
324	325
324	326
324	331
324	334
324	335
325	326
325	327
325	328
326	327
326	328
326	536
326	538
327	328
327	329
328	329
328	330
328	331
329	330
329	331
330	331
330	332
330	333
330	561
331	332
331	333
331	334
331	538
332	333
332	334
332	358
332	359
333	334
333	335
333	336
333	337
333	563
334	335
334	336
334	337
334	338
335	336
335	337
335	338
335	339
335	358
336	337
336	338
336	339
336	340
336	369
336	370
337	338
337	339
337	340
338	339
338	340
338	341
339	340
339	341
339	342
339	343
340	341
340	342
340	343
340	374
341	342
341	343
342	343
342	344
342	345
343	344
343	345
343	374
343	376
343	377
344	345
344	346
344	376
344	377
345	346
345	347
346	347
346	348
346	350
346	377
347	348
347	349
347	350
348	349
348	350
349	350
349	351
350	351
350	352
350	378
351	352
351	353
351	378
351	379
351	380
351	433
352	353
352	354
352	378
352	379
352	380
353	354
353	355
353	379
353	380
353	381
353	382
354	355
354	356
354	380
354	381
354	382
355	356
355	357
355	358
355	381
355	382
355	383
356	357
356	367
356	368
356	381
356	382
356	383
356	406
357	358
357	359
357	360
357	361
357	365
357	366
357	367
357	368
358	359
358	360
358	368
359	360
359	361
360	361
360	362
361	362
361	363
361	384
362	363
362	364
362	365
362	389
362	515
362	516
363	364
363	365
363	389
363	505
363	506
364	365
364	366
364	506
365	366
365	367
366	367
366	368
367	368
367	369
367	406
368	369
368	370
368	371
369	370
369	371
369	372
369	373
369	566
369	567
370	371
370	372
370	373
370	374
371	372
371	373
371	374
372	373
372	374
372	411
372	413
373	374
373	375
374	375
374	376
374	377
375	376
375	377
375	429
376	377
376	378
377	378
377	379
378	379
378	431
378	432
378	433
378	434
379	380
379	381
379	424
379	434
380	381
380	382
380	424
380	434
380	435
380	436
381	382
381	383
381	435
381	436
381	437
382	383
382	384
382	436
382	437
382	438
383	384
383	385
383	437
383	438
383	439
384	385
384	386
384	438
384	439
384	440
385	386
385	387
385	399
385	438
385	439
385	440
385	457
385	458
386	387
386	388
386	439
386	440
386	441
387	388
387	389
387	390
387	391
387	392
388	389
388	390
388	391
388	392
388	523
389	390
389	391
389	523
390	391
390	392
390	395
390	397
390	505
391	392
391	393
391	394
391	395
391	524
391	525
392	393
392	394
392	395
393	394
393	395
393	450
393	451
394	395
394	396
394	451
394	644
394	647
394	648
395	396
395	397
395	644
395	645
395	648
396	397
396	398
396	453
396	501
396	645
397	398
397	399
397	501
397	502
397	505
398	399
398	400
398	453
398	454
398	456
398	457
398	498
398	499
398	501
398	502
399	400
399	401
399	402
399	403
399	457
399	502
400	401
400	402
400	403
400	404
400	457
400	460
400	472
401	402
401	403
401	404
401	405
401	472
401	499
401	502
402	403
402	404
402	405
402	406
403	404
403	405
403	406
403	407
404	405
404	406
404	407
404	408
404	471
404	472
405	406
405	407
405	408
405	409
406	407
406	408
406	409
406	420
407	408
407	409
407	419
407	420
407	421
407	468
408	409
408	410
408	419
408	420
408	421
409	410
409	411
409	419
409	420
410	411
410	412
410	417
410	418
410	419
410	420
411	412
411	413
411	418
411	419
411	420
411	571
412	413
412	414
412	415
412	416
412	418
412	568
412	570
413	414
413	415
413	418
413	568
414	415
414	416
414	418
414	428
415	416
415	417
415	418
416	417
416	418
417	418
417	419
418	419
418	420
418	422
418	423
418	428
419	420
419	421
419	422
419	423
420	421
420	422
420	423
420	424
421	422
421	423
421	424
421	425
421	468
422	423
422	424
422	425
422	426
422	427
422	428
423	424
423	425
423	426
423	427
423	428
423	429
424	425
424	426
424	434
424	435
425	426
425	427
425	434
426	427
426	428
426	429
426	430
426	431
426	434
427	428
427	429
427	430
428	429
428	430
429	430
429	431
430	431
431	432
431	433
432	433
432	434
433	434
434	435
435	436
435	437
436	437
436	438
436	465
437	438
437	439
438	439
438	440
438	461
439	440
439	441
440	441
440	442
440	458
441	442
441	443
442	443
442	448
442	449
443	444
443	445
443	448
443	449
444	445
444	446
444	448
445	446
445	447
445	448
445	449
445	450
446	447
446	448
447	448
447	449
447	450
447	452
448	449
448	450
449	450
449	451
449	452
449	454
449	455
450	451
450	452
451	452
451	453
451	454
452	453
452	454
452	455
453	454
453	455
453	456
454	455
454	456
454	457
454	458
455	456
455	457
455	458
455	459
456	457
456	458
456	459
456	460
456	476
456	479
457	458
457	459
457	460
457	461
458	459
458	460
458	461
458	462
459	460
459	461
459	462
459	463
459	479
460	461
460	462
460	463
460	464
460	472
460	475
461	462
461	463
461	464
461	465
462	463
462	464
462	465
462	466
463	464
463	465
463	466
463	467
463	475
464	465
464	466
464	467
464	468
464	469
464	470
465	466
465	467
465	468
466	467
466	468
467	468
467	469
467	470
468	469
468	470
469	470
469	471
470	471
470	472
470	474
470	475
471	472
471	473
471	474
471	475
472	473
472	474
472	475
472	476
473	474
473	475
473	476
473	477
473	495
474	475
474	476
474	477
474	478
475	476
475	477
475	478
475	479
476	477
476	478
476	479
476	480
476	495
477	478
477	479
477	480
477	481
477	491
477	495
478	479
478	480
478	481
478	482
479	480
479	481
479	482
479	483
480	481
480	482
480	483
480	484
480	485
480	491
481	482
481	483
481	484
481	485
481	486
482	483
482	484
482	485
483	484
483	485
484	485
484	633
485	486
485	487
485	632
486	487
486	488
486	491
487	488
487	489
487	490
487	491
488	489
488	490
488	491
488	492
489	490
489	491
489	492
490	491
490	492
490	493
490	494
490	629
490	632
491	492
491	493
491	494
491	495
492	493
492	494
492	495
492	496
493	494
493	495
493	496
493	497
493	625
494	495
494	496
494	497
494	498
495	496
495	497
495	498
495	499
496	497
496	498
496	499
496	500
497	498
497	499
497	500
497	501
497	622
498	499
498	500
498	501
499	500
499	501
499	502
500	501
500	502
500	503
500	504
501	502
501	503
501	504
501	505
502	503
502	504
502	505
502	506
503	504
503	505
503	506
503	507
504	505
504	506
504	507
504	508
504	615
504	618
504	619
505	506
505	507
505	508
505	509
505	615
506	507
506	508
506	509
506	510
506	511
507	508
507	509
507	510
507	511
507	611
507	612
507	614
507	615
508	509
508	510
508	612
508	613
508	615
508	616
508	653
508	657
508	658
509	510
509	511
509	612
509	657
509	658
510	511
510	512
510	514
510	515
510	517
511	512
511	513
511	514
511	584
511	611
512	513
512	514
512	583
512	584
512	585
512	586
512	587
513	514
513	515
513	584
513	585
513	586
513	587
513	588
514	515
514	545
514	587
514	588
515	516
515	517
515	544
516	517
516	518
516	541
516	544
517	518
517	519
517	527
517	528
517	529
517	541
518	519
518	520
518	523
518	524
518	525
518	526
518	527
518	528
518	529
519	520
519	521
519	522
519	523
519	524
519	525
519	526
519	527
519	528
520	521
520	522
520	523
521	522
521	523
521	703
522	523
522	524
522	525
522	702
522	703
523	524
523	525
523	526
524	525
524	526
524	697
525	526
525	697
526	527
526	528
526	657
526	691
526	692
527	528
527	529
527	657
527	660
527	661
527	691
527	692
528	529
528	530
528	531
528	691
528	692
529	530
529	531
529	541
529	542
529	661
530	531
530	532
530	541
530	542
530	664
531	532
531	540
531	541
531	542
532	533
532	534
532	540
532	541
532	542
533	534
533	535
533	537
534	535
534	536
534	537
534	539
534	540
535	536
535	537
536	537
536	538
536	539
537	538
537	539
537	540
537	543
538	539
538	540
538	543
539	540
539	541
540	541
540	542
540	543
541	542
541	543
541	544
541	545
542	543
542	544
542	545
542	546
543	544
543	545
543	546
544	545
544	546
544	554
545	546
545	547
545	552
545	553
545	554
546	547
546	548
546	552
546	553
546	554
547	548
547	551
547	552
547	553
547	668
548	549
548	550
548	551
548	552
548	668
548	669
549	550
549	551
549	668
549	669
549	670
550	551
550	593
550	594
550	669
551	552
551	591
551	592
551	593
551	594
552	553
552	591
552	592
552	593
553	554
553	555
553	587
553	588
553	590
553	591
553	592
554	555
554	556
554	587
554	588
554	589
554	590
554	591
555	556
555	557
555	560
555	561
555	589
555	590
555	591
556	557
556	558
556	560
556	561
556	562
556	563
556	564
556	589
556	590
557	558
557	559
557	560
557	561
557	562
557	563
557	564
557	576
557	589
558	559
558	560
558	561
558	562
559	560
559	561
559	562
560	561
560	562
561	562
561	563
562	563
562	564
562	565
563	564
563	565
563	566
564	565
564	566
564	567
564	572
565	566
565	567
565	572
566	567
566	568
567	568
567	569
567	571
567	572
568	569
568	570
568	571
568	572
569	570
569	571
569	572
569	573
570	571
570	572
570	573
570	574
571	572
571	573
571	574
571	575
572	573
572	574
572	575
572	576
573	574
573	575
573	576
573	577
574	575
574	576
574	577
574	580
574	581
575	576
575	577
575	580
575	581
576	577
576	578
576	581
577	578
577	579
577	580
577	581
578	579
578	580
578	581
579	580
579	581
580	581
580	582
581	582
581	583
581	586
582	583
582	584
582	585
582	586
583	584
583	585
583	586
584	585
584	586
585	586
585	587
585	588
586	587
586	588
586	589
586	590
587	588
587	589
587	590
587	591
588	589
588	590
589	590
589	591
590	591
590	592
591	592
592	593
592	594
592	596
593	594
593	595
593	596
594	595
594	596
594	603
594	604
594	605
595	596
595	597
595	603
595	604
596	597
596	598
596	603
596	604
597	598
597	599
597	601
597	602
597	603
597	604
598	599
598	600
598	601
598	602
598	603
598	604
599	600
599	601
600	601
600	602
601	602
601	603
602	603
602	604
602	606
602	607
603	604
603	605
603	606
603	607
604	605
604	606
604	607
604	608
605	606
605	607
605	608
605	609
606	607
606	608
606	609
606	610
607	608
607	609
607	610
607	611
608	609
608	610
608	611
608	612
609	610
609	611
609	612
609	613
609	662
610	611
610	612
610	613
610	614
611	612
611	613
611	614
611	615
612	613
612	614
612	615
612	616
612	658
613	614
613	615
613	616
613	617
613	658
614	615
614	616
614	617
614	618
615	616
615	617
615	618
615	619
616	617
616	618
616	619
616	620
616	649
616	653
616	654
617	618
617	619
617	620
617	621
618	619
618	620
618	621
618	622
619	620
619	621
619	622
619	623
619	649
620	621
620	622
620	623
620	624
620	649
621	622
621	623
621	624
621	625
622	623
622	624
622	625
622	626
623	624
623	625
623	626
623	627
623	642
623	645
624	625
624	626
624	627
624	628
625	626
625	627
625	628
626	627
626	628
626	629
626	642
627	628
627	629
627	630
628	629
628	630
629	630
629	631
629	632
629	633
630	631
630	632
630	633
630	638
631	632
631	633
632	633
632	634
633	634
633	635
633	638
634	635
634	636
634	637
634	638
635	636
635	637
635	638
635	639
636	637
636	638
636	639
636	640
637	638
637	639
637	640
637	641
638	639
638	640
638	641
638	642
639	640
639	641
639	642
639	643
640	641
640	642
640	643
640	644
641	642
641	643
641	644
641	645
642	643
642	644
642	645
642	646
643	644
643	645
643	646
643	647
644	645
644	646
644	647
644	648
645	646
645	647
645	648
645	649
646	647
646	648
646	649
646	650
647	648
647	649
647	650
647	651
647	652
648	649
648	650
648	651
648	652
648	653
649	650
649	651
649	652
649	653
649	654
650	651
650	652
650	653
650	654
650	655
650	656
651	652
651	653
651	654
651	655
651	656
651	657
652	653
652	654
652	655
652	656
652	657
653	654
653	655
653	656
653	657
653	658
654	655
654	656
654	657
654	658
654	659
655	656
655	657
655	658
655	659
655	660
656	657
656	658
656	659
656	660
657	658
657	659
657	660
657	661
658	659
658	660
658	661
658	662
659	660
659	661
659	662
659	663
659	680
660	661
660	662
660	663
660	664
660	684
660	687
661	662
661	663
661	664
661	665
662	663
662	664
662	665
662	666
663	664
663	665
663	666
663	667
663	684
664	665
664	666
664	667
664	668
664	684
665	666
665	667
665	668
665	669
666	667
666	668
666	669
666	670
666	671
666	672
667	668
667	669
667	670
668	669
668	670
669	670
669	671
670	671
670	672
671	672
671	673
672	673
672	674
673	674
673	675
674	675
674	676
674	677
675	676
675	677
676	677
676	678
677	678
677	679
678	679
678	680
679	680
679	681
680	681
680	682
681	682
682	683
682	686
683	684
683	685
683	686
683	687
684	685
684	686
684	687
684	688
685	686
685	687
685	688
685	689
686	687
686	688
686	689
686	690
687	688
687	689
687	690
687	691
687	692
688	689
688	690
688	691
688	692
688	693
689	690
689	691
689	692
689	693
689	694
690	691
690	692
690	693
690	694
690	695
691	692
691	693
691	694
691	695
692	693
692	694
692	695
693	694
693	695
694	695
694	696
695	696
695	697
696	697
696	698
697	698
697	699
698	699
698	700
699	700
699	701
700	701
700	702
701	702
701	703
702	703
702	704
703	704
