0	1
0	2
0	125
0	126
0	127
0	128
0	167
0	168
0	169
1	2
1	3
1	125
1	126
1	167
1	168
1	169
1	170
1	171
1	172
1	173
2	3
2	4
2	122
2	125
2	126
2	165
2	166
2	167
2	168
2	171
2	172
2	173
3	4
3	5
3	165
3	166
3	167
3	168
3	171
3	172
3	173
4	5
4	6
4	163
4	164
4	165
4	166
4	172
5	6
5	65
5	164
5	165
5	166
6	7
6	8
6	61
6	62
6	64
6	65
6	163
6	164
7	8
7	60
7	61
7	64
7	162
7	163
7	164
7	284
8	9
8	57
8	58
8	60
8	61
8	161
8	162
8	163
8	284
9	10
9	11
9	57
9	60
9	160
9	161
9	162
9	281
9	284
10	11
10	12
10	53
10	56
10	57
10	159
10	160
10	161
11	12
11	13
11	42
11	159
11	160
12	13
12	14
12	42
12	43
12	44
12	159
13	14
13	15
13	42
14	15
14	16
14	42
14	43
14	44
15	16
15	17
15	40
15	41
15	42
15	43
16	17
16	18
16	20
16	40
16	41
16	42
16	43
17	18
17	19
17	20
17	21
17	39
17	40
17	41
18	19
18	20
18	21
18	22
18	29
18	39
18	40
19	20
19	21
19	22
19	29
20	21
20	22
20	23
20	24
21	22
21	23
21	24
21	25
21	154
22	23
22	24
22	25
22	26
22	27
22	28
23	24
23	25
24	25
24	148
25	26
25	27
25	148
25	150
26	27
26	150
27	28
27	31
27	150
28	29
28	30
28	31
28	32
29	30
29	31
29	32
29	33
30	31
30	32
30	33
30	34
31	32
31	33
31	34
31	35
32	33
32	34
32	35
32	36
32	37
32	38
33	34
33	35
33	36
33	37
33	38
33	39
34	35
34	36
34	37
35	36
35	37
36	37
36	38
36	246
36	247
37	38
37	39
37	246
37	247
37	269
38	39
38	40
38	268
38	269
38	270
38	272
39	40
39	269
39	270
40	41
40	42
40	269
40	270
40	271
40	272
41	42
41	43
41	157
41	270
41	271
41	272
42	43
42	44
42	157
42	158
42	271
43	44
43	45
43	142
43	157
43	158
44	45
44	46
44	48
44	140
44	158
45	46
45	47
45	48
46	47
46	48
47	48
47	49
48	49
48	52
48	53
49	50
49	51
49	52
49	53
49	82
49	83
50	51
50	52
50	53
50	54
50	81
50	82
50	89
50	138
50	139
50	140
51	52
51	53
51	54
51	55
51	89
51	92
51	93
52	53
52	54
52	55
52	56
53	54
53	55
53	56
53	57
53	138
53	159
53	160
54	55
54	56
54	57
54	58
54	93
54	136
54	138
54	160
54	161
55	56
55	57
55	58
55	59
55	93
55	96
56	57
56	58
56	59
56	60
57	58
57	59
57	60
57	61
57	160
57	161
57	162
58	59
58	60
58	61
58	62
58	136
58	162
59	60
59	61
59	62
59	63
60	61
60	62
60	63
60	64
61	62
61	63
61	64
61	65
61	162
61	163
61	164
62	63
62	64
62	65
62	66
62	67
62	69
62	164
63	64
63	65
63	66
64	65
64	66
65	66
65	67
65	164
66	67
66	68
67	68
67	69
67	71
68	69
68	70
68	71
69	70
69	71
69	72
70	71
70	72
70	99
71	72
71	73
71	132
72	73
72	74
72	132
72	133
72	134
73	74
73	102
73	103
73	130
73	131
73	132
73	133
74	75
74	76
74	102
74	103
74	104
74	130
74	133
74	134
75	76
75	77
75	90
75	103
75	104
75	105
75	133
75	134
75	135
76	77
76	78
76	90
76	104
76	105
76	106
76	117
76	134
76	135
76	136
77	78
77	79
77	89
77	90
77	105
77	106
77	107
77	117
77	135
77	136
77	137
78	79
78	106
78	107
78	108
78	113
78	114
78	117
78	136
78	137
78	138
78	276
79	80
79	81
79	82
79	106
79	107
79	108
79	110
79	113
79	137
79	138
79	139
79	276
80	81
80	82
80	108
80	110
80	139
81	82
81	83
81	139
81	140
81	141
82	83
82	84
82	89
83	84
84	85
84	86
84	87
84	88
85	86
85	87
85	88
86	87
86	88
87	88
87	89
87	91
87	92
88	89
88	90
88	91
88	92
88	105
88	106
89	90
89	91
89	92
89	93
89	106
90	91
90	92
90	93
90	94
90	104
90	105
90	106
91	92
91	93
91	94
91	95
91	104
91	105
92	93
92	94
92	95
92	96
93	94
93	95
93	96
93	97
94	95
94	96
94	97
94	98
94	99
94	100
95	96
95	97
95	98
95	99
96	97
96	98
97	98
97	99
98	99
98	100
99	100
100	101
100	102
101	102
101	103
102	103
102	104
103	104
103	105
104	105
105	106
105	107
106	107
106	108
107	108
107	109
107	113
107	117
108	109
108	110
108	113
109	110
109	111
109	112
109	113
109	116
109	306
109	308
110	111
110	112
110	113
110	275
110	276
110	304
110	305
111	112
111	113
111	275
111	276
111	302
111	303
111	304
111	305
112	113
112	114
112	115
112	116
112	276
112	302
112	303
112	304
112	308
112	309
112	310
113	114
113	115
113	116
113	117
113	137
113	276
114	115
114	116
114	117
114	118
114	137
114	276
115	116
115	117
115	118
115	119
115	301
115	302
115	310
115	311
115	312
116	117
116	118
116	119
116	120
116	178
116	310
117	118
117	119
117	120
117	121
117	135
118	119
118	120
118	121
118	122
118	135
119	120
119	121
119	122
119	123
119	176
120	121
120	122
120	123
120	124
121	122
121	123
121	124
121	125
121	133
122	123
122	124
122	125
122	126
123	124
123	125
123	126
123	127
124	125
124	126
124	127
124	128
124	129
124	130
125	126
125	127
125	128
125	129
125	130
125	131
125	166
125	167
126	127
126	128
126	167
127	128
127	129
128	129
128	130
128	131
129	130
129	131
130	131
130	132
130	133
131	132
131	133
131	166
131	167
132	133
132	134
132	164
132	165
132	166
132	167
133	134
133	135
133	164
133	165
133	166
134	135
134	136
134	163
134	164
134	165
135	136
135	137
135	162
135	163
135	164
136	137
136	138
136	161
136	162
136	163
137	138
137	139
137	160
137	161
137	162
137	276
137	277
137	280
138	139
138	159
138	160
138	161
138	276
138	277
139	140
139	141
139	158
139	159
139	160
139	274
139	275
139	276
139	277
140	141
140	142
140	143
140	157
140	158
140	159
141	142
141	143
141	144
141	145
141	156
141	157
141	158
141	274
142	143
142	144
142	145
142	153
142	156
142	157
142	158
143	144
143	145
144	145
144	146
144	203
144	204
145	146
145	147
145	152
145	153
145	203
145	204
146	147
146	148
146	149
146	153
146	203
146	204
147	148
147	149
147	153
148	149
148	150
149	150
149	151
149	152
149	153
150	151
150	152
150	153
150	154
151	152
151	153
151	154
152	153
152	154
152	155
152	156
153	154
153	155
153	156
154	155
154	156
155	156
155	157
155	272
155	273
156	157
156	158
156	272
156	273
156	274
157	158
157	159
157	271
157	272
157	273
157	274
158	159
158	274
159	160
159	161
159	274
159	277
160	161
160	162
160	277
160	281
161	162
161	277
161	280
161	281
162	163
162	164
162	280
163	164
163	165
164	165
164	166
165	166
166	167
166	168
167	168
168	169
168	170
169	170
170	171
170	172
171	172
171	173
171	174
171	315
172	173
172	174
172	314
172	315
172	316
173	174
173	175
173	312
173	313
173	314
173	315
174	175
174	313
174	314
174	315
175	176
175	177
175	312
175	313
176	177
176	178
176	311
176	312
176	313
177	178
177	179
177	226
177	310
177	311
177	312
178	179
178	309
178	310
178	311
179	180
179	308
179	309
179	310
180	181
180	182
180	306
180	307
180	308
180	309
181	182
181	183
181	184
181	306
181	307
181	308
182	183
182	184
182	185
182	306
182	307
183	184
183	185
184	185
184	186
184	187
184	306
184	307
185	186
185	187
185	188
185	189
185	305
185	306
185	307
186	187
186	188
186	189
187	188
187	189
187	206
187	207
187	211
188	189
188	205
188	206
188	207
188	305
189	190
189	191
189	204
189	205
189	206
189	305
190	191
190	192
190	202
190	203
190	204
190	205
191	192
191	193
191	202
191	203
192	193
192	194
192	202
193	194
193	195
193	202
194	195
194	196
194	197
194	198
194	200
195	196
195	197
195	198
196	197
196	198
197	198
197	199
197	200
198	199
198	200
199	200
199	201
200	201
200	202
201	202
201	203
202	203
202	204
203	204
203	205
204	205
204	206
205	206
206	207
206	208
207	208
207	209
207	210
207	211
208	209
208	210
208	211
208	212
209	210
209	211
209	212
209	213
210	211
210	212
210	213
210	214
211	212
211	213
211	214
211	215
212	213
212	214
212	215
212	216
213	214
213	215
213	216
213	217
214	215
214	216
214	217
214	218
215	216
215	217
215	218
215	219
215	303
216	217
216	218
216	219
216	220
216	249
216	252
216	253
217	218
217	219
217	220
217	221
218	219
218	220
218	221
218	222
219	220
219	221
219	222
219	223
219	253
220	221
220	222
220	223
220	224
220	253
220	256
221	222
221	223
221	224
221	225
222	223
222	224
222	225
222	226
222	311
223	224
223	225
223	226
223	227
224	225
224	226
224	227
224	228
225	226
225	227
225	228
225	229
226	227
226	228
226	229
226	230
227	228
227	229
227	230
227	231
227	232
227	233
227	234
228	229
228	230
228	231
228	232
229	230
229	231
230	231
230	232
231	232
231	233
232	233
232	234
232	236
233	234
233	235
233	236
234	235
234	236
234	237
234	257
235	236
235	237
236	237
236	238
237	238
237	239
237	297
237	298
238	239
238	263
238	296
238	297
238	298
239	240
239	241
239	263
239	264
239	297
239	298
239	299
240	241
240	242
240	263
240	264
240	265
240	298
240	299
240	300
241	242
241	243
241	264
241	265
241	279
241	282
241	283
241	299
241	300
241	301
242	243
242	244
242	250
242	279
242	300
242	301
242	302
243	244
243	245
243	278
243	279
243	301
243	302
244	245
244	246
244	267
244	268
244	273
244	278
245	246
245	247
245	273
246	247
246	248
246	249
246	250
247	248
247	249
247	250
247	251
248	249
248	250
248	251
248	252
249	250
249	251
249	252
249	253
250	251
250	252
250	253
250	254
251	252
251	253
251	254
251	255
252	253
252	254
252	255
252	256
253	254
253	255
253	256
253	257
254	255
254	256
254	257
254	258
254	259
254	260
254	261
255	256
255	257
255	258
255	259
256	257
256	258
257	258
257	259
258	259
258	260
259	260
259	261
259	263
260	261
260	262
260	263
261	262
261	263
261	264
262	263
262	264
263	264
263	265
264	265
264	266
265	266
265	267
265	282
265	286
266	267
266	268
267	268
267	269
267	270
267	271
267	282
268	269
268	270
268	271
268	272
268	273
269	270
269	271
269	272
270	271
270	272
271	272
271	273
271	274
272	273
272	274
273	274
273	275
273	278
274	275
274	276
274	277
274	278
275	276
275	277
275	278
276	277
276	278
276	279
277	278
277	279
277	280
277	281
278	279
278	280
278	281
278	282
279	280
279	281
279	282
279	283
280	281
280	282
280	283
280	284
281	282
281	283
281	284
281	285
282	283
282	284
282	285
282	286
283	284
283	285
283	286
283	287
284	285
284	286
284	287
284	288
285	286
285	287
285	288
285	289
286	287
286	288
286	289
286	290
286	291
286	292
287	288
287	289
287	290
287	291
287	292
288	289
288	290
289	290
289	291
290	291
290	292
290	293
291	292
291	293
292	293
292	296
293	294
293	295
293	296
293	316
294	295
294	296
294	316
295	296
295	297
295	315
295	316
296	297
296	298
296	315
296	316
297	298
297	299
297	314
297	315
297	316
298	299
298	300
298	313
298	314
298	315
299	300
299	301
299	312
299	313
299	314
300	301
300	311
300	312
300	313
301	302
301	310
301	311
301	312
302	303
302	304
302	309
302	310
302	311
303	304
303	308
303	309
303	310
304	305
304	306
304	307
304	308
304	309
305	306
305	307
305	308
306	307
306	308
307	308
307	309
308	309
309	310
310	311
311	312
311	313
312	313
312	314
313	314
313	315
314	315
314	316
315	316
