0	1
0	2
1	2
1	93
1	94
2	3
2	4
2	44
2	45
2	93
2	94
2	95
3	4
3	5
3	44
3	45
3	46
3	47
3	93
3	94
3	95
3	96
4	5
4	6
4	39
4	44
4	46
4	47
4	48
4	95
4	96
4	97
5	6
5	7
5	47
5	48
5	49
5	96
5	97
5	98
6	7
6	8
6	48
6	49
6	50
6	97
6	98
6	99
6	100
7	8
7	9
7	49
7	50
7	51
7	98
7	99
7	100
8	9
8	10
8	22
8	49
8	50
8	51
8	99
8	100
9	10
9	11
9	50
9	51
9	52
9	53
9	72
10	11
10	12
10	52
10	75
11	12
11	13
12	13
12	14
12	15
12	21
12	223
13	14
13	15
13	16
14	15
14	16
14	223
14	224
15	16
15	17
15	223
15	224
15	225
16	17
17	18
17	19
18	19
18	20
19	20
19	21
19	23
20	21
20	22
20	23
20	54
21	22
21	23
21	24
22	23
22	24
22	30
22	31
22	32
22	100
22	101
23	24
23	25
23	30
23	31
23	32
24	25
24	26
24	30
24	31
25	26
25	27
25	28
25	29
25	30
25	31
26	27
26	28
26	29
26	30
26	31
26	232
27	28
27	29
27	232
27	258
27	259
28	29
28	259
28	260
29	30
29	31
29	33
30	31
30	32
30	33
30	34
31	32
31	33
31	34
31	100
31	101
31	103
32	33
32	34
32	35
32	36
32	100
32	101
32	103
33	34
33	35
33	36
33	37
34	35
34	36
34	37
34	38
34	103
35	36
35	37
35	38
35	39
35	100
35	103
36	37
36	38
36	39
36	40
37	38
37	39
37	40
37	41
38	39
38	40
38	41
38	42
38	106
38	107
39	40
39	41
39	42
39	43
39	44
40	41
40	42
40	43
40	44
41	42
41	43
42	43
42	44
42	107
43	44
43	45
44	45
44	46
44	47
45	46
45	47
45	66
46	47
46	48
46	66
46	67
47	48
47	49
47	66
47	67
47	68
48	49
48	50
48	67
48	68
48	69
48	70
48	85
49	50
49	51
49	67
49	68
49	69
49	70
50	51
50	69
50	70
50	71
50	72
50	81
51	52
51	53
51	55
51	70
51	71
51	72
52	53
52	55
52	71
52	72
52	73
53	54
53	55
54	55
54	56
54	57
54	58
55	56
55	57
55	58
55	59
56	57
56	58
56	59
56	60
57	58
57	59
57	60
57	61
58	59
58	60
58	61
58	62
59	60
59	61
59	62
59	63
60	61
60	62
61	62
61	63
62	63
62	64
63	64
63	65
64	65
64	66
64	67
65	66
65	67
66	67
66	68
67	68
67	69
68	69
68	70
69	70
69	71
70	71
70	72
70	84
70	85
71	72
71	73
72	73
72	74
72	75
72	81
72	84
73	74
73	75
74	75
74	76
75	76
75	77
76	77
76	80
76	191
76	192
77	78
77	79
77	80
77	81
77	191
77	192
77	193
78	79
78	80
78	81
78	82
78	192
78	193
78	194
79	80
79	81
79	82
79	83
79	192
79	193
79	194
80	81
80	82
80	83
80	84
80	192
81	82
81	83
81	84
81	85
82	83
82	84
82	85
82	86
83	84
83	85
83	86
83	180
84	85
84	86
84	87
85	86
85	87
85	88
86	87
86	88
86	89
86	177
87	88
87	89
88	89
88	90
89	90
89	91
89	173
90	91
90	92
90	93
90	173
90	174
91	92
91	93
91	172
91	173
91	174
92	93
92	172
92	173
93	94
93	95
93	172
93	173
94	95
94	96
94	170
94	171
94	172
94	173
95	96
95	97
95	170
95	171
95	172
95	173
96	97
96	98
96	169
96	170
96	171
97	98
97	168
97	169
97	170
98	99
98	100
98	168
99	100
99	101
99	102
100	101
100	102
100	103
101	102
101	103
101	221
101	222
102	103
102	104
102	105
102	219
102	220
102	221
102	222
103	104
103	105
104	105
104	106
104	217
104	218
104	219
105	106
105	107
105	218
105	219
106	107
106	108
106	109
106	110
106	218
107	108
107	109
107	110
107	111
108	109
108	110
108	111
108	112
109	110
109	111
109	112
109	113
109	213
109	214
110	111
110	112
110	113
110	114
111	112
111	113
111	114
111	115
112	113
112	114
112	115
112	116
113	114
113	115
113	116
113	117
113	123
113	125
113	211
114	115
114	116
114	117
114	123
115	116
115	117
116	117
116	118
116	123
116	209
117	118
117	119
117	121
117	122
117	123
117	170
117	209
118	119
118	120
118	121
118	122
118	123
118	207
118	208
118	209
119	120
119	121
120	121
120	172
120	206
121	122
121	123
121	171
121	206
121	207
121	208
122	123
122	124
122	169
122	170
122	171
122	207
122	208
122	209
123	124
123	125
123	169
123	170
123	171
123	208
123	209
123	210
124	125
124	126
124	168
124	169
124	170
124	208
124	209
124	210
124	211
125	126
125	165
125	166
125	168
125	169
125	210
125	211
125	212
126	127
126	128
126	163
126	164
126	165
126	166
126	210
126	211
126	212
127	128
127	129
127	163
127	164
127	165
127	166
127	212
128	129
128	130
128	162
128	163
128	164
129	130
129	131
129	132
129	162
129	163
130	131
130	132
130	162
131	132
131	133
132	133
132	134
132	135
132	162
132	164
133	134
133	135
133	151
134	135
134	136
134	151
135	136
135	137
135	150
135	151
135	164
135	165
136	137
136	138
136	148
136	149
136	150
136	151
136	164
136	165
137	138
137	139
137	148
137	149
137	150
137	151
137	161
137	163
137	164
137	165
138	139
138	140
138	145
138	147
138	148
138	149
138	163
138	164
138	165
139	140
139	141
139	145
139	146
139	147
139	148
140	141
140	142
140	143
140	144
140	145
140	146
141	142
141	143
141	144
141	145
141	146
142	143
142	144
143	144
143	145
144	145
144	146
145	146
145	147
145	208
146	147
146	198
146	199
146	202
147	148
147	149
147	198
147	199
148	149
148	150
148	195
148	196
148	198
149	150
149	151
149	153
149	154
150	151
150	152
150	153
150	154
151	152
151	153
151	154
151	159
152	153
152	154
152	188
153	154
153	155
153	188
154	155
154	156
154	158
154	159
155	156
155	157
155	158
155	159
156	157
156	158
156	159
156	160
157	158
157	159
157	160
158	159
158	160
158	161
159	160
159	161
160	161
160	162
161	162
161	163
162	163
162	164
163	164
164	165
164	166
165	166
165	167
166	167
166	168
166	219
167	168
167	169
168	169
169	170
169	171
170	171
171	172
171	173
171	176
172	173
172	174
172	175
172	176
173	174
173	175
173	176
173	177
174	175
174	176
174	177
174	178
175	176
175	177
175	178
175	179
176	177
176	178
176	179
176	180
177	178
177	179
177	180
177	181
178	179
178	180
178	181
178	182
179	180
179	181
179	182
179	183
179	197
179	200
180	181
180	182
180	183
180	197
181	182
181	183
182	183
182	184
183	184
183	185
183	192
184	185
184	186
184	192
185	186
185	187
185	190
185	191
185	192
186	187
186	190
187	188
187	189
187	190
187	191
188	189
188	190
189	190
189	191
190	191
191	192
191	193
192	193
192	194
193	194
193	195
193	196
194	195
194	196
194	197
195	196
195	197
195	198
196	197
196	198
196	199
196	200
197	198
197	199
197	200
197	201
198	199
198	200
198	201
198	202
199	200
199	201
199	202
199	203
200	201
200	202
200	203
200	204
201	202
201	203
201	204
201	205
201	206
202	203
202	204
202	205
202	206
202	207
203	204
203	205
204	205
204	206
205	206
205	207
206	207
206	208
207	208
207	209
208	209
208	210
209	210
209	211
210	211
210	212
211	212
211	213
212	213
212	214
213	214
213	215
213	216
213	218
214	215
215	216
215	217
215	218
216	217
216	218
216	219
216	220
217	218
217	219
217	220
218	219
218	220
219	220
219	221
220	221
220	222
221	222
221	223
222	223
222	224
222	227
222	228
223	224
223	227
224	225
224	226
224	227
224	228
225	226
225	227
225	228
225	229
226	227
226	228
226	229
226	230
227	228
227	229
227	230
227	231
228	229
228	230
228	231
228	232
229	230
229	231
229	232
229	233
230	231
230	232
230	233
230	234
231	232
231	233
231	234
231	235
232	233
232	234
232	235
232	236
233	234
233	235
233	236
233	237
234	235
234	236
234	237
234	238
235	236
235	237
235	238
235	239
236	237
236	238
236	239
236	240
236	257
236	258
237	238
237	239
237	240
237	241
237	254
238	239
238	240
238	241
238	242
239	240
239	241
239	242
239	243
240	241
240	242
240	243
240	244
240	253
241	242
241	243
241	244
241	245
242	243
242	244
242	245
242	246
243	244
243	245
243	246
243	247
243	248
244	245
244	246
244	247
244	248
244	249
244	250
245	246
245	247
246	247
246	248
247	248
247	249
247	266
247	267
248	249
248	250
248	267
248	268
248	269
249	250
249	251
249	268
249	269
249	270
250	251
250	252
250	253
250	269
250	270
250	271
251	252
251	253
251	270
251	271
251	272
252	253
252	254
252	255
252	256
252	271
252	272
253	254
253	255
253	256
254	255
254	256
255	256
255	257
255	272
255	273
256	257
256	258
256	272
256	273
256	274
256	275
257	258
257	259
257	274
257	275
257	276
258	259
258	260
258	275
258	276
258	277
259	260
259	276
259	277
259	278
260	261
260	262
260	276
260	277
260	278
260	279
261	262
261	263
261	278
261	279
261	280
262	263
262	264
262	279
262	280
262	281
263	264
263	280
263	281
263	282
264	265
264	266
264	281
264	282
264	283
265	266
265	267
265	268
265	282
265	283
265	284
266	267
266	268
266	284
266	285
267	268
267	269
267	284
267	285
268	269
268	270
268	284
268	285
268	286
268	287
269	270
269	271
269	286
269	287
269	288
270	271
270	272
270	287
270	288
270	289
271	272
271	273
271	274
271	288
271	289
271	290
272	273
272	274
272	290
272	291
273	274
273	275
273	290
273	291
274	275
274	276
274	290
274	291
274	292
274	293
275	276
275	277
275	292
275	293
275	294
276	277
276	293
276	294
276	295
277	278
277	279
277	294
277	295
277	296
278	279
278	280
278	295
278	296
279	280
279	281
279	295
279	296
279	297
280	281
280	282
280	295
280	296
280	297
280	298
281	282
281	283
281	297
281	298
281	299
282	283
282	284
282	286
282	298
282	299
282	300
283	284
283	285
283	286
283	299
283	300
283	301
284	285
284	286
284	301
284	302
285	286
285	287
285	301
285	302
286	287
286	288
286	301
286	302
286	303
286	304
287	288
287	289
287	303
287	304
287	305
288	289
288	290
288	304
288	305
288	306
289	290
289	291
289	292
289	305
289	306
289	307
290	291
290	292
290	307
290	308
291	292
291	293
291	307
291	308
292	293
292	294
292	307
292	308
292	309
292	310
293	294
293	295
293	309
293	310
293	311
294	295
294	296
294	297
294	310
294	311
294	312
295	296
295	297
295	311
295	312
295	313
296	297
296	312
296	313
297	298
297	299
297	312
297	313
297	314
297	315
298	299
298	300
298	314
298	315
298	316
299	300
299	301
299	303
299	315
299	316
299	317
300	301
300	302
300	303
300	316
300	317
300	318
301	302
301	303
301	318
301	319
302	303
302	304
302	318
302	319
303	304
303	305
303	318
303	319
303	320
303	321
304	305
304	306
304	320
304	321
304	322
305	306
305	307
305	321
305	322
305	323
306	307
306	308
306	309
306	322
306	323
306	324
307	308
307	309
307	323
307	324
307	325
308	309
308	310
308	324
308	325
309	310
309	311
309	323
309	324
309	325
309	326
309	327
310	311
310	312
310	326
310	327
310	328
311	312
311	313
311	314
311	327
311	328
311	329
312	313
312	314
312	328
312	329
312	330
313	314
313	315
313	329
313	330
313	331
314	315
314	316
314	328
314	329
314	330
314	331
314	332
314	333
315	316
315	317
315	332
315	333
315	334
316	317
316	318
316	320
316	333
316	334
316	335
317	318
317	319
317	320
317	334
317	335
317	336
318	319
318	320
318	336
318	337
319	320
319	321
319	336
319	337
320	321
320	322
320	336
320	337
320	338
320	339
321	322
321	323
321	338
321	339
321	340
322	323
322	324
322	326
322	339
322	340
322	341
323	324
323	325
323	326
323	340
323	341
323	342
324	325
324	326
324	341
324	342
325	326
325	327
325	342
325	343
326	327
326	328
326	341
326	342
326	343
326	344
326	345
327	328
327	329
327	344
327	345
327	346
328	329
328	330
328	332
328	345
328	346
328	347
329	330
329	331
329	332
329	346
329	347
330	331
330	332
330	347
330	348
331	332
331	333
331	347
331	348
331	349
332	333
332	334
332	346
332	347
332	348
332	349
332	350
333	334
333	335
333	349
333	350
333	351
334	335
334	336
334	338
334	350
334	351
334	352
335	336
335	337
335	338
335	351
335	352
335	353
336	337
336	338
336	353
336	354
337	338
337	339
337	353
337	354
338	339
338	340
338	351
338	352
338	353
338	354
338	355
338	356
339	340
339	341
339	355
339	356
339	357
340	341
340	344
340	356
340	357
340	358
341	342
341	343
341	344
341	357
341	358
341	359
342	343
342	344
342	358
342	359
342	360
343	344
343	345
343	359
343	360
343	361
344	345
344	346
344	359
344	360
344	361
344	362
345	346
345	347
345	361
345	362
345	363
346	347
346	348
346	349
346	362
346	363
346	364
347	348
347	349
347	363
347	364
347	365
348	349
348	350
348	364
348	365
348	366
349	350
349	351
349	363
349	364
349	365
349	366
349	367
350	351
350	352
350	366
350	367
350	368
351	352
351	353
351	355
351	367
351	368
351	369
352	353
352	354
352	355
352	368
352	369
352	370
353	354
353	355
353	370
353	371
354	355
354	356
354	370
354	371
355	356
355	357
355	370
355	371
355	372
355	373
356	357
356	358
356	372
356	373
356	374
357	358
357	359
357	361
357	373
357	374
357	375
358	359
358	374
358	375
358	376
359	360
359	361
359	376
359	377
360	361
360	376
360	377
361	362
361	363
361	376
361	377
361	378
361	379
362	363
362	364
362	378
362	379
362	380
363	364
363	365
363	366
363	379
363	380
364	365
364	366
364	380
364	382
365	366
365	382
365	389
365	390
365	391
366	367
366	368
366	390
366	391
366	392
367	368
367	369
367	391
367	392
367	393
368	369
368	370
368	392
368	393
368	394
369	370
369	371
369	372
369	393
369	394
369	395
370	371
370	372
370	395
370	396
371	372
371	373
371	395
371	396
372	373
372	374
372	395
372	396
372	397
372	398
373	374
373	375
373	397
373	398
373	399
374	375
374	376
374	378
374	398
374	399
374	400
375	376
375	377
375	378
375	399
375	400
375	401
376	377
376	378
376	401
376	402
377	378
377	379
377	401
377	402
377	403
378	379
378	380
378	401
378	402
378	403
378	404
379	380
379	381
379	403
379	404
379	405
380	381
380	382
380	404
380	405
380	406
380	407
381	382
381	383
381	404
381	405
381	406
381	407
382	383
382	384
382	388
382	389
382	390
382	406
382	407
383	384
383	385
383	386
383	387
383	388
383	389
384	385
384	386
384	387
384	388
385	386
385	387
386	387
386	388
387	388
387	389
388	389
389	390
389	391
389	407
389	408
390	391
390	392
390	407
390	408
391	392
391	393
391	407
391	408
391	409
391	410
392	393
392	394
392	409
392	410
392	411
393	394
393	395
393	397
393	410
393	411
393	412
394	395
394	396
394	397
394	411
394	412
394	413
395	396
395	397
395	413
395	414
396	397
396	398
396	413
396	414
397	398
397	399
397	413
397	414
397	415
397	416
398	399
398	400
398	415
398	416
398	417
399	400
399	401
399	416
399	417
400	401
400	402
400	403
400	417
400	418
400	419
400	420
401	402
401	403
401	419
401	420
402	403
402	404
402	419
402	420
403	404
403	405
403	419
403	420
403	421
403	422
404	405
404	406
404	421
404	422
404	423
405	406
405	407
405	422
405	423
405	424
406	407
406	408
406	409
406	423
406	424
407	408
407	409
408	409
409	410
409	411
409	424
409	425
409	426
410	411
410	412
410	426
410	427
411	412
411	413
411	415
411	426
411	427
411	428
412	413
412	414
412	415
412	427
412	428
412	429
413	414
413	415
413	429
413	430
414	415
414	416
414	429
414	430
415	416
415	417
415	428
415	429
415	430
415	431
415	432
416	417
416	418
416	431
416	432
416	433
417	418
417	419
417	421
417	432
417	433
417	434
418	419
418	420
418	421
418	432
418	433
418	434
419	420
419	421
420	421
420	422
421	422
421	423
421	434
421	435
421	436
422	423
422	424
422	435
423	424
423	425
424	425
424	426
425	426
425	427
426	427
426	428
427	428
427	429
427	431
427	433
428	429
428	430
428	431
429	430
429	431
430	431
430	432
431	432
431	433
432	433
432	434
433	434
434	435
434	436
435	436
436	437
436	438
437	438
437	439
438	439
438	440
439	440
439	441
440	441
441	442
441	443
442	443
442	444
442	445
443	444
443	445
444	445
444	446
445	446
445	447
446	447
446	448
447	448
