0	1
0	2
0	168
0	169
1	2
1	3
1	168
2	3
2	4
2	168
2	169
2	170
3	4
3	5
3	169
3	170
4	5
4	6
4	38
4	39
4	40
4	169
4	170
4	171
5	6
5	36
5	37
5	38
5	39
5	170
5	171
5	172
6	7
6	8
6	36
6	37
6	38
6	171
6	172
6	173
6	174
7	8
7	9
7	10
7	35
7	36
7	37
7	172
7	173
7	174
8	9
8	10
8	35
8	36
8	174
9	10
9	11
9	14
9	15
9	35
10	11
10	12
10	148
10	149
10	150
10	174
11	12
11	13
11	14
11	15
11	147
11	148
11	149
11	174
11	175
11	176
12	13
12	14
12	15
12	16
12	147
12	148
12	149
13	14
13	15
13	16
13	17
13	176
13	177
14	15
14	16
14	17
14	18
14	176
14	177
15	16
15	17
15	18
15	19
16	17
16	18
16	19
17	18
17	19
18	19
18	20
18	21
18	22
19	20
19	21
19	22
20	21
20	22
20	23
21	22
21	23
21	24
22	23
22	24
22	27
22	28
22	29
22	30
23	24
23	27
23	28
23	29
23	30
24	25
24	26
24	27
24	28
25	26
25	27
25	28
26	27
26	28
27	28
27	29
27	30
27	102
27	307
28	29
29	30
29	31
30	31
30	32
31	32
31	33
31	34
31	308
32	33
33	34
33	35
34	35
34	36
35	36
35	308
35	309
36	37
36	312
36	313
37	38
37	39
38	39
38	40
39	40
39	41
39	43
39	110
39	115
40	41
40	42
40	43
40	110
40	223
41	42
41	43
41	44
42	43
42	44
42	112
42	113
42	212
42	375
43	44
43	45
43	110
43	111
43	112
43	113
43	114
43	115
44	45
44	113
44	114
44	115
44	116
44	117
45	46
45	47
45	49
45	113
45	115
45	116
45	117
46	47
46	48
46	49
46	116
46	117
46	118
47	48
47	49
47	116
47	117
47	118
47	198
47	199
47	200
48	49
48	50
48	199
48	200
48	201
49	50
49	51
49	200
49	201
50	51
50	52
50	200
50	201
50	202
50	203
51	52
51	53
51	113
51	114
51	200
51	201
51	202
51	203
52	53
52	54
52	112
52	113
52	202
52	203
52	204
52	205
52	208
53	54
53	55
53	184
53	202
53	203
53	204
53	205
54	55
54	56
54	57
54	204
54	205
55	56
55	57
56	57
56	58
57	58
57	59
58	59
58	60
58	96
59	60
59	61
59	95
59	96
59	97
59	181
59	182
60	61
60	62
60	94
60	95
60	96
60	97
60	179
60	180
60	181
60	182
61	62
61	63
61	92
61	93
61	94
61	95
61	179
61	180
61	181
61	182
62	63
62	64
62	92
62	93
62	94
62	175
62	179
63	64
63	91
63	92
63	93
63	131
63	133
63	190
64	65
64	66
64	90
64	91
64	92
64	131
64	172
64	173
64	174
64	175
65	66
65	67
65	88
65	89
65	90
65	91
65	172
65	173
66	67
66	68
66	88
66	89
66	90
66	91
66	170
66	171
66	172
66	173
67	68
67	69
67	85
67	87
67	88
67	89
67	152
67	170
67	171
67	172
68	69
68	70
68	85
68	86
68	87
68	88
68	168
68	169
68	170
68	171
69	70
69	71
69	84
69	85
69	86
69	166
69	167
69	168
69	169
69	170
70	71
70	84
70	85
70	86
70	167
70	168
71	72
71	73
71	84
71	166
71	167
72	73
72	74
72	165
72	166
72	167
73	74
73	75
73	76
73	84
73	160
73	164
73	165
73	166
74	75
74	76
74	160
74	161
74	164
74	165
75	76
75	77
75	157
75	160
75	161
76	77
76	78
76	80
76	81
76	156
76	157
76	160
76	161
77	78
77	79
77	80
77	81
77	157
78	79
78	80
78	81
78	153
78	154
78	157
79	80
79	81
80	81
80	82
80	83
81	82
81	83
81	84
81	85
81	153
81	156
82	83
82	84
82	85
83	84
83	85
84	85
84	86
85	86
85	87
86	87
86	122
87	88
87	120
87	121
87	122
87	123
88	89
88	90
88	120
88	121
88	122
88	123
89	90
89	91
89	117
89	118
89	119
89	120
89	121
90	91
90	117
90	118
90	190
90	198
91	92
91	93
91	115
91	116
91	117
91	118
92	93
92	94
92	115
92	116
92	117
93	94
93	95
93	114
93	115
94	95
94	109
94	114
94	115
95	96
95	97
95	108
95	109
95	114
96	97
96	98
96	108
96	109
97	98
97	99
97	108
98	99
98	100
99	100
100	101
100	102
101	102
101	103
101	308
101	309
102	103
102	104
102	307
102	308
102	309
102	310
103	104
103	105
103	308
103	309
103	310
104	105
104	106
104	241
104	309
104	310
105	106
105	107
105	108
105	109
106	107
106	108
106	109
106	110
107	108
107	109
107	110
107	111
107	373
108	109
108	110
109	110
109	111
109	114
110	111
110	112
110	114
110	374
111	112
111	113
111	114
111	373
111	374
112	113
112	114
112	374
112	375
113	114
113	115
113	116
114	115
114	116
115	116
115	117
116	117
116	118
117	118
118	119
118	120
118	198
119	120
119	121
120	121
120	122
121	122
121	123
121	195
122	123
122	124
123	124
123	125
124	125
125	126
125	127
126	127
126	128
126	129
127	128
127	129
127	145
127	146
128	129
128	130
128	144
128	145
128	146
129	130
129	131
129	144
129	145
130	131
130	132
130	142
130	143
130	144
130	145
130	192
131	132
131	142
131	143
131	144
131	191
131	192
132	133
132	134
132	141
132	142
132	143
132	190
132	191
132	192
133	134
133	135
133	139
133	140
133	141
133	142
133	189
133	190
133	191
134	135
134	136
134	137
134	138
134	139
134	140
134	141
134	188
134	189
134	190
135	136
135	137
135	138
135	139
135	140
135	186
135	187
135	188
135	189
136	137
136	138
136	186
136	187
136	188
137	138
137	139
138	139
138	140
139	140
139	141
140	141
141	142
141	180
142	143
143	144
143	145
144	145
144	146
144	147
145	146
145	147
145	148
146	147
146	148
147	148
147	149
148	149
148	150
148	151
149	150
149	151
150	151
150	152
150	154
150	155
151	152
151	153
151	154
151	155
152	153
152	154
152	155
152	156
152	173
153	154
153	155
153	156
153	157
154	155
154	156
154	157
154	158
155	156
155	157
155	158
155	159
156	157
156	158
156	159
156	160
157	158
157	159
157	160
157	161
158	159
158	160
158	161
159	160
159	161
159	162
159	163
160	161
160	162
160	163
160	164
160	165
161	162
161	163
162	163
162	164
162	314
162	318
162	319
163	164
163	165
163	246
163	317
163	318
163	319
164	165
164	166
164	246
164	319
165	166
165	167
165	169
166	167
166	168
166	169
167	168
167	169
168	169
168	170
169	170
170	171
170	172
171	172
171	173
172	173
172	174
173	174
174	175
175	176
175	177
176	177
176	178
176	179
177	178
177	179
178	179
179	180
179	181
180	181
180	182
181	182
181	183
182	183
182	186
183	184
183	185
183	186
183	202
184	185
184	186
184	202
184	203
184	204
185	186
185	187
185	201
185	202
185	203
186	187
186	188
186	201
186	202
187	188
187	189
187	199
187	200
187	201
187	202
188	189
188	190
188	199
188	200
188	201
189	190
189	191
189	197
189	198
189	199
189	200
190	191
190	197
190	198
190	199
191	192
191	195
191	197
191	198
192	193
192	194
192	195
193	194
193	195
194	195
195	196
195	197
196	197
196	198
197	198
197	199
198	199
198	200
199	200
199	201
200	201
200	202
201	202
201	203
202	203
202	204
203	204
203	205
203	207
204	205
204	206
204	207
205	206
205	207
205	208
206	207
206	208
207	208
207	209
208	209
209	210
209	211
210	211
210	212
211	212
211	213
212	213
212	214
213	214
214	215
214	216
215	216
215	217
216	217
216	218
216	378
216	379
217	218
217	219
217	221
218	219
218	220
218	221
219	220
219	221
219	326
219	379
220	221
220	222
220	326
220	379
221	222
221	379
221	380
222	223
222	224
222	379
222	380
222	381
223	224
223	225
223	380
223	381
224	225
224	226
224	242
224	243
224	380
224	381
224	382
225	226
225	227
225	240
225	241
225	242
225	243
225	381
225	382
225	383
226	227
226	228
226	240
226	241
226	242
226	382
226	383
226	384
226	385
227	228
227	229
227	230
227	238
227	239
227	240
227	241
227	383
227	384
227	385
228	229
228	230
228	239
228	240
228	385
229	230
229	231
229	385
230	231
230	232
230	359
230	360
230	361
230	384
230	385
230	386
231	232
231	233
231	358
231	359
231	360
231	385
231	386
231	387
232	233
232	234
232	358
232	359
232	360
233	234
233	358
233	387
233	388
235	236
235	237
235	238
236	237
236	238
237	238
237	239
238	239
238	240
239	240
239	241
240	241
240	242
241	242
241	243
242	243
242	244
243	244
243	245
243	316
243	317
244	245
244	246
244	247
244	317
245	246
245	247
245	248
246	247
246	248
246	319
246	320
247	248
247	249
247	317
247	318
247	319
247	320
247	321
247	322
248	249
248	250
248	320
248	321
248	322
248	323
248	324
249	250
249	253
249	320
249	322
249	323
249	324
250	251
250	252
250	253
250	323
250	324
250	325
250	326
251	252
251	253
251	323
251	324
251	325
251	409
251	410
251	411
252	253
252	254
252	410
252	411
252	412
253	254
253	255
253	411
253	412
254	255
254	256
254	411
254	412
254	413
254	414
255	256
255	257
255	320
255	321
255	412
255	413
255	414
256	257
256	258
256	413
256	414
256	415
256	416
257	258
257	259
257	264
257	394
257	413
257	414
257	415
257	416
258	259
258	260
258	261
258	415
258	416
259	260
259	261
259	416
260	261
260	262
261	262
261	263
261	303
262	263
262	303
263	264
263	265
263	301
263	302
263	303
263	392
264	265
264	300
264	301
264	302
264	392
264	393
265	266
265	267
265	299
265	300
265	301
265	390
265	391
265	392
265	393
266	267
266	268
266	297
266	298
266	299
266	300
266	390
267	268
267	269
267	297
267	298
267	299
267	386
268	269
268	296
268	297
268	298
268	342
268	343
268	344
268	386
268	401
269	270
269	271
269	295
269	296
269	297
269	383
269	384
269	385
269	386
270	271
270	272
270	294
270	295
270	296
270	383
270	384
270	403
271	272
271	273
271	293
271	294
271	295
271	296
271	381
271	382
271	383
271	384
272	273
272	274
272	292
272	293
272	294
272	381
272	382
272	383
273	274
273	275
273	290
273	291
273	292
273	293
273	379
273	380
273	381
273	382
274	275
274	276
274	289
274	290
274	291
274	377
274	378
274	379
274	380
274	381
275	276
275	277
275	289
275	290
275	291
275	378
275	379
276	277
276	278
276	289
276	377
276	378
277	278
277	279
277	375
277	376
277	377
277	378
278	279
278	280
278	281
278	289
278	371
278	375
278	376
278	377
279	280
279	281
279	371
279	372
279	374
279	375
279	376
280	281
280	282
280	368
280	371
280	372
281	282
281	283
281	285
281	286
281	368
281	371
281	372
282	283
282	284
282	285
282	286
282	368
283	284
283	285
283	286
283	364
283	365
283	368
284	285
284	286
285	286
285	287
285	288
286	287
286	288
286	289
286	364
286	367
286	368
287	288
287	289
287	290
287	364
288	289
288	290
289	290
289	291
290	291
290	292
290	331
291	292
291	330
291	331
292	293
292	328
292	329
292	330
292	331
293	294
293	328
293	329
293	330
293	331
293	406
294	295
294	325
294	327
294	328
294	329
294	406
294	407
295	296
295	324
295	325
295	403
295	407
296	297
296	298
296	322
296	323
296	324
296	325
297	298
297	299
297	322
297	323
297	324
297	401
298	299
298	300
298	322
299	300
299	321
299	322
300	301
300	302
300	315
300	316
301	302
301	303
301	304
301	315
302	303
302	304
302	305
302	315
303	304
303	305
304	305
304	306
304	314
304	315
305	306
305	311
305	312
305	315
306	307
306	308
306	310
307	308
307	309
307	310
308	309
308	310
309	310
309	311
309	312
310	311
310	312
311	312
311	313
311	315
311	316
312	313
312	314
312	315
312	316
313	314
313	315
313	316
313	317
314	315
314	316
314	317
314	318
315	316
315	317
315	318
316	317
316	318
317	318
317	319
318	319
318	320
318	321
319	320
319	321
320	321
320	322
320	323
321	322
321	323
322	323
322	324
323	324
323	325
323	411
324	325
324	326
325	326
325	327
325	409
326	327
326	328
327	328
327	329
328	329
328	330
329	330
329	331
329	333
329	406
330	331
330	332
330	333
331	332
331	333
331	334
332	333
332	334
332	335
333	334
333	335
334	335
334	336
334	337
335	336
335	337
336	337
336	338
336	339
337	338
337	339
337	340
337	356
338	339
338	340
338	356
338	357
339	340
339	341
339	355
339	356
339	357
340	341
340	342
340	355
340	356
340	403
340	404
341	342
341	343
341	354
341	355
341	356
341	403
341	404
342	343
342	353
342	354
342	355
342	402
342	403
342	404
343	344
343	345
343	352
343	353
343	354
343	401
343	402
343	403
344	345
344	346
344	350
344	351
344	352
344	353
344	399
344	400
344	401
344	402
345	346
345	347
345	348
345	349
345	350
345	351
345	399
345	400
345	401
346	347
346	348
346	349
346	350
346	351
346	397
346	398
346	399
346	400
347	348
347	349
347	397
347	398
347	399
348	349
348	350
349	350
349	351
350	351
350	352
351	352
351	353
351	389
352	353
352	354
352	388
352	389
352	390
353	354
353	389
354	355
354	356
354	387
355	356
355	357
355	358
356	357
356	358
356	359
357	358
357	359
358	359
358	360
359	360
359	361
359	362
360	361
360	362
361	362
361	363
361	365
361	366
362	363
362	364
362	365
362	366
363	364
363	365
363	366
363	367
364	365
364	366
364	367
364	368
365	366
365	367
365	368
365	369
366	367
366	368
366	369
366	370
367	368
367	369
367	370
367	371
368	369
368	370
368	371
368	372
369	370
369	371
369	372
370	371
370	372
370	373
370	374
371	372
371	373
371	374
371	375
371	376
372	373
372	374
373	374
374	375
374	376
375	376
375	377
376	377
376	380
377	378
377	379
377	380
378	379
378	380
379	380
379	381
380	381
380	382
381	382
381	383
382	383
382	384
383	384
383	385
384	385
385	386
386	387
386	388
387	388
387	389
388	389
388	390
389	390
389	391
390	391
391	392
391	393
392	393
392	394
393	394
393	397
394	395
394	396
394	397
394	413
395	396
395	397
395	413
395	414
395	415
396	397
396	398
396	412
396	413
396	414
397	398
397	399
397	412
397	413
398	399
398	400
398	411
398	412
398	413
399	400
399	401
399	410
399	411
399	412
400	401
400	402
400	408
400	409
400	410
400	411
401	402
401	408
401	409
401	410
402	403
402	404
402	407
402	408
402	409
403	404
403	405
403	406
403	407
403	408
404	405
404	406
404	407
405	406
405	407
406	407
407	408
407	409
408	409
408	410
409	410
409	411
410	411
411	412
411	413
412	413
412	414
413	414
414	415
414	416
414	418
414	419
415	416
415	417
415	418
415	419
416	417
416	418
416	419
416	420
417	418
417	419
417	420
418	419
418	420
419	420
