0	1
0	2
1	2
1	3
1	97
2	3
2	4
2	17
2	18
2	97
3	4
3	5
3	17
3	18
3	97
3	98
3	99
4	5
4	6
4	16
4	17
4	18
4	97
4	98
4	99
4	100
5	6
5	7
5	15
5	16
5	17
5	18
5	99
5	100
5	101
5	336
5	339
5	340
6	7
6	8
6	14
6	15
6	16
6	100
6	101
6	102
6	336
7	8
7	9
7	13
7	14
7	15
7	101
7	102
7	336
8	9
8	10
8	12
8	13
8	14
8	102
9	10
9	11
9	12
9	13
9	67
9	70
10	11
10	12
10	29
10	67
10	68
10	69
10	70
10	153
10	154
11	12
11	28
11	29
11	153
11	154
12	13
12	14
12	26
12	27
12	28
12	29
13	14
13	15
13	26
13	27
13	28
13	29
14	15
14	16
14	23
14	25
14	26
14	27
14	336
15	16
15	23
15	24
15	25
15	26
15	85
16	17
16	18
16	23
16	24
16	25
16	90
17	18
17	19
17	20
17	340
18	19
18	20
18	340
18	341
18	343
18	344
19	20
19	21
19	340
19	341
19	344
20	21
20	22
20	23
20	340
21	22
21	337
22	23
22	24
22	337
23	24
23	25
23	26
23	336
24	25
24	26
25	26
25	27
25	89
26	27
26	28
27	28
27	29
27	51
27	52
28	29
28	30
28	51
28	52
29	30
29	51
29	65
29	66
30	31
30	32
30	50
30	51
30	63
30	64
30	65
30	66
31	32
31	33
31	48
31	49
31	50
31	54
31	63
31	64
31	65
31	77
32	33
32	34
32	48
32	49
32	50
32	54
32	58
32	61
32	62
32	63
32	64
33	34
33	35
33	47
33	48
33	49
33	61
33	62
33	63
34	35
34	36
34	37
34	47
34	60
34	61
34	62
35	36
35	37
35	60
35	61
35	62
36	37
36	38
36	39
36	40
37	38
37	39
37	40
38	39
38	40
39	40
39	41
40	41
40	42
40	43
41	42
41	43
42	43
42	44
43	44
43	45
44	45
44	46
45	46
45	47
46	47
46	48
47	48
47	49
48	49
48	50
49	50
49	53
49	54
50	51
50	52
50	53
50	54
50	81
50	84
51	52
51	53
51	54
52	53
52	54
52	55
53	54
53	55
53	56
54	55
54	56
54	57
54	58
55	56
55	57
55	58
56	57
56	58
57	58
57	59
57	60
57	61
58	59
58	60
58	61
58	62
59	60
59	61
60	61
61	62
61	63
62	63
62	64
63	64
63	65
64	65
64	66
65	66
65	67
66	67
66	68
66	72
66	73
66	74
66	77
66	78
67	68
67	69
67	70
67	71
67	72
67	73
68	69
68	70
68	71
68	72
68	73
68	154
69	70
69	71
69	154
69	155
69	175
70	71
70	72
70	104
70	154
70	155
71	72
71	73
71	107
72	73
72	74
72	75
73	74
73	75
74	75
74	76
74	77
74	78
75	76
75	77
75	78
75	79
76	77
76	78
76	79
76	80
77	78
77	79
77	80
77	81
78	79
78	80
78	81
78	82
79	80
79	81
79	82
79	83
80	81
80	82
80	83
80	84
81	82
81	83
81	84
81	85
82	83
82	84
82	85
82	86
83	84
83	85
83	86
83	87
84	85
84	86
84	87
84	88
84	89
85	86
85	87
85	88
85	89
85	90
86	87
86	88
86	89
86	90
86	91
86	92
86	93
86	94
87	88
87	89
87	90
87	91
87	92
87	93
88	89
88	90
88	91
89	90
89	91
90	91
90	92
91	92
92	93
92	94
93	94
93	95
93	96
93	97
94	95
94	96
94	97
94	123
94	124
94	125
95	96
95	97
95	123
95	124
95	125
95	126
96	97
96	98
96	125
96	126
97	98
97	99
97	125
97	126
98	99
98	125
98	126
98	127
98	128
99	100
99	101
99	125
99	127
99	128
99	129
100	101
100	102
100	128
100	129
100	130
101	102
101	103
101	129
101	130
101	131
102	103
102	130
102	131
102	132
102	133
103	104
103	105
103	107
103	130
103	131
103	132
103	133
104	105
104	106
104	107
104	132
104	133
105	106
105	107
105	132
106	107
106	108
107	108
107	109
107	111
107	112
108	109
108	110
108	111
108	112
109	110
109	111
109	112
109	113
110	111
110	112
110	113
110	114
111	112
111	113
111	114
111	115
112	113
112	114
112	115
112	116
113	114
113	115
113	116
113	117
113	363
113	364
113	366
114	115
114	116
114	117
114	118
115	116
115	117
115	118
115	119
116	117
116	118
116	119
116	120
116	363
117	118
117	119
117	120
117	121
117	363
118	119
118	120
118	121
118	122
118	123
119	120
119	121
119	122
119	123
119	124
119	125
120	121
120	122
120	123
120	124
120	125
120	355
121	122
121	123
121	124
122	123
122	124
123	124
123	125
124	125
124	126
125	126
125	127
125	128
126	127
126	354
126	355
127	128
127	352
127	353
127	354
127	355
128	129
128	352
128	353
128	354
129	130
129	131
129	352
129	353
130	131
130	132
131	132
131	133
132	133
132	134
132	135
132	136
133	134
133	135
133	136
133	137
133	335
134	135
134	136
134	137
134	138
134	148
134	150
134	159
134	335
135	136
135	137
135	138
135	139
136	137
136	138
136	139
136	140
136	335
136	338
136	339
137	138
137	139
137	140
137	141
137	296
137	334
137	335
137	338
138	139
138	140
138	141
138	142
138	143
138	144
138	148
138	294
139	140
139	141
139	142
139	143
139	144
139	338
140	141
140	142
140	334
140	337
140	338
141	142
141	143
142	143
142	144
143	144
143	145
143	146
144	145
144	146
144	162
144	163
144	164
145	146
145	161
145	162
145	163
145	164
146	147
146	148
146	160
146	161
146	162
146	288
146	289
146	292
146	293
147	148
147	149
147	158
147	159
147	160
147	161
147	289
147	292
147	293
147	294
148	149
148	150
148	158
148	159
148	160
148	293
148	294
148	295
149	150
149	151
149	157
149	158
149	159
149	294
149	295
149	296
150	151
150	152
150	156
150	157
150	158
150	295
150	296
150	297
151	152
151	153
151	155
151	156
151	157
151	177
151	178
151	296
151	297
151	298
151	299
151	300
152	153
152	154
152	155
152	156
152	177
152	178
152	297
152	298
152	299
153	154
153	155
153	177
153	178
153	179
153	298
154	155
154	175
154	177
154	178
154	179
155	156
155	157
155	174
155	175
155	176
155	177
156	157
156	173
156	174
156	175
156	176
156	177
157	158
157	159
157	172
157	173
157	174
158	159
158	160
158	171
158	172
158	173
158	273
158	274
158	277
159	160
159	161
159	166
159	171
159	172
160	161
160	162
160	166
160	167
160	289
161	162
161	163
161	164
161	165
161	166
161	167
162	163
162	164
162	165
162	166
163	164
163	165
164	165
164	166
165	166
165	167
166	167
166	168
167	168
167	169
167	170
167	171
168	169
168	170
168	171
169	170
169	171
170	171
170	172
170	277
170	280
170	281
171	172
171	173
171	277
172	173
172	174
172	273
172	277
173	174
173	175
174	175
174	176
175	176
175	177
176	177
176	180
177	178
177	179
177	180
177	181
178	179
178	180
178	181
178	182
178	299
179	180
179	181
179	182
179	183
180	181
180	182
180	183
180	184
181	182
181	183
181	184
181	185
181	253
181	254
181	256
182	183
182	184
182	185
182	186
182	206
183	184
183	185
183	186
183	187
184	185
184	186
184	187
184	188
184	253
185	186
185	187
185	188
185	189
185	205
185	253
186	187
186	188
186	189
186	190
186	196
186	202
186	205
187	188
187	189
187	190
187	191
188	189
188	190
188	191
188	249
189	190
189	191
189	192
189	194
190	191
190	192
190	193
190	194
190	195
190	196
191	192
191	193
192	193
192	194
193	194
193	195
194	195
194	196
195	196
195	197
196	197
196	198
196	201
196	202
196	205
197	198
197	199
197	201
197	202
198	199
198	200
198	201
198	202
199	200
199	201
199	202
199	203
200	201
200	202
200	203
200	204
201	202
201	203
201	204
201	205
202	203
202	204
202	205
202	206
203	204
203	205
203	206
203	207
204	205
204	206
204	207
204	208
205	206
205	207
205	208
205	209
206	207
206	208
206	209
206	210
207	208
207	209
207	210
207	211
208	209
208	210
208	211
208	212
209	210
209	211
209	212
209	213
210	211
210	212
210	213
211	212
211	213
212	213
212	214
212	250
213	214
213	250
213	251
213	253
214	215
214	216
214	250
214	251
214	254
214	302
214	303
215	216
215	217
215	251
215	254
215	255
215	302
215	303
215	304
215	305
216	217
216	218
216	219
216	222
216	251
216	255
216	308
217	218
217	219
217	308
218	219
218	220
218	221
218	222
219	220
219	221
219	222
219	223
220	221
220	222
220	223
220	224
221	222
221	223
221	224
221	225
222	223
222	224
222	225
222	226
223	224
223	225
223	226
223	227
223	248
224	225
224	226
224	227
224	228
225	226
225	227
225	228
225	229
226	227
226	228
226	229
226	248
227	228
227	229
228	229
228	230
229	230
229	231
229	232
230	231
231	232
231	233
232	233
232	234
233	234
233	245
233	246
233	247
234	235
234	245
234	246
235	236
235	237
235	243
235	244
235	245
235	246
236	237
236	238
236	243
236	244
236	245
237	238
237	239
237	241
237	242
237	243
237	244
238	239
238	240
238	241
238	242
238	243
239	240
239	241
239	242
240	241
240	242
241	242
241	243
242	243
242	244
243	244
243	245
244	245
244	246
245	246
245	247
246	247
246	248
246	249
246	250
247	248
247	249
247	250
248	249
248	250
248	251
248	252
249	250
249	251
249	252
249	253
250	251
250	252
250	253
251	252
251	253
251	254
251	255
252	253
252	254
252	255
252	256
253	254
253	255
253	256
254	255
254	256
254	257
255	256
255	257
255	258
255	259
256	257
256	258
256	259
256	260
256	262
257	258
257	259
257	260
257	269
257	270
258	259
258	260
258	269
258	270
258	271
259	260
259	261
259	262
259	269
260	261
260	262
260	263
260	264
260	265
260	266
260	267
260	268
260	269
261	262
261	263
261	264
261	265
261	266
262	263
262	264
263	264
263	265
264	265
264	266
265	266
265	267
266	267
266	268
267	268
267	269
268	269
268	270
268	272
268	273
269	270
269	271
269	272
269	273
270	271
270	272
270	273
270	274
271	272
271	273
271	274
271	275
271	309
271	312
271	313
272	273
272	274
272	275
272	276
273	274
273	275
273	276
273	277
274	275
274	276
274	277
274	278
275	276
275	277
275	278
275	279
276	277
276	278
276	279
276	280
277	278
277	279
277	280
277	281
278	279
278	280
278	281
278	286
278	289
279	280
279	281
280	281
280	282
281	282
281	283
282	283
282	284
282	285
283	284
283	285
283	286
284	285
284	286
285	286
285	287
285	288
285	289
286	287
286	288
286	289
286	290
287	288
287	289
287	290
287	291
287	321
288	289
288	290
288	291
288	292
289	290
289	291
289	292
289	293
290	291
290	292
290	293
290	321
290	322
290	323
290	324
291	292
291	293
291	322
291	323
291	324
292	293
292	294
292	324
292	325
293	294
293	295
293	324
293	325
293	326
294	295
294	296
294	325
294	326
294	327
295	296
295	297
295	300
295	326
295	327
295	331
296	297
296	300
296	327
296	331
296	332
296	334
297	298
297	299
297	300
297	331
297	332
298	299
298	300
298	301
298	332
299	300
299	301
299	302
300	301
300	302
300	305
301	302
301	303
302	303
302	304
302	305
303	304
303	305
303	306
304	305
304	306
304	307
304	308
305	306
305	307
305	308
305	309
306	307
306	308
306	309
306	310
306	325
306	327
307	308
307	309
307	310
307	311
308	309
308	310
308	311
308	312
309	310
309	311
309	312
309	313
310	311
310	312
310	313
310	314
310	325
311	312
311	313
311	314
311	315
312	313
312	314
312	315
312	316
313	314
313	315
313	316
313	317
314	315
314	316
314	317
314	318
314	319
314	323
315	316
315	317
316	317
317	318
317	319
318	319
318	320
318	321
319	320
319	321
320	321
320	322
321	322
321	323
322	323
322	324
323	324
323	325
324	325
324	326
325	326
325	327
326	327
326	328
327	328
327	329
327	331
328	329
328	330
328	331
329	330
329	331
330	331
330	332
330	333
330	334
331	332
331	333
331	334
332	333
332	334
333	334
333	335
333	336
333	337
334	335
334	336
334	337
334	338
335	336
335	337
335	338
335	339
336	337
336	338
336	339
336	340
337	338
337	339
337	340
337	341
338	339
338	340
338	341
338	342
339	340
339	341
339	342
339	343
340	341
340	342
340	343
340	344
341	342
341	343
341	344
341	345
342	343
342	344
342	345
342	348
343	344
343	345
343	348
344	345
344	346
345	346
345	347
345	348
345	349
346	347
346	348
346	349
347	348
347	349
347	350
348	349
348	350
348	351
348	352
349	350
349	351
349	352
350	351
350	352
351	352
351	353
351	369
352	353
352	354
353	354
353	355
353	357
353	358
354	355
354	356
354	357
354	358
355	356
355	357
355	358
355	359
356	357
356	358
356	359
356	360
357	358
357	359
357	360
357	361
358	359
358	360
358	361
358	362
358	363
358	365
359	360
359	361
359	362
360	361
360	362
361	362
361	363
361	365
362	363
362	364
362	365
363	364
363	365
363	366
364	365
364	366
364	367
365	366
365	367
365	368
366	367
366	368
366	369
367	368
367	369
368	369
368	370
369	370
