0	1
0	2
0	139
0	140
0	141
1	2
1	3
1	141
2	3
2	4
2	5
2	6
2	139
2	140
2	141
3	4
3	5
3	6
3	7
4	5
4	6
4	7
4	8
5	6
5	7
5	8
5	9
5	131
6	7
6	8
6	9
6	10
7	8
7	9
7	10
7	11
7	199
8	9
8	10
8	11
8	12
8	199
9	10
9	11
9	12
9	13
9	128
9	129
9	130
10	11
10	12
10	13
10	14
10	60
11	12
11	13
11	14
11	15
11	183
11	201
12	13
12	14
12	15
12	16
13	14
13	15
13	16
13	17
13	128
14	15
14	16
14	17
14	18
14	56
15	16
15	17
15	18
15	19
15	203
16	17
16	18
16	19
16	20
17	18
17	19
17	20
17	21
17	123
17	124
18	19
18	20
18	21
19	20
19	21
19	22
19	23
19	203
20	21
20	22
20	23
20	24
21	22
21	23
21	24
21	27
21	28
22	23
22	24
22	25
22	27
22	28
23	24
23	25
23	28
24	25
24	26
24	27
24	28
25	26
25	27
25	28
25	29
26	27
26	28
26	29
26	116
27	28
27	29
27	30
27	116
28	29
28	30
28	31
29	30
29	31
30	31
30	32
30	48
31	32
31	48
31	161
32	33
32	34
32	46
32	47
32	48
32	49
33	34
33	46
34	35
34	36
34	46
35	36
35	37
36	37
36	38
36	45
36	46
37	38
37	39
37	43
38	39
38	40
38	43
39	40
39	41
39	42
39	43
40	41
40	42
40	43
40	363
41	42
41	43
42	43
42	44
43	44
43	45
44	45
44	46
45	46
45	47
46	47
46	48
46	49
46	50
47	48
47	49
47	50
47	51
48	49
48	50
48	51
48	52
49	50
49	51
49	52
49	53
50	51
50	52
50	53
50	54
51	52
51	53
51	54
51	55
52	53
52	54
52	55
52	56
53	54
53	55
53	56
53	57
53	79
53	153
53	154
54	55
54	56
54	57
54	58
54	79
54	80
54	81
55	56
55	57
55	58
55	59
56	57
56	58
56	59
56	60
56	153
57	58
57	59
57	60
57	61
57	151
57	153
58	59
58	60
58	61
58	62
58	81
59	60
59	61
59	62
59	63
59	124
60	61
60	62
60	63
60	64
61	62
61	63
61	64
61	65
61	72
61	75
62	63
62	64
62	65
62	66
62	72
63	64
63	65
63	66
63	67
64	65
64	66
64	67
64	68
64	71
64	72
65	66
65	67
65	68
65	69
65	70
65	71
65	72
66	67
66	68
66	69
67	68
67	69
68	69
68	70
68	71
69	70
69	71
70	71
70	72
70	73
71	72
71	73
71	74
71	75
72	73
72	74
72	75
73	74
73	75
74	75
74	76
74	148
74	149
75	76
75	77
75	148
75	149
75	150
76	77
76	149
76	150
76	151
77	78
77	79
77	150
77	151
77	152
77	315
78	79
78	80
78	151
78	152
78	315
79	80
79	81
80	81
80	82
81	82
81	83
81	92
81	93
82	83
82	84
82	90
82	91
82	92
82	93
83	84
83	85
83	90
83	91
83	92
84	85
84	88
84	89
84	90
84	91
85	86
85	87
85	88
85	89
85	90
85	109
86	87
86	88
86	111
87	88
87	89
88	89
88	90
89	90
89	91
90	91
90	92
91	92
91	93
92	93
92	94
93	94
93	95
94	95
94	96
95	96
95	97
95	99
95	102
96	97
96	98
96	99
97	98
97	99
98	99
99	100
99	101
99	102
100	101
100	102
101	102
101	103
101	104
101	105
102	103
102	104
102	105
102	106
102	121
103	104
103	105
103	106
103	107
103	117
103	118
103	121
104	105
104	106
104	107
104	108
105	106
105	107
105	108
106	107
106	108
106	109
106	110
106	117
107	108
107	109
107	110
107	111
107	112
107	113
107	114
107	117
108	109
108	110
108	111
108	112
109	110
109	111
110	111
110	112
110	113
111	112
111	113
112	113
112	114
113	114
113	115
113	116
113	117
114	115
114	116
114	117
114	118
115	116
115	117
115	118
115	119
116	117
116	118
116	119
116	120
117	118
117	119
117	120
117	121
118	119
118	120
118	121
118	122
119	120
119	121
119	122
119	123
120	121
120	122
120	123
120	124
121	122
121	123
121	124
121	125
122	123
122	124
122	125
122	126
123	124
123	125
123	126
124	125
124	126
125	126
125	127
126	127
126	128
127	128
127	129
128	129
128	130
129	130
129	131
130	131
131	132
132	133
132	134
132	135
133	134
133	135
134	135
134	136
134	137
134	138
135	136
135	137
135	138
135	139
136	137
136	138
136	139
137	138
137	139
138	139
138	140
139	140
139	141
140	141
140	142
141	142
141	143
142	143
142	144
143	144
143	145
143	146
144	145
144	146
144	147
145	146
145	147
146	147
146	148
146	189
146	190
146	191
147	148
147	149
147	187
147	188
147	189
147	190
148	149
148	150
148	187
148	188
148	189
148	190
149	150
149	151
149	185
149	186
149	187
149	188
150	151
150	152
150	185
150	186
150	187
150	314
150	315
150	318
151	152
151	153
151	184
151	185
151	186
151	315
152	153
152	154
152	155
152	183
152	184
152	185
152	315
152	316
153	154
153	155
153	183
153	184
154	155
154	156
154	157
154	181
154	182
154	183
155	156
155	157
155	181
155	182
155	183
155	289
155	291
156	157
156	158
156	159
156	160
156	180
156	181
156	289
157	158
157	159
157	160
157	161
158	159
158	160
158	161
158	162
159	160
159	161
159	162
159	163
159	176
159	177
159	178
159	180
159	181
160	161
160	162
160	163
160	178
160	181
161	162
161	163
162	163
162	164
163	164
163	165
163	177
163	178
164	165
164	166
164	167
164	177
164	178
165	166
165	167
165	177
165	178
166	167
166	168
167	168
167	169
167	176
167	177
168	169
168	170
168	174
169	170
169	171
169	172
169	173
169	174
169	175
170	171
170	172
170	173
170	174
171	172
171	173
172	173
172	174
172	301
173	174
173	175
173	287
173	301
174	175
174	176
174	179
174	180
174	287
175	176
175	286
175	287
175	288
176	177
176	178
176	180
176	287
176	288
177	178
177	179
177	180
178	179
178	180
178	181
178	204
179	180
179	181
179	202
179	204
179	205
180	181
180	182
180	288
180	289
180	292
181	182
181	202
181	203
181	289
181	292
182	183
182	184
182	200
182	201
182	202
182	203
182	291
182	292
183	184
183	185
183	200
183	201
183	202
184	185
184	186
184	199
184	200
184	201
184	319
185	186
185	187
185	198
185	199
185	200
185	319
186	187
186	188
186	197
186	198
186	199
186	318
186	319
187	188
187	195
187	196
187	197
187	198
187	319
188	189
188	190
188	193
188	194
188	195
188	196
188	197
188	353
189	190
189	191
189	192
189	193
189	194
189	195
189	196
190	191
190	192
190	193
190	354
191	192
191	193
192	193
192	194
193	194
193	195
193	352
193	353
193	354
194	195
194	196
194	352
194	353
195	196
195	197
195	318
195	321
195	322
196	197
196	222
196	223
196	224
196	322
197	198
197	221
197	222
197	223
197	319
197	322
197	323
198	199
198	200
198	220
198	221
198	222
198	319
198	320
198	322
198	323
199	200
199	201
199	219
199	220
199	221
199	319
200	201
200	202
200	218
200	219
200	220
200	319
201	202
201	203
201	217
201	218
201	219
202	203
202	204
202	205
202	216
202	217
202	218
203	204
203	205
203	215
203	216
203	217
204	205
204	206
204	214
204	215
204	216
205	206
205	207
205	214
205	215
205	216
205	217
206	207
206	208
206	214
206	215
206	216
207	208
207	209
207	212
207	213
207	214
207	215
208	209
208	210
208	211
208	212
208	213
208	214
209	210
209	211
209	212
210	211
210	212
211	212
211	213
212	213
212	214
213	214
213	215
214	215
214	216
215	216
216	217
216	218
217	218
217	219
217	234
218	219
218	220
219	220
219	230
220	221
220	229
220	230
220	323
221	222
221	223
221	228
221	229
221	230
221	322
221	323
221	326
222	223
222	224
222	227
222	228
222	229
222	322
222	323
222	326
223	224
223	225
223	226
223	227
223	228
223	322
223	325
223	326
224	225
224	226
224	227
225	226
225	227
226	227
226	228
227	228
227	326
228	229
228	326
229	230
229	231
229	323
229	326
230	231
230	232
231	232
231	233
232	233
232	234
232	299
233	234
233	238
234	235
234	236
234	237
234	238
235	236
235	237
235	238
235	239
235	240
236	237
236	238
236	240
237	238
237	239
237	240
237	241
237	242
237	243
238	239
238	240
238	241
238	242
238	243
238	244
239	240
239	241
239	242
239	243
239	244
240	241
240	242
241	242
242	243
242	244
243	244
243	245
243	247
243	248
243	249
244	245
244	246
245	246
245	247
245	248
246	247
246	248
247	248
247	249
248	249
248	250
249	250
249	251
249	254
250	251
250	252
250	253
250	254
250	255
251	252
251	253
251	254
251	255
252	253
252	254
252	255
252	300
252	301
253	254
253	255
253	299
253	300
254	255
254	256
255	256
255	257
256	257
256	258
257	258
258	259
258	260
259	260
259	261
260	261
260	280
261	262
261	263
261	280
261	281
262	263
262	264
262	280
262	281
262	282
262	283
262	303
263	264
263	283
263	284
263	302
263	303
263	304
264	265
264	266
264	283
264	284
264	285
264	302
264	303
264	304
264	305
265	266
265	284
265	285
265	286
265	287
265	293
265	302
265	304
265	305
265	306
266	267
266	268
266	270
266	285
266	286
266	287
266	305
266	306
266	307
267	268
267	269
267	270
267	286
267	287
267	288
268	269
268	270
268	286
268	287
268	288
269	270
269	271
270	271
270	272
271	272
271	273
272	273
273	274
274	275
274	282
275	276
275	277
275	282
275	387
276	277
276	278
276	279
276	280
276	281
276	282
276	395
277	278
277	279
277	280
277	281
277	282
278	279
278	280
278	281
278	395
278	396
279	280
279	281
279	395
279	396
279	397
280	281
281	282
281	283
282	283
282	284
283	284
283	285
284	285
284	286
285	286
285	287
286	287
286	288
287	288
287	289
287	293
288	289
288	290
289	290
289	291
289	292
289	293
290	291
290	292
290	293
290	294
290	316
291	292
291	293
291	294
291	295
291	316
291	317
291	320
292	293
292	294
292	295
292	296
293	294
293	295
293	296
293	297
293	305
294	295
294	296
294	297
294	298
294	305
294	320
294	374
295	296
295	297
295	298
295	299
296	297
296	298
296	299
296	300
296	301
296	302
297	298
297	299
297	300
297	301
297	302
297	303
297	304
297	305
297	375
297	376
298	299
298	300
298	324
298	376
299	300
299	301
300	301
300	302
300	303
301	302
301	303
302	303
302	304
303	304
303	375
303	380
304	305
304	306
304	373
304	374
304	375
305	306
305	307
305	373
305	374
305	375
306	307
306	308
306	372
306	373
306	374
307	308
307	309
307	371
307	372
307	373
308	309
308	310
308	334
308	370
308	371
308	372
309	310
309	311
309	370
309	371
310	311
310	312
310	367
310	368
310	369
310	370
310	371
311	312
311	313
311	367
312	313
312	316
312	367
312	368
313	314
313	315
313	316
313	317
313	366
313	367
313	368
314	315
314	316
314	317
314	318
314	353
314	366
314	367
314	368
315	316
315	317
315	318
316	317
316	318
317	318
317	319
317	320
317	321
318	319
318	320
318	321
318	322
319	320
319	321
319	322
319	323
320	321
320	322
320	323
320	324
321	322
321	323
321	324
321	325
321	330
321	331
322	323
322	324
322	325
322	326
323	324
323	325
323	326
323	327
324	325
324	326
324	327
324	328
324	329
324	330
324	376
325	326
325	327
325	328
325	329
325	330
326	327
326	328
327	328
327	329
327	376
328	329
328	376
328	377
329	330
329	375
329	376
329	377
329	378
330	331
330	332
330	350
330	374
330	375
330	376
331	332
331	333
331	350
331	351
331	372
331	373
331	374
331	375
332	333
332	334
332	349
332	350
332	351
332	372
332	373
332	374
333	334
333	335
333	336
333	337
333	349
333	350
333	351
333	370
333	371
333	372
333	373
334	335
334	336
334	337
334	338
334	370
334	371
334	372
334	373
335	336
335	337
335	338
335	339
335	370
335	371
336	337
336	338
336	339
336	340
336	349
337	338
337	339
337	340
337	341
337	342
338	339
338	340
338	341
339	340
339	341
340	341
340	342
340	344
341	342
341	343
341	344
342	343
342	344
343	344
343	345
343	346
344	345
344	346
345	346
346	347
346	348
347	348
347	349
347	350
348	349
348	350
349	350
349	351
350	351
350	352
351	352
351	353
352	353
352	354
352	355
353	354
353	355
354	355
354	356
355	356
355	357
356	357
356	358
356	359
356	365
356	366
357	358
357	359
357	360
357	365
357	366
358	359
358	360
359	360
359	361
359	362
359	365
360	361
360	362
361	362
361	363
361	364
361	365
362	363
362	364
362	365
363	364
363	365
364	365
364	366
364	367
365	366
365	367
366	367
366	368
367	368
367	369
368	369
368	370
368	371
369	370
369	371
370	371
370	372
371	372
372	373
372	374
373	374
373	375
374	375
375	376
375	377
375	378
375	381
376	377
376	378
377	378
377	379
377	380
377	381
378	379
378	380
378	381
378	382
379	380
379	381
379	382
379	383
380	381
380	382
380	383
380	384
381	382
381	383
381	384
381	385
382	383
382	384
382	385
382	386
383	384
383	385
383	386
384	385
384	386
384	387
385	386
385	387
386	387
386	388
387	388
387	389
387	392
388	389
388	390
388	391
388	392
389	390
389	391
389	392
390	391
390	392
391	392
391	393
391	394
392	393
392	394
392	395
393	394
393	395
394	395
394	396
394	397
395	396
395	397
396	397
396	398
397	398
397	399
398	399
