0	1
0	2
0	277
0	280
0	282
0	320
0	321
1	2
1	3
1	5
2	3
2	4
2	5
2	6
2	7
2	52
2	277
2	278
3	4
3	5
3	6
3	52
3	53
3	274
3	278
4	5
4	6
4	52
4	53
5	6
5	7
6	7
6	8
6	53
7	8
7	9
7	49
7	52
8	9
8	10
8	49
8	52
8	53
8	55
9	10
9	11
9	12
9	13
9	47
9	48
9	49
10	11
10	12
10	13
10	14
10	47
10	48
10	49
10	157
10	158
11	12
11	13
11	14
11	15
11	47
11	48
11	158
11	159
11	160
12	13
12	14
12	15
13	14
13	15
14	15
14	16
14	17
14	18
14	157
14	158
15	16
15	17
15	18
16	17
16	18
17	18
17	19
17	20
17	21
18	19
18	20
18	21
18	22
18	159
19	20
19	21
19	22
19	23
20	21
20	22
20	23
20	24
21	22
21	23
21	24
21	25
21	159
22	23
22	24
22	25
22	26
22	109
22	159
23	24
23	25
23	26
23	27
24	25
24	26
24	27
25	26
25	27
25	30
25	101
25	109
25	112
26	27
26	28
27	28
27	29
27	30
28	29
28	30
29	30
29	31
30	31
30	32
30	100
30	101
31	32
31	33
31	100
31	101
32	33
32	34
32	100
32	101
32	102
33	34
33	35
33	101
33	102
33	103
34	35
34	36
34	102
34	103
34	104
34	105
34	106
35	36
35	37
35	39
35	40
35	102
35	103
35	104
36	37
36	38
36	39
36	40
37	38
37	39
37	40
37	41
38	39
38	40
38	41
38	42
38	260
39	40
39	41
39	42
39	43
39	84
40	41
40	42
40	43
40	44
40	162
41	42
41	43
41	44
41	45
41	224
41	258
41	259
41	260
42	43
42	44
42	45
42	46
42	259
42	260
43	44
43	45
43	46
43	47
44	45
44	46
44	47
44	48
44	161
44	162
45	46
45	47
45	48
45	49
45	50
45	51
46	47
46	48
46	49
46	50
46	51
46	54
46	55
46	56
47	48
47	49
47	158
47	161
48	49
48	50
48	173
48	174
49	50
49	51
49	52
49	174
50	51
50	52
50	174
50	275
50	278
50	279
51	52
51	53
51	54
51	275
52	53
52	54
52	278
53	54
53	55
54	55
54	56
55	56
55	155
55	156
56	57
56	58
56	154
56	155
56	156
57	58
57	59
57	82
57	83
57	84
57	153
57	154
57	155
58	59
58	60
58	62
58	63
58	82
58	83
58	153
58	154
59	60
59	61
59	62
59	63
59	116
59	117
59	152
59	153
59	154
60	61
60	62
60	63
60	64
60	153
61	62
61	63
61	64
61	65
61	73
62	63
62	64
62	65
62	66
62	72
62	73
63	64
63	65
63	66
63	67
63	81
64	65
64	66
64	67
64	68
65	66
65	67
65	68
65	69
65	70
65	71
65	72
65	73
66	67
66	68
66	69
66	70
66	71
66	72
66	78
66	79
66	80
66	81
67	68
67	69
67	70
67	81
67	126
67	129
67	130
68	69
68	70
68	129
69	70
69	71
70	71
70	77
70	78
70	79
71	72
71	73
71	75
71	76
71	77
71	78
71	79
72	73
72	74
72	75
72	76
72	77
72	78
73	74
73	75
74	75
74	76
75	76
75	77
76	77
76	78
77	78
77	79
78	79
78	80
78	271
79	80
79	81
79	267
79	270
79	271
80	81
80	82
80	267
80	268
80	271
81	82
81	83
82	83
83	84
83	85
83	151
83	152
83	153
84	85
84	86
84	151
84	152
84	153
85	86
85	147
85	148
85	149
85	150
85	151
85	152
86	87
86	88
86	90
86	91
86	148
86	149
86	150
86	151
87	88
87	89
87	90
87	91
87	148
87	149
87	150
88	89
88	90
88	91
88	92
88	150
89	90
89	91
89	92
89	93
90	91
90	92
90	93
90	94
91	92
91	93
91	94
91	118
91	150
92	93
92	94
93	94
94	95
94	96
94	98
95	96
95	97
95	98
95	115
95	117
95	118
96	97
96	98
96	115
96	116
96	117
97	98
97	99
97	114
97	115
97	116
98	99
98	100
98	114
98	115
99	100
99	101
99	112
99	113
99	114
99	115
100	101
100	102
100	112
100	113
100	114
101	102
101	103
101	111
101	112
101	113
102	103
102	109
102	110
102	111
102	112
103	104
103	105
103	106
103	107
103	108
103	109
103	110
104	105
104	106
104	107
104	108
104	109
104	110
104	162
105	106
105	107
105	108
106	107
106	108
107	108
107	109
108	109
108	110
109	110
109	111
109	159
110	111
110	158
110	159
110	160
110	161
110	162
111	112
111	113
111	156
111	157
111	158
111	159
111	160
112	113
112	114
112	156
112	157
112	158
113	114
113	115
113	154
113	155
113	156
113	157
114	115
114	116
114	154
114	155
114	156
115	116
115	117
115	152
115	153
115	154
115	155
116	117
116	153
116	154
117	118
117	119
117	152
117	153
117	154
118	119
118	150
118	151
118	152
118	153
119	120
119	121
119	150
119	151
119	152
120	121
120	122
120	149
120	150
120	151
121	122
121	123
121	150
121	151
122	123
122	124
122	125
122	126
123	124
123	125
123	126
123	127
124	125
124	126
124	127
124	128
125	126
125	127
125	128
125	129
126	127
126	128
126	129
126	130
127	128
127	129
127	130
127	131
127	132
127	133
127	140
128	129
128	130
128	131
128	132
128	133
129	130
129	131
129	132
130	131
130	132
131	132
131	133
131	139
131	140
131	264
132	133
132	134
133	134
133	135
134	135
134	136
134	137
135	136
135	137
135	140
135	141
136	137
136	138
136	140
136	141
136	296
137	138
137	139
137	140
137	141
138	139
138	140
138	141
138	142
139	140
139	141
139	142
139	143
139	262
139	263
140	141
140	142
140	143
140	144
141	142
141	143
141	144
141	145
142	143
142	144
142	145
142	146
142	147
143	144
143	145
143	146
143	147
144	145
144	146
144	147
145	146
145	147
146	147
146	148
147	148
147	149
148	149
148	150
149	150
149	151
150	151
150	152
151	152
151	153
152	153
152	154
153	154
154	155
154	156
155	156
155	157
156	157
156	158
157	158
157	159
158	159
158	160
159	160
160	161
160	162
161	162
161	163
162	163
162	164
163	164
163	165
164	165
164	166
165	166
165	167
165	168
166	167
166	168
167	168
167	169
167	170
167	171
168	169
168	170
168	171
169	170
169	171
170	171
170	172
170	255
170	256
171	172
171	173
171	255
171	256
171	257
172	173
172	174
172	176
172	177
172	255
172	256
173	174
173	175
173	176
173	177
174	175
174	176
174	177
174	178
174	278
174	279
174	280
175	176
175	177
175	178
175	179
176	177
176	178
176	179
176	180
177	178
177	179
177	180
177	181
177	279
177	280
178	179
178	180
178	181
178	182
178	279
178	280
179	180
179	181
179	182
179	183
180	181
180	182
180	183
180	184
181	182
181	183
181	184
181	185
181	186
182	183
182	184
182	185
182	186
183	184
183	185
184	185
184	186
185	186
185	187
186	187
186	188
186	189
186	216
187	188
187	189
188	189
188	190
188	215
188	216
188	282
189	190
189	191
189	215
189	216
189	217
189	218
189	281
189	282
189	283
190	191
190	192
190	210
190	215
190	216
190	217
190	218
190	281
190	282
190	283
190	284
191	192
191	193
191	217
191	218
191	219
191	220
191	281
191	283
191	284
191	285
192	193
192	194
192	218
192	219
192	220
192	284
192	285
193	194
193	219
193	220
193	221
194	195
194	196
194	221
194	222
195	196
195	221
195	222
195	226
196	197
196	198
196	231
196	236
197	198
197	199
197	236
197	239
198	199
198	200
198	202
198	240
199	200
199	201
199	202
199	203
199	373
199	374
199	375
200	201
200	202
200	203
200	204
200	372
200	373
200	374
200	375
201	202
201	203
201	204
201	205
201	329
201	330
202	203
202	204
202	205
202	206
203	204
203	205
203	206
203	207
204	205
204	206
204	207
204	208
205	206
205	207
205	208
205	209
205	327
205	328
205	329
206	207
206	208
206	209
206	210
207	208
207	209
207	210
207	211
208	209
208	210
208	211
208	212
209	210
209	211
209	212
209	213
210	211
210	212
210	213
210	214
210	215
210	216
210	217
211	212
211	213
211	214
211	215
212	213
212	214
213	214
213	215
214	215
215	216
215	217
216	217
216	218
216	251
216	252
217	218
217	219
217	251
217	252
217	253
218	219
218	220
218	252
218	253
218	254
219	220
219	221
219	253
219	254
219	255
220	221
220	222
220	254
220	255
220	256
220	257
221	222
221	223
221	256
221	257
222	223
222	224
222	226
222	256
222	257
222	258
222	259
223	224
223	225
223	233
223	256
223	257
223	258
223	259
224	225
224	226
224	258
224	259
224	260
225	226
225	227
225	259
225	260
225	261
226	227
226	228
226	230
226	260
226	261
227	228
227	229
227	230
227	263
228	229
228	230
229	230
229	231
230	231
230	232
231	232
231	233
231	235
231	236
232	233
232	234
232	235
232	236
233	234
233	235
233	236
233	237
234	235
234	236
234	237
234	238
235	236
235	237
235	238
235	239
235	385
236	237
236	238
236	239
236	240
237	238
237	239
237	240
237	241
238	239
238	240
238	241
238	242
239	240
239	241
239	242
239	243
239	378
239	381
240	241
240	242
240	243
240	244
241	242
241	243
241	244
241	245
242	243
242	244
242	245
242	378
243	244
243	245
243	246
244	245
244	246
244	247
244	252
245	246
245	247
246	247
246	248
247	248
247	249
247	251
247	252
248	249
248	250
248	251
249	250
249	251
250	251
250	252
251	252
252	253
252	254
253	254
253	255
254	255
254	256
255	256
255	257
256	257
256	258
257	258
257	259
258	259
258	260
259	260
259	261
260	261
260	262
261	262
261	263
262	263
262	264
263	264
263	265
263	268
263	291
263	292
263	293
264	265
264	266
264	267
264	268
264	291
264	292
265	266
265	267
265	268
265	269
265	289
265	290
265	291
265	292
265	303
265	308
266	267
266	268
266	269
266	270
266	290
266	307
266	308
266	311
267	268
267	269
267	270
267	271
268	269
268	270
268	271
268	272
268	291
269	270
269	271
269	272
269	273
269	286
269	290
269	291
269	308
269	312
270	271
270	272
270	273
270	274
270	312
271	272
271	273
271	274
271	275
272	273
272	274
272	275
272	276
273	274
273	275
273	276
273	277
273	284
274	275
274	276
274	277
274	278
274	319
275	276
275	277
275	278
275	279
276	277
276	278
276	279
276	280
276	281
277	278
277	279
277	280
277	281
277	282
277	321
278	279
278	280
279	280
279	281
280	281
280	282
281	282
281	283
282	283
282	321
282	322
283	284
283	321
283	322
283	323
283	324
284	285
284	286
284	322
284	323
284	324
285	286
285	287
285	323
285	324
285	325
285	326
286	287
286	290
286	309
286	323
286	326
287	288
287	289
287	290
287	326
288	289
288	290
288	305
288	306
289	290
289	291
289	292
289	303
289	304
289	305
289	306
289	308
290	291
290	292
290	308
291	292
291	293
292	293
292	294
292	302
292	303
293	294
293	295
293	302
294	295
294	296
294	301
294	302
295	296
295	297
295	299
295	300
295	301
295	302
296	297
296	298
296	299
296	300
296	301
296	302
297	298
297	299
298	299
298	300
299	300
299	301
300	301
300	302
301	302
301	303
301	304
302	303
303	304
303	305
303	307
304	305
304	306
304	307
305	306
305	307
306	307
306	308
306	309
306	310
307	308
307	309
307	310
307	311
308	309
308	310
308	311
308	312
309	310
309	311
309	312
309	313
310	311
310	312
310	313
310	314
311	312
311	313
311	314
311	315
312	313
312	314
312	315
312	316
313	314
313	315
313	316
314	315
314	316
315	316
315	317
315	318
315	319
316	317
316	318
316	319
317	318
317	319
317	320
318	319
318	320
319	320
319	321
320	321
320	322
321	322
321	323
322	323
322	324
323	324
323	325
324	325
324	326
325	326
325	327
326	327
326	328
327	328
327	329
327	340
328	329
328	330
328	340
328	341
329	330
329	331
329	338
329	339
329	340
329	341
330	331
330	332
330	338
330	339
330	340
330	341
330	351
330	352
330	353
331	332
331	333
331	337
331	338
331	339
331	351
331	352
331	353
332	333
332	334
332	335
332	336
332	337
332	338
332	350
332	351
332	352
333	334
333	335
333	336
333	350
333	351
333	352
334	335
334	336
334	350
335	336
335	337
336	337
337	338
337	339
338	339
338	340
339	340
339	341
340	341
340	342
340	343
341	342
341	343
341	344
342	343
342	344
343	344
343	345
344	345
344	346
344	349
345	346
345	347
345	348
345	349
346	347
346	348
346	349
347	348
347	349
348	349
349	350
349	351
350	351
350	352
351	352
351	353
352	353
353	354
353	355
354	355
354	356
354	358
354	359
355	356
355	357
355	358
355	359
356	357
356	358
356	359
356	360
357	358
357	359
357	360
357	361
358	359
358	360
358	361
358	362
359	360
359	361
359	362
359	363
360	361
360	362
360	363
360	364
361	362
361	363
361	364
361	365
362	363
362	364
362	365
362	366
362	367
362	368
363	364
363	365
363	366
363	367
363	383
363	387
363	388
364	365
364	366
364	387
364	388
364	389
365	366
365	367
365	388
365	389
366	367
366	368
366	388
367	368
367	369
368	369
368	370
369	370
369	371
370	371
370	372
370	373
370	374
371	372
371	373
371	374
371	375
371	376
372	373
372	374
373	374
374	375
374	376
374	378
374	379
375	376
375	377
375	378
375	379
376	377
376	378
376	379
376	380
377	378
377	379
377	380
377	381
378	379
378	380
378	381
378	382
379	380
379	381
379	382
379	383
380	381
380	382
380	383
380	384
381	382
381	383
381	384
381	385
382	383
382	384
382	385
382	386
383	384
383	385
383	386
383	387
384	385
384	386
384	387
385	386
385	387
386	387
386	388
387	388
387	389
387	391
387	392
388	389
388	390
388	391
388	392
389	390
389	391
389	392
389	505
389	506
390	391
390	392
390	505
390	506
390	507
390	508
391	392
391	393
391	448
392	393
392	394
392	448
392	506
393	394
393	445
393	446
393	447
393	448
393	449
393	450
394	395
394	396
394	445
394	449
394	450
394	451
394	469
394	470
395	396
395	397
395	450
395	451
395	452
395	469
395	470
395	471
396	397
396	398
396	451
396	452
396	453
396	470
396	471
396	472
396	473
397	398
397	399
397	452
397	453
397	454
397	455
397	456
397	471
397	472
397	473
398	399
398	400
398	453
398	454
398	455
398	456
398	472
398	473
398	474
399	400
399	401
399	402
399	455
399	456
399	472
399	473
399	474
400	401
400	402
400	455
400	456
401	402
401	403
401	474
401	475
401	486
402	403
402	404
402	474
402	486
402	487
403	404
403	405
403	486
403	487
404	405
404	406
404	487
405	406
405	407
405	408
405	409
406	407
406	408
406	409
406	410
406	454
407	408
407	409
407	410
407	411
408	409
408	410
408	411
408	412
409	410
409	411
409	412
409	413
409	490
410	411
410	412
410	413
410	414
410	428
410	452
410	454
411	412
411	413
411	414
411	415
412	413
412	414
412	415
412	416
413	414
413	415
413	416
413	417
413	494
414	415
414	416
414	417
414	418
414	426
415	416
415	417
415	418
415	419
416	417
416	418
416	419
417	418
417	419
417	420
418	419
418	420
419	420
419	421
420	421
420	422
421	422
421	423
422	423
422	424
423	424
423	425
424	425
424	426
424	448
424	449
424	450
425	426
425	427
425	449
425	450
426	427
426	449
426	450
426	451
427	428
427	429
427	450
427	451
427	452
428	429
428	430
428	451
428	452
428	453
429	430
429	431
429	451
429	452
429	453
430	431
430	432
430	453
430	454
431	432
431	433
431	434
431	437
431	438
432	433
432	434
433	434
433	435
433	457
433	458
434	435
434	436
434	437
434	438
435	436
435	437
435	438
435	439
435	464
436	437
436	438
436	439
437	438
437	439
437	440
438	439
438	440
438	441
438	464
438	465
439	440
439	441
439	442
439	464
439	465
440	441
440	442
440	443
440	444
441	442
441	443
441	444
441	445
441	465
442	443
442	444
442	445
442	446
442	465
442	466
443	444
443	445
443	446
443	447
444	445
444	446
444	447
444	448
444	449
445	446
445	447
445	448
445	449
445	450
446	447
446	448
447	448
447	449
448	449
448	450
449	450
449	451
450	451
450	452
451	452
451	453
452	453
452	454
453	454
453	455
454	455
455	456
455	457
456	457
456	458
457	458
457	459
457	461
458	459
458	460
458	461
459	460
459	461
459	462
460	461
460	462
461	462
461	463
461	464
462	463
462	464
462	465
463	464
463	465
464	465
464	466
465	466
465	467
466	467
466	468
467	468
467	469
467	470
468	469
468	470
469	470
469	471
470	471
470	472
471	472
471	473
471	480
472	473
472	474
472	479
472	480
472	481
473	474
473	479
473	480
473	481
473	482
473	483
474	475
474	476
474	479
474	481
474	482
474	483
475	476
475	477
475	479
475	482
475	483
475	484
475	485
475	486
476	477
476	478
476	479
476	482
477	478
477	479
478	479
478	480
479	480
479	481
479	482
480	481
480	482
481	482
481	483
481	497
482	483
482	484
483	484
483	485
483	486
484	485
484	488
485	486
485	487
485	488
486	487
486	488
487	488
487	489
488	489
488	490
488	492
488	493
489	490
489	491
489	492
489	493
490	491
490	492
490	493
490	494
491	492
491	493
491	494
491	495
492	493
492	494
492	495
492	496
493	494
493	495
493	496
493	497
494	495
494	496
494	497
494	498
495	496
495	497
495	498
495	499
496	497
496	498
496	499
496	500
497	498
497	499
497	500
497	501
498	499
498	500
498	501
498	502
499	500
499	501
499	502
499	503
500	501
500	502
500	503
500	504
501	502
501	503
501	504
501	505
501	506
501	507
502	503
502	504
502	505
502	506
502	507
502	508
503	504
503	505
504	505
504	506
505	506
505	507
505	508
506	507
506	508
507	508
507	509
508	509
