0	1
0	2
1	2
1	3
2	3
2	4
3	4
3	5
3	6
4	5
4	6
4	7
4	233
5	6
5	7
5	552
6	7
6	8
7	8
7	9
8	9
8	10
9	10
9	11
10	11
10	12
11	12
11	13
11	14
12	13
12	14
13	14
13	15
13	208
14	15
14	16
14	207
14	208
15	16
15	207
15	208
15	209
15	210
16	17
16	18
16	142
16	143
16	207
17	18
17	19
17	143
17	207
18	19
18	20
18	142
18	143
18	186
19	20
19	21
19	141
19	142
19	143
19	185
19	186
19	189
20	21
20	140
20	141
20	142
20	185
20	186
20	189
20	190
21	22
21	23
21	139
21	140
21	141
21	192
22	23
22	24
22	137
22	192
23	24
23	25
23	192
23	213
24	25
24	26
24	152
24	153
24	154
25	26
25	27
25	152
25	153
25	154
26	27
26	28
26	153
26	154
27	28
27	29
27	154
27	155
27	156
28	29
28	30
29	30
29	31
30	31
30	32
30	54
31	32
31	33
32	33
32	34
32	50
33	34
33	35
33	37
34	35
34	36
34	37
35	36
35	37
36	37
36	38
37	38
37	39
37	103
37	104
37	107
38	39
38	40
38	45
38	103
39	40
39	41
39	45
39	46
39	47
39	100
39	101
39	103
40	41
40	42
40	43
40	44
40	45
40	46
40	99
40	100
41	42
41	43
41	44
41	45
41	46
41	98
41	99
41	100
42	43
42	44
42	98
42	99
43	44
43	45
44	45
44	46
45	46
45	47
46	47
46	48
47	48
47	49
48	49
48	50
48	52
48	53
49	50
49	51
49	52
49	53
50	51
50	52
50	53
50	54
51	52
51	53
51	54
51	55
51	84
52	53
52	54
52	55
52	56
52	81
52	84
52	85
53	54
53	55
53	56
53	57
54	55
54	56
54	57
54	58
55	56
55	57
55	58
55	59
55	81
56	57
56	58
56	59
56	60
57	58
57	59
57	60
57	61
57	104
58	59
58	60
58	61
58	62
58	158
58	159
59	60
59	61
59	62
59	63
60	61
60	62
60	63
60	101
60	104
60	105
61	62
61	63
61	105
61	108
62	63
62	64
62	65
62	68
63	64
63	65
63	68
64	65
64	66
65	66
65	67
65	68
66	67
66	68
66	69
67	68
67	69
67	70
67	73
68	69
68	70
68	73
68	74
69	70
69	71
70	71
70	72
70	73
70	74
71	72
71	73
71	74
71	75
72	73
72	74
72	75
72	76
72	167
72	169
73	74
73	75
73	76
73	77
73	169
73	170
74	75
74	76
74	77
74	78
74	170
75	76
75	77
75	78
75	79
76	77
76	78
76	79
76	80
76	168
76	169
76	170
76	171
77	78
77	79
77	80
77	81
77	170
77	171
77	172
78	79
78	80
78	81
78	82
78	96
79	80
79	81
79	82
79	83
80	81
80	82
80	83
80	84
80	171
80	172
81	82
81	83
81	84
81	85
82	83
82	84
82	85
82	90
83	84
83	85
84	85
84	86
85	86
85	87
85	89
85	90
86	87
86	88
86	89
86	90
87	88
87	89
87	90
87	91
88	89
88	90
88	91
88	92
89	90
89	91
89	92
89	93
90	91
90	92
90	93
90	94
91	92
91	93
91	94
92	93
92	94
93	94
93	95
94	95
95	96
95	97
95	98
96	97
96	98
96	99
97	98
97	99
98	99
98	100
99	100
99	101
100	101
100	102
101	102
101	103
101	104
101	105
102	103
102	104
102	105
102	106
103	104
103	105
103	106
103	107
104	105
104	106
104	107
104	108
105	106
105	107
105	108
105	109
106	107
106	108
106	109
106	110
107	108
107	109
107	110
107	111
108	109
108	110
108	111
108	112
109	110
109	111
109	112
109	113
110	111
110	112
110	113
110	114
111	112
111	113
111	114
111	115
112	113
112	114
112	115
112	116
113	114
113	115
113	116
113	117
114	115
114	116
114	117
114	118
115	116
115	117
115	118
116	117
116	118
117	118
117	119
118	119
118	120
118	122
118	123
119	120
119	121
119	122
119	123
120	121
120	122
120	123
120	124
121	122
121	123
121	124
121	125
122	123
122	124
122	125
122	126
123	124
123	125
123	126
123	127
124	125
124	126
124	127
124	128
125	126
125	127
125	128
125	129
126	127
126	128
126	129
126	130
127	128
127	129
127	130
127	131
128	129
128	130
128	131
128	132
129	130
129	131
129	132
129	133
130	131
130	132
130	133
130	134
131	132
131	133
131	134
131	135
132	133
132	134
132	135
132	136
133	134
133	135
133	136
133	137
134	135
134	136
134	137
134	138
135	136
135	137
135	138
135	139
136	137
136	138
137	138
137	139
137	152
138	139
138	148
138	149
138	152
139	140
139	141
139	146
139	147
139	148
139	149
140	141
140	142
140	146
140	147
140	148
140	149
141	142
141	143
141	145
141	146
141	147
142	143
142	144
142	145
142	146
142	147
143	144
143	145
144	145
145	146
145	147
146	147
147	148
147	149
147	232
148	149
148	150
148	228
148	229
149	150
149	151
149	152
149	227
149	228
149	229
150	151
150	152
150	227
150	228
150	229
151	152
151	153
151	226
152	153
152	154
152	226
153	154
153	155
154	155
154	156
155	156
155	157
156	157
156	158
156	175
157	158
157	173
157	174
157	175
158	159
158	160
158	172
158	173
158	174
159	160
159	161
159	170
159	171
159	172
159	173
160	161
160	162
160	169
160	170
160	171
160	172
160	173
161	162
161	163
161	169
161	170
162	163
162	164
162	166
162	169
163	164
163	165
163	166
163	332
163	333
164	165
164	166
164	298
164	332
164	333
165	166
165	167
165	298
166	167
166	168
166	169
166	297
166	298
167	168
167	169
167	295
167	296
167	297
167	298
168	169
168	170
168	171
168	296
169	170
169	171
170	171
170	172
171	172
171	173
172	173
172	174
173	174
173	175
173	218
173	219
174	175
174	176
175	176
175	177
176	177
176	180
177	178
177	179
177	180
177	181
178	179
178	180
178	181
178	194
178	198
178	199
178	200
178	201
179	180
179	181
179	198
179	199
179	200
179	201
180	181
180	182
180	200
180	201
180	215
181	182
181	183
181	200
181	201
181	202
181	213
181	214
181	215
182	183
182	184
182	200
182	201
182	202
182	203
182	213
182	214
182	215
183	184
183	185
183	202
183	203
183	204
183	212
183	213
183	214
184	185
184	203
184	204
184	205
184	206
184	211
184	212
184	213
185	186
185	187
185	189
185	204
185	205
185	212
186	187
186	188
186	189
186	205
187	188
187	189
187	205
188	189
188	190
189	190
189	191
190	191
190	192
191	192
191	193
192	193
192	194
193	194
193	195
194	195
194	196
194	198
194	199
194	200
195	196
195	197
195	198
196	197
196	198
197	198
198	199
198	200
199	200
199	201
200	201
200	202
200	203
201	202
202	203
202	204
203	204
204	205
204	206
205	206
205	207
206	207
206	208
206	209
207	208
207	209
208	209
209	210
209	211
210	211
210	212
210	227
211	212
211	213
211	225
211	226
211	227
212	213
212	214
212	226
212	227
213	214
213	225
213	226
214	215
214	223
214	224
214	225
214	226
215	216
215	217
215	223
215	224
215	225
216	217
216	218
216	221
216	222
216	223
216	224
217	218
217	219
217	220
217	221
217	222
217	223
217	224
218	219
218	220
218	221
219	220
219	221
220	221
220	222
221	222
221	223
222	223
222	224
223	224
223	225
224	225
225	226
225	227
226	227
227	228
227	229
228	229
228	230
228	232
229	230
229	231
229	232
230	231
230	232
230	235
230	236
230	549
231	232
231	233
231	235
231	236
231	548
231	549
232	233
232	234
232	235
232	236
233	234
233	235
233	236
233	237
234	235
234	236
234	237
234	238
235	236
235	237
235	238
235	239
236	237
236	238
236	239
236	240
237	238
237	239
237	240
237	241
238	239
238	240
238	241
238	242
239	240
239	241
239	242
239	243
240	241
240	242
240	243
240	244
241	242
241	243
241	244
241	245
242	243
242	244
242	245
242	246
243	244
243	245
243	246
243	247
243	523
244	245
244	246
244	247
244	248
245	246
245	247
245	248
245	249
246	247
246	248
246	249
246	250
246	387
246	390
246	391
247	248
247	249
247	250
247	563
248	249
248	250
248	251
249	250
249	251
249	252
249	253
250	251
250	252
250	253
251	252
251	253
252	253
252	254
252	255
252	256
253	254
253	255
253	256
253	257
254	255
254	256
254	257
254	258
255	256
255	257
255	258
255	259
256	257
256	258
256	259
256	260
257	258
257	259
257	260
257	261
258	259
258	260
258	261
258	262
259	260
259	261
259	262
259	263
260	261
260	262
260	263
260	264
260	275
261	262
261	263
261	264
262	263
262	264
262	265
263	264
263	265
263	266
263	271
263	272
263	275
264	265
264	266
264	272
264	275
264	276
264	345
264	346
265	266
265	267
265	272
266	267
266	268
266	271
266	272
267	268
267	269
268	269
268	270
268	271
268	272
269	270
269	271
269	272
269	273
270	271
270	272
270	273
270	274
270	366
270	367
271	272
271	273
271	274
271	275
272	273
272	274
272	275
272	276
273	274
273	275
273	276
273	277
273	364
274	275
274	276
274	277
274	278
274	367
274	372
275	276
275	277
275	278
275	279
276	277
276	278
276	279
276	280
276	346
277	278
277	279
277	280
277	281
277	303
277	304
278	279
278	280
278	281
278	282
279	280
279	281
279	282
279	283
280	281
280	282
280	283
280	284
280	285
280	286
281	282
281	283
281	284
281	285
281	286
281	287
281	303
282	283
282	284
282	285
282	388
283	284
283	285
284	285
284	286
285	286
285	287
285	388
285	389
285	429
286	287
286	288
286	302
286	303
287	288
287	289
287	302
287	303
287	386
288	289
288	290
288	302
288	303
288	304
288	369
288	385
289	290
289	291
289	301
289	302
289	303
289	304
289	305
289	369
290	291
290	292
290	304
290	305
290	369
291	292
291	305
292	293
292	294
293	294
293	295
293	296
293	297
294	295
294	296
294	297
295	296
295	297
296	297
297	298
297	299
298	299
298	300
299	300
299	301
300	301
300	329
300	330
300	331
300	333
301	302
301	303
301	305
301	306
301	329
301	330
302	303
302	304
302	305
302	306
302	330
303	304
303	305
303	306
304	305
304	306
304	364
304	367
304	368
304	369
305	306
305	307
305	362
306	307
306	308
306	310
306	362
306	363
307	308
307	309
307	310
307	359
307	360
307	361
307	362
307	363
308	309
308	310
308	311
308	354
308	359
308	360
308	361
308	362
308	363
309	310
309	311
309	359
309	360
310	311
310	326
310	327
310	328
311	312
311	313
311	324
311	325
311	326
311	327
312	313
312	314
312	324
312	325
312	326
313	314
313	315
313	323
313	324
313	325
314	315
314	316
314	317
314	322
314	323
314	324
315	316
315	317
315	321
315	322
315	323
316	317
316	318
316	319
316	320
316	321
316	322
316	323
317	318
317	319
317	320
317	321
317	323
318	319
318	320
319	320
319	321
320	321
320	322
320	323
320	341
321	322
321	323
321	341
322	323
322	324
322	341
322	342
322	344
322	347
323	324
323	325
323	339
323	340
323	341
323	342
324	325
324	326
324	339
324	340
324	341
324	342
325	326
325	327
325	338
325	339
325	340
326	327
326	328
326	336
326	337
326	338
326	339
327	328
327	336
327	337
327	338
328	329
328	330
328	335
328	336
328	337
329	330
329	331
329	333
329	334
329	335
329	336
330	331
330	332
330	333
330	334
330	335
330	336
331	332
331	333
331	334
332	333
332	334
333	334
333	335
334	335
334	336
335	336
335	337
336	337
336	338
336	430
337	338
338	339
338	340
339	340
339	341
340	341
340	342
341	342
342	343
342	344
342	346
342	347
343	344
343	345
343	346
343	347
344	345
344	346
344	347
344	348
345	346
345	347
345	348
345	349
346	347
346	348
346	349
346	350
347	348
347	349
347	350
347	351
348	349
348	350
348	351
348	352
349	350
349	351
349	352
349	353
350	351
350	352
350	353
350	354
351	352
351	353
351	354
351	355
352	353
352	354
352	355
353	354
353	355
353	363
353	364
354	355
354	356
354	357
354	363
355	356
355	357
356	357
357	358
357	359
357	361
358	359
358	360
358	361
359	360
359	361
360	361
360	362
361	362
361	363
362	363
362	364
362	365
363	364
363	365
364	365
364	366
364	367
365	366
365	367
366	367
367	368
367	371
368	369
368	370
368	371
368	372
369	370
369	371
369	372
369	373
370	371
370	372
370	373
370	374
371	372
371	373
371	374
371	375
372	373
372	374
372	375
372	376
373	374
373	375
373	376
373	377
373	384
373	385
374	375
374	376
374	377
374	378
375	376
375	377
375	378
375	379
376	377
376	378
376	379
376	380
376	383
376	384
377	378
377	379
377	380
377	381
377	382
377	383
377	384
378	379
378	380
378	381
379	380
379	381
380	381
380	382
380	383
381	382
381	383
382	383
382	384
383	384
383	387
384	385
384	386
384	387
385	386
385	387
385	388
386	387
386	388
386	389
386	390
387	388
387	389
387	390
387	391
388	389
388	390
388	391
388	392
389	390
389	391
389	392
389	393
390	391
390	392
390	393
390	394
390	522
391	392
391	393
391	394
391	395
392	393
392	394
392	395
392	396
393	394
393	395
393	396
393	397
393	425
393	522
394	395
394	396
394	397
394	398
394	522
394	523
395	396
395	397
395	398
395	399
396	397
396	398
396	399
396	400
396	425
397	398
397	399
397	400
397	401
397	421
397	422
397	425
398	399
398	400
398	401
398	402
398	526
399	400
399	401
399	402
399	403
400	401
400	402
400	403
400	404
400	421
401	402
401	403
401	404
401	405
401	418
401	421
402	403
402	404
402	405
403	404
403	405
404	405
404	406
404	417
405	406
405	407
405	414
405	417
406	407
406	408
406	409
407	408
407	409
408	409
408	410
409	410
409	411
409	413
409	414
410	411
410	412
410	413
410	414
411	412
411	413
411	414
411	415
411	536
412	413
412	414
412	415
412	416
412	499
413	414
413	415
413	416
413	417
413	502
414	415
414	416
414	417
414	418
415	416
415	417
415	418
415	419
416	417
416	418
416	419
416	420
416	502
416	506
417	418
417	419
417	420
417	421
418	419
418	420
418	421
418	422
419	420
419	421
419	422
419	423
420	421
420	422
420	423
420	424
421	422
421	423
421	424
421	425
422	423
422	424
422	425
422	426
422	515
423	424
423	425
423	426
423	427
423	515
424	425
424	426
424	427
424	428
425	426
425	427
425	428
425	429
426	427
426	428
426	429
426	430
426	431
426	513
426	514
426	515
426	518
427	428
427	429
427	430
427	431
427	432
428	429
428	430
429	430
429	431
430	431
430	432
431	432
431	433
431	513
431	514
432	433
432	512
432	513
432	514
433	434
433	435
433	512
433	513
433	514
434	435
434	436
434	512
435	436
435	437
435	440
435	511
435	512
436	437
436	438
436	439
436	440
437	438
437	439
437	440
438	439
438	440
438	441
439	440
439	441
439	442
440	441
440	442
440	443
441	442
441	443
441	444
442	443
442	444
442	445
442	446
443	444
443	445
443	446
443	447
444	445
444	446
444	447
444	448
445	446
445	447
445	448
445	449
446	447
446	448
446	449
446	450
446	504
447	448
447	449
447	450
447	451
448	449
448	450
448	451
448	452
449	450
449	451
449	452
449	453
450	451
450	452
450	453
450	454
450	497
450	500
451	452
451	453
451	454
451	455
452	453
452	454
452	455
452	456
453	454
453	455
453	456
453	457
453	497
454	455
454	456
454	457
454	458
454	497
455	456
455	457
455	458
455	459
456	457
456	458
456	459
456	460
457	458
457	459
457	460
457	461
457	490
457	493
457	494
458	459
458	460
458	461
458	462
459	460
459	461
459	462
459	463
460	461
460	462
460	463
460	464
460	489
460	490
461	462
461	463
461	464
461	465
461	490
462	463
462	464
462	465
462	466
463	464
463	465
463	466
463	467
463	486
464	465
464	466
464	467
464	468
464	483
464	486
464	487
465	466
465	467
465	468
465	469
466	467
466	468
466	469
466	470
467	468
467	469
467	470
467	471
467	482
467	483
468	469
468	470
468	471
468	472
468	483
469	470
469	471
469	472
470	471
470	472
470	473
471	472
471	473
471	474
471	475
471	479
471	480
472	473
472	474
472	475
473	474
473	475
474	475
474	476
475	476
476	477
476	478
476	479
476	480
477	478
477	479
477	480
477	481
478	479
478	480
478	481
478	482
479	480
479	481
479	482
479	483
480	481
480	482
480	483
480	484
481	482
481	483
481	484
481	485
482	483
482	484
482	485
482	486
483	484
483	485
483	486
483	487
484	485
484	486
484	487
484	488
485	486
485	487
485	488
485	489
486	487
486	488
486	489
486	490
487	488
487	489
487	490
487	491
488	489
488	490
488	491
488	492
489	490
489	491
489	492
489	493
490	491
490	492
490	493
490	494
491	492
491	493
491	494
491	495
492	493
492	494
492	495
492	496
493	494
493	495
493	496
493	497
494	495
494	496
494	497
494	498
495	496
495	497
495	498
495	499
496	497
496	498
496	499
496	500
497	498
497	499
497	500
497	501
498	499
498	500
498	501
498	502
499	500
499	501
499	502
499	503
500	501
500	502
500	503
500	504
501	502
501	503
501	504
501	505
502	503
502	504
502	505
502	506
503	504
503	505
503	506
503	507
504	505
504	506
504	507
504	508
505	506
505	507
505	508
505	509
506	507
506	508
506	509
506	510
507	508
507	509
507	510
507	511
508	509
508	510
508	511
509	510
509	511
510	511
510	512
510	513
511	512
511	513
512	513
512	514
513	514
513	515
514	515
514	516
515	516
515	517
515	518
515	519
516	517
516	518
516	519
516	520
517	518
517	519
517	520
517	521
518	519
518	520
518	521
518	522
519	520
519	521
519	522
520	521
520	522
521	522
522	523
522	524
523	524
523	525
523	526
524	525
524	526
524	527
524	528
524	550
524	553
525	526
525	527
525	528
525	529
525	553
525	554
525	557
525	561
526	527
526	528
526	529
526	530
526	561
526	562
526	563
527	528
527	529
527	530
527	531
528	529
528	530
528	531
528	532
528	553
528	554
528	557
529	530
529	531
529	532
529	533
529	557
529	558
529	559
529	560
529	561
530	531
530	532
530	533
530	534
530	559
531	532
531	533
531	534
531	535
531	536
531	537
531	538
532	533
532	534
532	535
532	536
532	559
533	534
533	535
533	559
534	535
534	536
535	536
535	537
536	537
536	538
537	538
537	539
537	540
538	539
538	540
538	541
538	542
539	540
539	541
539	542
539	543
540	541
540	542
541	542
541	543
542	543
542	544
542	546
542	547
543	544
543	545
543	546
543	547
544	545
544	546
544	547
544	548
545	546
545	547
545	548
545	549
546	547
546	548
546	549
546	550
547	548
547	549
547	550
547	551
548	549
548	550
548	551
549	550
549	551
550	551
550	552
550	553
550	554
551	552
551	553
551	554
551	555
552	553
552	554
552	555
552	556
553	554
553	555
553	556
553	557
554	555
554	556
554	557
555	556
555	557
556	557
556	558
557	558
557	559
557	561
558	559
558	560
558	561
559	560
559	561
560	561
560	562
561	562
561	563
562	563
