0	1
0	2
0	4
0	5
0	68
1	2
1	3
1	4
1	5
2	3
2	4
2	5
2	36
2	37
2	38
3	4
3	5
3	36
3	37
3	38
3	39
3	40
3	65
3	66
4	5
4	6
4	19
4	36
4	65
4	66
4	67
4	68
5	6
5	16
5	17
5	18
5	19
5	36
6	7
6	16
6	17
6	18
6	19
6	22
6	34
6	35
6	36
6	37
7	8
7	9
7	11
7	16
7	17
7	34
7	35
7	36
7	37
8	9
8	10
8	11
8	28
8	32
8	33
8	34
8	35
9	10
9	11
9	32
9	33
9	34
9	35
9	332
9	335
9	351
9	354
10	11
10	12
10	30
10	32
10	351
10	352
10	354
10	355
11	12
11	13
11	348
11	351
11	352
12	13
12	14
12	348
12	349
12	351
12	352
13	14
13	15
13	348
14	15
14	16
15	16
15	17
16	17
17	18
17	19
17	21
17	22
18	19
18	20
18	21
18	22
19	20
19	21
19	22
19	23
19	67
20	21
20	22
20	23
20	24
20	71
21	22
21	23
21	24
21	25
22	23
22	24
22	25
22	26
22	34
23	24
23	25
23	26
23	237
23	238
23	239
24	25
24	26
25	26
25	27
25	28
26	27
26	28
26	237
27	28
27	29
27	31
27	32
27	33
27	237
28	29
28	30
28	31
28	32
28	33
28	34
29	30
29	31
30	31
30	32
31	32
31	33
32	33
32	34
33	34
33	35
33	236
33	332
34	35
34	238
35	36
35	37
35	238
36	37
36	38
36	39
37	38
37	39
38	39
38	40
39	40
39	41
39	283
40	41
40	42
40	65
41	42
41	43
41	284
42	43
42	44
42	46
42	47
42	284
43	44
43	45
43	46
43	47
43	284
44	45
44	46
44	47
44	48
44	284
45	46
45	47
45	48
45	49
46	47
46	48
46	49
46	50
46	51
47	48
47	49
47	50
47	51
47	52
48	49
48	50
48	51
48	52
49	50
49	51
49	52
50	51
50	52
50	53
51	52
51	53
51	54
51	59
52	53
52	54
52	252
53	54
53	55
54	55
54	56
54	58
54	59
55	56
55	57
55	58
55	59
56	57
56	58
56	59
56	60
56	92
56	93
56	245
56	246
56	249
57	58
57	59
57	60
57	61
57	81
57	82
58	59
58	60
58	61
58	62
59	60
59	61
59	62
59	63
59	245
60	61
60	62
60	63
60	245
61	62
61	63
61	64
61	78
62	63
62	64
62	65
63	64
63	65
64	65
64	66
64	67
64	68
65	66
65	67
66	67
66	68
67	68
67	69
67	71
67	72
68	69
68	70
68	71
68	72
69	70
69	71
69	72
69	73
69	74
70	71
70	72
70	73
71	72
71	73
72	73
72	74
72	76
72	77
73	74
73	75
73	76
73	77
74	75
74	76
74	77
74	78
75	76
75	77
75	78
75	79
76	77
76	78
76	79
76	80
77	78
77	79
77	80
77	81
78	79
78	80
78	81
78	82
79	80
79	81
79	82
79	83
80	81
80	82
80	83
80	84
80	127
80	130
81	82
81	83
81	84
81	85
81	127
82	83
82	84
82	85
82	86
83	84
83	85
83	86
84	85
84	86
84	87
84	126
84	127
84	130
85	86
85	87
85	88
85	93
86	87
86	88
87	88
87	89
87	115
87	116
88	89
88	90
88	93
88	114
88	115
88	116
89	90
89	91
89	114
89	115
90	91
90	92
90	93
90	94
90	95
90	114
91	92
91	93
92	93
92	94
92	95
93	94
93	95
93	114
94	95
94	96
94	110
94	111
94	112
94	114
94	246
95	96
95	97
95	110
95	111
96	97
96	98
96	108
96	109
96	110
96	111
96	250
96	253
97	98
97	99
97	100
97	108
97	109
97	110
98	99
98	100
98	107
98	108
98	109
99	100
99	101
99	102
99	103
99	106
99	107
99	108
99	404
100	101
100	102
100	107
100	108
100	402
100	403
100	404
100	405
101	102
101	103
101	107
101	401
101	402
101	403
101	404
102	103
102	104
102	105
102	403
102	404
103	104
103	105
103	106
104	105
105	106
105	107
105	431
106	107
106	108
106	431
106	433
106	434
106	435
107	108
107	109
107	434
107	435
107	436
108	109
108	110
108	435
108	436
108	437
109	110
109	111
109	436
109	437
109	438
109	439
110	111
110	112
110	436
110	437
110	438
110	439
111	112
111	113
111	438
111	439
111	440
112	113
112	114
112	119
112	120
112	439
112	440
113	114
113	115
113	118
113	119
113	120
113	440
113	441
113	442
114	115
114	116
114	118
115	116
115	117
115	118
115	119
115	122
116	117
116	118
116	122
116	167
117	118
117	119
117	122
117	163
117	164
118	119
118	120
118	441
118	442
119	120
119	121
119	122
119	440
119	441
119	442
120	121
120	122
120	123
120	440
120	441
121	122
121	123
121	124
121	125
121	164
122	123
122	124
122	125
122	126
122	164
123	124
123	125
123	126
123	127
123	243
123	244
124	125
124	126
124	127
124	128
124	240
124	243
124	244
125	126
125	127
125	128
125	129
125	164
125	165
125	168
126	127
126	128
126	129
126	130
126	168
127	128
127	129
127	130
127	131
127	243
128	129
128	130
128	131
128	132
128	239
128	240
129	130
129	131
129	132
129	133
129	168
129	169
130	131
130	132
130	133
130	134
131	132
131	133
131	134
131	135
132	133
132	134
132	135
132	136
133	134
133	135
133	136
133	137
133	172
133	173
134	135
134	136
134	137
134	138
135	136
135	137
135	138
135	139
136	137
136	138
136	139
136	140
137	138
137	139
137	140
137	141
138	139
138	140
138	141
139	140
139	141
139	142
140	141
140	142
140	143
140	148
140	149
141	142
141	143
142	143
142	144
143	144
143	145
143	146
143	147
143	148
144	145
144	146
144	147
144	148
145	146
145	147
145	148
146	147
146	148
147	148
147	149
148	149
148	150
149	150
149	151
150	151
150	152
150	174
150	175
150	229
151	152
151	153
151	174
151	175
151	176
151	229
151	230
151	231
152	153
152	154
152	175
152	176
152	177
152	229
152	230
152	231
153	154
153	155
153	176
153	177
153	178
153	230
153	231
153	232
153	233
154	155
154	177
154	178
154	179
154	231
154	232
154	233
155	156
155	157
155	178
155	179
155	180
155	217
155	232
155	233
156	157
156	158
156	179
156	180
156	181
156	213
156	214
156	217
157	158
157	159
157	160
157	161
157	162
157	179
157	180
157	181
158	159
158	160
158	181
158	186
158	210
159	160
159	161
159	186
159	187
159	190
160	161
160	162
160	163
160	190
161	162
161	163
161	164
162	163
162	164
162	165
162	166
163	164
163	165
163	166
163	167
163	193
164	165
164	166
164	167
164	168
165	166
165	167
165	168
165	169
166	167
166	168
166	169
166	170
166	177
166	201
167	168
167	169
167	170
168	169
168	170
169	170
169	171
169	172
170	171
170	172
170	198
170	200
170	201
171	172
171	173
171	198
171	200
172	173
172	174
172	175
173	174
173	175
174	175
174	176
175	176
175	177
175	200
176	177
176	178
176	200
176	201
177	178
177	179
177	200
177	201
177	202
178	179
178	180
178	201
178	202
178	203
178	204
179	180
179	181
179	202
179	203
179	204
180	181
180	203
180	204
180	205
180	206
180	213
181	182
181	183
181	204
181	205
181	206
181	210
181	213
182	183
182	184
182	185
182	186
182	205
182	206
182	207
182	208
182	209
182	210
182	213
183	184
183	185
183	186
183	205
183	206
183	207
183	208
184	185
184	186
185	186
185	187
186	187
186	188
186	190
186	191
187	188
187	189
187	190
187	191
188	189
188	190
188	191
188	192
189	190
189	191
189	192
189	193
189	445
190	191
190	192
190	193
191	192
191	193
191	194
192	193
192	194
192	195
192	474
192	475
192	479
193	194
193	195
193	196
194	195
194	196
194	203
194	479
194	480
194	481
195	196
195	197
195	477
195	478
195	479
195	480
196	197
196	198
197	198
197	199
198	199
198	200
198	201
199	200
199	201
200	201
200	202
201	202
201	203
202	203
202	204
203	204
203	205
203	481
203	482
204	205
204	206
204	481
204	482
204	483
204	484
205	206
205	207
205	481
205	482
205	483
205	484
206	207
206	208
206	483
206	484
206	485
206	486
206	487
207	208
207	484
207	485
207	486
207	487
208	209
208	210
208	212
208	486
208	487
209	210
209	211
209	212
209	213
210	211
210	212
210	213
210	214
211	212
211	213
211	214
212	213
212	214
212	215
212	216
212	487
213	214
213	215
213	216
213	217
214	215
214	216
214	217
214	218
215	216
215	217
215	218
215	219
216	217
216	218
216	219
216	487
216	488
216	489
217	218
217	219
217	220
217	221
218	219
218	220
218	221
218	222
219	220
219	221
219	222
219	223
219	489
220	221
220	222
220	223
220	489
220	493
221	222
221	223
222	223
222	224
223	224
223	225
223	226
223	227
224	225
224	226
224	227
225	226
225	227
226	227
226	228
227	228
227	229
228	229
228	230
229	230
229	231
230	231
230	232
231	232
232	233
232	234
233	234
234	235
234	236
234	237
235	236
235	237
236	237
236	238
236	328
236	329
237	238
237	239
237	240
238	239
238	240
238	241
238	242
239	240
239	241
239	242
239	243
240	241
240	242
240	243
240	244
241	242
241	243
241	244
241	273
241	274
241	277
242	243
242	244
242	277
243	244
243	245
244	245
244	246
244	274
244	277
245	246
245	247
245	248
245	249
246	247
246	248
246	249
246	250
247	248
247	249
247	250
247	251
247	278
248	249
248	250
248	251
248	252
249	250
249	251
249	252
249	253
250	251
250	252
250	253
250	254
251	252
251	253
251	254
251	255
252	253
252	254
252	255
252	256
253	254
253	255
253	256
254	255
254	256
254	434
255	256
255	257
255	258
255	260
255	261
256	257
256	258
257	258
257	259
258	259
258	260
259	260
259	261
260	261
260	262
260	432
260	433
261	262
261	263
262	263
262	264
262	287
262	288
262	433
262	434
263	264
263	265
263	287
263	288
263	433
263	434
263	435
264	265
264	266
264	287
264	288
264	289
264	290
264	433
264	434
264	435
264	436
265	266
265	267
265	290
265	291
265	435
265	436
265	437
266	267
266	268
266	290
266	291
266	292
266	293
266	417
266	421
266	436
266	437
266	438
267	268
267	269
267	275
267	291
267	292
267	293
267	417
267	437
267	438
268	269
268	292
268	293
268	294
268	413
268	414
268	416
268	417
268	438
269	270
269	271
269	272
269	274
269	275
269	292
269	293
269	294
270	271
270	272
270	323
270	324
270	327
271	272
271	273
271	327
271	328
271	329
271	330
272	273
272	274
272	275
272	276
272	327
272	328
272	329
272	330
273	274
273	275
273	276
273	277
273	329
274	275
274	276
274	277
274	278
275	276
275	277
275	278
275	279
276	277
276	278
276	279
276	280
277	278
277	279
277	280
277	281
278	279
278	280
278	281
278	282
279	280
279	281
279	282
279	283
280	281
280	282
280	283
281	282
281	283
281	284
281	285
282	283
282	284
282	285
282	286
282	287
283	284
284	285
284	286
285	286
285	287
286	287
287	288
287	289
288	289
288	290
289	290
289	291
289	379
289	380
289	381
289	382
290	291
290	292
290	380
290	381
290	382
291	292
291	293
291	381
291	382
291	383
292	293
292	294
292	382
292	383
292	384
293	294
293	383
293	384
293	385
293	416
293	417
293	420
294	295
294	296
294	297
294	298
294	384
294	385
294	386
294	416
295	296
295	297
295	298
295	320
295	385
295	386
295	387
295	416
296	297
296	298
296	316
296	318
296	385
296	386
296	387
297	298
297	299
297	315
297	316
297	323
297	324
297	325
298	299
298	300
298	301
298	302
298	385
299	300
299	301
299	302
299	303
299	309
299	310
299	311
299	325
299	326
300	301
300	302
300	303
300	304
301	302
301	303
301	304
301	305
301	383
301	384
301	385
302	303
302	304
302	305
302	306
302	308
303	304
303	305
303	306
303	307
303	308
303	309
304	305
304	306
304	307
304	374
305	306
305	307
306	307
306	308
307	308
307	309
307	368
307	369
307	371
307	374
308	309
308	310
308	366
308	367
308	368
308	369
309	310
309	311
309	366
309	367
309	368
310	311
310	312
310	365
310	366
310	367
311	312
311	313
311	325
311	326
311	365
311	366
312	313
312	314
312	325
313	314
313	315
314	315
314	316
315	316
315	317
315	323
315	324
315	325
316	317
316	318
317	318
318	319
318	320
318	321
318	388
319	320
319	321
319	388
319	412
319	449
320	321
320	322
320	412
320	413
321	322
321	323
322	323
323	324
324	325
324	326
324	327
325	326
325	327
326	327
326	328
327	328
327	329
327	330
328	329
328	330
328	331
329	330
329	331
329	332
330	331
330	332
330	333
330	334
331	332
331	333
331	334
331	335
332	333
332	334
332	335
332	336
333	334
333	335
333	336
333	337
334	335
334	336
334	337
334	338
335	336
335	337
335	338
335	339
335	350
335	354
336	337
336	338
336	339
336	340
337	338
337	339
337	340
337	341
337	373
337	376
338	339
338	340
338	341
338	342
338	343
338	350
338	373
339	340
339	341
339	342
339	343
339	344
339	345
339	346
339	347
339	350
340	341
340	342
340	343
340	344
340	345
341	342
341	343
341	344
341	372
341	373
342	343
342	344
343	344
343	345
343	346
343	349
343	350
344	345
344	346
345	346
345	347
346	347
346	348
346	349
346	350
347	348
347	349
347	350
347	351
348	349
348	350
348	351
348	352
349	350
349	351
349	352
349	353
350	351
350	352
350	353
350	354
351	352
351	353
351	354
351	355
352	353
352	354
352	355
352	356
353	354
353	355
353	356
353	357
354	355
354	356
354	357
354	358
355	356
355	357
355	358
355	359
356	357
356	358
356	359
356	360
357	358
357	359
357	360
357	361
357	367
358	359
358	360
358	361
358	362
359	360
359	361
359	362
359	363
360	361
360	362
360	363
360	364
360	365
360	366
360	367
361	362
361	363
361	364
361	365
361	366
361	367
362	363
362	364
362	365
363	364
363	365
364	365
364	366
365	366
366	367
367	368
367	369
368	369
368	370
369	370
369	371
369	373
370	371
370	372
370	373
371	372
371	373
371	374
371	375
372	373
372	374
372	375
372	376
373	374
373	375
373	376
373	377
374	375
374	376
374	377
374	378
375	376
375	377
375	378
375	379
376	377
376	378
376	379
377	378
377	379
377	380
377	381
378	379
378	380
378	381
378	382
379	380
379	381
380	381
381	382
381	383
382	383
383	384
383	385
384	385
384	386
384	420
385	386
385	387
386	387
386	388
386	390
386	391
386	416
386	420
387	388
387	389
387	390
387	391
388	389
388	390
388	391
388	392
389	390
389	391
389	392
389	393
390	391
390	392
390	393
390	394
391	392
391	393
391	394
391	395
391	412
391	415
391	416
391	419
392	393
392	394
392	395
392	396
392	449
392	453
393	394
393	395
393	396
393	397
394	395
394	396
394	397
394	398
394	415
394	419
395	396
395	397
395	398
395	399
395	409
395	410
395	415
395	453
396	397
396	398
396	399
396	400
396	453
396	454
397	398
397	399
397	400
397	401
398	399
398	400
398	401
398	402
398	408
399	400
399	401
399	402
399	407
399	408
399	409
400	401
400	402
400	407
401	402
401	403
402	403
402	404
402	405
402	406
402	407
402	408
403	404
403	405
403	406
404	405
404	406
405	406
405	407
405	408
406	407
406	408
407	408
407	409
408	409
408	410
409	410
409	411
409	443
410	411
410	412
410	414
410	415
410	443
411	412
411	413
411	414
411	415
411	441
411	442
411	443
411	446
411	450
412	413
412	414
412	415
412	416
412	449
413	414
413	415
413	416
413	417
413	440
413	441
414	415
414	416
414	417
414	418
414	438
414	439
414	440
414	441
415	416
415	417
415	418
415	419
416	417
416	418
416	419
416	420
417	418
417	419
417	420
417	421
417	437
417	438
418	419
418	420
418	421
418	422
418	437
419	420
419	421
419	422
419	423
420	421
420	422
420	423
420	424
421	422
421	423
421	424
421	425
421	437
422	423
422	424
422	425
422	426
423	424
423	425
423	426
423	427
424	425
424	426
424	427
424	428
425	426
425	427
425	428
425	429
425	431
426	427
426	428
426	429
427	428
427	429
428	429
428	430
429	430
429	431
430	431
430	432
430	433
431	432
431	433
432	433
432	434
433	434
433	435
434	435
434	436
435	436
435	437
436	437
436	438
437	438
437	439
438	439
438	440
439	440
439	441
440	441
441	442
441	443
441	445
442	443
442	444
442	445
443	444
443	445
443	446
443	447
443	450
443	466
444	445
444	446
444	447
444	466
444	467
445	446
445	447
446	447
446	448
446	449
446	450
447	448
447	449
447	450
447	451
448	449
448	450
448	451
448	452
449	450
449	451
449	452
449	453
450	451
450	452
450	453
450	454
451	452
451	453
451	454
451	455
451	462
452	453
452	454
452	455
453	454
453	455
454	455
454	456
454	457
454	460
455	456
455	457
456	457
456	458
457	458
457	459
457	460
458	459
458	460
459	460
459	461
460	461
460	462
461	462
461	463
461	464
461	465
462	463
462	464
462	465
462	466
462	467
463	464
463	465
463	466
463	467
464	465
464	466
464	467
465	466
465	467
466	467
466	468
467	468
467	469
467	471
467	472
468	469
468	470
468	471
468	472
469	470
469	471
469	472
469	473
470	471
470	472
470	473
471	472
471	473
471	474
472	473
472	474
472	475
473	474
473	475
473	476
473	477
474	475
474	476
474	477
475	476
475	477
476	477
476	478
477	478
477	479
478	479
478	480
479	480
479	481
480	481
480	482
481	482
481	483
482	483
482	484
483	484
483	485
484	485
484	486
485	486
485	487
486	487
486	488
487	488
487	489
488	489
488	490
488	491
488	492
489	490
489	491
489	492
489	493
490	491
490	492
490	493
490	494
491	492
491	493
491	494
491	495
492	493
492	494
492	495
492	496
493	494
493	495
493	496
493	497
494	495
494	496
494	497
494	498
495	496
495	497
495	498
496	497
496	498
496	499
497	498
497	499
498	499
498	500
499	500
499	501
499	502
500	501
500	502
501	502
