0	1
0	2
0	57
1	2
1	53
1	56
1	57
1	71
1	75
2	3
2	4
2	53
2	75
3	4
3	5
3	7
3	79
4	5
4	6
4	7
4	8
5	6
5	7
5	8
5	9
6	7
6	8
6	9
6	10
7	8
7	9
7	10
7	11
8	9
8	10
8	11
8	12
9	10
9	11
9	12
9	13
10	11
10	12
10	13
10	14
11	12
11	13
11	14
11	15
11	83
12	13
12	14
12	15
12	16
13	14
13	15
14	15
14	16
15	16
15	17
15	87
16	17
16	18
16	87
17	18
17	19
17	86
17	87
17	88
18	19
18	20
18	87
18	88
18	549
19	20
19	21
19	23
19	24
19	548
19	549
19	550
20	21
20	22
20	23
20	547
20	548
20	549
20	550
21	22
21	23
21	550
21	600
21	602
22	23
22	24
22	25
22	26
22	547
22	548
23	24
23	25
23	26
23	27
23	547
23	548
23	549
23	550
24	25
24	26
24	27
24	28
24	548
25	26
25	27
25	28
25	29
26	27
26	28
26	29
26	30
26	548
27	28
27	29
27	30
27	31
27	32
27	548
28	29
28	30
28	31
28	32
29	30
29	31
29	32
30	31
30	32
31	32
31	33
31	97
31	98
32	33
32	34
32	41
32	42
32	43
32	47
33	34
33	35
33	41
33	42
34	35
34	36
34	40
34	41
34	42
35	36
35	37
35	38
35	39
35	40
35	41
35	42
36	37
36	38
36	39
36	40
37	38
37	39
38	39
38	40
39	40
40	41
40	42
40	716
41	42
41	43
42	43
42	44
42	46
42	47
43	44
43	45
43	46
43	47
44	45
44	46
44	47
44	48
45	46
45	47
45	48
45	49
45	86
46	47
46	48
46	49
46	50
47	48
47	49
47	50
47	51
48	49
48	50
48	51
48	52
48	82
48	85
48	86
49	50
49	51
49	52
49	53
49	82
50	51
50	52
50	53
50	54
50	100
50	101
51	52
51	53
51	54
51	55
51	96
51	97
51	100
51	101
52	53
52	54
52	55
52	56
52	78
52	81
52	82
53	54
53	55
53	56
53	57
53	101
54	55
54	56
54	57
54	100
54	101
55	56
55	57
55	58
55	100
55	438
55	441
55	442
56	57
56	58
56	59
56	78
57	58
57	59
58	59
58	60
58	441
58	442
58	444
58	445
59	60
59	61
59	62
59	441
60	61
60	62
60	63
60	444
61	62
61	63
61	64
61	66
62	63
62	64
62	65
62	66
63	64
63	65
63	66
64	65
64	66
65	66
65	67
66	67
66	68
66	70
66	71
67	68
67	69
67	70
67	71
68	69
68	70
68	71
68	72
69	70
69	71
69	72
69	73
70	71
70	72
70	73
70	74
71	72
71	73
71	74
71	75
72	73
72	74
72	75
72	76
73	74
73	75
73	76
73	77
74	75
74	76
74	77
74	78
75	76
75	77
75	78
75	79
76	77
76	78
76	79
76	80
77	78
77	79
77	80
77	81
78	79
78	80
78	81
78	82
79	80
79	81
79	82
79	83
80	81
80	82
80	83
80	84
81	82
81	83
81	84
81	85
81	434
82	83
82	84
82	85
82	86
83	84
83	85
83	86
83	87
84	85
84	86
84	87
84	88
84	89
84	90
85	86
85	87
85	88
85	89
85	90
85	91
86	87
86	88
87	88
87	89
88	89
88	90
88	91
88	549
89	90
89	416
89	417
89	420
89	421
89	424
90	91
90	415
90	416
90	417
90	421
91	92
91	93
91	414
91	415
91	416
92	93
92	94
92	96
92	97
92	413
92	414
92	415
93	94
93	95
93	96
93	97
93	413
93	414
93	415
94	95
94	96
94	97
94	98
94	545
95	96
95	97
95	98
95	99
95	112
95	114
96	97
96	98
96	99
96	100
96	112
97	98
97	99
97	100
98	99
98	100
99	100
99	101
99	102
99	105
100	101
100	102
100	105
101	102
101	103
101	105
102	103
102	104
102	105
102	106
103	104
103	105
103	106
103	107
104	105
104	106
104	107
104	108
104	261
104	262
105	106
105	107
105	108
105	111
106	107
106	108
107	108
107	109
108	109
108	110
108	111
109	110
109	111
109	446
109	447
109	448
110	111
110	112
110	113
110	446
110	447
110	448
111	112
111	113
112	113
112	114
112	442
113	114
113	115
113	410
113	411
113	412
114	115
114	156
114	157
114	158
114	411
115	116
115	157
115	158
115	159
115	398
115	410
115	411
116	117
116	118
116	158
116	159
116	160
116	398
116	408
116	409
116	410
116	411
117	118
117	159
117	160
117	161
117	396
117	397
117	398
117	405
117	406
117	407
117	408
117	409
117	410
118	119
118	120
118	145
118	160
118	161
118	162
118	407
118	408
119	120
119	121
119	145
119	161
119	162
119	163
119	407
120	121
120	122
120	145
120	161
120	162
120	163
120	167
120	168
121	122
121	123
121	142
121	145
121	167
121	168
121	170
121	171
122	123
122	140
122	141
122	142
122	143
122	144
122	145
122	170
122	171
123	124
123	125
123	140
123	141
123	142
123	144
123	145
124	125
124	126
124	137
124	138
124	139
124	140
124	141
124	144
125	126
125	127
125	128
125	131
125	137
125	138
125	144
126	127
126	128
126	137
126	138
126	450
127	128
127	137
127	450
128	129
128	130
128	131
128	448
128	449
128	450
129	130
129	131
129	448
129	449
130	131
130	132
130	221
131	132
131	133
132	133
132	134
132	135
132	225
133	134
133	135
134	135
134	136
135	136
135	137
135	139
136	137
136	138
136	139
137	138
137	139
138	139
138	140
139	140
139	141
140	141
141	142
141	143
141	144
141	232
141	238
142	143
142	144
142	171
142	232
143	144
143	145
143	146
143	147
143	228
143	231
143	232
144	145
144	146
144	147
144	148
145	146
145	147
145	148
145	149
146	147
146	148
146	149
146	150
146	301
147	148
147	149
147	150
147	151
147	224
147	228
148	149
148	150
148	151
148	152
149	150
149	151
149	152
149	153
149	159
150	151
150	152
150	153
150	154
150	224
150	304
151	152
151	153
151	154
151	155
151	224
152	153
152	154
152	155
152	156
152	157
153	154
153	155
153	156
153	157
153	158
153	159
153	305
153	308
154	155
154	156
154	308
155	156
155	157
156	157
156	158
157	158
157	159
158	159
158	160
158	313
158	314
158	399
159	160
159	161
159	313
159	314
159	315
159	398
159	399
160	161
160	314
160	315
160	316
160	397
160	398
160	399
161	162
161	163
161	315
161	316
161	317
161	396
162	163
162	164
162	316
162	317
162	318
162	396
163	164
163	165
163	167
163	168
163	294
163	297
163	298
163	316
163	317
163	318
164	165
164	166
164	167
164	168
164	317
164	318
164	319
165	166
165	167
165	168
165	169
165	294
165	318
165	319
166	167
166	168
166	169
166	170
167	168
167	169
167	170
168	169
168	170
168	171
168	292
168	293
168	294
169	170
169	171
170	171
170	172
171	172
171	173
172	173
172	174
172	291
173	174
173	175
173	289
173	290
173	291
174	175
174	176
174	234
174	235
174	284
174	287
174	288
174	289
174	290
174	291
175	176
175	234
175	235
175	236
175	288
175	289
176	177
176	178
176	234
176	235
176	244
176	288
176	289
177	178
177	179
177	234
177	244
177	285
177	288
178	179
178	180
178	234
178	244
178	245
178	246
178	285
179	180
179	181
179	244
179	245
179	246
180	181
180	182
180	245
180	246
180	247
181	182
181	183
181	199
181	246
181	247
181	248
182	183
182	184
182	199
182	200
182	247
182	248
182	249
182	274
183	184
183	185
183	199
183	200
183	201
183	202
183	248
183	249
183	250
183	251
184	185
184	186
184	188
184	191
184	194
184	199
184	200
184	201
184	202
184	249
184	250
184	251
185	186
185	187
185	188
185	191
185	201
185	202
185	251
186	187
186	188
186	191
186	201
186	202
187	188
187	189
187	191
188	189
188	190
188	191
188	251
189	190
189	191
189	255
190	191
190	192
190	193
190	194
190	255
190	269
191	192
191	193
191	194
191	195
192	193
192	194
192	195
192	196
193	194
193	195
193	196
193	197
193	271
194	195
194	196
194	197
194	198
194	199
194	271
195	196
195	197
195	198
195	199
195	200
196	197
196	198
197	198
197	199
197	271
197	274
197	275
198	199
198	200
198	274
199	200
199	201
199	274
200	201
200	202
200	204
200	205
201	202
201	203
201	204
201	205
202	203
202	204
202	205
203	204
203	205
204	205
204	206
205	206
205	207
206	207
207	208
207	211
208	209
208	210
208	211
209	210
209	211
210	211
210	212
211	212
211	213
211	245
211	246
211	247
212	213
212	214
212	245
212	246
212	247
213	214
213	215
213	246
213	247
213	248
214	215
214	216
214	247
214	248
214	249
215	216
215	217
215	248
215	249
215	250
216	217
216	218
216	222
216	226
216	249
216	250
216	252
217	218
217	219
217	222
217	252
218	219
218	222
218	252
218	253
218	254
219	220
219	221
219	222
219	223
220	221
220	222
220	223
220	224
221	222
221	223
221	224
221	225
222	223
222	224
222	225
222	226
223	224
223	225
223	226
223	227
224	225
224	226
224	227
224	228
225	226
225	227
225	228
225	229
226	227
226	228
226	229
226	230
227	228
227	229
227	230
227	231
227	277
228	229
228	230
228	231
228	232
229	230
229	231
229	232
229	233
230	231
230	232
230	233
231	232
231	233
231	234
232	233
232	234
232	235
232	238
233	234
233	235
233	238
233	239
234	235
234	236
235	236
235	237
235	238
235	239
236	237
236	238
236	239
236	240
236	242
237	238
237	239
237	240
238	239
238	240
239	240
239	241
239	242
239	243
240	241
240	242
241	242
241	243
242	243
242	244
243	244
243	245
244	245
244	246
245	246
245	247
246	247
246	248
247	248
247	249
248	249
248	250
249	250
249	251
250	251
250	252
250	253
250	270
251	252
251	253
252	253
252	254
253	254
253	255
253	269
253	270
254	255
254	256
254	258
254	269
255	256
255	257
255	258
255	267
255	268
255	269
255	270
256	257
256	258
256	267
256	268
256	269
257	258
257	259
257	266
257	267
257	268
258	259
258	260
258	266
258	267
259	260
259	261
259	266
259	267
260	261
260	262
260	263
260	266
260	267
261	262
261	263
262	263
263	264
263	265
264	265
264	266
265	266
266	267
266	268
267	268
267	269
268	269
268	270
268	310
269	270
269	271
270	271
270	272
270	273
270	274
271	272
271	273
271	274
271	275
272	273
272	274
272	275
272	276
272	307
272	310
273	274
273	275
273	276
273	277
273	307
274	275
274	276
274	277
274	278
275	276
275	277
275	278
275	279
276	277
276	278
276	279
276	280
276	303
276	304
276	307
277	278
277	279
277	280
277	281
278	279
278	280
278	281
278	282
279	280
279	281
279	282
279	283
280	281
280	282
280	283
280	284
280	300
280	303
281	282
281	283
281	284
281	285
282	283
282	284
282	285
282	286
283	284
283	285
283	286
283	287
283	296
284	285
284	286
284	287
284	288
285	286
285	287
285	288
286	287
286	288
287	288
287	289
287	290
287	291
287	292
288	289
288	290
289	290
290	291
290	292
291	292
291	293
292	293
292	294
292	296
292	297
293	294
293	295
293	296
293	297
294	295
294	296
294	297
294	298
294	325
295	296
295	297
295	298
295	299
295	324
295	325
295	328
296	297
296	298
296	299
296	300
297	298
297	299
297	300
297	301
298	299
298	300
298	301
298	302
298	316
299	300
299	301
299	302
299	303
299	339
300	301
300	302
300	303
300	304
301	302
301	303
301	304
301	305
302	303
302	304
302	305
302	306
302	338
302	339
302	341
302	342
303	304
303	305
303	306
303	307
303	338
304	305
304	306
304	307
304	308
305	306
305	307
305	308
305	309
305	341
306	307
306	308
306	309
306	310
306	338
306	341
307	308
307	309
307	310
308	309
308	310
309	310
309	311
309	312
310	311
310	312
311	312
313	314
313	341
313	342
313	399
314	315
314	316
314	341
314	342
314	343
314	399
315	316
315	317
315	342
315	343
315	344
315	398
315	399
316	317
316	318
316	342
316	343
316	344
316	345
317	318
317	344
317	345
317	346
317	347
318	319
318	320
318	325
318	345
318	346
318	347
319	320
319	321
319	322
319	346
319	347
320	321
320	322
320	346
320	347
320	348
321	322
321	323
322	323
322	324
322	325
322	326
323	324
323	325
323	326
323	327
324	325
324	326
324	327
324	328
325	326
325	327
325	328
326	327
326	328
326	368
327	328
327	329
327	330
328	329
328	330
328	331
329	330
329	331
329	335
329	339
330	331
330	332
330	335
331	332
331	333
331	334
331	335
332	333
332	334
332	335
332	336
333	334
333	335
333	336
333	337
334	335
334	336
334	337
334	338
334	339
335	336
335	337
335	338
335	339
335	340
336	337
336	338
336	339
336	340
337	338
337	339
338	339
338	340
338	341
339	340
339	341
339	342
340	341
340	342
341	342
342	343
342	344
343	344
343	345
344	345
344	367
344	368
344	369
345	346
345	347
345	368
345	369
345	370
345	371
346	347
346	348
346	368
346	369
346	370
346	371
347	348
347	370
347	371
347	372
347	373
348	349
348	350
348	352
348	370
348	371
348	372
348	373
349	350
349	351
349	352
349	372
349	373
349	374
350	351
350	352
350	374
350	661
350	662
351	352
351	353
352	353
352	354
353	354
353	355
353	658
354	355
354	356
354	357
355	356
355	357
355	358
355	359
355	654
356	357
356	358
356	359
356	360
356	654
357	358
357	359
357	360
357	361
358	359
358	360
358	361
358	362
358	368
359	360
359	361
359	362
359	363
359	653
359	654
360	361
360	362
360	363
360	364
361	362
361	363
361	364
361	365
361	366
361	367
361	368
362	363
362	364
362	365
362	366
362	367
362	368
362	669
362	670
363	364
363	365
363	366
363	650
363	671
364	365
364	366
365	366
365	367
366	367
366	368
366	669
366	670
366	671
367	368
367	369
368	369
368	370
369	370
369	371
369	667
369	668
370	371
370	372
370	666
370	667
370	668
371	372
371	373
371	665
371	666
371	667
372	373
372	374
372	375
372	376
372	665
372	666
373	374
373	375
373	376
373	377
373	395
374	375
374	376
374	377
374	378
375	376
375	377
375	378
375	379
375	665
376	377
376	378
376	379
376	391
376	404
376	665
377	378
377	379
377	389
377	390
377	391
377	392
377	394
378	379
378	386
378	387
378	388
378	389
378	390
378	391
379	380
379	381
379	382
379	385
379	386
379	387
379	390
380	381
380	382
380	384
380	636
380	637
381	382
381	383
381	384
381	631
381	632
381	633
381	634
381	635
381	636
382	383
382	384
382	385
382	631
382	632
382	633
382	663
383	384
383	385
383	632
383	633
384	385
385	386
385	387
386	387
386	388
387	388
387	389
387	390
388	389
388	390
389	390
389	391
389	392
390	391
390	392
391	392
391	393
391	394
392	393
392	394
393	394
393	395
393	406
394	395
394	396
394	404
394	405
394	406
395	396
395	405
395	406
395	407
396	397
396	404
396	405
396	406
397	398
397	399
397	401
397	403
397	404
397	405
398	399
398	400
398	401
398	402
398	403
399	400
399	401
400	401
400	402
400	640
401	402
401	403
401	638
401	640
401	666
402	403
402	404
402	538
402	539
402	540
402	637
402	638
402	639
402	640
403	404
403	405
403	411
403	538
403	637
403	638
404	405
404	637
404	638
405	406
405	407
405	409
406	407
406	408
406	409
407	408
407	409
408	409
408	410
408	451
408	452
409	410
409	411
409	452
409	455
409	456
410	411
410	412
411	412
411	413
412	413
412	439
412	462
412	463
413	414
413	415
413	439
413	462
413	463
413	464
413	465
414	415
414	416
414	435
414	439
414	463
414	464
414	465
415	416
415	417
415	464
415	465
415	466
415	467
416	417
416	418
416	465
416	466
416	467
417	418
417	419
417	420
417	421
417	466
417	467
417	468
418	419
418	420
418	421
418	422
418	428
418	468
418	472
419	420
419	421
419	422
419	423
419	471
419	472
420	421
420	422
420	423
420	424
421	422
421	423
421	424
421	425
421	426
421	428
422	423
422	424
422	425
422	426
422	427
422	428
423	424
423	425
424	425
424	426
425	426
425	427
426	427
426	428
426	431
427	428
427	429
427	430
427	431
428	429
428	430
428	431
428	432
429	430
429	431
429	432
429	433
429	513
429	516
430	431
430	432
430	433
430	434
431	432
431	433
431	434
431	435
432	433
432	434
432	435
432	436
432	513
432	516
432	517
433	434
433	435
433	436
433	437
433	516
433	517
433	520
434	435
434	436
434	437
434	438
435	436
435	437
435	438
435	439
435	464
436	437
436	438
436	439
436	440
436	464
436	517
436	520
436	521
437	438
437	439
437	440
437	441
437	521
438	439
438	440
438	441
438	442
439	440
439	441
439	442
439	443
439	462
440	441
440	442
440	443
440	460
440	462
441	442
441	443
441	444
442	443
442	444
442	445
443	444
443	445
443	456
443	460
444	445
444	446
445	446
445	447
446	447
446	448
447	448
447	449
447	452
447	453
448	449
448	450
449	450
449	451
449	452
449	453
450	451
450	452
450	453
450	454
451	452
451	453
451	454
451	455
452	453
452	454
452	455
452	456
453	454
453	455
453	456
453	457
454	455
454	456
454	457
454	458
455	456
455	457
455	458
455	459
456	457
456	458
456	459
456	460
456	461
457	458
457	459
457	460
458	459
458	460
458	531
459	460
459	461
459	531
459	533
459	534
460	461
460	462
460	531
460	532
460	533
460	534
461	462
461	463
461	533
461	534
461	535
461	536
462	463
462	464
462	533
462	535
462	536
462	537
463	464
463	465
463	536
463	537
463	538
464	465
464	466
464	536
464	537
464	538
465	466
465	467
465	537
465	538
465	539
465	540
466	467
466	468
466	469
466	539
466	554
467	468
467	469
467	539
467	552
467	553
467	554
467	555
468	469
468	470
468	471
468	472
468	551
468	552
468	553
468	554
468	555
469	470
469	471
469	472
469	473
469	552
469	554
469	555
470	471
470	472
470	473
470	474
470	552
470	555
470	556
470	557
471	472
471	473
471	474
471	475
471	552
471	605
472	473
472	474
472	475
472	476
473	474
473	475
473	476
473	477
473	480
473	481
474	475
474	476
474	477
474	478
474	479
474	480
474	606
475	476
475	477
475	478
475	606
476	477
476	478
477	478
477	479
478	479
479	480
479	481
479	611
480	481
480	482
480	483
480	611
481	482
481	483
481	502
481	503
481	506
481	626
482	483
482	484
482	500
482	501
482	502
482	503
482	622
482	626
483	484
483	501
483	502
483	503
484	485
484	486
484	500
484	501
485	486
485	487
485	498
485	499
485	500
485	501
486	487
486	488
486	498
486	499
486	500
486	501
487	488
487	497
487	498
487	499
488	489
488	496
488	497
488	498
488	499
489	490
489	491
489	494
489	495
489	496
489	497
490	491
490	492
490	493
490	494
490	495
490	496
490	497
491	492
491	493
491	494
492	493
492	494
493	494
493	495
494	495
494	496
495	496
495	497
496	497
497	498
497	499
498	499
498	500
499	500
499	501
500	501
500	502
500	625
501	502
501	503
502	503
502	504
503	504
503	505
503	506
504	505
504	506
504	507
504	508
505	506
505	507
505	508
505	509
506	507
506	508
506	509
506	510
507	508
507	509
507	510
507	511
507	633
508	509
508	510
508	511
508	512
509	510
509	511
509	512
509	513
510	511
510	512
510	513
510	514
510	633
510	634
511	512
511	513
511	514
511	515
511	633
511	634
512	513
512	514
512	515
512	516
513	514
513	515
513	516
513	517
514	515
514	516
514	517
514	518
514	634
515	516
515	517
515	518
515	519
516	517
516	518
516	519
516	520
517	518
517	519
517	520
517	521
518	519
518	520
518	521
518	522
518	536
519	520
519	521
519	522
519	523
520	521
520	522
520	523
520	524
521	522
521	523
521	524
521	525
521	532
521	533
522	523
522	524
522	525
522	526
522	532
523	524
523	525
523	526
523	527
524	525
524	526
524	527
524	528
525	526
525	527
525	528
525	529
525	530
525	531
525	532
526	527
526	528
526	529
526	530
527	528
527	529
528	529
528	530
529	530
529	531
530	531
530	532
531	532
531	533
532	533
532	534
533	534
533	535
533	536
534	535
534	536
535	536
535	537
535	636
535	637
536	537
536	636
537	538
537	634
537	635
537	636
537	637
538	539
538	540
538	635
538	636
538	637
538	638
538	639
539	540
539	541
539	554
539	635
539	639
539	640
540	541
540	542
540	554
540	639
540	640
541	542
541	543
541	553
541	554
541	555
541	556
541	640
541	641
542	543
542	544
542	545
542	546
542	553
542	554
543	544
543	545
543	546
543	547
543	553
544	545
544	546
544	547
544	548
545	546
545	547
545	548
546	547
546	548
546	549
546	550
546	551
546	552
546	553
547	548
547	549
547	550
547	551
548	549
548	550
549	550
549	551
550	551
550	552
551	552
551	553
552	553
552	554
552	556
552	557
552	558
553	554
553	555
553	556
554	555
554	556
555	556
555	557
555	641
556	557
556	558
556	641
557	558
557	559
557	613
557	614
557	615
558	559
558	560
558	614
558	615
559	560
559	614
559	615
559	616
560	561
560	562
560	563
560	614
560	684
561	562
561	563
561	603
561	604
561	607
561	614
562	563
562	602
562	603
562	604
562	684
562	685
562	686
562	687
562	690
563	564
563	565
563	601
563	602
563	603
563	682
563	683
563	684
563	685
564	565
564	566
564	599
564	600
564	601
564	602
564	682
564	683
564	684
564	685
565	566
565	567
565	599
565	600
565	601
565	602
565	681
565	682
565	683
566	567
566	568
566	597
566	598
566	599
566	600
566	681
566	682
567	568
567	569
567	597
567	598
567	599
568	569
568	570
568	595
568	596
568	597
568	598
569	570
569	571
569	573
569	595
569	596
569	597
570	571
570	572
570	573
570	594
570	595
570	596
571	572
571	573
571	594
571	595
571	596
572	573
572	574
573	574
573	575
573	576
574	575
574	576
574	577
574	715
574	716
575	576
575	577
575	578
575	579
575	705
576	577
576	578
576	579
576	580
577	578
577	579
577	580
577	581
578	579
578	580
578	581
578	582
578	701
578	704
578	705
579	580
579	581
579	582
579	583
579	584
579	701
580	581
580	582
580	583
580	584
581	582
581	583
582	583
582	584
582	697
582	698
582	699
582	700
582	701
583	584
583	585
583	696
583	697
583	698
583	699
584	585
584	586
584	598
584	599
584	600
584	697
585	586
585	598
585	599
586	587
586	596
586	597
586	598
586	599
587	588
587	589
587	596
587	597
587	598
588	589
588	590
588	595
588	596
588	597
589	590
589	591
589	592
589	595
589	596
589	597
590	591
590	592
591	592
591	593
592	593
592	594
592	595
593	594
593	595
594	595
594	596
595	596
595	597
596	597
596	598
597	598
597	599
598	599
598	600
599	600
599	601
600	601
600	602
601	602
601	690
601	693
601	694
602	603
602	604
603	604
603	605
603	607
604	605
604	606
604	607
605	606
605	607
606	607
606	608
606	609
606	612
607	608
607	609
607	612
608	609
608	610
609	610
609	611
609	612
610	611
610	612
611	612
611	613
612	613
612	614
613	614
613	615
613	617
613	618
614	615
614	616
614	617
614	618
615	616
615	617
615	618
616	617
616	618
617	618
617	619
618	619
618	620
618	622
618	623
619	620
619	621
619	622
619	623
620	621
620	622
620	623
620	624
620	643
620	644
620	645
621	622
621	623
621	624
621	625
621	656
622	623
622	624
622	625
622	626
623	624
623	625
623	626
623	627
623	643
624	625
624	626
624	627
624	628
625	626
625	627
625	628
625	629
626	627
626	628
626	629
626	630
627	628
627	629
627	630
627	631
627	639
628	629
628	630
628	631
628	632
628	663
628	664
629	630
629	631
629	632
629	633
630	631
630	632
630	633
630	634
630	635
631	632
631	633
631	634
631	635
631	636
631	638
631	639
632	633
632	634
633	634
633	635
634	635
634	636
635	636
635	637
635	638
635	639
636	637
636	638
637	638
638	639
638	640
638	665
638	666
639	640
639	641
640	641
641	642
641	643
641	668
642	643
642	644
642	668
642	669
642	670
643	644
643	645
643	668
643	669
643	670
644	645
644	669
644	670
644	671
644	672
645	646
645	647
645	649
645	650
645	670
645	671
645	672
646	647
646	648
646	649
646	650
646	671
646	672
647	648
647	649
647	650
647	671
648	649
648	650
649	650
649	651
649	652
650	651
650	652
650	653
651	652
651	653
652	653
652	654
652	655
652	656
653	654
653	655
653	656
653	657
654	655
654	656
654	657
654	658
655	656
655	657
655	658
655	659
656	657
656	658
656	659
656	660
657	658
657	659
657	660
657	661
658	659
658	660
658	661
659	660
659	661
660	661
660	662
660	663
660	664
661	662
661	663
661	664
662	663
662	664
663	664
663	665
664	665
664	666
664	667
665	666
666	667
667	668
667	669
668	669
668	670
669	670
669	671
670	671
670	672
671	672
671	673
672	673
672	674
673	674
673	675
674	675
674	676
675	676
675	677
676	677
676	678
677	678
677	679
677	680
678	679
678	680
679	680
679	681
680	681
680	682
680	683
681	682
681	683
682	683
682	684
683	684
683	685
684	685
685	686
685	687
685	689
685	690
686	687
686	688
686	689
686	690
687	688
687	689
687	690
687	691
688	689
688	690
688	691
688	692
689	690
689	691
689	692
689	693
690	691
690	692
690	693
690	694
691	692
691	693
691	694
691	695
692	693
692	694
692	695
692	696
693	694
693	695
693	696
694	695
694	696
694	697
695	696
695	697
695	698
696	697
696	698
697	698
697	699
698	699
698	700
699	700
699	701
700	701
700	702
700	703
700	704
701	702
701	703
701	704
701	705
702	703
702	704
702	705
702	706
703	704
703	705
703	706
703	707
704	705
704	706
704	707
704	708
705	706
705	707
705	708
705	709
706	707
706	708
706	709
706	710
707	708
707	709
707	710
707	711
708	709
708	710
708	711
708	712
709	710
709	711
709	712
709	713
709	715
710	711
710	712
710	713
711	712
711	713
712	713
712	714
712	715
713	714
713	715
714	715
714	716
715	716
