0	1
0	2
1	2
1	26
1	27
1	57
2	3
2	25
2	26
2	27
2	55
2	56
2	57
3	4
3	5
3	24
3	25
3	26
3	53
3	54
3	55
3	56
4	5
4	6
4	22
4	23
4	24
4	25
4	53
4	54
4	55
4	56
5	6
5	7
5	20
5	21
5	22
5	23
5	24
5	52
5	53
5	54
6	7
6	21
6	22
6	52
6	53
7	8
7	9
7	20
7	21
7	52
8	9
8	10
8	19
8	20
8	21
9	10
9	11
9	18
9	19
9	20
10	11
10	12
10	18
10	19
11	12
11	13
11	16
11	17
11	18
12	13
12	14
12	16
13	14
13	15
13	16
14	15
14	16
15	16
15	17
15	46
15	47
16	17
16	18
16	46
16	47
16	48
17	18
17	19
17	45
17	46
17	47
17	48
18	19
19	20
19	23
20	21
20	22
20	23
21	22
21	23
22	23
22	24
23	24
23	25
23	41
24	25
24	26
24	39
24	40
24	41
25	26
25	27
25	37
25	38
25	39
25	40
26	27
26	28
26	37
26	38
26	39
27	28
27	29
27	36
27	37
27	38
28	29
28	36
28	37
29	30
29	31
29	35
29	36
30	31
30	32
30	35
30	36
31	32
31	33
31	34
31	35
32	33
32	34
33	34
33	35
33	49
33	50
34	35
34	36
34	47
34	48
34	49
34	50
35	36
35	37
35	47
35	48
35	49
35	50
36	37
36	46
36	47
36	48
37	38
37	39
37	45
37	46
37	47
37	48
38	39
38	40
38	43
38	44
38	45
38	46
39	40
39	41
39	42
39	43
39	44
39	45
40	41
40	42
40	43
41	42
41	43
42	43
42	44
43	44
43	45
44	45
44	46
45	46
46	47
46	48
47	48
47	49
48	49
48	50
49	50
49	51
49	52
50	51
50	52
50	53
51	52
51	53
52	53
53	54
54	55
54	56
54	137
54	138
55	56
55	57
55	140
56	57
56	58
57	58
57	59
58	59
58	60
58	61
59	60
59	61
59	62
59	65
60	61
60	62
60	65
61	62
61	63
62	63
62	64
62	65
63	64
63	65
63	160
64	65
64	66
64	88
64	89
64	90
64	160
64	161
65	66
65	67
65	89
65	90
65	91
66	67
66	68
66	69
66	89
66	90
66	91
67	68
67	69
67	91
67	92
68	69
68	91
68	92
69	70
69	73
69	74
69	91
69	92
70	71
70	72
70	73
70	74
70	94
71	72
71	73
71	74
71	75
72	73
72	74
72	75
72	76
73	74
73	75
73	76
73	77
74	75
74	76
74	77
74	78
74	103
75	76
75	77
75	78
75	79
75	115
76	77
76	78
76	79
76	80
77	78
77	79
77	80
78	79
78	80
78	83
78	105
78	161
79	80
79	81
80	81
80	82
80	83
81	82
81	83
82	83
82	84
82	162
83	84
83	87
83	161
83	162
84	85
84	86
84	87
84	105
85	86
85	87
85	105
85	106
85	107
86	87
86	88
86	104
86	105
86	106
86	155
86	156
86	157
86	158
86	159
87	88
87	104
87	105
87	157
87	158
87	159
87	160
87	161
88	89
88	103
88	104
88	105
88	157
88	159
88	160
88	161
89	90
89	91
89	102
89	103
89	104
89	160
89	161
90	91
90	100
90	101
90	102
90	103
91	92
91	93
91	100
91	101
91	102
92	93
92	94
92	99
92	100
92	101
93	94
93	95
93	96
93	97
93	99
93	100
93	101
94	95
94	96
94	97
95	96
95	97
96	97
96	98
96	99
97	98
97	99
98	99
99	100
100	101
100	102
100	119
100	120
101	102
101	103
101	117
101	118
101	119
101	120
102	103
102	104
102	117
102	118
102	119
103	104
103	105
103	115
103	116
103	117
103	118
104	105
104	106
104	115
104	116
104	117
105	106
105	113
105	114
105	115
105	116
106	107
106	108
106	113
106	114
106	115
106	116
106	155
107	108
107	112
107	113
107	114
108	109
108	110
108	111
108	112
108	113
109	110
109	111
109	112
110	111
110	112
111	112
111	113
112	113
112	114
113	114
113	115
114	115
114	116
115	116
115	117
116	117
116	118
117	118
117	119
118	119
118	120
119	120
119	121
119	130
120	121
120	122
120	128
120	129
120	130
121	122
121	123
121	128
121	129
121	130
122	123
122	124
122	127
122	128
122	129
123	124
123	125
123	126
123	127
123	128
124	125
124	126
124	127
125	126
125	127
126	127
126	137
126	138
127	128
127	129
127	135
127	136
127	137
127	138
128	129
128	135
128	136
128	137
128	138
129	130
129	131
129	132
129	134
129	135
129	136
130	131
130	132
131	132
131	133
131	134
132	133
132	134
132	135
133	134
133	135
134	135
134	136
135	136
136	137
136	138
136	141
136	142
137	138
137	141
138	139
138	140
138	141
138	142
139	140
139	141
139	142
139	143
140	141
140	142
140	143
140	144
141	142
141	143
141	144
141	145
142	143
142	144
142	145
142	146
143	144
143	145
143	146
143	147
144	145
144	146
144	147
144	148
145	146
145	147
145	148
145	149
146	147
146	148
146	149
146	150
146	156
146	157
147	148
147	149
147	156
147	157
147	158
148	149
148	150
149	150
149	151
149	156
150	151
150	152
150	153
150	155
150	156
151	152
151	153
152	153
152	154
153	154
153	155
153	156
154	155
155	156
155	157
156	157
156	158
157	158
157	159
158	159
159	160
159	161
160	161
160	162
161	162
161	163
162	163
