0	1
0	2
1	2
1	3
2	3
2	4
3	4
3	5
3	6
3	7
4	5
4	6
4	7
4	8
4	454
4	457
4	458
5	6
5	7
5	8
5	9
5	454
6	7
6	8
6	9
6	10
7	8
7	9
7	10
7	11
7	132
8	9
8	10
8	11
8	450
8	453
8	454
9	10
9	11
9	12
9	450
10	11
10	12
11	12
11	13
11	14
11	15
12	13
12	14
12	15
12	16
12	450
13	14
13	15
13	16
13	17
14	15
14	16
14	17
14	18
15	16
15	17
15	18
15	19
15	124
16	17
16	18
16	19
16	20
17	18
17	19
17	20
17	21
18	19
18	20
18	21
18	22
19	20
19	21
19	22
19	23
19	120
19	121
20	21
20	22
20	23
20	24
20	102
20	103
21	22
21	23
21	24
21	25
22	23
22	24
22	25
22	47
22	50
22	120
23	24
23	25
23	101
23	102
23	103
23	113
23	114
23	115
23	116
23	120
24	25
24	26
24	101
24	102
25	26
25	27
25	43
25	47
25	101
26	27
26	28
26	43
26	101
27	28
27	29
27	43
27	44
27	47
27	87
27	88
27	89
28	29
28	30
28	43
28	44
28	88
28	89
28	90
28	91
29	30
29	31
29	40
29	41
29	44
29	88
29	151
30	31
30	32
30	33
30	34
30	40
30	41
31	32
31	33
31	34
31	40
31	41
32	33
32	34
33	34
33	35
33	41
34	35
34	36
34	38
34	39
34	40
34	41
35	36
35	37
35	38
35	39
36	37
36	38
36	39
37	38
37	39
37	67
38	39
38	40
38	41
38	42
38	45
38	67
39	40
39	41
40	41
40	42
41	42
41	43
41	44
42	43
42	44
42	45
42	46
43	44
43	45
43	46
43	47
44	45
44	46
44	47
44	48
44	87
44	88
44	150
45	46
45	47
45	48
45	49
45	67
45	150
46	47
46	48
46	49
46	50
47	48
47	49
47	50
47	51
47	87
48	49
48	50
48	51
48	52
48	70
48	87
48	148
48	150
49	50
49	51
49	52
49	53
50	51
50	52
50	53
50	54
51	52
51	53
51	54
51	55
52	53
52	54
52	55
52	56
52	62
52	70
52	72
53	54
53	55
53	56
53	57
54	55
54	56
54	57
54	58
55	56
55	57
55	58
55	59
55	60
55	72
56	57
56	58
56	59
56	60
56	61
56	62
57	58
57	59
58	59
58	60
59	60
59	61
60	61
60	62
60	72
60	73
60	74
61	62
61	72
61	73
62	63
62	64
62	71
62	72
62	73
63	64
63	65
63	70
63	71
63	72
64	65
64	66
64	67
64	69
64	70
64	71
65	66
65	67
65	68
65	69
65	70
66	67
66	68
67	68
67	69
68	69
68	149
68	150
68	158
68	161
69	70
69	71
69	148
69	149
69	150
69	158
69	159
69	162
70	71
70	72
70	147
70	148
70	149
71	72
71	73
71	145
71	146
71	147
71	148
72	73
72	74
72	145
72	146
72	147
73	74
73	75
73	144
73	145
73	146
74	75
74	76
74	143
74	144
74	145
75	76
75	139
75	140
75	141
75	142
75	143
75	144
76	77
76	140
76	141
76	142
76	143
76	144
77	78
77	79
77	80
77	141
77	142
77	143
78	79
78	80
78	142
79	80
79	81
79	142
79	143
79	170
80	81
80	82
80	142
80	143
80	144
80	145
80	169
80	170
80	171
81	82
81	83
81	142
81	143
81	144
81	145
81	169
81	170
81	171
81	172
82	83
82	84
82	144
82	145
82	146
82	147
82	169
82	171
82	172
82	173
83	84
83	85
83	145
83	146
83	147
83	172
83	173
83	174
84	85
84	86
84	146
84	147
84	148
84	173
84	174
84	416
85	86
85	87
85	119
85	123
85	147
85	148
85	149
85	174
85	175
85	176
86	87
86	88
86	119
86	148
86	149
86	150
86	152
87	88
87	89
87	119
87	120
87	148
87	149
87	150
88	89
88	90
88	150
88	151
88	152
88	153
89	90
89	91
89	114
89	115
89	118
89	153
90	91
90	92
90	153
90	438
91	92
91	93
91	213
92	93
92	94
92	100
92	114
92	440
93	94
93	95
93	213
93	440
94	95
94	96
94	220
94	221
94	440
95	96
95	97
95	220
95	440
96	97
96	98
96	99
96	100
96	440
96	441
97	98
97	441
98	99
98	100
99	100
99	101
99	102
100	101
100	102
100	113
100	114
101	102
101	103
101	113
101	114
102	103
102	104
102	113
103	104
103	105
103	111
103	112
103	113
104	105
104	106
104	111
104	112
104	113
105	106
105	107
105	109
105	110
105	111
105	112
106	107
106	108
106	109
106	110
106	111
107	108
107	109
108	109
108	110
109	110
109	111
109	445
109	446
110	111
110	112
110	443
110	444
110	445
110	446
111	112
111	113
111	116
111	443
111	444
111	445
111	446
112	113
112	116
112	441
112	442
112	443
112	444
113	114
113	115
113	116
113	441
113	442
113	443
114	115
114	116
114	442
115	116
115	117
115	118
115	119
115	120
115	121
116	117
116	118
116	119
116	120
116	121
116	442
116	443
116	444
117	118
117	119
117	120
117	121
117	122
117	437
117	442
117	443
117	444
118	119
118	120
118	176
118	437
119	120
119	121
119	122
119	123
119	176
120	121
120	122
120	123
120	124
121	122
121	123
121	124
121	125
121	449
122	123
122	124
122	125
122	126
122	175
122	176
122	428
122	449
123	124
123	125
123	126
123	127
123	175
124	125
124	126
124	127
124	128
125	126
125	127
125	128
125	129
125	449
125	452
125	453
126	127
126	128
126	129
126	130
126	175
126	453
126	456
127	128
127	129
127	130
127	131
128	129
128	130
128	131
128	132
128	453
129	130
129	131
129	132
129	133
129	453
129	454
129	456
129	457
130	131
130	132
130	133
130	134
130	457
130	460
131	132
131	133
131	134
131	135
132	133
132	134
132	135
132	136
132	457
133	134
133	135
133	136
133	137
133	138
133	457
134	135
134	136
134	137
134	138
135	136
135	137
136	137
136	138
137	138
137	139
138	139
138	140
139	140
139	141
140	141
140	142
140	143
140	464
140	465
141	142
141	143
141	464
141	465
141	466
141	467
142	143
142	144
142	464
142	467
143	144
143	145
144	145
144	146
145	146
145	147
146	147
146	148
147	148
147	149
148	149
148	150
149	150
149	151
149	152
149	158
149	159
150	151
150	152
150	158
151	152
151	153
151	154
151	155
151	156
151	157
151	158
152	153
152	154
152	155
152	156
153	154
153	155
154	155
154	156
155	156
155	157
156	157
156	158
156	159
156	160
157	158
157	159
157	160
157	161
158	159
158	160
158	161
158	162
159	160
159	161
159	162
159	163
160	161
160	162
160	163
160	164
161	162
161	163
161	164
161	165
162	163
162	164
162	165
162	166
163	164
163	165
163	166
163	167
163	168
164	165
164	166
165	166
166	167
166	168
167	168
167	169
168	169
168	170
169	170
169	171
169	172
170	171
170	172
171	172
171	422
171	423
172	173
172	174
172	417
172	423
172	424
173	174
173	175
173	417
173	423
173	424
173	425
173	426
174	175
174	176
174	415
174	416
174	417
174	424
174	425
174	426
175	176
175	177
175	425
175	426
175	427
175	428
176	177
176	415
176	425
176	426
176	427
176	428
177	178
177	425
177	426
177	427
177	428
177	429
178	179
178	180
178	181
178	182
178	426
178	427
178	428
178	429
178	430
178	431
179	180
179	181
179	426
179	427
179	428
179	429
179	430
179	431
180	181
180	395
180	398
180	406
180	407
180	427
180	431
181	182
181	183
181	395
181	408
181	409
181	425
181	426
181	427
182	183
182	184
182	408
182	409
182	410
182	411
182	424
182	425
182	426
183	184
183	185
183	383
183	384
183	386
183	408
183	409
183	410
183	424
183	425
184	185
184	186
184	382
184	383
184	384
184	409
184	410
184	411
185	186
185	187
185	381
185	382
185	383
185	410
185	411
185	412
185	413
185	414
186	187
186	188
186	324
186	349
186	350
186	351
186	381
186	382
186	411
186	412
187	188
187	189
187	349
187	350
187	351
187	379
187	380
187	381
187	382
188	189
188	348
188	349
188	350
188	378
188	379
188	380
189	190
189	191
189	347
189	348
189	349
189	377
189	378
189	379
190	191
190	192
190	345
190	346
190	347
190	348
190	375
191	192
191	193
191	345
191	346
191	347
191	373
191	374
191	375
192	193
192	194
192	344
192	345
192	346
192	373
192	374
192	375
193	194
193	195
193	343
193	344
193	345
193	371
193	372
193	373
193	374
194	195
194	196
194	342
194	343
194	344
194	371
194	372
194	373
195	196
195	197
195	294
195	298
195	342
195	343
195	370
195	371
195	372
196	197
196	198
196	294
196	370
196	371
196	372
197	198
197	199
197	294
198	199
198	200
198	293
198	294
199	200
199	201
199	293
199	294
200	201
200	202
200	292
200	293
201	202
201	292
201	293
202	203
202	204
202	205
202	290
202	291
202	292
203	204
203	205
203	228
203	290
203	291
204	205
204	206
204	226
204	227
204	228
204	290
204	291
205	206
205	207
205	226
205	227
205	228
205	291
205	295
206	207
206	208
206	225
206	226
206	227
206	295
206	338
207	208
207	225
207	226
207	227
207	337
207	338
208	209
208	210
208	224
208	225
208	226
208	336
208	337
208	338
209	210
209	223
209	224
209	225
209	334
209	335
209	336
209	337
210	211
210	222
210	223
210	224
210	334
210	335
210	336
211	212
211	219
211	221
211	222
211	223
211	279
211	333
211	334
211	335
212	213
212	214
212	218
212	219
212	332
212	333
212	334
213	214
213	217
213	219
214	215
214	216
214	217
214	332
214	333
215	216
215	217
215	332
215	333
215	345
215	347
216	217
216	218
216	268
216	269
216	332
216	347
217	218
217	219
217	266
217	267
217	268
217	269
217	332
217	438
218	219
218	220
218	266
218	267
218	268
218	269
218	272
218	277
218	330
218	331
218	332
219	220
219	221
219	222
219	265
219	266
219	277
219	278
219	279
219	332
220	221
220	263
220	264
220	265
220	266
220	277
220	278
221	222
221	223
221	261
221	262
221	263
221	264
221	278
222	223
222	224
222	261
222	262
222	263
222	278
222	279
223	224
223	225
223	260
223	261
223	262
224	225
224	226
224	259
224	260
224	261
225	226
225	227
225	257
225	258
225	259
225	260
226	227
226	228
226	257
226	258
226	259
227	228
227	256
227	257
227	258
228	229
228	231
228	256
228	257
229	230
229	231
229	256
230	231
230	232
230	233
230	234
231	232
231	233
231	234
231	235
231	253
232	233
232	234
232	235
232	236
233	234
233	235
233	236
233	237
234	235
234	236
234	237
234	238
235	236
235	237
235	238
235	239
235	251
236	237
236	238
236	239
236	240
237	238
237	239
237	240
237	241
238	239
238	240
238	241
238	242
239	240
239	241
239	242
239	243
240	241
240	242
240	243
240	244
241	242
241	243
241	244
241	245
242	243
242	244
242	245
242	246
242	247
242	248
243	244
243	245
243	246
243	247
244	245
244	246
245	246
245	247
246	247
246	248
247	248
247	249
247	263
247	264
248	249
248	262
248	263
248	264
249	250
249	261
249	262
249	263
250	251
250	252
250	260
250	261
250	262
251	252
251	253
251	258
251	259
251	260
251	261
252	253
252	254
252	258
252	259
252	260
253	254
253	255
253	257
253	258
253	259
254	255
254	256
254	257
254	258
255	256
255	257
256	257
257	258
257	259
258	259
258	260
259	260
259	261
260	261
260	262
261	262
261	263
262	263
262	264
262	278
262	282
263	264
263	265
263	278
264	265
264	266
264	276
264	277
264	278
265	266
265	267
265	275
265	276
265	277
265	278
266	267
266	275
266	276
266	277
266	439
266	440
267	268
267	269
267	271
267	272
267	274
267	275
267	436
267	438
267	439
268	269
268	270
268	271
268	272
268	437
268	438
268	439
269	270
269	271
269	272
269	330
269	347
270	271
270	272
270	328
270	349
270	412
270	413
271	272
271	273
271	274
271	328
272	273
272	274
272	275
272	310
272	330
273	274
273	275
273	310
274	275
275	276
275	277
276	277
276	278
277	278
277	279
277	280
277	281
278	279
278	280
278	281
278	282
279	280
279	281
279	282
279	283
280	281
280	282
280	283
280	284
280	302
280	303
280	306
280	307
281	282
281	283
281	284
281	285
281	307
282	283
282	284
282	285
282	286
283	284
283	285
283	286
283	287
283	299
283	302
283	303
284	285
284	286
284	287
284	303
285	286
285	287
285	288
286	287
286	288
286	289
286	299
287	288
287	289
287	299
287	300
287	303
288	289
288	290
289	290
289	291
290	291
290	292
291	292
291	295
291	296
292	293
292	294
292	295
292	296
293	294
293	295
293	296
293	297
294	295
294	296
294	297
294	298
295	296
295	297
295	298
295	299
295	338
296	297
296	298
296	299
296	300
297	298
297	299
297	300
297	301
297	370
298	299
298	300
298	301
298	302
299	300
299	301
299	302
299	303
300	301
300	302
300	303
300	304
301	302
301	303
301	304
301	305
301	306
302	303
302	304
302	305
302	306
302	307
303	304
303	305
303	306
303	307
304	305
304	306
304	307
305	306
305	307
305	309
305	314
305	315
306	307
306	308
306	309
306	315
306	331
307	308
307	309
308	309
308	310
309	310
309	311
309	312
309	313
309	314
309	329
310	311
310	312
310	328
310	329
310	330
311	312
311	313
311	318
311	326
311	327
311	328
311	329
312	313
312	314
312	315
312	316
312	317
312	318
312	327
312	328
312	329
313	314
313	315
313	316
313	317
313	318
314	315
314	316
315	316
315	317
315	363
316	317
316	318
316	362
316	363
317	318
317	319
317	359
317	362
317	363
318	319
318	320
318	327
319	320
319	321
319	326
319	327
319	354
320	321
320	322
320	325
320	326
320	327
321	322
321	323
321	324
321	325
321	326
321	351
321	352
321	353
322	323
322	324
322	325
323	324
323	325
324	325
324	326
324	351
324	352
324	410
325	326
325	327
325	351
326	327
326	328
326	351
327	328
327	329
327	349
327	350
327	351
328	329
328	330
328	348
328	349
328	350
328	412
329	330
329	331
329	346
329	347
329	348
329	349
330	331
330	332
330	346
330	347
330	348
331	332
331	333
331	345
331	346
331	347
332	333
332	334
332	345
332	346
332	347
333	334
333	335
333	344
333	345
334	335
334	336
334	343
334	344
334	345
335	336
335	337
335	341
335	342
335	343
335	344
336	337
336	338
336	340
336	341
336	342
336	343
337	338
337	339
337	340
337	341
337	342
338	339
338	340
339	340
340	341
340	342
341	342
341	343
342	343
342	344
343	344
343	345
344	345
344	346
345	346
345	347
346	347
346	348
347	348
347	349
348	349
348	350
349	350
349	351
349	412
350	351
350	352
350	354
351	352
351	353
351	354
351	381
352	353
352	354
352	381
353	354
353	355
354	355
354	358
355	356
355	357
355	358
355	359
356	357
356	358
356	359
356	360
357	358
357	359
357	360
357	361
358	359
358	360
358	361
358	362
359	360
359	361
359	362
359	363
360	361
360	362
360	363
360	364
360	373
360	374
361	362
361	363
361	364
361	365
362	363
362	364
362	365
362	366
363	364
363	365
363	366
363	367
364	365
364	366
364	367
364	368
365	366
365	367
365	368
366	367
366	368
367	368
367	369
367	370
367	371
368	369
368	370
368	371
368	372
369	370
369	371
370	371
371	372
371	373
372	373
372	374
373	374
374	375
374	376
375	376
375	377
376	377
376	378
377	378
378	379
378	380
379	380
379	381
380	381
380	382
381	382
381	383
382	383
382	384
382	418
383	384
383	385
384	385
384	386
384	388
384	422
385	386
385	387
385	388
386	387
386	388
386	391
386	392
386	408
387	388
387	389
387	391
387	392
388	389
388	390
388	391
388	392
389	390
389	391
389	392
389	393
390	391
390	392
390	393
390	394
391	392
391	393
391	394
391	395
392	393
392	394
392	395
392	396
393	394
393	395
393	396
393	397
394	395
394	396
394	397
394	398
394	459
395	396
395	397
395	398
395	399
395	406
396	397
396	398
396	399
396	400
397	398
397	399
397	400
397	401
397	455
397	458
397	459
398	399
398	400
398	401
398	402
398	455
399	400
399	401
399	402
399	403
399	404
399	405
399	406
400	401
400	402
400	403
401	402
401	403
401	455
402	403
402	404
403	404
403	405
404	405
404	406
405	406
405	407
406	407
407	408
407	409
408	409
408	410
409	410
409	411
410	411
411	412
411	413
412	413
412	414
413	414
413	415
414	415
415	416
415	417
415	418
415	425
416	417
416	418
416	419
417	418
417	419
417	420
417	423
417	424
417	425
418	419
418	420
418	423
418	424
419	420
419	421
419	423
420	421
420	422
420	423
421	422
421	423
422	423
422	424
423	424
424	425
424	426
425	426
425	427
426	427
426	428
427	428
427	429
428	429
428	430
428	448
428	449
428	452
429	430
429	431
429	433
429	448
430	431
430	432
430	433
430	448
431	432
431	433
432	433
432	434
433	434
433	435
434	435
434	436
435	436
435	437
436	437
436	438
436	439
436	442
436	443
437	438
437	439
437	442
438	439
438	440
438	442
439	440
439	441
439	442
440	441
440	442
441	442
441	443
442	443
443	444
443	445
444	445
444	446
445	446
445	447
445	448
445	449
446	447
446	448
446	449
446	450
447	448
447	449
447	450
447	451
448	449
448	450
448	451
448	452
449	450
449	451
449	452
449	453
450	451
450	452
450	453
450	454
451	452
451	453
451	454
451	455
452	453
452	454
452	455
452	456
453	454
453	455
453	456
453	457
454	455
454	456
454	457
454	458
455	456
455	457
455	458
455	459
456	457
456	458
456	459
456	460
457	458
457	459
457	460
457	461
458	459
458	460
458	461
458	462
459	460
459	461
459	462
459	463
460	461
460	462
460	463
460	464
461	462
461	463
461	464
461	465
462	463
462	464
462	465
463	464
463	465
463	466
464	465
464	466
465	466
466	467
