0	1
0	2
0	3
0	87
0	91
1	2
1	3
2	3
2	4
2	15
2	16
2	71
3	4
3	14
3	15
3	16
3	87
3	88
3	89
4	5
4	6
4	13
4	14
4	15
4	40
4	41
4	42
4	89
5	6
5	7
5	12
5	13
5	14
5	40
5	41
5	42
6	7
6	8
6	11
6	12
6	13
6	14
6	38
6	39
6	40
6	41
7	8
7	9
7	10
7	11
7	12
7	31
7	32
7	38
7	39
7	40
8	9
8	10
8	11
8	31
8	32
8	33
8	37
8	38
8	39
9	10
9	31
9	32
9	33
10	11
10	12
10	30
10	31
10	32
10	33
11	12
11	31
11	109
12	13
12	31
12	109
12	110
12	111
12	112
13	14
13	27
13	89
13	109
13	110
13	111
13	112
13	113
14	15
14	16
14	25
14	26
14	27
14	112
14	113
14	114
15	16
15	17
15	25
15	26
15	27
15	113
15	114
16	17
16	23
16	24
16	25
16	26
16	71
17	18
17	19
17	23
17	24
17	25
17	71
17	72
17	73
17	74
18	19
18	20
18	22
18	23
18	24
18	71
18	72
18	73
18	74
19	20
19	21
19	22
19	23
19	24
19	73
19	74
20	21
20	22
21	22
22	23
22	24
22	61
22	62
22	63
22	64
23	24
23	25
23	61
23	62
23	63
23	64
24	25
24	26
24	59
24	60
24	61
24	62
25	26
25	27
25	59
25	60
25	61
26	27
26	58
26	59
26	60
27	28
27	29
27	57
27	58
27	59
27	112
27	113
27	124
28	29
28	30
28	31
28	32
28	56
28	57
28	58
28	111
28	112
28	124
28	126
29	30
29	31
29	32
29	33
29	53
29	56
29	57
29	58
30	31
30	32
30	33
30	56
31	32
31	33
32	33
32	36
32	37
32	38
33	34
33	35
33	36
34	35
34	36
35	36
35	37
36	37
36	38
36	50
36	51
36	52
37	38
37	49
37	50
37	51
38	39
38	40
38	48
38	49
38	50
39	40
39	41
39	47
39	48
39	49
40	41
40	42
40	46
40	47
40	48
41	42
41	43
41	45
41	46
41	47
42	43
42	44
42	45
42	46
43	44
43	45
44	45
44	46
45	46
45	47
46	47
47	48
47	49
48	49
49	50
49	51
49	60
50	51
50	60
51	52
51	53
51	58
51	59
51	60
52	53
52	58
52	59
52	60
53	54
53	55
53	56
53	57
53	58
53	59
54	55
54	56
54	57
54	58
54	139
54	140
54	141
55	56
55	57
55	141
56	57
56	58
56	126
56	137
56	141
57	58
57	59
57	124
57	137
57	138
57	139
57	141
58	59
58	60
59	60
59	61
60	61
60	62
61	62
62	63
62	66
63	64
63	65
63	66
63	67
64	65
64	66
64	67
64	68
65	66
65	67
65	68
66	67
66	68
67	68
67	69
68	69
69	70
69	71
70	71
70	72
71	72
71	73
72	73
72	74
73	74
73	75
74	75
74	76
74	120
75	76
75	77
75	120
75	121
76	77
76	120
76	121
76	122
77	78
77	79
77	120
77	121
77	122
78	79
78	80
78	122
79	80
79	81
79	98
79	99
79	122
80	81
80	82
80	98
81	82
81	97
81	98
81	157
82	83
82	84
82	96
82	97
82	98
83	84
83	85
83	94
83	95
83	96
83	97
84	85
84	86
84	94
84	95
84	96
84	97
84	115
84	116
84	117
85	86
85	87
85	92
85	93
85	94
85	95
85	115
85	116
85	117
86	87
86	88
86	92
86	93
86	94
86	113
86	114
86	115
86	116
87	88
87	89
87	91
87	92
87	93
87	113
87	114
87	115
88	89
88	90
88	91
88	92
88	93
88	110
88	113
89	90
89	91
90	91
90	194
91	92
91	93
91	194
92	93
92	94
92	194
93	94
93	95
93	104
93	192
93	193
93	194
94	95
94	104
94	191
94	193
95	96
95	97
95	103
95	104
95	187
95	191
96	97
96	98
96	102
96	103
96	104
96	187
97	98
97	99
97	101
97	102
97	103
98	99
98	100
98	101
98	102
98	144
98	145
99	100
99	101
99	144
99	145
100	101
100	144
100	145
100	146
100	147
100	148
100	149
101	102
101	103
101	144
101	145
101	146
101	147
101	148
101	149
102	103
102	104
102	133
102	134
102	135
102	145
103	104
103	105
103	132
103	133
103	134
104	105
104	106
104	132
104	133
104	134
104	191
105	106
105	132
105	191
105	192
106	107
106	108
106	110
107	108
107	109
107	110
108	109
108	110
108	111
109	110
109	111
110	111
110	112
110	113
111	112
111	113
111	125
111	126
111	127
112	113
112	114
112	124
112	125
112	126
113	114
113	115
113	124
113	125
114	115
114	116
114	121
114	123
114	124
114	125
115	116
115	121
115	122
115	123
115	124
115	125
116	117
116	118
116	119
116	120
116	121
116	122
117	118
117	119
117	120
117	121
117	122
118	119
118	120
119	120
119	121
120	121
120	122
121	122
121	123
122	123
122	138
123	124
123	125
123	136
123	137
123	138
123	139
124	125
124	126
124	136
124	137
124	138
125	126
125	127
125	135
125	136
125	137
126	127
126	135
126	136
126	137
127	128
127	134
127	135
128	129
128	133
128	134
128	135
129	130
129	131
129	132
129	133
129	134
130	131
130	132
130	133
131	132
131	133
131	168
131	170
132	133
132	134
133	134
133	135
134	135
134	136
134	145
135	136
135	137
135	143
135	144
135	145
135	146
136	137
136	138
136	143
136	144
136	145
137	138
137	139
137	141
137	142
137	143
137	144
138	139
138	140
138	141
138	142
138	143
139	140
139	141
140	141
140	142
141	142
141	143
142	143
142	144
143	144
143	145
143	146
144	145
144	146
145	146
145	147
146	147
147	148
147	172
148	149
148	150
148	172
148	173
149	150
149	151
149	153
149	154
149	172
149	173
149	174
150	151
150	152
150	153
150	154
150	173
150	174
150	175
150	176
151	152
151	153
151	154
151	155
151	173
151	174
151	175
151	176
151	177
152	153
152	154
152	155
152	156
152	176
152	177
153	154
153	155
153	156
154	155
154	156
154	157
155	156
155	157
155	158
155	180
155	181
156	157
156	158
157	158
158	159
158	160
158	181
158	183
158	184
159	160
159	181
159	182
159	183
160	161
160	162
160	181
160	182
160	183
161	162
161	163
161	181
161	182
162	163
162	179
162	180
162	181
162	182
163	164
163	165
163	179
163	180
163	181
163	182
163	185
164	165
164	166
164	178
164	179
164	180
165	166
165	167
165	178
165	179
165	180
165	185
166	167
166	168
166	169
166	185
166	188
166	189
167	168
167	169
168	169
168	170
169	170
169	171
169	173
170	171
170	172
170	173
171	172
171	173
171	174
172	173
172	174
173	174
173	175
174	175
174	176
175	176
175	177
176	177
176	178
177	178
177	179
178	179
179	180
180	181
180	182
180	184
180	185
181	182
181	183
181	184
181	185
182	183
182	184
182	185
182	186
183	184
183	185
183	186
183	187
184	185
184	186
184	187
184	188
185	186
185	187
185	188
185	189
186	187
186	188
186	189
186	190
187	188
187	189
187	190
187	191
188	189
188	190
188	191
189	190
189	191
190	191
190	192
190	193
191	192
191	193
192	193
192	194
193	194
