0	1
0	2
0	232
1	2
1	3
1	232
2	3
2	4
3	4
3	5
3	34
4	5
4	6
4	32
4	33
4	34
4	35
5	6
5	33
5	34
5	35
5	36
6	7
6	8
6	30
6	33
6	35
6	36
6	37
7	8
7	9
7	36
7	37
7	38
7	408
8	9
8	29
8	36
8	37
8	38
8	39
8	40
9	10
9	11
9	38
9	39
9	40
9	41
10	11
10	12
10	39
11	12
11	13
11	14
12	13
12	14
12	41
13	14
13	15
14	15
14	16
15	16
15	17
15	22
16	17
16	18
16	21
16	22
17	18
17	19
17	21
17	22
18	19
18	20
18	21
18	22
19	20
19	21
19	22
19	23
19	44
19	45
20	21
20	22
20	23
20	24
21	22
21	23
21	24
21	25
22	23
22	24
22	25
22	26
23	24
23	25
23	26
23	27
23	45
24	25
24	26
24	27
24	28
25	26
25	27
25	28
25	29
26	27
26	28
26	29
26	30
27	28
27	29
27	30
27	31
28	29
28	30
28	31
29	30
29	31
30	31
30	32
30	33
31	32
31	33
31	53
32	33
32	34
32	53
32	56
33	34
33	35
33	56
33	57
34	35
34	36
34	56
34	57
34	58
34	59
35	36
35	37
35	57
35	58
35	59
35	60
36	37
36	38
36	39
36	40
36	59
36	60
36	61
37	38
37	39
37	60
37	61
37	62
38	39
38	40
38	60
38	61
38	62
39	40
39	41
39	60
39	61
39	62
39	63
39	64
40	41
40	42
40	60
40	63
40	64
40	65
41	42
41	43
41	64
41	65
41	66
42	43
42	65
42	66
42	67
43	44
43	45
43	66
43	67
43	68
43	69
44	45
44	46
44	67
44	68
44	69
44	70
45	46
45	47
45	49
45	69
45	70
45	71
46	47
46	48
46	49
46	69
46	70
46	71
47	48
47	49
47	70
47	71
47	72
48	49
48	50
48	71
49	50
49	51
49	71
50	51
50	52
51	52
51	53
51	54
51	74
51	75
52	53
52	54
52	55
52	75
53	54
53	55
53	56
54	55
54	56
54	57
54	75
54	76
55	56
55	57
55	75
55	76
55	77
55	78
56	57
56	58
56	78
57	58
57	59
57	76
57	78
57	79
58	59
58	78
58	79
58	80
58	81
59	60
59	61
59	79
59	80
59	81
59	82
60	61
60	62
60	63
60	81
60	82
60	83
61	62
61	63
61	82
61	83
61	84
61	85
62	63
62	82
62	83
62	84
62	85
62	86
62	87
63	64
63	65
63	82
63	84
63	86
63	87
63	88
63	93
63	94
64	65
64	66
64	93
64	94
64	95
65	66
65	67
65	94
65	95
65	96
66	67
66	95
66	96
66	97
67	68
67	69
67	96
67	97
67	98
67	99
68	69
68	70
68	97
68	98
68	99
68	100
69	70
69	71
69	99
69	100
69	106
69	107
70	71
70	72
70	99
70	100
70	101
70	105
70	106
70	107
71	72
71	73
71	106
71	107
72	73
72	106
72	107
72	108
72	109
73	74
73	75
73	107
73	108
73	109
73	110
74	75
74	76
74	109
74	110
75	76
75	77
75	110
75	111
76	77
76	78
76	79
76	110
76	111
76	112
77	78
77	79
77	111
77	112
77	113
77	114
78	79
78	80
78	112
78	114
79	80
79	81
79	112
79	114
79	115
80	81
80	114
80	115
80	116
80	117
80	213
81	82
81	83
81	115
81	116
81	117
81	118
81	213
82	83
82	84
82	117
82	118
82	119
83	84
83	85
83	118
83	119
83	120
84	85
84	86
84	87
84	93
84	118
84	119
84	120
84	121
85	86
85	87
86	87
87	88
87	89
87	90
87	91
87	92
87	93
87	121
88	89
88	90
88	91
88	92
88	93
89	90
89	91
89	92
90	91
90	92
91	92
91	121
91	122
92	93
92	94
92	95
92	121
92	122
92	123
92	124
93	94
93	95
93	120
93	121
93	122
93	123
94	95
94	96
94	122
94	123
94	124
95	96
95	97
95	123
95	124
95	125
96	97
96	124
96	125
96	126
97	98
97	99
97	125
97	126
97	127
97	128
98	99
98	100
98	126
98	127
98	128
99	100
99	106
99	107
99	127
99	128
100	101
100	102
100	103
100	105
100	106
100	107
100	128
101	102
101	103
101	104
101	105
101	106
102	103
102	104
103	104
103	105
104	105
104	106
105	106
106	107
106	108
106	130
107	108
107	109
107	128
107	130
107	131
108	109
108	110
108	130
108	131
108	132
109	110
109	111
109	131
109	132
109	176
110	111
110	112
110	175
111	112
111	113
111	175
111	176
111	181
112	113
112	114
112	115
112	175
113	114
113	115
113	175
113	181
113	182
113	183
114	115
114	116
115	116
115	117
116	117
116	142
116	213
117	118
117	119
117	142
117	143
117	212
117	213
118	119
118	120
118	142
118	143
118	144
119	120
119	143
119	144
120	121
120	122
120	144
121	122
121	123
121	147
122	123
122	124
122	147
122	148
122	150
122	151
123	124
123	151
124	125
124	126
124	151
124	152
124	153
125	126
125	153
125	154
125	155
126	127
126	128
126	153
126	154
126	155
127	128
127	129
128	129
128	130
128	131
128	155
129	130
129	131
129	156
129	157
129	158
129	159
130	131
130	132
130	157
130	158
130	159
131	132
131	133
132	133
132	134
132	162
132	176
133	134
133	135
133	136
133	174
133	175
133	176
134	135
134	136
134	137
134	174
134	175
135	136
135	137
135	155
136	137
136	138
136	172
136	173
136	174
137	138
137	139
137	173
137	174
138	139
138	140
138	141
139	140
139	141
139	142
139	143
140	141
140	142
140	143
140	148
141	142
141	143
141	185
141	186
141	187
141	188
142	143
142	144
143	144
143	145
143	147
143	148
144	145
144	146
144	147
144	148
145	146
145	147
145	148
146	147
146	148
147	148
147	149
147	150
147	151
148	149
148	150
148	151
149	150
149	151
150	151
150	152
151	152
151	153
152	153
152	154
153	154
153	155
154	155
155	156
156	157
156	158
157	158
157	159
157	160
158	159
158	160
159	160
159	161
160	161
160	162
161	162
161	163
162	163
162	164
163	164
163	165
163	177
164	165
164	166
165	166
165	167
165	169
165	172
165	173
165	174
165	176
165	177
166	167
166	168
166	169
166	177
166	178
166	179
167	168
167	169
167	172
168	169
168	170
168	179
169	170
169	171
169	172
169	173
169	174
169	179
169	182
169	183
170	171
170	172
170	173
170	183
171	172
171	173
172	173
172	174
173	174
173	182
173	183
174	175
174	176
174	181
174	182
174	183
175	176
175	181
175	182
175	183
176	177
176	178
176	181
177	178
177	179
177	181
178	179
178	180
178	181
179	180
179	181
179	182
180	181
180	182
181	182
181	183
182	183
182	184
183	184
183	185
184	185
184	186
185	186
185	187
185	188
185	189
186	187
186	188
186	189
186	190
186	197
186	198
186	199
186	213
186	214
187	188
187	189
187	190
187	197
187	198
188	189
188	190
189	190
189	191
189	201
190	191
190	192
190	194
190	198
190	200
190	201
191	192
191	193
191	194
191	201
191	202
191	203
192	193
192	194
193	194
194	195
194	196
194	206
195	196
195	197
195	209
196	197
196	198
196	207
196	208
196	209
196	211
197	198
197	206
197	207
197	211
197	212
197	213
197	214
198	199
198	200
198	205
198	206
198	207
198	214
198	215
199	200
199	205
199	206
199	207
199	214
199	215
199	216
200	201
200	202
200	205
201	202
201	203
201	205
202	203
202	204
202	205
203	204
203	205
203	206
204	205
204	206
205	206
205	207
205	217
205	218
206	207
206	208
206	218
207	208
207	209
207	211
207	214
207	215
207	217
207	218
207	219
208	209
208	210
208	211
208	218
208	219
208	220
209	210
209	211
210	211
210	212
210	220
210	226
210	227
210	228
210	235
210	236
210	237
211	212
211	213
211	214
211	215
211	223
211	224
211	225
211	226
211	227
211	235
212	213
212	214
212	223
212	224
212	225
212	226
212	227
213	214
213	224
213	225
214	215
214	223
214	224
215	216
215	217
215	222
215	223
215	224
216	217
216	222
216	223
217	218
217	219
217	222
218	219
218	222
219	220
219	221
219	222
220	221
220	222
220	223
220	234
220	235
221	222
221	223
221	233
221	234
221	235
222	223
222	224
223	224
223	225
223	226
224	225
224	226
225	226
225	227
226	227
226	228
226	229
226	230
226	235
227	228
227	229
227	235
228	229
228	230
228	235
228	236
228	237
228	264
229	230
229	231
229	235
229	236
229	237
229	238
229	239
229	264
229	265
229	266
230	231
230	232
230	233
230	234
230	235
230	236
230	264
230	265
230	266
231	232
231	233
231	234
231	235
231	236
231	265
231	266
232	233
232	234
233	234
234	235
234	236
235	236
235	237
236	237
236	238
236	239
237	238
237	239
238	239
238	240
239	240
239	241
239	259
239	260
239	261
239	266
240	241
240	242
240	257
240	258
240	259
241	242
241	243
241	244
241	255
241	258
241	259
241	280
242	243
242	254
242	255
242	258
242	259
242	280
243	244
243	245
243	252
243	253
243	254
243	255
244	245
244	246
244	252
244	253
244	254
244	255
245	246
245	247
245	250
245	251
245	252
245	253
246	247
246	248
246	249
246	250
246	251
246	252
246	253
247	248
247	249
247	250
248	249
248	250
249	250
249	251
250	251
251	252
251	253
252	253
252	254
253	254
253	255
254	255
254	256
255	256
255	257
255	258
256	257
256	258
257	258
257	259
258	259
259	260
259	261
259	266
259	267
259	268
259	280
260	261
260	262
260	266
260	267
260	268
260	269
260	270
260	280
260	281
260	282
261	262
261	263
261	265
261	266
261	267
261	280
261	281
261	282
262	263
262	264
262	265
262	266
262	267
262	281
262	282
263	264
263	265
264	265
265	266
265	267
266	267
267	268
267	269
267	270
268	269
269	270
269	271
270	271
270	272
270	274
270	276
270	282
271	272
271	273
271	274
272	273
272	274
273	274
273	275
273	403
274	275
274	276
274	282
274	283
274	284
274	403
275	276
275	277
275	282
275	283
275	284
275	299
275	300
275	301
276	277
276	280
276	281
276	282
276	283
276	299
276	300
276	301
277	278
277	279
277	280
277	281
277	282
277	300
277	301
278	279
278	280
279	280
279	281
280	281
281	282
281	283
282	283
282	284
283	284
283	285
283	286
284	285
284	286
284	403
285	286
285	287
285	340
286	287
286	288
286	290
286	291
286	301
287	288
287	289
287	290
288	289
288	290
289	290
289	303
289	304
289	305
289	307
290	291
290	301
290	302
290	303
290	304
291	292
291	301
291	302
291	303
292	293
292	294
292	299
292	300
292	301
292	302
293	294
293	299
293	300
293	301
294	295
294	296
294	297
294	298
294	299
294	300
295	296
295	297
296	297
296	298
297	298
297	299
298	299
298	300
299	300
299	301
300	301
300	302
301	302
301	303
302	303
303	304
304	305
304	306
304	307
305	306
305	307
306	307
306	308
307	308
307	309
308	309
308	310
308	337
309	310
309	311
309	336
309	337
309	338
310	311
310	312
310	336
310	337
310	338
310	339
310	340
311	312
311	313
311	333
311	336
311	338
311	339
311	340
312	313
312	314
312	316
312	317
312	339
312	340
312	341
313	314
313	315
313	316
313	339
313	340
313	341
313	342
313	343
314	315
314	316
314	319
314	320
314	322
314	324
314	341
314	342
314	343
314	344
315	316
315	319
315	320
315	321
315	322
316	317
316	318
316	319
316	320
317	318
317	319
317	320
318	319
318	320
319	320
319	321
319	322
320	321
320	322
321	322
321	323
322	323
322	324
323	324
324	325
324	326
324	344
324	345
324	346
324	349
325	326
325	329
325	330
325	344
325	345
325	349
326	327
326	328
326	329
326	330
326	349
326	361
327	328
327	329
327	330
327	358
327	359
327	360
327	361
328	329
328	330
328	331
328	358
329	330
329	331
329	332
330	331
330	332
330	333
331	332
331	333
331	334
332	333
332	334
333	334
333	335
333	336
334	335
334	336
334	368
335	336
335	337
335	368
335	371
336	337
336	338
336	371
336	372
337	338
337	339
337	371
337	372
337	373
337	374
338	339
338	340
338	372
338	373
338	374
338	375
339	340
339	341
339	342
339	374
339	375
339	376
340	341
340	342
340	375
340	376
340	377
341	342
341	375
341	376
341	377
342	343
342	344
342	375
342	376
342	377
342	378
342	379
343	344
343	345
343	378
343	379
343	380
344	345
344	346
344	379
344	380
344	381
345	346
345	347
345	349
345	380
345	381
345	382
345	383
346	347
346	348
346	349
346	381
346	382
346	383
347	348
347	349
347	350
347	351
347	382
347	383
348	349
348	350
348	351
348	352
348	353
349	350
349	351
349	352
349	360
349	361
350	351
350	352
350	360
350	361
351	352
351	353
351	360
352	353
352	354
352	358
352	359
352	360
352	361
353	354
353	355
353	356
353	357
353	358
353	359
354	355
354	356
354	357
354	358
355	356
355	357
356	357
356	358
357	358
357	359
358	359
358	360
359	360
359	361
360	361
360	362
361	362
361	363
362	363
362	364
362	365
363	364
363	365
363	366
363	385
364	365
364	366
364	367
365	366
365	367
365	368
366	367
366	368
366	369
366	393
367	368
367	369
367	370
367	393
368	369
368	370
369	370
369	371
369	372
369	393
369	394
370	371
370	372
370	393
370	394
370	396
371	372
371	373
372	373
372	374
372	396
372	397
373	374
373	396
373	397
373	398
373	399
374	375
374	376
374	397
374	398
374	399
374	400
375	376
375	377
375	378
375	399
375	400
375	401
376	377
376	378
376	400
376	401
376	402
376	403
377	378
377	400
377	401
377	402
377	403
377	404
377	405
378	379
378	380
378	400
378	402
378	404
378	405
378	406
378	411
378	412
379	380
379	381
379	411
379	412
379	413
380	381
380	382
380	412
380	413
380	414
381	382
381	383
381	413
381	414
381	415
382	383
382	414
382	415
382	416
382	417
383	384
383	385
383	417
384	385
384	386
384	417
385	386
385	387
385	388
386	387
386	388
387	388
387	389
388	389
388	390
388	419
389	390
389	419
389	420
389	421
390	391
390	392
390	419
390	420
390	421
390	422
390	423
391	392
391	393
391	394
391	395
391	422
391	423
391	424
392	393
392	394
392	395
392	423
393	394
393	395
394	395
394	396
394	397
394	424
395	396
395	397
395	423
395	424
395	425
395	426
396	397
396	398
396	425
396	426
397	398
397	399
397	426
397	427
398	399
398	426
398	427
398	428
398	429
399	400
399	401
399	427
399	428
399	429
399	430
400	401
400	402
400	429
400	430
400	431
401	402
401	403
401	430
401	431
401	432
402	403
402	404
402	405
402	411
402	431
402	432
402	433
403	404
403	405
404	405
405	406
405	407
405	408
405	409
405	410
405	411
405	433
406	407
406	408
406	409
406	410
406	411
407	408
407	409
407	410
408	409
408	410
409	410
409	411
409	433
409	434
410	411
410	412
410	413
410	433
410	434
410	435
411	412
411	413
411	432
411	433
411	434
411	435
412	413
412	414
412	434
412	435
412	436
413	414
413	415
413	435
413	436
413	437
414	415
414	436
414	437
414	438
415	416
415	417
415	437
415	438
415	439
415	440
416	417
416	418
416	438
416	439
416	440
417	418
417	419
417	440
418	419
418	420
418	440
418	441
418	442
419	420
419	421
419	442
419	443
420	421
420	442
420	443
420	444
421	422
421	423
421	443
421	444
421	445
421	490
421	491
422	423
422	424
422	446
422	490
422	491
423	424
423	425
423	490
423	491
423	496
424	425
424	426
424	427
424	490
425	426
425	427
425	490
425	496
426	427
426	428
427	428
427	429
428	429
428	454
429	430
429	431
429	454
429	455
430	431
430	432
430	454
430	455
430	456
431	432
431	455
431	456
431	457
432	433
432	434
432	455
432	456
432	457
432	460
433	434
433	435
433	460
434	435
434	436
434	460
434	461
434	462
435	436
435	437
435	461
435	462
435	463
436	437
436	438
436	462
436	463
436	464
437	438
437	463
437	464
437	465
438	439
438	440
438	464
438	465
438	466
438	467
439	440
439	441
439	466
439	467
440	441
440	442
440	443
440	467
440	468
441	442
441	443
441	467
441	468
442	443
442	444
442	467
442	468
443	444
443	445
443	467
443	468
444	445
444	446
444	468
444	473
444	478
445	446
445	447
445	448
445	479
445	489
445	490
445	491
446	447
446	448
446	449
446	490
447	448
447	449
447	464
448	449
448	450
448	487
448	488
448	489
449	450
449	451
449	487
449	488
449	489
450	451
450	452
450	453
450	487
451	452
451	453
451	454
451	455
452	453
452	454
452	455
453	454
453	455
454	455
454	456
455	456
455	457
455	460
456	457
457	458
457	459
457	460
458	459
458	460
459	460
459	461
460	461
461	462
461	463
462	463
462	464
463	464
463	465
464	465
465	466
465	467
466	467
466	468
467	468
467	469
468	469
468	470
468	473
469	470
469	471
469	472
469	473
470	471
470	472
470	473
470	474
471	472
471	473
471	474
471	475
472	473
472	474
472	475
472	476
473	474
473	475
473	476
473	477
473	478
473	479
474	475
474	476
474	477
474	478
474	479
475	476
475	477
476	477
476	478
477	478
477	479
478	479
478	492
479	480
479	481
479	492
480	481
480	482
480	484
480	488
480	489
480	491
480	492
481	482
481	483
481	484
481	492
481	493
481	494
482	483
482	484
483	484
483	485
483	494
484	485
484	486
484	488
484	497
485	486
485	487
485	488
486	487
486	488
487	488
487	489
487	498
488	489
488	497
488	498
489	490
489	491
489	496
489	497
489	498
490	491
490	496
490	497
491	492
491	493
491	496
492	493
492	494
492	496
493	494
493	495
493	496
494	495
494	496
494	497
495	496
495	497
496	497
496	498
497	498
