0	1
0	2
0	3
0	4
0	291
0	292
0	293
0	294
1	2
1	3
1	4
1	291
1	292
1	293
1	294
2	3
2	4
2	5
2	293
2	294
2	295
3	4
3	5
3	293
3	294
3	295
4	5
4	6
4	7
4	28
4	29
4	30
4	294
4	295
5	6
5	7
5	27
5	28
5	29
5	295
5	296
5	297
6	7
6	8
6	27
6	28
6	29
6	30
6	295
6	296
6	297
6	298
7	8
7	9
7	29
7	30
7	31
7	295
7	297
7	298
7	299
8	9
8	10
8	15
8	19
8	30
8	31
8	32
8	298
8	299
8	300
8	301
9	10
9	11
9	15
9	31
9	32
9	33
9	299
9	300
9	301
9	302
10	11
10	12
10	15
10	31
10	32
10	33
10	301
10	302
11	12
11	13
11	15
11	16
11	31
11	33
11	111
11	112
11	113
11	301
12	13
12	14
12	15
12	16
12	112
12	113
12	114
12	115
12	301
13	14
13	15
13	16
13	17
13	502
13	517
13	520
13	521
14	15
14	16
14	17
14	18
14	301
14	501
14	502
14	520
14	521
14	524
15	16
15	17
15	18
15	19
15	301
15	501
16	17
16	18
16	19
16	20
16	238
16	239
17	18
17	19
17	20
17	21
17	238
17	521
17	524
17	525
18	19
18	20
18	21
18	22
18	524
18	528
19	20
19	21
19	22
19	23
19	29
19	242
19	248
20	21
20	22
20	23
20	24
20	238
20	239
20	241
20	242
21	22
21	23
21	24
21	25
21	528
22	23
22	24
22	25
22	26
22	27
22	535
23	24
23	25
23	26
23	27
23	28
23	29
23	242
23	245
23	247
23	248
24	25
24	26
24	245
25	26
25	27
26	27
26	28
26	247
27	28
27	29
27	247
28	29
28	30
28	247
28	248
29	30
29	31
29	247
29	248
29	249
29	250
30	31
30	32
30	248
30	249
30	250
30	251
31	32
31	33
31	249
31	250
31	251
31	252
32	33
32	34
32	251
32	252
32	253
32	255
32	256
33	34
33	35
33	110
33	111
33	252
33	253
33	254
33	255
33	256
34	35
34	36
34	110
34	253
34	254
34	255
34	256
35	36
35	37
35	91
35	109
35	110
35	111
35	253
35	254
36	37
36	38
36	110
36	111
36	253
36	254
37	38
37	39
37	110
37	111
37	253
38	39
38	40
38	50
38	110
38	111
39	40
39	41
39	42
39	50
40	41
40	42
40	43
40	44
40	50
41	42
41	43
41	44
41	45
41	48
41	49
41	50
42	43
42	44
42	45
42	46
42	48
42	49
42	50
43	44
43	45
43	46
43	47
43	48
43	49
43	50
44	45
44	46
44	47
44	48
44	49
44	50
45	46
45	47
45	48
46	47
46	48
47	48
47	49
48	49
48	50
49	50
49	51
49	52
49	228
50	51
50	52
50	228
51	52
51	53
51	54
51	62
51	225
51	226
51	227
51	228
52	53
52	54
52	55
52	58
52	59
52	60
52	62
52	63
52	225
53	54
53	55
53	58
53	59
53	60
53	62
53	63
53	225
54	55
54	56
54	57
54	58
54	59
54	221
54	222
54	225
55	56
55	57
55	58
55	59
55	221
55	222
56	57
56	58
56	59
56	80
56	83
56	221
57	58
57	59
57	80
57	83
57	221
58	59
58	60
58	83
59	60
59	63
59	70
59	84
60	61
60	62
60	63
60	70
60	87
61	62
61	63
61	64
61	87
61	88
61	89
61	90
61	92
62	63
62	64
62	92
62	93
63	64
63	70
63	92
63	93
63	94
63	225
64	65
64	66
64	67
64	70
64	92
64	93
64	94
64	95
65	66
65	67
65	90
65	91
65	92
65	93
65	94
65	95
66	67
66	68
66	89
66	90
66	91
66	92
67	68
67	69
67	89
68	69
68	70
68	86
68	87
68	88
68	89
69	70
69	71
69	85
69	86
69	87
70	71
70	72
70	84
70	85
70	86
70	87
71	72
71	73
71	84
72	73
72	74
72	76
72	77
72	80
72	81
73	74
73	75
73	76
73	77
74	75
74	76
74	77
75	76
75	77
75	458
75	459
76	77
76	78
76	79
76	80
76	386
76	458
77	78
77	79
77	80
77	81
77	458
78	79
78	80
78	81
78	458
79	80
79	81
79	82
79	388
80	81
80	82
80	83
80	388
81	82
81	83
81	84
82	83
82	84
83	84
83	85
84	85
85	86
85	87
86	87
87	88
87	89
88	89
88	90
89	90
89	283
90	91
90	92
90	282
90	283
90	284
91	92
91	93
91	282
91	283
91	284
92	93
92	94
93	94
93	95
93	108
93	109
93	110
93	225
94	95
94	96
94	106
94	107
94	108
94	109
94	117
94	225
95	96
95	97
95	106
95	107
95	108
95	109
96	97
96	98
96	104
96	105
96	106
96	107
97	98
97	99
97	104
97	105
97	106
98	99
98	100
98	101
98	103
98	104
98	105
99	100
99	101
99	102
99	103
99	104
99	422
99	423
100	101
100	102
100	103
101	102
101	103
102	103
102	426
102	427
102	428
102	429
102	469
103	104
103	105
103	426
103	469
103	470
104	105
104	106
104	469
104	470
104	471
104	472
105	106
105	107
105	470
105	471
105	472
105	473
106	107
106	471
106	472
106	473
107	108
107	109
107	114
107	473
108	109
108	110
108	113
108	114
108	116
108	117
109	110
109	113
110	111
110	112
110	113
111	112
111	113
111	235
112	113
112	114
112	115
112	116
112	233
112	234
112	235
113	114
113	115
113	116
114	115
114	116
114	117
114	118
115	116
115	117
115	118
115	233
115	234
116	117
116	118
116	226
116	233
117	118
117	119
117	223
117	224
117	225
117	226
118	119
118	120
118	223
118	224
119	120
119	121
119	122
119	223
119	358
119	359
120	121
120	122
120	123
120	199
120	200
120	201
121	122
121	123
121	124
121	125
121	196
121	197
121	198
121	199
121	200
121	514
121	515
122	123
122	124
122	125
122	196
122	197
122	198
122	199
122	200
122	514
122	515
123	124
123	125
123	126
123	159
123	198
123	199
123	200
123	515
123	517
123	518
124	125
124	126
124	127
124	196
124	197
124	198
124	513
124	514
124	515
124	518
125	126
125	127
125	196
125	197
125	198
125	513
125	514
125	515
125	518
126	127
126	128
126	518
126	519
127	128
127	129
127	131
127	132
127	511
127	512
127	513
127	519
128	129
128	130
128	131
128	132
129	130
129	131
129	132
129	133
130	131
130	132
130	133
130	134
131	132
131	133
131	134
131	135
131	369
132	133
132	134
132	135
132	136
133	134
133	135
133	136
133	137
133	141
134	135
134	136
134	137
135	136
135	137
135	507
136	137
136	138
136	139
137	138
137	139
138	139
138	140
139	140
139	141
139	488
140	141
140	142
140	143
140	144
140	145
141	142
141	143
141	144
141	145
141	146
142	143
142	144
142	145
142	146
142	147
143	144
143	145
143	146
143	147
143	148
143	149
144	145
144	146
144	147
144	148
144	149
145	146
145	147
145	148
145	149
145	150
146	147
146	148
146	149
146	150
147	148
147	149
147	151
148	149
148	150
148	151
148	152
149	150
149	151
149	152
149	153
149	522
149	525
149	526
150	151
150	152
150	153
150	154
150	522
151	152
151	153
151	154
151	155
152	153
152	154
152	155
152	156
153	154
153	155
153	156
153	157
153	518
153	521
153	522
154	155
154	156
154	157
154	158
154	159
155	156
155	157
155	158
155	159
156	157
156	158
156	237
156	238
157	158
157	159
157	200
157	237
158	159
158	160
158	200
159	160
159	198
159	199
159	200
160	161
160	162
160	198
160	199
160	200
160	202
161	162
161	163
161	198
161	199
161	203
162	163
162	164
162	167
162	203
163	164
163	165
163	166
163	167
164	165
164	166
164	167
164	168
165	166
165	167
165	168
165	169
166	167
166	168
166	169
166	170
167	168
167	169
167	170
167	173
168	169
168	170
169	170
169	171
170	171
170	172
170	173
171	172
171	173
171	174
171	353
171	354
172	173
172	174
172	353
172	354
172	355
172	356
173	174
173	175
173	176
173	177
173	355
173	356
174	175
174	176
174	177
174	178
174	350
174	351
175	176
175	177
175	178
175	179
175	350
175	351
175	355
175	384
176	177
176	178
176	179
176	180
176	361
176	382
177	178
177	179
177	180
177	181
178	179
178	180
178	181
178	182
178	348
178	350
179	180
179	181
179	182
179	183
179	395
180	181
180	182
180	183
180	184
180	191
180	192
180	193
181	182
181	183
181	184
181	185
182	183
182	184
182	185
182	446
182	450
183	184
183	185
183	186
183	187
183	188
183	189
183	190
183	191
183	446
184	185
184	186
184	187
184	188
184	189
184	190
184	191
185	186
185	187
185	449
185	450
186	187
186	188
186	189
186	445
186	446
186	449
187	188
187	189
187	190
187	191
188	189
188	190
188	191
188	192
189	190
189	191
189	192
189	193
190	191
190	192
190	193
190	194
190	363
190	364
190	365
191	192
191	193
191	363
192	193
192	194
192	195
192	361
192	362
192	363
192	364
192	365
193	194
193	195
193	361
193	362
193	363
193	364
193	365
194	195
194	196
194	197
194	361
194	362
194	363
194	364
194	365
195	196
195	197
195	198
195	360
195	361
195	362
196	197
196	198
196	199
196	360
196	361
196	362
197	198
197	199
197	360
197	361
197	362
198	199
199	200
199	201
200	201
200	202
200	231
200	232
201	202
201	203
201	230
201	231
201	232
202	203
202	204
202	205
202	206
202	230
202	231
203	204
203	205
203	206
203	207
204	205
204	206
204	207
204	208
205	206
205	207
205	208
205	209
205	230
206	207
206	208
206	209
206	210
207	208
207	209
207	210
207	211
208	209
208	210
208	211
208	212
208	213
208	214
209	210
209	211
209	212
209	213
209	214
209	215
209	216
209	219
210	211
210	212
211	212
211	213
212	213
212	214
213	214
214	215
214	216
215	216
215	217
216	217
216	218
216	219
216	220
217	218
217	219
217	220
217	221
217	222
217	227
217	228
217	229
217	230
218	219
218	220
218	221
218	222
218	223
218	356
218	357
218	358
219	220
219	221
219	356
219	357
220	221
220	222
221	222
221	223
221	357
221	387
222	223
222	224
222	225
222	226
222	227
222	357
223	224
223	225
223	226
223	227
223	357
224	225
224	226
225	226
226	227
226	228
227	228
227	229
227	230
227	231
228	229
229	230
229	231
230	231
230	232
231	232
231	233
232	233
232	234
232	236
232	237
233	234
233	235
233	236
233	237
234	235
234	236
234	237
234	238
234	239
235	236
235	237
235	238
235	239
235	240
236	237
236	238
236	239
236	240
237	238
237	239
237	240
237	241
238	239
238	240
238	241
238	242
239	240
239	241
239	242
239	243
240	241
240	242
240	243
240	244
241	242
241	243
241	244
241	245
242	243
242	244
242	245
242	248
243	244
243	245
243	246
243	247
243	248
243	249
243	250
244	245
244	246
245	246
245	247
245	248
246	247
246	248
247	248
247	249
247	250
248	249
248	250
248	251
249	250
249	251
249	252
250	251
250	252
251	252
251	253
252	253
252	254
252	255
253	254
253	255
254	255
254	256
254	279
254	280
254	281
255	256
255	257
255	277
255	278
255	279
255	280
256	257
256	258
256	277
256	278
256	279
257	258
257	259
257	275
257	276
257	277
257	278
258	259
258	276
258	277
259	260
259	261
259	275
259	276
259	310
259	314
260	261
260	273
260	274
260	275
260	276
260	314
260	319
261	262
261	263
261	264
261	273
261	274
261	275
261	319
261	320
262	263
262	264
262	265
262	266
262	269
262	270
262	271
262	272
262	273
262	274
262	320
263	264
263	265
263	266
263	267
263	268
263	269
263	270
263	271
263	272
263	273
263	274
264	265
264	266
264	267
264	268
264	269
264	270
264	271
264	272
264	273
264	274
265	266
265	267
265	268
265	269
265	270
266	267
266	268
266	269
266	270
267	268
267	269
267	270
267	271
267	272
268	269
268	270
268	271
268	272
269	270
269	271
269	272
269	273
270	271
270	272
270	273
271	272
271	273
271	295
271	296
271	297
272	273
272	274
272	295
272	296
273	274
273	275
273	294
273	295
273	296
273	298
274	275
274	276
274	291
274	292
274	293
274	294
274	295
275	276
275	277
275	291
275	292
275	293
275	294
276	277
276	278
276	289
276	290
276	291
276	292
276	293
277	278
277	279
277	289
277	290
277	291
277	292
278	279
278	280
278	286
278	288
278	289
278	290
279	280
279	286
279	287
279	288
279	289
280	281
280	282
280	284
280	285
280	286
280	287
281	282
281	283
281	284
281	285
281	286
281	287
282	283
282	284
283	284
283	285
284	285
284	286
285	286
285	287
286	287
286	288
287	288
288	289
288	290
289	290
290	291
290	292
290	293
291	292
291	293
291	294
292	293
292	294
293	294
294	295
295	296
295	297
295	298
296	297
296	298
297	298
297	299
297	497
297	498
298	299
298	300
298	497
298	498
298	499
299	300
299	301
299	498
299	499
299	500
299	501
300	301
300	302
300	307
300	499
300	500
300	501
301	302
301	303
301	307
301	500
301	501
301	502
302	303
302	304
302	306
302	307
303	304
303	305
303	306
303	307
303	502
303	503
303	504
304	305
304	306
304	307
304	308
304	475
304	476
304	477
304	478
304	502
304	503
304	504
305	306
305	307
305	308
305	309
306	307
306	308
306	309
306	310
307	308
307	309
307	310
307	311
307	504
308	309
308	310
308	311
308	312
308	328
308	329
308	478
308	479
308	504
309	310
309	311
309	312
309	313
309	420
309	421
310	311
310	312
310	313
310	314
311	312
311	313
311	314
311	315
311	328
312	313
312	314
312	315
312	316
312	328
312	329
312	411
312	413
312	421
313	314
313	315
313	316
313	317
313	413
313	421
314	315
314	316
314	317
314	318
314	319
314	320
315	316
315	317
315	318
315	319
315	320
315	321
315	324
316	317
316	318
316	413
317	318
317	319
318	319
318	320
318	321
319	320
319	321
320	321
320	322
320	323
320	324
321	322
321	323
321	324
322	323
322	324
322	325
322	494
323	324
323	325
323	494
324	325
324	326
324	328
324	493
324	494
325	326
325	327
325	328
325	485
325	493
326	327
326	328
327	328
327	329
327	330
327	479
327	483
327	484
327	485
328	329
328	330
328	478
328	479
328	485
329	330
329	409
329	410
329	411
329	412
329	478
329	479
330	331
330	332
330	408
330	409
330	410
330	478
330	479
331	332
331	333
331	407
331	408
331	409
331	477
331	478
331	480
331	507
331	508
331	509
332	333
332	407
332	408
332	409
332	476
332	477
332	478
332	507
332	508
332	509
333	334
333	335
333	407
333	408
333	475
333	476
333	477
333	509
333	510
334	335
334	336
334	337
334	471
334	472
334	474
334	475
334	476
334	509
335	336
335	337
335	401
335	402
335	474
335	475
335	476
335	509
335	510
335	511
335	512
336	337
336	338
336	401
336	402
336	403
336	404
336	435
336	510
337	338
337	339
337	398
337	399
337	400
337	401
337	402
337	471
337	472
338	339
338	340
338	398
338	399
338	400
338	401
338	435
338	436
338	466
338	467
338	468
339	340
339	397
339	398
339	399
339	400
339	466
339	467
340	341
340	396
340	397
340	398
340	399
340	465
340	466
340	467
341	342
341	343
341	394
341	395
341	396
341	397
341	454
341	455
341	465
342	343
342	344
342	394
342	395
342	396
342	453
342	454
342	455
343	344
343	345
343	393
343	394
343	395
343	452
343	453
343	454
343	455
344	345
344	346
344	348
344	349
344	393
344	394
344	395
344	452
345	346
345	347
345	348
346	347
346	348
346	349
346	393
347	348
347	349
348	349
348	350
348	393
349	350
349	351
349	391
349	393
350	351
350	391
350	393
350	394
351	352
351	353
351	354
351	355
351	391
352	353
352	354
352	355
352	389
352	390
352	391
353	354
353	355
353	356
353	389
354	355
354	356
354	389
355	356
355	357
355	384
355	385
355	386
355	387
356	357
356	358
356	384
357	358
357	359
357	384
358	359
358	360
359	360
359	361
359	380
359	382
359	383
359	384
360	361
361	362
361	380
361	381
361	382
362	363
362	364
362	365
362	376
362	377
362	378
362	379
362	380
362	381
362	382
363	364
363	365
363	366
363	376
363	377
363	378
363	379
363	380
363	381
364	365
364	366
364	367
364	375
364	376
364	377
364	378
364	379
365	366
365	367
365	375
365	376
365	377
365	378
365	379
366	367
366	368
366	374
366	375
366	376
366	377
367	368
367	369
367	374
367	375
367	376
367	377
368	369
368	370
368	374
369	370
369	371
369	374
370	371
370	372
370	373
370	374
371	372
371	373
371	374
371	403
372	373
372	374
372	375
372	438
373	374
373	375
373	438
374	375
374	376
374	377
374	402
374	403
374	438
375	376
375	377
375	378
375	379
375	400
375	401
375	402
375	438
375	439
376	377
376	378
376	379
376	380
376	381
376	400
376	401
376	402
376	512
376	513
377	378
377	379
377	380
377	381
377	400
377	401
377	402
377	512
377	513
378	379
378	380
378	381
378	382
378	397
378	398
378	399
378	400
378	401
379	380
379	381
379	382
379	397
379	398
379	399
379	400
379	401
380	381
380	382
380	383
380	397
380	398
380	399
380	400
381	382
381	383
381	397
381	398
381	399
381	400
382	383
382	384
382	396
382	397
382	398
382	399
383	384
383	385
383	386
383	396
383	397
383	398
383	399
384	385
384	386
384	387
384	396
385	386
385	387
385	388
386	387
386	388
387	388
387	389
388	389
388	390
389	390
389	391
390	391
390	392
391	392
391	393
392	393
392	394
393	394
393	395
394	395
394	396
395	396
395	397
396	397
397	398
397	399
397	400
398	399
398	400
398	401
399	400
399	401
400	401
400	402
400	439
401	402
401	512
401	513
402	403
402	404
402	435
402	438
402	512
403	404
403	405
403	435
404	405
404	406
404	434
404	435
405	406
405	407
406	407
406	408
406	431
407	408
407	409
408	409
408	410
408	423
408	424
408	425
408	426
409	410
409	411
409	412
409	423
409	424
409	425
409	478
410	411
410	412
410	413
410	420
410	421
410	422
410	423
410	424
410	425
410	478
411	412
411	413
411	414
411	420
411	421
411	422
411	423
412	413
412	414
412	420
412	421
412	422
412	423
412	424
412	425
413	414
413	415
413	419
413	420
413	421
413	422
414	415
414	416
414	417
414	418
414	419
414	420
414	421
414	422
415	416
415	417
415	418
415	419
416	417
416	418
417	418
417	419
418	419
418	420
419	420
419	421
419	422
420	421
420	422
420	423
421	422
421	423
422	423
422	424
422	425
423	424
423	425
423	426
424	425
424	426
424	427
424	428
425	426
425	427
425	428
426	427
426	428
426	429
426	431
427	428
427	429
427	430
427	431
428	429
428	430
428	431
429	430
429	431
429	432
429	468
429	469
430	431
430	432
430	433
431	432
431	433
432	433
432	434
432	435
432	436
432	468
433	434
433	435
433	436
433	437
434	435
434	436
434	437
434	438
435	436
435	437
435	438
435	439
436	437
436	438
436	439
436	440
436	466
436	468
437	438
437	439
437	440
437	441
438	439
438	440
438	441
438	442
439	440
439	441
439	442
439	443
440	441
440	442
440	443
440	444
441	442
441	443
441	444
441	445
442	443
442	444
442	445
442	446
443	444
443	445
443	446
443	447
444	445
444	446
444	447
444	448
445	446
445	447
445	448
445	449
446	447
446	448
446	449
446	450
447	448
447	449
447	450
447	451
447	452
447	453
448	449
448	450
448	451
448	452
449	450
449	451
450	451
450	452
451	452
451	453
452	453
452	454
453	454
453	455
454	455
454	456
454	465
455	456
455	457
455	458
455	465
456	457
456	458
456	463
456	464
456	465
457	458
457	459
457	460
457	461
457	463
457	464
458	459
458	460
459	460
459	464
459	467
460	461
460	462
461	462
461	463
462	463
462	464
463	464
463	465
464	465
464	466
465	466
465	467
466	467
466	468
467	468
467	469
467	470
468	469
468	470
469	470
469	471
469	472
470	471
470	472
470	473
471	472
471	473
471	474
471	475
472	473
472	474
472	475
473	474
473	475
474	475
474	476
474	516
475	476
475	477
475	503
476	477
476	503
476	504
476	506
476	507
476	508
476	509
476	510
477	478
477	479
477	480
477	503
477	504
477	505
477	506
477	507
477	508
477	509
478	479
478	480
478	504
479	480
479	481
479	485
479	486
479	504
479	505
480	481
480	482
480	483
480	484
480	485
480	486
480	504
480	505
480	506
480	507
480	508
481	482
481	483
481	484
481	485
481	486
481	487
481	488
481	489
481	490
481	505
481	506
482	483
482	484
482	485
482	486
482	487
482	488
483	484
483	485
483	486
483	487
484	485
484	486
484	487
485	486
485	492
485	493
486	487
486	488
486	490
486	491
486	492
486	493
487	488
487	489
487	490
487	491
487	492
487	493
488	489
488	490
489	490
489	491
489	527
490	491
490	492
490	499
490	500
490	501
490	527
491	492
491	493
491	498
491	499
491	500
492	493
492	494
492	495
492	498
492	499
492	500
493	494
493	495
494	495
495	496
495	497
495	498
496	497
496	498
497	498
497	499
498	499
499	500
499	501
500	501
500	502
501	502
501	505
501	524
502	503
502	504
502	505
502	520
503	504
503	505
503	506
503	520
504	505
504	506
505	506
505	507
505	508
506	507
506	508
506	509
506	510
507	508
507	509
507	510
508	509
508	510
509	510
510	511
510	512
511	512
511	513
511	516
512	513
513	514
513	515
513	516
514	515
514	516
514	517
515	516
515	517
516	517
516	518
516	519
516	520
517	518
517	519
517	520
517	521
518	519
518	520
518	521
518	522
519	520
519	521
519	522
519	523
520	521
520	522
520	523
520	524
521	522
521	523
521	524
521	525
522	523
522	524
522	525
522	526
523	524
523	525
523	526
523	527
524	525
524	526
524	527
524	528
525	526
525	527
525	528
525	529
526	527
526	528
526	529
526	530
526	531
527	528
527	529
527	530
527	531
527	532
527	533
528	529
528	530
528	531
528	532
528	533
528	534
528	535
529	530
529	531
529	532
529	533
529	534
529	535
529	536
529	537
530	531
530	532
530	533
530	534
530	535
530	536
530	537
530	538
530	539
531	532
531	533
531	534
531	535
531	536
531	537
531	538
531	539
532	533
532	534
532	535
532	536
532	537
532	538
532	539
532	540
532	541
532	542
533	534
533	535
533	536
533	537
533	538
533	539
533	540
533	541
533	542
533	543
534	535
534	536
534	537
534	538
534	539
534	540
534	541
534	542
534	543
535	536
535	537
535	538
535	539
535	540
535	541
535	542
535	543
536	537
536	538
536	539
536	540
536	541
536	542
536	543
537	538
537	539
537	540
537	541
537	542
537	543
538	539
538	540
538	541
538	542
538	543
539	540
539	541
539	542
539	543
540	541
540	542
540	543
541	542
541	543
542	543
