0	1
0	2
0	21
1	2
1	3
1	19
1	20
1	21
1	23
2	3
2	4
2	18
2	19
2	20
3	4
3	5
3	17
3	18
3	19
4	5
4	16
4	17
4	18
5	6
5	7
5	12
5	15
5	16
5	17
6	7
6	8
6	12
6	13
6	14
6	15
6	16
7	8
7	9
7	10
7	11
7	12
7	13
7	14
8	9
8	10
8	11
8	12
8	13
9	10
9	11
10	11
11	12
11	13
11	33
11	34
12	13
12	14
12	31
12	32
12	33
12	34
13	14
13	30
13	31
13	32
13	33
13	34
14	15
14	16
14	30
14	31
14	32
15	16
15	29
15	30
15	31
16	17
16	18
16	28
16	29
16	30
17	18
17	19
17	27
17	28
17	29
18	19
18	20
18	25
18	26
18	27
18	28
19	20
19	21
19	23
19	24
19	25
19	26
19	27
20	21
20	22
20	23
20	24
20	25
20	26
21	22
21	23
22	23
22	24
23	24
23	25
24	25
24	26
25	26
25	27
25	43
26	27
26	42
26	43
26	44
27	28
27	29
27	41
27	42
27	43
28	29
28	40
28	41
28	42
29	30
29	39
29	40
29	41
30	31
30	32
30	36
30	37
30	38
30	40
31	32
31	33
31	34
31	35
31	36
31	37
32	33
32	34
32	35
32	36
32	37
33	34
33	35
34	35
34	36
35	36
35	37
35	57
35	58
36	37
36	54
36	58
37	38
37	39
37	54
37	58
38	39
38	40
38	53
38	54
39	40
39	51
39	52
39	53
39	54
39	100
40	41
40	42
40	51
40	52
40	53
40	54
41	42
41	43
41	50
41	51
41	52
42	43
42	44
42	49
42	50
42	51
43	44
43	45
43	47
43	48
43	49
43	50
44	45
44	46
44	47
44	48
44	49
45	46
45	47
46	47
46	48
46	229
47	48
47	49
47	70
48	49
48	68
48	69
48	70
49	50
49	51
49	67
49	68
49	69
50	51
50	52
50	66
50	67
50	68
51	52
51	65
51	66
51	67
52	53
52	54
52	60
52	64
52	65
52	66
53	54
53	55
53	65
54	55
54	58
54	59
54	60
54	61
55	56
55	57
55	58
55	59
55	60
55	61
56	57
56	58
57	58
57	59
58	59
59	60
59	61
59	82
60	61
60	62
60	65
60	80
60	81
60	82
60	83
61	62
61	80
61	81
61	82
61	83
62	63
62	64
62	65
62	79
62	80
62	81
63	64
63	65
63	78
63	79
63	80
64	65
64	66
64	77
64	78
64	79
65	66
65	77
65	78
65	79
65	80
66	67
66	68
66	75
66	76
66	77
66	78
67	68
67	69
67	75
67	76
67	77
67	232
68	69
68	70
68	72
68	73
68	74
68	75
68	76
69	70
69	71
69	72
69	73
69	74
69	75
70	71
70	72
70	162
71	72
71	73
71	74
72	73
72	74
73	74
73	75
73	92
73	93
74	75
74	91
74	92
74	93
74	132
75	76
75	77
75	90
75	91
75	92
75	93
76	77
76	78
76	88
76	89
76	90
76	91
77	78
77	88
77	89
77	90
77	91
78	79
78	80
78	87
78	88
78	89
79	80
79	81
79	85
79	86
79	87
79	88
80	81
80	82
80	83
80	84
80	85
80	86
80	87
81	82
81	83
81	84
81	85
81	86
82	83
82	84
83	84
83	85
84	85
84	86
84	114
85	86
85	87
85	88
85	113
85	114
85	232
86	87
86	88
86	113
86	114
87	88
87	89
87	111
87	112
87	113
88	89
88	90
88	111
88	112
88	113
89	90
89	91
89	109
89	110
89	111
89	112
90	91
90	105
90	106
91	92
91	93
91	103
91	104
91	105
91	106
92	93
92	94
92	103
92	104
92	105
92	106
93	94
93	95
93	101
93	102
93	103
93	104
94	95
94	102
94	103
94	104
95	96
95	97
95	101
95	102
96	97
96	98
96	99
96	100
96	101
96	102
97	98
97	99
97	100
97	101
98	99
98	100
99	100
99	101
100	101
100	102
101	102
101	103
102	103
102	104
103	104
103	105
104	105
104	106
105	106
105	107
106	107
106	108
107	108
107	109
108	109
108	110
109	110
109	111
110	111
110	112
111	112
111	113
112	113
112	233
113	114
113	115
113	233
114	115
114	116
114	232
114	233
114	234
115	116
115	117
115	123
115	124
115	233
115	234
116	117
116	118
116	233
116	234
116	235
117	118
117	119
117	121
117	122
117	123
117	168
117	169
117	170
117	234
118	119
118	120
118	121
118	122
118	169
118	170
119	120
119	121
119	169
119	170
119	171
120	121
120	122
120	169
121	122
121	123
121	169
122	123
122	168
122	169
123	124
123	125
123	126
124	125
124	126
125	126
125	127
125	128
126	127
126	128
126	207
126	208
126	209
126	210
127	128
127	129
127	207
127	208
127	209
127	210
128	129
128	130
128	209
128	210
129	130
129	131
129	134
129	209
129	210
129	211
130	131
130	132
130	133
130	134
130	210
130	211
131	132
131	133
131	134
131	135
132	133
132	134
132	135
132	136
133	134
133	135
133	136
133	137
133	163
133	164
134	135
134	136
134	137
135	136
135	137
135	154
136	137
136	153
136	154
136	155
136	163
137	138
137	151
137	152
137	153
137	154
137	163
137	164
138	139
138	140
138	151
138	152
138	153
138	154
139	140
139	149
139	150
139	151
139	152
140	141
140	142
140	149
140	150
140	151
141	142
141	143
141	148
141	149
141	150
142	143
142	144
142	147
142	148
142	149
142	150
143	144
143	145
144	145
144	146
144	147
145	146
145	147
146	147
146	148
147	148
147	149
148	149
148	150
149	150
149	215
150	151
150	152
150	215
150	216
150	217
150	251
151	152
151	215
151	216
151	251
151	252
152	153
152	154
152	249
152	250
152	251
152	252
153	154
153	155
153	248
153	249
153	250
153	251
153	252
154	155
154	248
154	249
155	156
155	157
155	247
155	248
155	249
156	157
156	246
156	247
156	248
157	158
157	159
157	161
157	245
157	246
157	247
158	159
158	160
158	161
158	244
158	245
158	246
159	160
159	161
159	242
159	243
159	244
159	245
160	161
160	162
160	241
160	242
160	243
160	244
161	162
161	163
161	241
161	242
162	163
162	164
162	239
162	240
162	241
162	242
163	164
163	240
163	241
164	165
164	166
164	211
164	212
164	213
164	239
164	240
165	166
165	167
165	211
165	212
165	213
165	238
165	239
165	240
166	167
166	168
166	211
166	212
166	213
166	214
166	237
166	238
166	239
167	168
167	196
167	211
167	234
167	237
168	169
168	170
168	196
168	197
168	198
169	170
169	171
169	196
169	197
169	198
170	171
170	194
170	195
170	196
170	197
171	172
171	173
171	175
171	194
171	195
171	196
172	173
172	174
172	175
172	176
172	193
172	194
172	195
173	174
173	175
173	176
173	177
173	193
173	194
173	195
174	175
174	176
174	177
174	178
175	176
175	177
175	178
175	179
176	177
176	178
176	179
177	178
177	179
177	265
177	266
178	179
178	180
179	180
179	181
180	181
180	182
180	183
181	182
181	183
181	184
182	183
182	184
182	185
183	184
183	185
184	185
184	186
184	187
185	186
185	187
186	187
186	188
186	197
186	198
186	199
186	214
187	188
187	189
187	195
187	196
187	197
187	198
188	189
188	190
188	195
188	196
188	197
189	190
189	191
189	194
189	195
189	196
190	191
190	194
190	195
190	196
190	237
190	238
191	192
191	193
191	194
192	193
192	194
193	194
194	195
194	196
195	196
195	197
196	197
197	198
197	199
198	199
198	200
198	202
198	203
199	200
199	201
199	202
199	203
200	201
200	202
200	203
201	202
201	203
201	204
201	207
202	203
202	204
202	207
202	208
203	204
203	205
204	205
204	206
204	207
204	208
205	206
205	207
205	208
205	209
206	207
206	208
207	208
207	209
208	209
208	210
209	210
209	211
209	212
210	211
210	212
211	212
211	213
212	213
212	214
212	215
213	214
213	215
213	216
213	239
213	240
214	215
214	216
215	216
215	217
216	217
216	218
216	252
216	253
216	254
217	218
217	219
217	253
217	254
218	219
218	220
218	253
218	254
218	255
218	256
219	220
219	221
219	222
219	253
219	254
219	255
220	221
220	222
220	255
221	222
221	223
222	223
222	224
222	253
222	254
222	255
223	224
223	242
223	243
223	244
223	252
223	253
223	254
224	225
224	240
224	241
224	242
224	243
224	252
224	253
224	254
225	226
225	227
225	240
225	241
225	242
225	243
225	254
225	255
226	227
226	238
226	239
226	240
226	241
227	228
227	229
227	238
227	239
227	240
227	241
228	229
228	237
228	238
228	239
229	230
229	231
229	236
229	237
229	238
229	239
230	231
230	232
230	235
230	236
230	237
231	232
231	233
231	234
231	235
231	236
232	233
232	234
232	235
233	234
233	235
234	235
234	236
234	237
235	236
235	237
236	237
237	238
237	239
238	239
239	240
239	241
240	241
240	242
241	242
241	243
242	243
242	244
242	245
243	244
244	245
244	246
245	246
245	247
246	247
246	248
246	250
247	248
247	249
247	250
248	249
248	250
249	250
249	251
250	251
250	252
251	252
251	253
252	253
253	254
253	255
254	255
254	256
255	256
255	257
256	257
256	258
257	258
258	268
259	260
259	261
259	263
259	264
260	261
260	262
260	263
260	264
261	262
261	263
261	264
262	263
262	264
262	265
263	264
263	265
264	265
264	266
265	266
265	267
266	267
266	268
267	268
267	269
268	269
268	270
268	272
268	273
269	270
269	271
269	272
269	273
270	271
270	272
270	273
270	274
271	272
271	273
271	274
271	275
272	273
272	274
272	275
272	276
273	274
273	275
273	276
273	277
274	275
274	276
274	277
274	278
275	276
275	277
275	278
275	279
276	277
276	278
276	279
276	280
277	278
277	279
277	280
278	279
278	280
278	282
279	280
279	281
279	282
280	281
280	282
281	282
