0	1
0	2
1	2
2	3
2	4
2	5
3	4
3	5
4	5
4	6
4	8
4	9
4	10
4	18
5	6
5	7
5	8
6	7
6	8
7	8
7	20
7	21
8	9
8	10
8	18
8	19
8	20
8	21
9	10
9	11
9	18
9	19
9	20
9	21
10	11
10	12
10	15
10	17
10	18
10	19
11	12
11	13
11	14
11	15
11	17
11	18
11	19
11	31
12	13
12	14
12	15
13	14
13	15
14	15
14	16
14	17
15	16
15	17
16	17
16	18
17	18
17	19
17	34
17	35
18	19
18	20
18	35
19	20
19	21
19	31
19	32
19	35
19	39
20	21
20	22
20	38
20	39
21	22
21	23
21	53
21	54
21	55
22	23
22	24
22	26
22	27
22	28
22	41
22	53
22	54
22	55
23	24
23	25
23	26
23	52
23	53
23	54
24	25
24	26
24	50
24	51
24	52
24	53
24	80
25	26
25	43
25	44
25	49
25	50
25	51
25	79
25	80
26	27
26	41
26	42
26	43
26	44
26	50
27	28
27	29
27	41
27	42
27	43
27	44
27	55
27	56
27	57
27	58
27	59
28	29
28	30
28	31
28	40
28	41
28	42
28	55
28	56
28	57
29	30
29	40
29	41
29	42
29	57
30	31
30	32
30	39
30	40
30	41
31	32
31	33
31	39
31	40
32	33
32	34
32	37
32	38
32	39
32	40
33	34
33	37
34	35
34	36
34	37
35	36
35	37
36	37
36	38
37	38
37	39
38	39
38	40
39	40
39	41
40	41
40	42
41	42
41	43
42	43
42	44
43	44
43	45
44	45
44	46
44	48
44	49
44	59
44	79
45	46
45	47
45	48
46	47
46	48
46	79
47	48
47	61
47	62
48	49
48	59
48	60
48	61
48	62
48	79
49	50
49	51
49	59
49	60
49	61
49	62
49	78
49	79
49	80
49	81
49	82
50	51
50	52
50	59
50	60
50	79
50	80
50	81
51	52
51	80
51	81
51	82
52	53
52	54
53	54
54	55
54	56
55	56
55	57
56	57
56	58
56	59
57	58
58	59
58	60
59	60
59	61
60	61
60	62
61	62
61	63
62	63
62	64
62	77
62	82
62	83
63	64
63	65
63	82
63	83
64	65
64	66
65	66
65	67
65	71
65	72
65	73
65	85
66	67
66	68
66	69
66	70
66	71
67	68
67	69
67	70
67	71
68	69
68	70
69	70
69	71
69	101
69	102
69	103
70	71
70	72
70	87
70	102
70	103
71	72
71	73
71	85
71	86
71	87
71	103
72	73
72	74
72	85
72	86
72	87
72	88
73	74
73	75
73	76
73	83
73	84
73	85
73	86
74	75
74	76
74	84
74	85
74	86
75	76
75	77
75	83
75	84
75	85
76	77
76	78
76	83
76	84
77	78
77	79
77	81
77	82
77	83
78	79
78	80
78	81
78	82
79	80
79	81
80	81
81	82
81	83
82	83
82	84
83	84
83	85
84	85
84	86
85	86
86	87
87	88
87	89
87	91
87	92
87	93
87	103
88	89
88	90
88	91
89	90
89	91
90	91
90	92
90	105
90	106
91	92
91	93
91	103
91	104
91	105
91	106
92	93
92	94
92	103
92	104
92	105
92	106
92	118
92	119
92	120
92	121
92	122
92	123
93	94
93	95
93	101
93	102
93	103
93	104
93	120
93	121
93	122
94	95
94	96
94	101
94	102
94	103
94	104
94	121
95	96
95	97
95	98
95	100
95	101
95	102
96	97
96	100
96	101
97	98
97	99
97	100
97	101
98	99
98	100
99	100
99	101
100	101
100	102
101	102
101	103
102	103
102	104
103	104
103	105
104	105
104	106
105	106
105	107
106	107
106	108
106	118
106	123
106	124
107	108
107	109
107	123
107	124
107	137
108	109
108	110
108	124
109	110
109	111
109	112
109	113
109	114
109	126
110	111
110	112
110	138
110	139
111	112
111	128
111	129
111	132
111	139
112	113
112	114
112	126
112	127
112	128
112	129
112	139
113	114
113	115
113	126
113	127
113	128
113	129
114	115
114	116
114	117
114	124
114	125
114	126
114	127
115	116
115	117
115	125
115	126
115	127
116	117
116	118
116	124
116	125
116	126
117	118
117	119
117	124
117	125
118	119
118	120
118	122
118	123
118	124
119	120
119	121
119	122
119	123
120	121
120	122
121	122
121	123
122	123
122	124
123	124
123	125
124	125
124	126
125	126
125	127
126	127
126	128
127	128
127	129
128	129
128	130
128	132
128	133
128	134
128	139
129	130
129	131
129	132
130	131
130	132
131	132
131	133
132	133
132	134
132	139
133	134
133	135
133	139
134	135
134	136
134	138
134	139
135	136
135	137
135	138
135	139
136	137
136	138
137	138
138	139
