0	1
0	2
0	108
0	455
0	458
0	459
1	2
1	3
1	4
1	105
1	108
1	455
2	3
2	4
2	160
2	438
2	455
2	456
2	459
3	4
3	5
3	160
3	437
3	438
3	441
3	442
4	5
4	6
4	438
4	442
5	6
5	7
5	8
5	127
5	442
6	7
6	8
6	126
6	127
6	128
6	442
6	443
7	8
7	9
7	125
7	126
7	127
8	9
8	10
8	124
8	125
8	126
9	10
9	123
9	124
9	125
10	11
10	12
10	121
10	122
10	123
10	124
11	12
11	13
11	121
11	122
11	123
12	13
12	14
12	121
13	14
13	15
13	121
13	122
14	15
14	16
14	119
14	120
14	121
14	122
15	16
15	17
15	53
15	54
15	55
15	119
15	120
15	121
15	122
16	17
16	18
16	53
16	54
16	55
16	118
16	119
16	120
17	18
17	19
17	22
17	54
17	55
17	56
17	118
17	119
18	19
18	20
18	21
18	22
19	20
19	21
19	22
19	51
20	21
20	22
21	22
21	23
21	56
22	23
22	24
22	56
22	57
23	24
23	25
23	57
23	58
24	25
24	43
24	57
24	58
24	59
25	26
25	27
25	58
25	59
25	60
26	27
26	28
26	30
26	32
26	33
26	59
26	60
26	61
27	28
27	29
27	30
27	59
27	60
27	61
28	29
28	30
29	30
29	31
29	61
30	31
30	32
30	61
30	62
30	63
31	32
31	33
31	62
31	63
31	64
31	65
31	66
32	33
32	36
32	62
32	66
33	34
33	35
33	36
34	35
34	36
34	40
35	36
35	37
36	37
36	38
36	39
36	40
36	68
37	38
37	39
37	40
37	41
38	39
38	40
38	41
38	42
38	68
38	211
39	40
39	41
39	42
39	43
40	41
40	42
40	43
40	44
41	42
41	43
41	44
41	45
42	43
42	44
42	45
42	46
43	44
43	45
43	46
43	47
44	45
44	46
44	47
44	48
45	46
45	47
45	48
45	49
46	47
46	48
46	49
46	50
46	103
46	107
47	48
47	49
47	50
47	51
48	49
48	50
48	51
48	52
49	50
49	51
49	52
49	107
50	51
50	52
50	107
50	110
51	52
53	54
53	55
53	86
54	55
54	56
54	86
54	87
55	56
55	57
55	85
55	86
55	87
55	88
55	89
56	57
56	87
56	88
57	58
57	59
57	87
57	88
57	89
58	59
58	60
58	88
58	89
58	90
59	60
59	61
59	88
59	89
59	90
59	91
60	61
60	62
60	90
60	91
60	92
61	62
61	63
61	91
61	92
61	93
62	63
62	64
62	66
62	92
62	93
62	94
62	95
62	96
63	64
63	65
63	93
63	94
63	95
64	65
64	66
64	94
64	95
65	66
65	67
65	95
66	67
66	68
66	95
66	96
67	68
67	69
67	70
67	95
67	96
68	69
68	70
68	96
69	70
70	71
70	72
71	72
71	73
71	210
72	73
72	76
72	213
72	214
72	215
73	74
73	75
73	76
73	215
73	273
74	75
74	76
74	132
74	133
75	76
75	77
76	77
76	78
77	78
77	79
77	94
77	95
77	97
77	98
78	79
78	80
78	97
78	98
78	101
78	128
79	80
79	93
79	94
79	98
79	127
79	128
80	81
80	82
80	92
80	93
80	98
80	99
80	102
80	126
80	127
80	128
81	82
81	83
81	91
81	92
81	93
81	125
81	126
81	127
82	83
82	84
82	90
82	91
82	92
82	102
82	124
82	125
82	126
83	84
83	85
83	89
83	90
83	91
83	123
83	124
83	125
84	85
84	89
84	90
84	122
84	123
84	124
85	86
85	87
85	88
85	89
85	122
86	87
86	88
86	89
87	88
87	89
88	89
88	90
89	90
89	91
90	91
90	92
91	92
91	93
91	99
91	102
92	93
92	99
93	94
93	95
93	96
93	98
93	99
94	95
94	98
95	96
95	97
95	98
95	99
96	97
96	98
96	99
96	100
97	98
97	99
97	100
97	101
97	213
98	99
98	100
98	101
98	102
99	100
99	101
99	102
99	103
100	101
100	102
100	103
100	104
100	212
101	102
101	103
101	104
101	105
101	161
102	103
102	104
102	105
102	106
103	104
103	105
103	106
103	107
104	105
104	106
104	107
104	108
104	159
105	106
105	107
105	108
105	109
106	107
106	108
106	109
106	110
107	108
107	109
107	110
108	109
108	110
109	110
109	111
109	120
110	111
110	118
110	119
110	120
111	112
111	113
111	118
111	119
111	120
112	113
112	114
112	116
112	117
112	118
112	119
113	114
113	115
113	116
113	117
113	118
113	119
114	115
114	116
115	116
115	117
116	117
116	118
117	118
117	119
118	119
119	120
119	121
120	121
120	122
121	122
121	123
122	123
123	124
123	125
124	125
124	126
125	126
125	127
126	127
127	128
127	129
128	129
128	130
129	130
129	131
129	132
129	441
129	442
130	131
130	132
130	440
130	441
130	442
130	443
131	132
131	133
131	134
131	409
131	410
131	440
131	441
132	133
132	134
132	409
132	410
133	134
133	135
133	163
133	164
133	409
133	410
133	411
134	135
134	162
134	163
134	164
134	410
134	411
134	412
134	440
135	136
135	137
135	162
135	163
135	164
135	165
135	166
135	411
135	412
135	413
136	137
136	138
136	164
136	165
136	166
136	412
136	413
136	414
137	138
137	139
137	165
137	166
137	167
137	168
137	412
137	413
137	414
137	415
138	139
138	140
138	166
138	167
138	168
138	414
138	415
138	416
139	140
139	141
139	142
139	167
139	168
139	169
139	415
139	416
139	417
140	141
140	142
140	143
140	144
140	145
140	168
140	169
140	170
140	417
141	142
141	143
141	144
141	169
141	170
141	171
141	173
141	174
141	175
141	176
142	143
142	144
142	173
142	174
142	417
142	418
143	144
143	145
143	417
143	420
143	421
144	145
144	146
144	195
145	146
145	147
145	149
145	150
145	421
145	422
146	147
146	148
146	149
146	150
147	148
147	149
147	150
147	151
147	201
148	149
148	150
148	151
148	152
149	150
149	151
149	152
149	153
149	422
150	151
150	152
150	153
150	154
151	152
151	153
151	154
151	155
151	205
152	153
152	154
152	155
152	156
153	154
153	155
153	156
153	157
154	155
154	156
154	157
154	158
154	209
155	156
155	157
155	158
155	159
156	157
156	158
156	159
156	160
156	468
157	158
157	159
157	160
157	161
157	162
158	159
158	160
158	161
158	162
158	212
159	160
159	161
160	161
160	162
160	434
160	437
161	162
161	163
161	437
162	163
162	164
162	437
163	164
163	165
163	213
163	214
163	215
164	165
164	166
164	214
164	215
164	216
164	217
165	166
165	167
165	214
165	215
165	216
165	217
166	167
166	168
166	216
166	217
166	218
166	219
167	168
167	169
167	216
167	217
167	218
167	219
168	169
168	170
168	218
168	219
168	220
169	170
169	177
169	218
169	219
169	220
170	171
170	174
170	175
170	176
170	177
170	220
171	172
171	173
171	174
171	175
171	221
171	225
171	226
171	228
172	173
172	174
172	225
172	226
172	227
172	228
173	174
173	227
173	228
174	175
174	176
174	189
174	190
174	191
174	228
175	176
175	177
175	185
175	186
175	189
175	190
175	228
175	229
176	177
176	178
176	186
176	190
176	195
176	196
176	197
177	178
177	179
177	186
177	196
177	197
178	179
178	180
178	183
178	186
178	196
178	197
178	198
178	199
179	180
179	181
179	182
179	183
179	185
179	186
180	181
180	182
180	183
181	182
181	183
182	183
182	184
182	185
183	184
183	185
183	186
183	187
184	185
184	186
184	187
184	188
184	232
185	186
185	187
185	188
185	189
185	229
185	231
185	232
185	233
186	187
186	188
186	189
186	190
186	196
187	188
187	189
187	190
187	193
188	189
188	190
188	231
188	232
189	190
189	191
189	228
189	229
189	231
189	232
190	191
190	192
190	193
190	195
190	196
191	192
191	195
192	193
192	194
192	195
193	194
193	195
193	196
194	195
194	196
195	196
196	197
196	198
197	198
197	199
197	201
197	202
198	199
198	200
198	201
198	202
199	200
199	201
199	202
199	203
200	201
200	202
200	203
200	204
201	202
201	203
201	204
201	205
202	203
202	204
202	205
202	206
203	204
203	205
203	206
203	207
204	205
204	206
204	207
204	208
205	206
205	207
205	208
205	209
206	207
206	208
206	209
206	210
206	216
207	208
207	209
207	210
207	211
208	209
208	210
208	211
208	212
209	210
209	211
209	212
209	213
209	214
209	215
209	216
210	211
210	212
210	213
210	214
210	215
211	212
211	213
212	213
212	214
213	214
213	215
214	215
214	216
215	216
215	217
215	273
216	217
216	218
216	273
217	218
217	219
217	273
217	275
217	276
217	277
218	219
218	220
218	276
218	277
219	220
219	221
219	276
219	277
219	278
219	279
220	221
220	222
220	277
220	278
220	279
221	222
221	223
221	224
221	225
221	278
221	279
221	280
222	223
222	224
222	225
222	226
222	278
222	279
222	280
223	224
223	225
223	226
223	248
223	249
223	280
223	283
224	225
224	226
224	248
224	249
224	280
224	281
224	282
224	283
224	284
225	226
225	227
226	227
226	228
226	229
226	248
226	249
227	228
227	229
227	230
228	229
228	230
228	231
229	230
229	231
229	232
229	233
230	231
230	232
230	233
230	234
230	236
230	237
231	232
231	233
231	234
232	233
232	234
233	234
233	235
233	236
234	235
234	236
235	236
235	237
236	237
236	238
236	249
236	250
236	256
237	238
237	239
237	246
237	247
237	248
237	249
237	250
238	239
238	240
238	246
238	247
238	248
238	249
238	250
239	240
239	241
239	245
239	246
239	247
240	241
240	242
240	243
240	244
240	245
240	246
240	247
240	287
240	290
240	291
241	242
241	290
241	291
242	243
242	244
243	244
243	245
244	245
244	246
245	246
245	247
246	247
247	248
247	249
247	287
248	249
248	250
248	283
248	284
249	250
249	251
250	251
250	252
250	253
250	256
251	252
251	253
251	256
251	314
252	253
252	254
252	294
252	297
253	254
253	255
253	256
254	255
254	256
254	257
254	258
255	256
255	257
255	258
255	259
256	257
256	258
256	259
256	260
257	258
257	259
257	260
257	261
258	259
258	260
258	261
258	262
259	260
259	261
259	262
259	263
260	261
260	262
260	263
260	264
261	262
261	263
261	264
261	265
261	321
262	263
262	264
262	265
262	266
263	264
263	265
263	266
263	267
264	265
264	266
264	267
264	268
265	266
265	267
265	268
265	269
265	325
266	267
266	268
266	269
266	270
267	268
267	269
267	270
267	271
268	269
268	270
268	271
268	272
269	270
269	271
269	272
270	271
270	272
271	272
271	273
272	273
272	274
273	274
273	275
274	275
274	327
274	328
275	276
275	277
275	327
275	328
275	329
275	330
276	277
276	278
276	328
276	329
276	330
277	278
277	279
277	329
277	330
277	331
278	279
278	280
278	329
278	330
278	331
279	280
279	281
279	331
279	332
280	281
280	282
280	283
280	331
280	332
280	334
280	335
281	282
281	283
281	332
281	334
282	283
282	284
283	284
283	285
284	285
284	286
285	286
285	287
285	288
285	289
285	307
286	287
286	288
286	289
286	290
287	288
287	289
287	290
287	291
288	289
288	290
288	291
288	294
289	290
289	291
289	295
290	291
290	292
291	292
291	293
291	294
291	295
292	293
292	294
292	295
292	296
293	294
293	295
293	296
293	297
294	295
294	296
294	297
294	298
295	296
295	297
295	298
295	299
296	297
296	298
296	299
296	300
297	298
297	299
297	300
298	299
298	300
298	301
298	302
298	303
298	304
299	300
299	301
299	302
299	303
299	304
300	301
300	302
301	302
301	303
302	303
302	304
303	304
303	305
303	306
303	309
304	305
304	306
305	306
305	307
306	307
306	308
306	309
307	308
307	309
307	310
307	311
308	309
308	310
308	311
308	312
308	338
309	310
309	311
309	312
309	313
310	311
310	312
310	313
310	314
311	312
311	313
311	314
311	315
312	313
312	314
312	315
312	316
312	339
312	340
313	314
313	315
313	316
313	317
314	315
314	316
314	317
314	318
315	316
315	317
315	318
315	319
316	317
316	318
316	319
316	320
316	340
316	341
317	318
317	319
317	320
317	321
318	319
318	320
318	321
318	322
319	320
319	321
319	322
319	323
319	329
320	321
320	322
320	323
320	324
321	322
321	323
321	324
321	325
322	323
322	324
322	325
322	326
322	327
322	328
322	329
323	324
323	325
323	326
323	327
323	328
324	325
324	326
325	326
325	327
326	327
326	328
327	328
327	329
328	329
328	330
328	346
329	330
329	331
329	346
329	347
330	331
330	346
330	347
330	348
330	349
331	332
331	333
331	335
331	347
331	348
331	349
332	333
332	334
332	335
332	348
332	349
332	350
333	334
333	335
333	336
333	337
333	348
333	349
333	350
333	351
334	335
334	336
334	337
334	338
335	336
335	337
335	338
335	339
335	340
336	337
336	338
336	339
336	340
337	338
337	339
338	339
338	340
339	340
339	341
340	341
340	342
341	342
341	343
342	343
342	344
342	346
343	344
343	345
343	346
344	345
344	346
344	368
345	346
345	347
345	368
345	369
346	347
346	348
346	368
346	369
347	348
347	349
347	368
347	369
347	370
348	349
348	350
348	368
348	369
348	370
348	371
349	350
349	351
349	370
349	371
349	372
349	373
350	351
350	352
350	356
350	371
350	372
350	373
350	374
351	352
351	353
351	372
351	373
351	374
352	353
352	354
352	356
352	374
353	354
353	355
353	356
353	374
353	375
354	355
354	356
355	356
355	357
355	358
355	359
356	357
356	358
356	359
356	360
356	374
357	358
357	359
357	360
357	361
357	398
358	359
358	360
358	361
358	362
358	398
359	360
359	361
359	362
359	363
360	361
360	362
360	363
360	364
360	398
361	362
361	363
361	364
361	365
361	398
361	399
361	400
362	363
362	364
362	365
362	366
363	364
363	365
363	366
363	367
363	368
363	370
364	365
364	366
364	367
364	368
364	369
364	370
364	404
364	407
365	366
365	367
365	404
366	367
366	368
367	368
367	369
368	369
368	370
368	407
369	370
369	407
369	408
369	409
370	371
370	372
370	407
370	408
370	409
371	372
371	373
371	408
371	409
371	410
371	411
372	373
372	374
372	410
372	411
372	412
373	374
373	375
373	376
373	377
373	411
373	412
373	413
373	414
374	375
374	376
374	377
375	376
375	377
375	390
376	377
376	378
376	390
376	413
376	414
377	378
377	379
377	380
377	413
377	414
377	415
378	379
378	380
378	381
378	413
378	414
378	415
378	429
379	380
379	381
379	414
379	415
379	416
380	381
380	382
381	382
382	383
382	384
382	386
383	384
384	385
384	386
385	386
385	387
385	388
385	473
386	387
386	388
386	389
386	390
387	388
387	389
387	390
387	391
387	432
387	435
388	389
388	390
388	391
388	392
389	390
389	391
389	392
389	393
390	391
390	392
390	393
390	435
390	436
391	392
391	393
391	435
391	436
391	439
392	393
392	394
393	394
393	395
394	395
394	396
394	397
395	396
395	397
396	397
396	398
396	405
397	398
397	399
398	399
398	400
399	400
400	401
400	402
400	404
400	405
401	402
401	403
401	404
401	405
402	403
402	404
402	405
402	406
403	404
403	405
403	406
403	407
404	405
404	406
404	407
405	406
405	407
405	408
406	407
406	408
407	408
407	409
408	409
408	410
409	410
410	411
410	440
411	412
412	413
412	414
413	414
413	415
413	433
413	436
414	415
414	416
415	416
415	417
416	417
416	418
417	418
417	419
417	420
417	421
418	419
418	420
419	420
420	421
420	424
420	425
421	422
421	423
421	424
421	425
422	423
422	424
422	425
423	424
423	425
424	425
424	426
424	427
424	428
425	426
425	427
425	428
425	429
426	427
426	428
426	429
426	430
426	469
426	470
427	428
427	429
427	430
427	469
427	470
427	471
428	429
428	430
429	430
429	431
429	432
429	433
430	431
430	432
430	433
430	434
430	470
430	471
431	432
431	433
431	434
431	460
431	470
431	471
432	433
432	434
432	435
433	434
433	435
433	436
433	437
434	435
434	436
434	437
434	438
435	436
435	437
435	438
435	439
436	437
436	438
436	439
436	440
437	438
437	439
437	440
437	441
438	439
438	440
438	441
438	442
439	440
439	441
439	442
440	441
440	442
441	442
441	443
442	443
442	444
442	446
443	444
443	445
443	446
444	445
444	446
445	446
445	447
446	447
446	448
447	448
447	449
448	449
448	450
448	451
448	452
449	450
449	451
449	452
449	453
450	451
450	452
450	453
450	454
451	452
451	453
451	454
451	455
452	453
452	454
452	455
452	456
453	454
453	455
453	456
453	457
454	455
454	456
454	457
454	458
455	456
455	457
455	458
455	459
456	457
456	458
456	459
456	460
457	458
457	459
457	460
457	461
457	473
458	459
458	460
458	461
458	462
459	460
459	461
459	462
459	463
460	461
460	462
460	463
460	464
460	470
461	462
461	463
461	464
461	465
461	478
462	463
462	464
462	465
462	466
463	464
463	465
463	466
463	467
463	468
463	470
464	465
464	466
464	467
464	468
464	469
464	470
465	466
465	467
466	467
466	468
467	468
467	469
468	469
468	470
469	470
469	471
470	471
470	472
471	472
471	473
472	473
472	474
473	474
474	475
474	476
475	476
476	477
477	478
477	479
478	479
