0	1
0	2
0	19
0	20
0	22
0	81
0	82
1	2
1	17
1	18
1	19
1	20
2	3
2	4
2	17
2	18
2	19
2	80
2	82
3	4
3	5
3	15
3	16
3	17
3	18
4	5
4	16
4	17
4	189
5	6
5	7
5	15
5	16
5	17
5	239
5	240
6	7
6	13
6	14
6	15
6	16
6	68
7	8
7	9
7	13
7	14
7	15
7	239
8	9
8	10
8	11
8	12
8	13
8	14
9	10
9	11
9	12
9	13
10	11
10	12
11	12
11	13
11	30
12	13
12	14
12	28
12	29
12	30
12	31
13	14
13	15
13	28
13	29
13	30
13	31
14	15
14	16
14	27
14	28
14	29
15	16
15	17
15	26
15	27
15	28
16	17
16	24
16	25
16	26
16	27
17	18
17	19
17	24
17	25
17	26
18	19
18	20
18	22
18	23
18	24
18	25
19	20
19	21
19	22
19	23
19	24
20	21
20	22
21	22
21	23
22	23
22	24
22	86
23	24
23	25
24	25
25	26
25	27
26	27
26	28
27	28
27	29
28	29
29	30
29	31
30	31
30	32
31	32
31	33
32	33
32	34
33	34
33	35
33	67
33	70
33	71
34	35
34	36
34	49
34	50
34	70
35	36
35	47
35	48
35	49
35	50
35	70
36	37
36	38
36	47
36	48
36	49
37	38
37	39
37	40
37	45
37	46
37	47
37	48
38	39
38	40
38	41
39	40
39	41
39	44
39	45
40	41
40	63
41	62
42	43
42	44
43	44
43	45
44	45
45	46
45	47
46	47
46	48
47	48
47	49
47	342
48	49
48	50
49	50
49	51
50	51
50	52
50	53
50	55
50	56
51	52
52	53
52	54
52	55
52	56
53	54
53	55
53	56
53	57
54	55
54	56
54	57
54	58
55	56
55	57
55	58
55	59
56	57
56	58
56	59
56	60
57	58
57	59
57	60
58	59
58	60
59	60
59	61
59	62
60	61
60	62
61	62
63	64
63	65
63	66
64	65
64	66
64	67
64	68
65	66
65	67
65	68
65	69
66	67
66	68
66	69
66	70
67	68
67	69
67	70
67	71
68	69
68	70
68	71
68	72
69	70
69	71
69	72
69	73
69	325
70	71
70	72
70	73
70	74
71	72
71	73
71	74
71	75
72	73
72	74
72	75
72	76
72	324
73	74
73	75
73	76
73	77
73	324
73	343
74	75
74	76
74	77
75	76
75	77
76	77
76	78
77	78
77	79
78	79
78	80
79	80
79	81
80	81
80	82
80	321
81	82
82	83
82	84
83	84
83	85
83	86
84	85
84	86
84	87
85	86
85	87
85	120
86	87
86	88
87	88
87	89
87	189
88	89
88	90
88	118
88	119
88	120
88	188
88	189
88	190
89	90
89	91
89	118
89	119
89	188
89	189
89	190
89	191
90	91
90	92
90	116
90	117
90	118
90	119
90	188
90	190
90	191
90	192
91	92
91	116
91	117
91	191
91	192
91	193
92	93
92	94
92	114
92	115
92	116
92	117
92	193
92	300
93	94
93	95
93	114
93	115
93	116
93	193
93	200
93	296
93	300
94	95
94	96
94	111
94	113
94	114
94	115
94	200
95	96
95	97
95	111
95	112
95	113
95	114
96	97
96	98
96	109
96	110
96	111
96	112
97	98
97	112
97	282
98	99
98	100
98	102
98	109
99	100
99	101
99	102
100	101
100	102
101	102
101	103
102	103
102	104
102	107
103	104
103	105
103	106
103	107
104	105
104	106
104	107
104	199
104	202
104	203
104	206
105	106
105	107
105	202
105	203
105	206
105	232
105	233
106	107
106	108
107	108
107	109
107	203
107	206
107	207
108	109
108	110
109	110
109	111
110	111
110	112
110	132
110	172
111	112
111	113
111	172
112	113
112	128
112	129
112	132
113	114
113	115
113	127
113	128
113	129
113	293
114	115
114	116
114	126
114	127
114	128
115	116
115	117
115	124
115	125
115	126
115	127
115	296
115	297
115	300
116	117
116	118
116	124
116	125
116	126
117	118
117	119
117	123
117	124
117	125
118	119
118	120
118	121
118	122
118	123
118	124
119	120
119	121
119	122
120	121
120	122
121	122
121	123
122	123
122	124
122	163
123	124
123	125
123	163
123	164
123	165
124	125
124	126
124	163
124	164
124	165
125	126
125	127
125	164
125	165
125	166
126	127
126	128
126	164
126	165
126	166
126	167
127	128
127	129
127	166
127	167
127	168
128	129
128	130
128	167
128	168
128	169
129	130
129	131
129	132
129	168
129	169
129	170
129	171
129	172
130	131
130	132
130	136
130	137
130	138
130	139
130	168
130	169
130	170
131	132
131	133
131	135
131	136
131	137
131	170
131	171
132	133
132	134
132	135
132	136
132	171
133	134
133	135
134	135
135	136
135	137
136	137
137	138
137	139
138	139
138	140
139	140
139	141
140	141
140	142
140	290
141	142
141	143
141	144
141	145
141	290
142	143
142	144
142	145
142	161
143	144
143	145
143	146
144	145
144	146
144	147
144	153
145	146
145	147
145	153
145	154
145	155
145	156
145	294
146	147
146	148
146	153
146	154
146	155
146	156
146	157
146	158
147	148
147	149
147	151
147	153
147	154
147	155
148	149
148	150
148	151
148	153
148	154
148	155
149	150
149	151
149	152
149	153
149	154
149	155
150	151
150	152
151	152
151	153
152	153
153	154
153	155
154	155
154	156
154	275
154	291
155	156
155	157
156	157
156	158
156	294
157	158
157	159
157	160
157	161
158	159
158	160
158	161
158	162
159	160
159	161
159	162
159	163
160	161
160	162
160	163
160	164
161	162
161	163
161	164
162	163
162	164
163	164
163	165
164	165
164	166
165	166
165	167
166	167
166	168
167	168
167	169
168	169
168	170
169	170
169	171
169	174
169	175
170	171
171	172
171	173
171	174
171	175
172	173
172	174
172	175
172	176
173	174
173	175
173	176
173	177
174	175
174	176
174	177
174	178
175	176
175	177
175	178
175	179
176	177
176	178
176	179
176	180
176	208
177	178
177	179
177	180
177	181
178	179
178	180
178	181
178	182
179	180
179	181
179	182
179	183
180	181
180	182
180	183
180	184
180	219
180	220
181	182
181	183
181	184
181	185
182	183
182	184
182	185
182	186
183	184
183	185
183	186
183	187
183	188
183	220
184	185
184	186
184	187
185	186
185	187
186	187
186	188
187	188
187	189
188	189
188	190
188	191
188	240
189	190
189	191
189	240
189	241
190	191
190	192
190	240
190	241
190	242
190	243
191	192
191	241
191	242
191	243
192	193
192	196
192	242
192	243
192	244
192	245
193	194
193	195
193	196
193	244
193	245
193	303
194	195
194	196
194	244
194	245
194	246
194	262
195	196
195	197
195	198
195	199
195	200
195	244
195	246
196	197
196	198
196	199
196	200
196	201
196	244
197	198
197	199
197	200
197	201
197	202
197	234
197	244
198	199
198	200
198	202
199	200
199	201
199	202
199	203
200	201
200	202
200	203
200	204
201	202
201	203
201	204
201	205
201	235
202	203
202	204
202	205
202	206
202	234
202	235
203	204
203	205
203	206
203	207
204	205
204	206
204	207
204	208
205	206
205	207
205	208
205	209
205	217
206	207
206	208
206	209
206	210
207	208
207	209
207	210
207	211
208	209
208	210
208	211
208	212
208	213
208	216
208	217
209	210
209	211
209	212
209	213
209	214
209	217
210	211
210	212
210	213
211	212
211	213
212	213
212	214
212	216
213	214
213	215
213	216
214	215
214	216
214	217
214	218
215	216
215	217
215	218
215	219
216	217
216	218
216	219
217	218
217	219
217	220
218	219
218	220
218	221
218	224
218	225
218	226
219	220
219	221
219	222
219	224
220	221
220	222
220	237
221	222
221	223
221	224
221	225
221	226
221	237
221	238
221	239
222	223
222	224
222	239
223	224
223	225
223	238
223	239
224	225
225	226
225	227
225	237
225	238
226	227
226	235
226	236
226	237
226	238
227	228
227	235
227	236
227	237
228	229
228	230
228	233
228	234
228	235
228	236
229	230
229	233
229	234
229	235
230	233
231	232
231	233
232	233
232	234
233	234
233	235
234	235
234	236
235	236
235	237
236	237
236	238
237	238
237	239
237	240
238	239
238	240
239	240
239	241
240	241
240	242
241	242
241	243
241	327
241	328
242	243
242	244
243	244
243	245
244	245
244	246
244	247
244	248
245	246
245	247
245	248
245	249
246	247
246	248
246	249
246	250
247	248
247	249
247	250
247	251
248	249
248	250
248	251
248	252
248	312
249	250
249	251
249	252
249	253
250	251
250	252
250	253
250	254
251	252
251	253
252	253
252	254
253	254
253	255
254	255
254	256
255	256
255	257
256	257
256	258
257	258
257	259
257	260
258	259
259	260
259	261
259	264
260	261
260	262
260	264
260	265
261	262
261	263
261	264
261	265
262	263
262	264
262	265
262	266
263	264
263	265
263	266
263	267
264	265
264	266
264	267
264	268
265	266
265	267
265	268
265	269
266	267
266	268
266	269
266	270
266	271
266	302
266	306
267	268
267	269
267	270
267	271
267	272
267	273
268	269
268	270
268	271
269	270
269	271
269	306
270	271
270	272
270	305
270	306
271	272
271	273
272	273
273	274
273	275
274	275
274	276
275	276
275	277
276	277
276	278
277	278
277	279
278	279
278	280
279	280
279	281
280	281
280	282
280	283
281	282
281	283
281	284
282	283
282	284
283	284
283	285
283	286
283	287
284	285
284	286
284	287
284	288
284	289
284	292
285	286
285	287
285	288
285	289
285	292
286	287
286	288
286	289
287	288
287	289
288	289
288	290
288	291
288	292
289	290
289	291
289	292
289	293
290	291
290	292
290	293
290	294
291	292
291	293
291	294
291	295
292	293
292	294
292	295
292	296
293	294
293	295
293	296
293	297
294	295
294	296
294	297
294	298
295	296
295	297
295	298
295	299
296	297
296	298
296	299
296	300
297	298
297	299
297	300
297	301
298	299
298	300
298	301
298	302
299	300
299	301
299	302
299	303
300	301
300	302
300	303
301	302
301	303
301	304
301	305
302	303
302	304
302	305
302	306
303	304
303	305
303	306
303	307
304	305
304	306
304	307
304	308
305	306
305	307
305	308
305	309
306	307
306	308
306	309
306	310
307	308
307	309
307	310
307	311
307	312
308	309
308	310
308	311
309	310
309	311
310	311
310	312
311	312
311	313
311	314
311	315
312	313
312	314
312	315
312	316
313	314
313	315
313	316
313	317
314	315
314	316
314	317
314	318
315	316
315	317
315	318
315	319
316	317
316	318
316	319
316	320
316	327
316	330
317	318
317	319
317	320
317	321
317	327
318	319
318	320
318	321
318	322
319	320
319	321
319	322
319	323
319	330
320	321
320	322
320	323
320	324
320	325
320	326
320	327
320	330
321	322
321	323
321	324
321	325
322	323
322	324
323	324
323	325
323	339
323	340
324	325
325	326
325	327
325	329
325	339
326	327
326	328
326	329
327	328
327	329
327	330
328	329
328	330
328	331
329	330
329	331
329	332
329	335
329	336
330	331
330	332
330	336
331	332
331	333
332	333
332	334
332	335
332	336
333	334
333	335
333	336
333	337
334	335
334	336
334	337
334	338
335	336
335	337
335	338
335	339
336	337
336	338
336	339
336	340
337	338
337	339
337	340
337	341
338	339
338	340
338	341
338	342
339	340
339	341
339	342
339	343
340	341
340	342
340	343
340	344
341	342
341	343
341	344
342	343
342	344
342	345
343	344
343	345
344	345
