0	1
0	2
0	3
0	4
1	2
1	3
1	4
1	5
2	3
2	4
2	5
2	6
3	4
3	5
3	6
3	7
3	77
3	153
3	156
4	5
4	6
4	7
4	8
4	77
5	6
5	7
5	8
5	9
6	7
6	8
6	9
6	10
6	149
7	8
7	9
7	10
7	11
7	74
7	77
8	9
8	10
8	11
8	12
9	10
9	11
9	12
9	13
10	11
10	12
10	13
10	14
11	12
11	13
11	14
11	15
11	70
11	71
12	13
12	14
12	15
12	16
13	14
13	15
13	16
13	17
14	15
14	16
14	17
14	18
14	67
15	16
15	17
15	18
15	19
16	17
16	18
16	19
16	20
17	18
17	19
17	20
17	21
18	19
18	20
18	21
18	22
18	59
18	62
18	63
19	20
19	21
19	22
19	23
20	21
20	22
20	23
20	24
21	22
21	23
21	24
21	25
21	59
22	23
22	24
22	25
22	26
23	24
23	25
23	26
23	27
24	25
24	26
24	27
24	28
24	29
24	135
25	26
25	27
25	28
25	29
25	30
26	27
26	28
26	29
26	30
27	28
27	29
27	30
27	31
28	29
28	30
28	31
28	32
28	118
28	131
28	132
29	30
29	31
29	32
29	33
29	47
30	31
30	32
30	33
30	34
30	35
31	32
31	33
31	34
31	35
32	33
32	34
32	35
32	47
33	34
33	35
34	35
34	36
35	36
35	37
36	37
36	38
37	38
37	39
38	39
38	40
39	40
39	41
39	43
39	44
39	117
40	41
40	42
40	43
40	44
40	113
40	114
41	42
41	43
41	44
42	43
42	44
42	113
42	114
43	44
43	45
43	46
43	109
43	113
43	114
44	45
44	46
45	46
45	47
46	47
46	48
46	49
46	50
47	48
47	49
47	50
47	51
48	49
48	50
48	51
48	52
49	50
49	51
49	52
49	105
49	106
50	51
50	52
50	106
50	109
51	52
51	53
51	54
51	136
52	53
52	54
52	99
52	102
53	54
53	55
53	56
53	57
53	58
53	99
54	55
54	56
54	57
54	58
54	59
55	56
55	57
55	58
55	59
55	60
56	57
56	58
56	59
56	60
57	58
57	59
57	60
57	61
58	59
58	60
58	61
58	62
58	94
58	95
59	60
59	61
59	62
59	63
60	61
60	62
60	63
60	64
61	62
61	63
61	64
61	65
61	66
62	63
62	64
62	65
62	66
62	67
63	64
63	65
63	66
63	67
64	65
64	66
65	66
65	67
65	68
65	69
66	67
66	68
66	69
66	70
67	68
67	69
67	70
67	71
68	69
68	70
68	71
68	72
69	70
69	71
69	72
69	83
69	84
70	71
70	72
70	73
70	74
70	83
70	84
71	72
71	73
71	74
72	73
72	74
73	74
73	75
73	76
73	77
73	80
74	75
74	76
74	77
75	76
75	77
76	77
76	78
76	79
76	80
77	78
77	79
77	80
78	79
78	80
78	157
78	162
79	80
79	81
79	82
79	162
79	163
80	81
80	82
80	83
80	84
80	162
80	164
81	82
81	83
81	84
81	85
81	86
81	162
81	163
81	164
81	166
81	167
82	83
82	84
82	85
82	86
82	87
82	162
82	163
82	167
83	84
83	85
83	86
83	87
83	88
84	85
84	86
84	87
84	88
85	86
85	87
85	88
85	89
85	167
85	170
86	87
86	88
86	89
86	166
86	167
86	170
87	88
87	89
88	89
88	90
88	91
88	92
89	90
89	91
89	92
89	170
90	91
90	92
90	93
91	92
91	93
91	94
91	95
92	93
92	94
92	95
92	96
93	94
93	95
93	96
93	97
93	98
94	95
94	96
94	97
94	98
94	99
95	96
95	97
95	98
95	99
96	97
96	98
96	99
96	100
96	175
97	98
97	99
97	100
97	101
97	175
97	176
97	178
97	179
98	99
98	100
98	101
98	102
99	100
99	101
99	102
99	103
100	101
100	102
100	103
100	140
100	179
101	102
101	103
101	104
101	179
101	183
102	103
102	104
102	105
102	106
103	104
103	105
103	106
103	107
104	105
104	106
104	107
104	108
105	106
105	107
105	108
105	109
106	107
106	108
106	109
106	110
107	108
107	109
107	110
107	111
108	109
108	110
108	111
108	112
109	110
109	111
109	112
109	113
109	114
110	111
110	112
110	113
110	114
111	112
111	113
111	114
112	113
112	114
112	115
113	114
113	115
114	115
114	116
114	117
115	116
115	117
116	117
116	118
116	119
116	120
117	118
117	119
117	120
117	121
118	119
118	120
118	121
118	122
118	131
118	132
119	120
119	121
119	122
119	123
119	130
120	121
120	122
120	123
120	124
121	122
121	123
121	124
121	125
122	123
122	124
122	125
122	126
122	127
122	130
123	124
123	125
123	126
123	127
124	125
124	126
125	126
125	127
126	127
126	128
127	128
127	129
128	129
128	130
129	130
129	131
129	132
129	134
129	135
130	131
130	132
130	133
130	134
130	135
131	132
131	133
131	134
131	135
131	136
132	133
132	134
132	135
132	136
133	134
133	135
133	136
133	137
134	135
134	136
134	137
134	138
135	136
135	137
135	138
136	137
136	138
137	138
137	139
137	140
137	141
138	139
138	140
138	141
138	142
139	140
139	141
139	142
139	143
140	141
140	142
140	143
140	144
141	142
141	143
141	144
141	145
142	143
142	144
142	145
142	146
143	144
143	145
143	146
143	147
143	171
144	145
144	146
144	147
144	148
145	146
145	147
145	148
145	149
146	147
146	148
146	149
146	150
146	171
147	148
147	149
147	150
147	151
147	168
147	171
147	172
148	149
148	150
148	151
148	152
149	150
149	151
149	152
149	153
150	151
150	152
150	153
150	154
150	164
150	168
151	152
151	153
151	154
151	155
151	168
152	153
152	154
152	155
153	154
153	155
153	156
153	157
154	155
154	156
154	157
154	164
155	156
155	157
156	157
157	158
157	159
158	159
158	160
158	161
159	160
159	161
160	161
160	162
160	163
160	165
161	162
161	163
161	164
162	163
162	164
163	164
163	165
163	166
163	167
164	165
164	166
164	167
164	168
165	166
165	167
165	168
165	169
166	167
166	168
166	169
166	170
167	168
167	169
167	170
167	171
168	169
168	170
168	171
168	172
169	170
169	171
169	172
169	173
169	174
170	171
170	172
170	173
170	174
170	175
171	172
171	173
171	174
171	175
172	173
172	174
172	175
172	176
172	177
173	174
173	175
173	176
173	177
173	178
174	175
174	176
174	177
174	178
175	176
175	177
175	178
175	179
176	177
176	178
176	179
176	180
177	178
177	179
177	180
177	181
178	179
178	180
178	181
178	182
179	180
179	181
179	182
179	183
180	181
180	182
180	183
180	184
181	182
181	183
181	184
181	185
181	205
182	183
182	184
182	185
182	186
182	187
183	184
183	185
183	186
183	187
183	188
184	185
184	186
184	187
184	188
185	186
185	187
185	188
185	189
186	187
186	188
186	189
187	188
187	189
188	189
188	190
188	251
188	252
189	190
189	191
189	251
189	252
189	253
189	254
190	191
190	192
190	251
190	252
190	253
190	254
191	192
191	193
191	253
191	254
192	193
192	194
192	254
193	194
193	195
194	195
194	196
195	196
195	197
195	198
196	197
196	198
196	199
197	198
197	199
197	200
198	199
198	200
199	200
199	201
199	233
199	234
199	235
199	236
200	201
200	202
200	233
200	234
200	235
201	202
201	203
201	233
201	234
202	203
202	204
202	232
202	233
202	234
203	204
203	232
203	233
203	234
204	205
204	206
204	231
204	232
205	206
205	230
205	231
205	232
206	207
206	208
206	209
206	229
206	230
206	231
207	208
207	209
207	226
207	227
207	228
207	229
207	230
208	209
208	226
208	227
208	228
208	229
208	230
209	210
209	211
209	212
209	226
209	227
209	228
209	229
209	295
209	296
209	297
209	298
210	211
210	212
210	224
210	225
210	226
210	227
210	228
210	295
210	296
210	297
211	212
211	224
211	225
211	226
211	227
211	228
211	295
211	296
211	297
212	213
212	214
212	215
212	224
212	225
212	226
212	227
212	228
212	294
212	295
212	296
213	214
213	215
213	216
213	221
213	222
213	223
213	224
213	225
213	293
213	294
213	295
214	215
214	216
214	217
214	218
214	221
214	222
214	293
215	216
215	217
215	218
215	221
215	222
215	293
216	217
216	218
216	221
216	222
216	289
216	290
216	291
217	218
217	219
218	219
218	220
218	221
218	222
219	220
219	221
219	222
220	221
220	222
220	223
221	222
221	223
222	223
223	224
223	225
224	225
224	226
224	227
225	226
225	227
225	228
226	227
226	228
226	229
226	241
227	228
227	229
227	241
228	229
228	230
228	239
228	240
228	241
228	242
229	230
229	231
229	239
229	240
229	241
229	242
230	231
230	232
230	237
230	238
230	239
230	240
231	232
231	233
231	237
231	238
231	239
232	233
232	234
232	236
232	237
232	238
233	234
233	235
233	236
233	237
234	235
234	236
234	314
235	236
235	260
235	261
236	237
236	238
236	257
236	258
236	259
236	260
236	261
237	238
237	239
237	257
237	258
237	259
237	260
237	261
238	239
238	240
238	256
238	257
238	258
238	259
239	240
239	254
239	255
239	256
239	257
239	258
240	241
240	242
240	252
240	253
240	254
240	255
240	256
241	242
241	243
241	252
241	253
241	254
241	255
242	243
242	244
242	250
242	251
242	252
242	253
243	244
243	245
243	250
243	251
243	252
244	245
244	246
244	248
244	249
244	250
244	251
245	246
245	247
245	248
245	249
245	250
246	247
246	248
247	248
247	249
248	249
248	250
249	250
249	251
250	251
250	252
251	252
251	253
252	253
252	254
253	254
253	255
254	255
254	256
255	256
256	257
256	258
257	258
257	259
257	260
258	259
258	260
259	260
259	261
260	261
260	262
260	263
260	264
260	265
261	262
261	263
261	264
261	265
261	314
261	315
262	263
262	264
262	265
262	315
262	318
262	319
263	264
263	265
263	266
263	283
263	284
264	265
264	266
264	267
264	268
264	281
264	282
264	283
264	284
264	315
265	266
265	267
265	268
265	281
265	282
265	283
265	284
265	315
266	267
266	268
266	269
266	281
266	282
266	283
267	268
267	269
267	270
267	280
267	281
267	282
268	269
268	270
268	280
268	281
268	282
269	270
269	271
269	279
269	280
269	281
270	271
270	272
270	279
270	280
271	272
271	273
271	279
272	273
272	274
272	275
272	276
272	278
272	279
273	274
273	275
274	275
274	276
275	276
275	277
275	278
276	277
276	278
276	300
277	278
277	279
277	296
277	297
277	298
277	299
277	300
277	304
278	279
278	280
278	294
278	295
278	296
278	297
279	280
279	294
279	295
279	296
280	281
280	282
280	292
280	293
280	294
280	295
281	282
281	292
281	293
281	294
282	283
282	284
282	287
282	291
282	292
282	293
283	284
283	285
283	291
284	285
284	286
285	286
285	287
286	287
286	288
287	288
287	291
287	292
288	289
288	290
288	291
288	292
289	290
289	291
289	292
290	291
290	292
291	292
291	293
292	293
292	294
293	294
293	295
294	295
294	296
295	296
295	297
296	297
296	298
297	298
297	299
297	300
297	302
297	303
297	304
298	299
298	302
298	303
299	300
299	301
299	302
299	303
299	304
300	301
300	302
300	303
300	304
300	305
301	302
301	303
301	304
301	305
301	306
302	303
302	304
302	305
302	306
302	307
303	304
303	305
303	306
303	307
304	305
304	306
304	307
304	308
305	306
305	307
305	308
305	309
306	307
306	308
306	309
306	310
307	308
307	309
307	310
307	311
308	309
308	310
308	311
308	312
309	310
309	311
309	312
309	313
310	311
310	312
310	313
310	314
311	312
311	313
311	314
311	315
312	313
312	314
312	315
312	316
313	314
313	315
313	316
313	317
314	315
314	316
314	317
314	318
315	316
315	317
315	318
315	319
316	317
316	318
316	319
317	318
317	319
318	319
