0	1
0	2
1	2
1	3
2	3
2	4
2	6
3	4
3	5
3	6
4	5
4	6
4	7
5	6
5	7
5	8
5	9
6	7
6	8
6	9
6	10
7	8
7	9
7	10
7	11
8	9
8	10
8	11
8	12
8	13
9	10
9	11
9	12
10	11
10	12
11	12
11	13
11	15
12	13
12	14
12	15
13	14
13	15
13	44
13	45
13	194
13	195
13	196
14	15
14	16
14	45
14	49
14	193
14	194
14	195
15	16
15	17
15	193
15	194
16	17
16	191
16	192
16	193
16	194
17	18
17	19
17	191
17	192
17	193
18	19
18	20
18	189
18	190
18	191
18	192
19	20
19	21
19	189
19	190
19	191
19	192
20	21
20	189
20	190
21	22
21	23
22	23
23	24
23	25
24	25
24	26
25	26
26	27
26	28
26	29
27	28
27	29
27	30
28	29
28	30
28	194
28	195
28	196
28	197
29	30
29	31
29	192
29	193
29	194
29	195
30	31
30	32
30	192
30	193
30	194
30	195
31	32
31	33
31	190
31	191
31	192
31	193
32	33
32	34
32	62
32	63
32	64
32	65
32	191
32	192
32	193
33	34
33	35
33	63
33	64
33	65
33	66
34	35
34	36
34	61
34	62
34	63
34	64
35	36
35	37
35	61
35	62
36	37
36	38
36	55
36	59
36	60
36	61
36	62
37	38
37	39
37	42
37	59
37	60
37	61
38	39
38	40
38	41
38	42
38	58
38	59
38	60
39	40
39	41
39	42
39	43
39	46
39	57
39	58
39	59
39	60
40	41
40	42
40	43
41	42
41	43
42	43
42	44
42	45
42	46
42	195
42	196
43	44
43	45
43	46
43	47
44	45
44	46
44	47
44	48
44	196
45	46
45	47
45	48
45	49
45	50
45	195
45	196
46	47
46	48
46	49
46	50
46	57
46	60
47	48
47	49
47	50
48	49
48	50
49	50
49	51
49	52
50	51
50	52
50	57
50	60
51	52
51	53
51	54
51	55
51	56
51	57
51	60
51	61
52	53
52	54
53	54
53	55
53	61
53	62
53	63
54	55
54	56
54	60
54	61
55	56
55	59
55	60
55	61
56	57
56	58
56	59
56	60
56	61
57	58
57	59
57	60
58	59
58	60
59	60
59	61
60	61
60	62
61	62
61	63
62	63
62	64
63	64
63	65
64	65
64	66
65	66
65	67
65	68
65	191
66	67
66	68
67	68
67	69
68	69
68	70
69	70
69	71
70	71
70	72
71	72
71	73
71	101
72	73
72	74
72	101
73	74
73	75
73	101
73	102
73	103
73	104
74	75
74	76
74	100
74	101
74	102
74	103
75	76
75	79
75	80
75	100
75	101
76	77
76	78
76	79
76	80
77	78
77	79
77	80
77	81
78	79
78	80
78	81
79	80
79	81
79	84
79	96
80	81
80	82
81	82
81	83
81	84
81	85
82	83
82	84
82	85
83	84
83	85
84	85
84	86
84	94
84	95
84	96
85	86
85	87
85	93
85	94
85	95
85	96
85	97
86	87
86	88
86	93
86	94
87	88
87	89
87	91
87	92
87	93
87	94
88	89
88	90
88	91
88	92
88	93
88	94
89	90
89	91
90	91
90	92
91	92
91	93
92	93
92	94
93	94
93	95
93	97
94	95
94	96
94	97
95	96
95	97
96	97
96	98
96	99
97	98
97	99
98	99
98	100
99	100
100	101
100	102
101	102
101	103
102	103
102	104
102	106
103	104
103	105
103	106
104	105
104	106
105	106
105	107
106	107
106	108
107	108
107	109
108	109
108	110
109	110
109	111
110	111
110	182
111	112
111	113
111	182
112	113
112	114
113	114
113	115
114	115
115	116
116	117
116	118
117	118
117	119
118	119
118	120
119	120
119	121
120	121
121	122
121	139
121	140
122	123
122	139
122	140
123	124
123	125
123	140
123	141
124	125
124	126
124	135
125	126
125	127
126	127
126	128
126	132
127	128
127	129
127	131
128	129
128	130
128	131
128	132
129	130
129	131
130	131
131	132
132	133
132	134
133	134
133	135
134	135
134	136
135	136
136	137
136	138
137	138
137	139
138	139
138	140
139	140
140	141
140	142
141	142
141	143
142	143
143	144
143	145
144	145
144	146
145	146
146	147
146	148
147	148
147	149
148	149
149	150
149	151
150	151
150	152
151	152
151	153
152	153
152	154
153	154
153	155
154	155
154	156
155	156
155	157
156	157
156	158
157	158
157	159
157	178
158	159
158	160
158	178
159	160
159	161
159	171
159	172
160	161
160	162
161	162
161	163
161	165
161	166
162	163
162	164
162	165
162	166
163	164
163	165
163	166
164	165
164	166
165	166
165	167
166	167
166	168
166	170
166	171
167	168
167	169
167	170
167	171
168	169
168	170
168	171
169	170
169	171
170	171
170	172
171	172
171	173
172	173
173	174
173	175
173	177
174	175
174	176
174	177
175	176
175	177
176	177
176	178
176	179
177	178
177	179
178	179
179	180
179	181
180	181
181	182
181	183
182	183
183	184
183	185
184	185
184	186
185	186
186	187
186	188
187	188
187	189
188	189
189	190
189	191
190	191
190	192
191	192
191	193
192	193
192	194
193	194
193	195
194	195
194	196
195	196
196	197
