0	1
0	2
0	3
0	4
0	20
0	33
0	95
0	98
0	99
1	2
1	3
2	3
2	4
3	4
3	5
3	31
3	32
3	33
4	5
4	6
4	20
4	21
4	22
4	31
4	32
4	33
5	6
5	7
5	20
5	21
5	22
5	23
5	32
5	33
5	34
5	35
6	7
6	8
6	22
6	23
6	24
6	25
6	32
6	34
6	35
6	36
7	8
7	9
7	11
7	12
7	22
7	23
7	24
7	25
7	35
7	36
7	37
8	9
8	10
8	11
8	12
8	24
8	25
8	36
8	37
9	10
9	11
9	12
10	11
10	12
10	13
10	38
11	12
11	13
11	14
11	15
11	36
11	37
11	38
11	60
12	13
12	14
12	15
13	14
13	15
14	15
14	16
14	81
15	16
15	17
15	91
16	17
16	18
16	91
17	18
17	19
17	20
17	91
17	94
17	95
18	19
18	20
19	20
20	21
20	22
21	22
21	23
22	23
23	24
23	25
24	25
24	26
24	27
25	26
25	27
25	44
26	27
26	28
27	28
27	29
28	29
28	30
29	30
29	31
29	32
29	48
30	31
30	32
31	32
31	33
32	33
32	34
32	35
33	34
33	35
33	55
33	98
33	101
33	102
34	35
34	36
34	55
34	56
34	57
34	94
34	97
34	98
35	36
35	37
35	55
35	56
35	57
35	58
36	37
36	57
36	58
36	59
37	38
37	39
37	41
37	58
37	59
37	60
38	39
38	40
38	41
38	59
38	60
38	61
39	40
39	41
39	42
39	59
39	60
39	61
40	41
40	42
41	42
41	43
41	44
41	45
42	43
42	44
42	45
42	46
43	44
43	45
43	46
43	47
44	45
44	46
44	47
44	48
45	46
45	47
45	48
45	49
45	57
45	74
46	47
46	48
46	49
46	50
47	48
47	49
47	50
47	51
48	49
48	50
48	51
48	55
49	50
49	51
49	52
50	51
50	52
51	52
51	53
51	415
52	53
52	54
52	414
52	415
53	54
53	55
53	415
54	55
54	56
55	56
55	57
55	101
56	57
56	58
56	75
56	76
56	97
57	58
57	59
57	75
57	76
57	77
58	59
58	60
58	75
58	76
58	77
58	78
58	79
59	60
59	61
59	75
59	77
59	78
59	79
60	61
60	78
60	79
60	80
60	81
61	62
61	63
61	64
61	79
61	80
61	81
62	63
62	64
62	80
62	81
62	82
63	64
63	65
63	66
64	65
64	66
64	67
65	66
65	67
66	67
66	68
67	68
67	69
67	71
67	72
68	69
68	70
68	71
68	72
69	70
69	71
69	72
69	73
70	71
70	72
70	73
71	72
71	73
71	74
71	75
72	73
72	74
72	75
73	74
73	75
74	75
75	76
75	77
76	77
77	78
77	79
78	79
78	80
79	80
79	81
80	81
80	82
80	83
81	82
81	83
82	83
82	84
83	84
83	85
83	86
84	85
84	86
84	87
85	86
85	87
86	87
86	88
86	89
86	90
87	88
87	89
87	90
87	91
88	89
88	90
88	91
88	92
89	90
89	91
89	92
89	93
90	91
90	92
90	93
90	94
91	92
91	93
91	94
91	95
92	93
92	94
92	95
92	96
93	94
93	95
93	96
93	97
94	95
94	96
94	97
94	98
95	96
95	97
95	98
95	99
96	97
96	98
96	99
96	100
97	98
97	99
97	100
97	101
98	99
98	100
98	101
98	102
99	100
99	101
99	102
99	103
100	101
100	102
100	103
100	104
101	102
101	103
101	104
101	105
102	103
102	104
102	105
102	106
103	104
103	105
103	106
104	105
104	106
105	106
105	107
106	107
106	108
106	110
106	111
107	108
107	109
107	110
107	111
107	177
107	405
107	406
107	409
108	109
108	110
108	111
108	112
108	173
108	176
108	177
109	110
109	111
109	112
109	113
109	164
109	173
109	174
109	177
109	402
109	405
110	111
110	112
110	113
110	114
110	402
110	405
110	406
111	112
111	113
111	114
111	115
112	113
112	114
112	115
112	116
112	164
112	173
113	114
113	115
113	116
113	117
113	155
113	164
114	115
114	116
114	117
114	118
115	116
115	117
115	118
116	117
116	118
116	119
117	118
117	119
117	120
117	154
117	155
118	119
118	120
119	120
119	121
120	121
120	122
121	122
121	123
122	123
122	124
123	124
123	125
123	130
124	125
124	126
124	130
125	126
125	127
125	160
126	127
126	128
126	130
126	158
127	128
127	129
127	130
127	157
127	158
128	129
128	130
129	130
129	131
129	132
129	133
129	134
129	135
130	131
130	132
130	133
130	134
131	132
131	133
131	153
131	154
132	133
132	134
132	135
132	136
132	145
132	150
132	153
132	154
133	134
133	135
133	136
133	137
134	135
134	136
134	137
135	136
135	137
135	138
135	141
135	142
135	145
136	137
136	138
136	141
136	142
136	145
137	138
137	139
137	141
137	142
138	139
138	140
138	141
138	142
139	140
139	141
139	142
139	143
140	141
140	142
140	143
140	144
141	142
141	143
141	144
141	145
142	143
142	144
142	145
142	146
143	144
143	145
143	146
143	147
144	145
144	146
144	147
144	148
145	146
145	147
145	148
145	149
145	150
146	147
146	148
146	149
147	148
147	149
148	149
148	152
149	150
149	151
149	152
150	151
150	152
150	153
150	154
151	152
151	153
151	154
151	155
152	153
152	154
152	155
152	156
153	154
153	155
153	156
154	155
154	156
155	156
155	157
155	399
156	157
156	397
156	398
156	399
157	158
157	161
157	398
158	159
158	160
158	161
158	395
159	160
159	161
159	162
159	166
160	161
160	162
161	162
161	163
161	164
162	163
162	164
162	165
162	166
163	164
163	165
164	165
164	166
164	172
164	173
164	174
165	166
165	167
165	171
165	172
165	173
165	174
166	167
166	168
166	169
166	170
166	171
166	172
166	174
167	168
167	169
167	170
167	171
167	174
167	175
168	169
168	170
169	170
169	171
170	171
170	174
170	175
171	172
171	173
171	174
171	175
172	173
172	174
172	175
172	176
173	174
173	175
173	176
173	177
174	175
174	176
174	177
174	178
175	176
175	177
175	178
175	179
176	177
176	178
176	179
176	180
177	178
177	179
177	180
177	181
177	405
178	179
178	180
178	181
178	182
178	190
178	191
178	192
179	180
179	181
179	182
179	183
179	189
179	190
180	181
180	182
180	183
180	184
181	182
181	183
181	184
181	185
181	190
181	408
182	183
182	184
182	185
182	186
182	187
182	188
182	189
182	190
183	184
183	185
183	186
183	187
184	185
184	186
184	408
184	412
185	186
185	187
186	187
186	188
186	334
187	188
187	189
187	190
187	334
187	366
187	367
187	368
188	189
188	190
188	367
188	368
188	369
188	370
189	190
189	191
189	366
189	367
189	368
190	191
190	192
190	364
190	365
190	366
190	367
191	192
191	193
191	364
191	365
191	366
192	193
192	194
192	363
192	364
192	365
193	194
193	195
193	196
193	200
193	362
193	363
193	364
193	392
194	195
194	196
194	361
194	362
194	363
194	396
195	196
195	197
195	198
195	199
195	200
195	361
195	362
196	197
196	198
196	199
196	200
196	351
196	361
196	362
196	363
197	198
197	199
197	200
197	201
197	317
197	349
197	350
197	351
197	363
198	199
198	200
198	201
198	202
198	224
199	200
199	201
199	202
199	203
199	391
200	201
200	202
200	203
200	204
200	349
200	365
201	202
201	203
201	204
201	205
201	224
201	225
202	203
202	204
202	205
202	206
202	228
203	204
203	205
203	206
203	207
203	387
203	388
203	391
204	205
204	206
204	207
204	208
205	206
205	207
205	208
205	209
205	228
205	229
205	233
206	207
206	208
206	209
206	228
206	229
206	233
206	387
207	208
207	209
207	383
207	384
207	387
208	209
208	210
208	379
209	210
209	211
209	213
209	229
209	233
209	235
209	282
210	211
210	212
210	213
210	233
210	235
211	212
211	213
211	233
211	234
211	235
212	213
212	214
212	234
212	235
212	236
213	214
213	215
213	235
213	236
213	282
214	215
214	216
214	235
214	236
214	237
214	280
214	281
214	282
215	216
215	217
215	235
215	236
215	237
215	238
215	281
215	282
215	283
215	284
216	217
216	218
216	237
216	238
216	239
216	281
216	283
216	284
216	285
217	218
217	219
217	237
217	238
217	239
217	240
217	284
217	285
217	286
218	219
218	220
218	221
218	239
218	240
218	285
218	286
218	287
219	220
219	221
219	239
219	240
219	241
219	242
219	615
220	221
220	222
220	287
220	663
221	222
221	223
221	225
221	226
221	287
221	663
222	223
222	224
222	225
222	226
222	663
223	224
223	225
223	226
223	227
223	663
223	664
224	225
224	226
224	227
224	228
225	226
225	227
225	228
225	229
226	227
226	228
226	229
226	230
226	231
227	228
227	229
227	230
227	231
227	232
228	229
228	230
228	231
228	232
228	233
229	230
229	231
229	232
229	233
229	234
229	235
230	231
230	232
230	233
230	234
230	235
230	236
230	237
230	627
230	628
231	232
231	233
231	234
231	627
231	628
231	631
232	233
232	234
232	628
233	234
233	235
234	235
234	236
234	627
234	628
235	236
235	237
236	237
236	238
237	238
237	239
238	239
238	240
238	267
239	240
239	241
240	241
240	242
240	253
240	257
241	242
241	253
241	254
241	615
241	616
241	617
242	243
242	244
242	251
242	252
242	253
242	254
242	615
242	616
243	244
243	245
243	250
243	251
243	252
243	253
243	254
243	480
243	481
243	482
244	245
244	248
244	249
244	250
244	251
244	480
244	612
245	246
245	247
245	248
245	249
245	479
245	480
245	612
246	247
246	248
246	479
246	507
246	608
247	248
247	249
247	536
247	608
248	249
248	250
248	608
248	611
249	250
249	251
249	292
250	251
250	252
250	290
250	292
250	661
251	252
251	253
251	294
252	253
252	254
252	294
253	254
253	255
253	257
254	255
254	256
254	257
254	482
254	483
255	256
255	257
255	258
255	482
255	483
255	484
256	257
256	258
256	259
257	258
257	259
258	259
258	260
258	304
258	305
259	260
259	261
259	262
259	263
260	261
260	262
260	263
260	264
261	262
261	263
261	264
261	265
262	263
262	264
262	265
262	266
263	264
263	265
263	266
263	267
264	265
264	266
264	267
264	274
264	275
265	266
265	267
265	268
266	267
266	268
267	268
267	269
267	270
267	274
268	269
268	270
268	271
269	270
269	271
270	271
270	272
270	273
270	274
271	272
271	273
271	274
271	275
272	273
272	274
272	275
272	276
273	274
273	275
273	276
273	277
273	280
274	275
274	276
274	277
274	280
275	276
275	277
276	277
276	278
277	278
277	279
277	280
278	279
278	280
278	307
278	308
279	280
279	281
279	307
279	308
279	309
279	310
280	281
280	282
280	308
280	309
281	282
281	283
281	284
281	308
281	309
281	310
282	283
282	309
282	310
282	311
283	284
283	285
283	309
283	310
283	311
283	312
284	285
284	286
284	309
284	311
284	312
284	313
285	286
285	287
285	312
285	313
285	314
286	287
286	288
286	313
286	314
286	315
287	288
287	289
287	290
287	314
287	315
287	316
288	289
288	290
288	295
288	296
288	314
288	315
288	316
289	290
289	291
289	293
289	294
289	295
289	296
289	316
289	318
289	319
290	291
290	292
290	293
290	294
290	295
290	318
291	292
291	293
291	318
292	293
292	294
293	294
293	295
293	490
293	491
293	494
294	295
294	296
294	488
294	489
294	490
294	491
295	296
295	297
295	331
295	488
295	489
295	490
295	491
296	297
296	298
296	331
296	487
296	488
296	489
297	298
297	299
297	300
297	301
297	330
297	331
297	487
297	488
298	299
298	300
298	301
298	302
298	330
298	331
298	332
298	333
299	300
299	301
299	302
299	303
299	330
299	331
299	333
299	336
300	301
300	302
300	303
300	304
301	302
301	303
301	304
301	305
302	303
302	304
302	305
302	306
303	304
303	305
303	306
304	305
304	306
305	306
305	307
305	308
306	307
306	308
306	309
306	343
306	344
307	308
307	309
307	342
307	343
307	344
308	309
309	310
309	311
309	312
309	344
310	311
310	344
310	345
310	377
311	312
311	313
311	344
311	345
311	346
312	313
312	314
312	344
312	345
312	346
312	347
313	314
313	315
313	346
313	347
313	348
314	315
314	316
314	347
314	348
314	349
315	316
315	317
315	348
315	349
315	350
316	317
316	318
316	319
316	320
316	348
316	349
316	350
317	318
317	319
317	349
317	350
317	351
317	354
318	319
318	354
318	355
319	320
319	321
319	322
319	350
319	355
320	321
320	322
320	323
320	350
321	322
321	323
321	324
321	325
322	323
322	324
322	325
322	328
322	329
322	331
322	332
323	324
323	325
323	328
323	329
323	332
324	325
324	326
324	417
325	326
325	327
325	328
325	329
325	417
326	327
326	328
326	329
326	464
327	328
327	329
327	464
327	465
327	466
328	329
328	330
328	331
329	330
329	331
329	332
330	331
330	332
331	332
331	333
332	333
332	334
332	335
333	334
333	335
333	336
334	335
334	336
335	336
335	337
336	337
336	338
336	339
337	338
337	339
338	339
338	340
339	340
339	341
339	343
339	371
340	341
340	342
340	343
340	371
341	342
341	343
341	371
341	372
342	343
342	344
343	344
343	345
344	345
344	346
345	346
345	347
345	368
345	369
345	371
345	372
346	347
346	348
346	367
346	368
346	369
347	348
347	349
347	366
347	367
347	368
348	349
348	350
348	365
348	366
348	367
349	350
349	351
349	364
349	365
349	366
350	351
350	352
350	363
350	364
350	365
351	352
351	353
351	354
351	362
351	363
351	364
352	353
352	354
352	355
352	356
352	357
352	358
352	362
352	363
352	364
353	354
353	355
353	356
353	357
353	358
353	359
353	360
353	361
353	362
353	363
354	355
354	356
355	356
355	357
355	542
355	543
356	357
356	358
356	543
357	358
357	407
358	359
358	360
358	362
358	403
358	404
358	407
359	360
359	361
359	362
359	400
359	403
360	361
360	362
361	362
361	363
362	363
362	404
363	364
363	365
364	365
364	366
365	366
365	367
366	367
366	368
367	368
367	369
368	369
368	370
369	370
369	371
369	372
369	373
370	371
370	372
370	373
371	372
371	373
372	373
372	374
372	375
372	378
373	374
373	375
373	378
374	375
374	376
374	378
375	376
375	377
375	378
376	377
376	378
377	378
377	379
378	379
378	380
379	380
379	381
379	383
379	384
380	381
380	382
380	383
380	384
381	382
381	383
381	384
381	385
382	383
382	384
382	385
382	386
383	384
383	385
383	386
383	387
384	385
384	386
384	387
384	388
385	386
385	387
385	388
385	389
386	387
386	388
386	389
386	390
387	388
387	389
387	390
388	389
388	390
388	391
388	392
389	390
389	391
389	392
390	391
390	392
391	392
391	393
392	393
392	394
393	394
393	395
393	396
394	395
394	396
395	396
395	397
396	397
396	398
397	398
397	399
397	400
397	401
398	399
398	400
398	401
398	402
399	400
399	401
399	402
399	403
400	401
400	402
400	403
401	402
401	403
401	404
401	405
402	403
402	404
402	405
402	406
403	404
403	405
403	406
403	407
404	405
404	406
404	407
404	408
405	406
405	407
405	408
406	407
406	408
406	409
406	410
407	408
407	409
407	410
407	411
408	409
408	410
408	411
408	412
409	410
409	411
409	412
410	411
410	412
410	416
411	412
411	413
411	416
411	417
412	413
412	414
412	416
413	414
413	415
413	416
413	417
414	415
414	416
414	417
414	418
415	416
415	417
415	418
415	419
416	417
416	418
416	419
416	420
417	418
417	419
417	420
417	421
418	419
418	420
418	421
418	422
419	420
419	421
419	422
419	423
419	544
420	421
420	422
420	423
420	424
420	544
421	422
421	423
421	424
421	425
421	463
422	423
422	424
422	425
422	426
423	424
423	425
423	426
423	427
423	543
423	544
424	425
424	426
424	427
424	428
424	463
425	426
425	427
425	428
425	429
425	459
425	460
425	463
426	427
426	428
426	429
426	430
426	548
427	428
427	429
427	430
427	431
428	429
428	430
428	431
428	432
428	459
429	430
429	431
429	432
429	433
430	431
430	432
430	433
430	434
430	551
430	552
431	432
431	433
431	434
431	435
431	443
432	433
432	434
432	435
432	436
432	455
433	434
433	435
433	436
433	437
434	435
434	436
434	437
434	438
434	439
434	555
435	436
435	437
435	438
435	439
435	442
436	437
436	438
437	438
437	439
438	439
438	440
439	440
439	441
439	442
439	559
440	441
440	442
440	499
440	500
441	442
441	443
441	497
441	498
441	499
442	443
442	444
442	497
442	498
443	444
443	445
443	496
443	497
443	498
444	445
444	496
444	497
444	498
445	446
445	447
446	447
446	448
446	449
446	454
446	468
446	477
447	448
447	449
447	453
447	454
448	449
448	450
448	451
448	452
448	453
448	454
449	450
449	451
449	452
449	453
449	454
449	468
450	451
450	452
451	452
451	453
452	453
452	454
452	456
453	454
453	455
453	456
454	455
454	456
454	457
454	468
455	456
455	457
456	457
456	458
457	458
457	459
457	462
458	459
458	460
458	461
458	462
459	460
459	461
459	462
459	463
460	461
460	462
460	463
460	464
461	462
461	463
461	464
461	465
462	463
462	464
462	465
462	468
463	464
463	465
464	465
464	466
465	466
465	467
465	468
466	467
466	468
466	469
466	470
467	468
467	469
467	470
468	469
468	470
469	470
469	489
469	490
470	471
470	472
470	488
470	489
470	490
471	472
471	473
471	478
471	488
471	489
471	490
472	473
472	474
472	475
472	485
473	474
473	475
473	483
473	484
473	485
474	475
474	476
475	476
475	477
475	478
475	479
475	480
476	477
476	478
476	479
476	505
477	478
477	479
477	504
478	479
478	480
479	480
479	481
480	481
480	482
480	483
481	482
481	483
482	483
482	484
483	484
483	487
484	485
484	486
484	487
485	486
485	487
486	487
486	488
487	488
488	489
489	490
489	491
490	491
490	492
491	492
491	493
491	494
492	493
492	494
492	495
493	494
493	495
493	541
493	542
493	543
494	495
494	496
494	539
494	540
494	541
494	542
495	496
495	497
495	539
495	540
495	541
495	542
496	497
496	498
496	538
496	539
496	540
497	498
497	499
497	537
497	538
497	539
498	499
498	536
498	537
498	538
499	500
499	501
499	514
499	515
499	516
499	536
499	537
500	501
500	502
500	513
500	514
501	502
501	503
501	509
501	510
501	511
501	512
501	513
501	514
501	536
502	503
502	504
502	507
502	508
502	509
502	510
503	504
503	505
503	506
503	507
503	508
503	509
503	510
504	505
504	506
504	507
505	506
505	507
506	507
506	508
507	508
507	509
508	509
508	510
509	510
509	511
509	603
510	511
510	512
510	513
511	512
511	513
512	513
512	596
512	599
513	514
513	515
513	595
513	596
513	599
514	515
514	516
514	595
514	599
515	516
515	517
515	518
515	535
515	536
515	595
515	598
515	599
516	517
516	518
516	519
516	520
516	533
516	534
516	535
516	536
516	537
516	538
517	518
517	519
517	520
517	521
517	533
517	534
517	535
517	693
518	519
518	520
518	521
518	522
519	520
519	521
519	522
519	523
520	521
520	522
520	523
520	524
520	530
520	533
520	538
521	522
521	523
521	524
521	525
522	523
522	524
522	525
522	526
522	574
522	575
523	524
523	525
523	526
523	527
523	528
523	529
523	557
524	525
524	526
524	527
524	528
524	529
525	526
525	527
526	527
526	528
527	528
527	529
528	529
528	530
529	530
529	531
530	531
530	532
530	539
530	540
531	532
531	539
531	540
531	541
532	533
532	534
532	538
532	539
533	534
533	535
533	537
533	538
533	539
534	535
534	536
534	537
534	538
534	660
535	536
535	537
536	537
537	538
537	539
538	539
539	540
539	541
540	541
540	542
541	542
542	543
542	546
543	544
543	545
543	546
544	545
544	546
545	546
545	547
546	547
546	548
546	550
546	551
547	548
547	549
547	550
547	551
548	549
548	550
548	551
548	552
549	550
549	551
549	552
549	553
550	551
550	552
550	553
550	554
551	552
551	553
551	554
551	555
552	553
552	554
552	555
552	556
553	554
553	555
553	556
553	557
554	555
554	556
554	557
554	558
555	556
555	557
555	558
555	559
556	557
556	558
556	559
556	560
557	558
557	559
557	560
557	561
558	559
558	560
558	561
558	562
559	560
559	561
559	562
559	563
560	561
560	562
560	563
560	564
561	562
561	563
561	564
561	565
562	563
562	564
562	565
562	566
563	564
563	565
563	566
563	567
564	565
564	566
564	567
564	568
564	569
565	566
565	567
565	568
565	569
565	591
565	592
566	567
566	568
567	568
567	569
568	569
568	570
568	590
568	591
568	592
569	570
569	571
569	574
569	590
569	591
570	571
570	572
570	573
570	574
570	589
570	590
570	591
571	572
571	573
571	574
571	575
571	579
571	589
571	590
571	591
572	573
572	574
572	575
572	576
572	579
573	574
573	575
573	576
574	575
574	576
575	576
575	577
575	578
575	579
576	577
576	578
576	579
576	580
577	578
577	579
577	580
577	581
578	579
578	580
578	581
578	582
578	692
579	580
579	581
579	582
579	583
579	586
580	581
580	582
580	583
581	582
581	583
582	583
582	584
582	585
582	586
582	691
583	584
583	585
583	586
583	587
584	585
584	586
584	587
585	586
585	587
586	587
586	588
586	589
587	588
587	589
588	589
588	590
589	590
589	591
589	593
589	594
590	591
590	592
590	593
590	594
591	592
591	593
591	594
591	595
592	593
592	594
592	595
592	596
593	594
593	595
593	596
593	597
594	595
594	596
594	597
594	598
595	596
595	597
595	598
595	599
596	597
596	598
596	599
596	600
597	598
597	599
597	600
597	601
598	599
598	600
598	601
599	600
599	601
599	602
599	603
600	601
600	602
600	603
600	604
601	602
601	603
601	604
601	605
602	603
602	604
602	605
602	606
602	607
603	604
603	605
603	606
603	607
604	605
604	606
605	606
605	607
605	682
606	607
606	608
606	609
607	608
607	609
607	610
607	611
608	609
608	610
608	611
608	612
609	610
609	611
609	612
609	613
610	611
610	612
610	613
610	614
610	675
610	679
611	612
611	613
611	614
612	613
612	614
612	615
612	616
613	614
613	615
613	616
613	619
614	615
614	616
614	619
614	620
614	665
614	675
614	676
615	616
615	617
615	620
616	617
616	618
616	619
616	620
617	618
617	619
617	620
618	619
618	620
619	620
619	621
620	621
620	622
621	622
621	623
621	666
621	670
621	671
621	672
621	673
622	623
622	624
622	670
622	671
623	624
623	625
623	626
623	669
623	670
623	671
624	625
624	626
624	651
624	669
624	670
624	671
625	626
625	627
625	629
625	630
625	669
625	670
626	627
626	628
626	629
626	630
626	669
627	628
627	629
627	630
627	631
627	668
627	669
628	629
628	630
628	631
628	632
629	630
629	631
629	632
629	633
630	631
630	632
630	633
630	634
630	653
630	668
630	669
631	632
631	633
631	634
631	635
631	653
631	668
632	633
632	634
632	635
632	636
633	634
633	635
633	636
633	637
633	638
634	635
634	636
634	637
634	638
634	639
634	653
635	636
635	637
636	637
636	638
637	638
637	639
638	639
638	716
638	717
638	718
638	720
638	721
639	640
639	714
639	715
639	716
639	717
640	641
640	642
640	714
640	715
640	716
640	717
641	642
641	643
641	712
641	713
641	714
641	715
642	643
642	644
642	646
642	647
642	712
642	713
642	714
642	715
643	644
643	645
643	646
643	647
643	711
643	712
643	713
644	645
644	646
644	647
644	677
644	711
644	712
644	713
645	646
645	647
646	647
646	648
647	648
647	649
647	650
647	672
648	649
648	650
648	672
648	673
648	674
648	677
649	650
649	651
649	671
649	672
649	673
650	651
650	652
650	671
650	672
650	715
651	652
651	653
651	669
651	670
651	671
651	672
651	715
651	716
652	653
652	654
652	655
652	668
652	669
652	670
652	671
652	672
652	714
652	715
652	716
653	654
653	655
653	668
653	669
653	714
653	715
653	716
654	655
654	656
654	667
654	668
654	699
654	714
655	656
655	657
655	664
655	665
655	666
655	667
655	668
655	699
656	657
656	658
656	664
656	665
656	666
656	667
656	698
656	699
656	700
657	658
657	662
657	663
657	664
657	665
657	697
657	698
657	699
658	659
658	660
658	661
658	662
658	696
658	697
658	698
659	660
659	661
659	662
659	695
659	696
659	697
660	661
660	662
661	662
661	663
662	663
662	664
663	664
663	665
664	665
664	666
664	667
665	666
665	667
665	676
666	667
666	668
666	670
666	672
667	668
667	669
667	670
668	669
668	670
669	670
669	671
670	671
670	672
671	672
671	673
672	673
672	674
672	676
672	677
673	674
673	675
673	676
673	677
674	675
674	676
674	677
674	678
675	676
675	677
675	678
675	679
676	677
676	678
676	679
676	680
677	678
677	679
677	680
677	681
678	679
678	680
678	681
678	682
679	680
679	681
679	682
679	683
680	681
680	682
680	683
680	684
681	682
681	683
681	684
681	685
682	683
682	684
682	685
682	686
683	684
683	685
683	686
683	687
683	695
684	685
684	686
684	687
684	688
684	711
685	686
685	687
685	688
685	689
686	687
686	688
686	689
686	690
686	694
687	688
687	689
687	690
687	691
687	693
687	694
687	695
688	689
688	690
688	691
688	708
688	709
689	690
689	691
690	691
690	692
690	693
690	694
691	692
691	693
691	694
692	693
692	694
693	694
693	695
694	695
694	696
695	696
695	697
696	697
697	698
697	700
698	699
698	700
699	700
699	701
699	713
700	701
700	702
700	711
700	712
700	713
701	702
701	703
701	711
701	712
701	713
702	703
702	704
702	709
702	710
702	711
702	712
703	704
703	705
703	709
703	710
703	711
704	705
704	706
704	708
704	709
704	710
705	706
705	707
705	708
705	709
705	710
706	707
706	708
707	708
707	709
708	709
708	710
709	710
710	711
710	712
711	712
711	713
712	713
713	714
713	715
714	715
714	716
715	716
715	717
716	717
716	718
717	718
717	719
717	720
717	721
718	719
718	720
718	721
718	722
719	720
719	721
719	722
719	723
720	721
720	722
720	723
720	724
721	722
721	723
721	724
722	723
722	724
723	724
723	725
724	725
724	726
724	727
725	726
725	727
725	728
726	727
726	728
727	728
727	729
728	729
