0	1
0	2
0	385
0	386
0	388
1	2
1	3
1	385
1	386
1	387
1	388
2	3
2	4
2	386
2	387
3	4
3	5
3	255
3	386
3	387
4	5
4	6
4	255
4	310
4	311
4	312
5	6
5	7
5	255
5	256
5	257
5	310
5	311
5	312
6	7
6	8
6	256
6	257
6	258
6	311
6	312
6	313
7	8
7	9
7	257
7	258
7	259
7	312
7	313
7	314
8	9
8	10
8	258
8	259
8	260
8	313
8	314
8	315
9	10
9	11
9	259
9	260
9	261
9	314
9	315
9	316
10	11
10	12
10	260
10	261
10	262
10	315
10	316
10	317
10	318
11	12
11	13
11	14
11	261
11	262
11	264
11	265
11	316
11	317
11	318
12	13
12	14
12	262
12	263
12	264
12	265
12	266
12	317
12	318
13	14
13	15
13	265
13	266
13	317
13	318
13	319
13	320
13	321
13	322
14	15
14	16
14	18
14	265
14	317
14	320
14	321
14	335
15	16
15	17
15	18
15	320
15	321
15	335
15	336
15	337
15	354
16	17
16	18
16	320
16	337
16	338
16	353
16	354
16	355
17	18
17	19
17	22
17	23
17	24
17	336
17	337
17	338
18	19
18	20
18	24
18	27
18	335
18	336
18	337
19	20
19	21
19	22
19	24
19	27
19	29
20	21
20	22
20	23
20	24
20	25
20	27
20	28
20	29
20	33
21	22
21	23
21	33
21	36
22	23
22	24
23	24
23	25
24	25
24	26
24	27
25	26
25	27
26	27
26	28
26	280
27	28
27	29
27	280
27	285
27	289
28	29
28	30
28	289
29	30
29	31
29	32
29	33
29	289
29	292
30	31
30	32
30	33
30	34
30	292
31	32
31	33
31	34
31	35
31	292
31	293
31	295
31	296
32	33
32	34
32	35
32	36
32	292
32	295
33	34
33	35
33	36
33	37
34	35
34	36
34	37
34	38
35	36
35	37
35	38
35	39
35	359
36	37
36	38
36	39
36	40
36	41
36	357
36	367
37	38
37	39
37	366
37	367
38	39
38	359
38	366
38	367
39	40
39	41
39	358
39	359
39	360
39	364
39	365
39	366
39	367
39	368
40	41
40	42
40	357
40	358
40	359
40	366
40	367
40	368
40	369
40	370
41	42
41	43
41	356
41	357
41	358
41	368
41	369
41	370
42	43
42	44
42	45
42	355
42	356
42	357
42	369
42	370
42	371
43	44
43	45
43	370
43	371
44	45
44	46
44	353
44	371
44	372
44	373
44	374
45	46
45	47
45	353
45	354
45	355
45	356
45	373
45	374
45	375
45	376
46	47
46	48
46	352
46	353
46	354
46	374
46	375
46	376
47	48
47	49
47	54
47	318
47	319
47	352
47	353
47	354
47	375
47	376
48	49
48	54
48	57
48	63
48	375
48	376
48	377
48	420
49	50
49	51
49	53
49	54
49	319
49	352
49	420
49	421
49	422
50	51
50	54
50	319
50	320
50	344
50	345
50	346
50	347
50	351
50	352
51	52
51	53
51	54
51	76
51	77
51	319
51	344
51	345
52	53
52	54
52	55
52	56
52	77
52	78
52	112
52	113
53	54
53	55
53	56
53	57
53	64
53	69
53	70
54	55
54	56
54	57
54	58
54	318
55	56
55	57
55	58
55	59
55	318
56	57
56	58
56	59
56	60
56	64
56	69
56	87
56	113
57	58
57	59
57	60
57	61
57	62
57	63
57	64
57	377
58	59
58	60
58	61
58	376
58	377
58	380
59	60
59	61
59	93
59	94
59	380
60	61
60	62
60	92
60	93
60	94
60	380
61	62
61	63
61	377
61	378
61	380
61	397
61	398
61	399
62	63
62	64
62	66
62	377
62	397
62	398
62	399
63	64
63	65
63	66
63	398
64	65
64	66
64	67
64	68
64	69
64	70
65	66
65	67
65	68
65	69
65	70
65	424
66	67
66	68
66	513
66	514
67	68
67	69
67	88
67	516
68	69
68	70
68	516
68	517
68	518
68	519
69	70
69	71
69	87
69	518
69	519
69	520
70	71
70	76
70	423
70	424
70	520
71	72
71	73
71	75
71	76
71	423
71	424
71	520
72	73
72	74
72	423
72	424
73	74
73	75
74	75
74	76
74	460
75	76
75	77
76	77
76	423
77	78
77	79
78	79
78	80
78	112
78	525
79	80
79	81
79	140
80	81
80	82
80	83
80	217
80	527
81	82
81	83
81	114
81	115
81	139
81	140
81	217
82	83
82	84
82	527
82	528
82	531
82	532
83	84
83	85
83	524
83	525
83	526
83	527
83	528
83	531
84	85
84	86
84	114
84	116
84	117
84	524
84	525
85	86
85	114
85	519
85	520
85	524
85	525
86	87
86	88
86	113
86	114
86	115
86	125
86	519
87	88
87	89
87	91
87	113
87	114
87	125
88	89
88	90
88	91
89	90
89	91
89	124
89	125
90	91
90	92
91	92
91	93
92	93
92	94
92	96
92	130
93	94
93	95
93	96
93	97
93	130
93	131
94	95
94	96
94	97
94	98
94	380
94	384
95	96
95	97
95	98
95	99
95	105
95	130
95	131
95	132
96	97
96	98
96	99
96	100
96	130
96	131
96	132
97	98
97	99
97	100
97	101
97	384
97	389
98	99
98	100
98	101
98	102
98	103
98	384
98	387
98	389
99	100
99	101
99	102
99	103
99	104
99	105
99	131
100	101
100	102
101	102
101	103
101	387
101	389
102	103
102	104
103	104
103	105
103	255
103	256
103	257
104	105
104	106
104	133
104	255
104	256
104	257
105	106
105	131
105	132
105	133
105	134
105	256
105	257
105	258
106	107
106	108
106	132
106	133
106	134
106	135
106	257
106	258
106	259
107	108
107	109
107	132
107	134
107	135
107	136
107	258
107	259
107	260
108	109
108	110
108	135
108	136
108	137
108	240
108	244
108	259
108	260
108	261
109	110
109	111
109	136
109	137
109	138
109	240
109	260
109	261
109	262
109	263
110	111
110	112
110	137
110	138
110	139
110	140
110	141
110	261
110	262
110	263
111	112
111	113
111	138
111	139
111	140
112	113
112	114
112	139
112	140
112	141
113	114
113	115
113	125
114	115
114	116
114	125
114	126
114	139
115	116
115	123
115	124
115	125
115	126
115	139
116	117
116	118
116	119
116	120
116	121
116	122
116	123
116	124
116	125
116	126
117	118
117	119
117	122
117	123
117	124
118	119
118	120
118	122
119	120
119	121
119	122
119	530
119	531
120	121
120	122
120	530
120	531
120	532
120	533
121	122
121	123
122	123
122	124
123	124
123	125
123	126
124	125
124	126
124	129
125	126
125	127
125	129
126	127
126	128
126	129
126	130
127	128
127	129
127	130
127	131
127	132
127	135
128	129
128	130
128	131
128	132
128	133
128	134
128	223
129	130
129	131
130	131
130	132
131	132
131	133
132	133
132	134
132	135
133	134
133	135
134	135
134	136
134	223
135	136
135	137
135	222
135	223
136	137
136	221
136	222
136	223
137	138
137	139
137	220
137	221
137	222
138	139
138	140
138	141
138	219
138	220
138	221
139	140
139	141
140	141
141	142
141	143
142	143
142	146
142	263
142	266
143	144
143	145
143	146
143	266
143	267
143	268
144	145
144	146
144	147
144	150
144	151
144	152
144	153
144	267
144	268
145	146
145	147
145	148
145	150
145	151
145	214
146	147
146	148
146	214
146	218
147	148
147	149
147	268
148	149
148	150
149	150
150	151
150	152
151	152
151	153
151	154
152	153
152	154
152	155
153	154
153	155
154	155
154	156
154	157
154	158
155	156
155	157
155	158
155	159
156	157
156	158
156	159
156	160
156	456
157	158
157	159
157	160
157	161
158	159
158	160
158	161
158	162
158	163
159	160
159	161
159	162
159	163
159	164
160	161
160	162
160	163
160	164
161	162
161	163
161	164
161	165
162	163
162	164
162	165
162	166
162	202
162	206
163	164
163	165
163	166
163	167
164	165
164	166
164	167
164	168
165	166
165	167
165	168
165	169
166	167
166	168
166	169
166	170
166	199
167	168
167	169
167	170
167	171
168	169
168	170
168	171
168	172
169	170
169	171
169	172
169	173
169	195
169	199
170	171
170	172
170	173
170	174
171	172
171	173
171	174
171	175
172	173
172	174
172	175
172	176
173	174
173	175
173	176
173	177
173	192
173	195
174	175
174	176
174	177
174	178
175	176
175	177
175	178
175	179
176	177
176	178
176	179
176	180
176	187
177	178
177	179
177	180
177	181
178	179
178	180
178	181
178	182
179	180
179	181
179	182
179	183
179	184
179	185
180	181
180	182
180	183
180	184
180	185
180	186
180	187
181	182
181	183
182	183
182	184
183	184
183	185
183	186
184	185
185	186
185	187
186	187
186	188
187	188
187	189
187	191
188	189
188	190
188	191
189	190
189	191
189	192
189	193
190	191
190	192
190	193
190	194
191	192
191	193
191	194
191	195
192	193
192	194
192	195
192	196
193	194
193	195
193	196
193	197
194	195
194	196
194	197
194	198
195	196
195	197
195	198
195	199
196	197
196	198
196	199
196	200
197	198
197	199
197	200
197	201
198	199
198	200
198	201
198	202
199	200
199	201
199	202
199	203
200	201
200	202
200	203
200	204
201	202
201	203
201	204
201	205
202	203
202	204
202	205
202	206
203	204
203	205
203	206
203	207
204	205
204	206
204	207
204	208
205	206
205	207
205	208
205	209
206	207
206	208
206	209
206	210
207	208
207	209
207	210
207	211
208	209
208	210
208	211
208	212
209	210
209	211
209	212
209	213
210	211
210	212
210	213
211	212
211	213
212	213
212	214
212	215
212	216
213	214
213	215
213	216
213	217
214	215
214	216
214	217
214	218
214	230
215	216
215	217
215	218
215	219
215	229
215	230
215	542
216	217
216	218
217	218
217	219
218	219
218	229
218	230
218	231
219	220
219	221
219	226
219	228
219	229
219	230
219	231
220	221
220	226
220	227
220	228
220	229
220	231
221	222
221	223
221	225
221	226
221	227
221	228
222	223
222	224
222	225
222	226
222	227
223	224
223	225
224	225
225	226
225	227
226	227
226	228
226	229
226	535
227	228
227	229
227	544
227	545
227	546
227	547
228	229
228	230
228	231
228	544
228	545
228	546
228	547
229	230
229	231
229	542
229	543
229	544
229	545
230	231
230	232
230	543
230	544
231	232
231	233
232	233
232	234
233	234
233	235
233	236
234	235
234	236
235	236
235	237
235	238
235	239
235	272
236	237
236	238
236	239
236	240
237	238
237	239
237	240
237	241
237	291
238	239
238	240
238	241
238	242
239	240
239	241
239	242
239	243
240	241
240	242
240	243
240	244
241	242
241	243
241	244
241	245
241	294
242	243
242	244
242	245
242	246
243	244
243	245
243	246
243	247
244	245
244	246
244	247
244	248
244	260
245	246
245	247
245	248
245	249
245	298
246	247
246	248
246	249
246	250
247	248
247	249
247	250
247	251
248	249
248	250
248	251
248	252
249	250
249	251
249	252
250	251
250	252
251	252
251	253
251	254
251	256
252	253
252	254
253	254
253	255
254	255
254	256
255	256
256	257
256	258
257	258
257	259
258	259
258	260
259	260
259	261
260	261
260	262
261	262
261	263
262	263
262	264
263	264
263	265
263	266
264	265
264	266
264	287
264	288
264	291
265	266
265	267
265	269
265	284
265	287
265	288
266	267
266	268
266	269
267	268
267	269
268	269
268	270
269	270
269	283
269	284
269	287
270	271
270	283
270	287
271	272
271	273
271	275
271	276
271	286
271	287
271	290
272	273
272	274
272	275
272	276
273	274
273	275
273	276
274	275
274	276
275	276
275	277
275	278
275	286
275	290
276	277
276	278
276	286
277	278
277	279
277	286
278	279
278	286
279	280
279	281
279	282
279	283
279	285
279	286
280	281
280	282
280	285
281	282
281	284
281	285
282	283
282	284
282	285
282	286
283	284
283	285
283	286
283	287
284	285
284	286
284	287
284	288
284	333
284	335
285	286
285	287
285	288
285	289
286	287
286	288
286	289
286	290
287	288
287	289
287	290
287	291
288	289
288	290
288	291
288	292
289	290
289	291
289	292
289	293
290	291
290	292
290	293
290	294
291	292
291	293
291	294
291	295
292	293
292	294
292	295
292	296
293	294
293	295
293	296
293	297
294	295
294	296
294	297
294	298
295	296
295	297
295	298
295	299
296	297
296	298
296	299
296	300
297	298
297	299
297	300
297	301
298	299
298	300
298	301
298	302
299	300
299	301
299	302
299	303
300	301
300	302
300	303
300	304
301	302
301	303
301	304
301	305
302	303
302	304
302	305
302	306
302	307
302	308
303	304
303	305
303	306
303	307
303	308
304	305
304	306
305	306
305	307
306	307
306	308
306	309
307	308
307	309
307	310
307	311
308	309
308	310
308	311
309	310
309	311
309	360
309	361
309	362
310	311
310	312
310	360
310	361
310	362
311	312
311	313
311	360
312	313
312	314
312	359
312	360
313	314
313	315
313	358
313	359
313	360
314	315
314	316
314	357
314	358
314	359
315	316
315	356
315	357
315	358
316	317
316	318
316	354
316	355
316	356
316	357
317	318
317	319
317	354
317	355
318	319
319	320
319	321
319	344
319	351
319	352
319	354
320	321
320	322
320	337
320	343
320	344
320	350
320	351
320	352
320	353
320	354
321	322
321	323
321	334
321	335
321	336
321	337
321	343
321	344
321	351
322	323
322	324
322	325
322	334
322	335
322	343
322	344
323	324
323	325
323	334
323	342
323	343
323	344
324	325
324	326
324	453
324	454
324	457
324	458
325	326
325	327
325	332
325	333
325	334
326	327
326	328
326	330
326	331
326	332
326	333
327	328
327	329
327	330
327	331
327	332
328	329
328	330
329	330
329	331
330	331
330	332
331	332
331	333
332	333
332	334
333	334
333	335
334	335
334	336
335	336
336	337
336	338
337	338
337	339
337	340
337	350
338	339
338	340
339	340
339	341
339	482
340	341
340	342
340	349
340	350
340	481
340	482
340	483
341	342
341	343
341	348
341	349
341	350
341	482
341	483
342	343
342	346
342	348
342	349
342	350
342	351
343	344
343	345
343	346
343	348
343	350
343	351
344	345
344	346
344	351
345	346
345	351
345	458
345	459
346	347
346	348
346	351
346	422
346	447
346	459
347	348
347	349
347	351
347	352
347	420
347	422
347	427
347	428
348	349
348	350
348	351
348	352
349	350
349	351
349	352
349	353
350	351
350	352
350	353
351	352
351	353
352	353
352	354
353	354
354	355
354	356
355	356
355	357
356	357
356	358
357	358
357	359
358	359
358	360
359	360
359	361
359	364
360	361
360	362
360	363
360	364
361	362
361	363
361	364
361	366
362	363
362	364
363	364
363	365
364	365
364	366
364	406
364	407
365	366
365	367
365	368
366	367
366	368
367	368
367	369
368	369
368	370
369	370
369	371
370	371
370	372
371	372
371	373
372	373
372	374
372	412
372	413
373	374
373	375
373	413
373	415
374	375
374	413
374	415
375	376
375	377
375	378
375	399
376	377
376	378
376	379
377	378
377	379
377	380
377	398
377	399
378	379
378	380
378	381
378	382
378	399
378	400
378	401
378	402
379	380
379	381
379	382
379	383
379	401
380	381
380	382
380	383
380	384
380	399
381	382
381	383
381	384
381	385
381	391
381	399
381	400
381	401
382	383
382	384
382	385
382	386
382	401
382	402
382	403
383	384
383	385
383	386
383	387
384	385
384	386
384	387
384	388
384	389
384	390
384	391
385	386
385	387
385	388
385	389
386	387
386	388
387	388
387	389
388	389
388	390
389	390
389	391
390	391
390	392
391	392
391	393
392	393
392	394
392	395
393	394
393	395
393	396
394	395
395	396
395	397
396	397
396	398
397	398
397	399
398	399
398	400
399	400
399	401
400	401
400	402
400	414
401	402
401	403
402	403
402	404
402	405
402	406
403	404
403	405
403	406
403	407
404	405
404	406
404	407
404	408
404	409
404	410
405	406
405	407
405	408
405	409
405	410
405	411
405	412
405	413
406	407
406	408
407	408
407	409
408	409
408	410
408	411
409	410
410	411
410	412
411	412
411	413
412	413
412	414
413	414
413	415
414	415
414	416
415	416
415	417
415	418
416	417
416	418
416	431
416	432
416	433
416	434
417	418
417	419
417	430
417	431
417	432
418	419
418	420
418	429
418	430
418	431
419	420
419	421
419	428
419	429
419	430
420	421
420	422
420	426
420	427
420	428
420	429
421	422
421	423
421	424
421	425
421	426
421	427
421	428
422	423
422	424
422	425
422	426
422	427
422	461
423	424
423	425
424	425
424	426
425	426
425	427
425	461
426	427
426	428
427	428
427	429
427	443
427	444
427	445
428	429
428	430
428	441
428	442
428	443
428	444
429	430
429	431
429	441
429	442
429	443
430	431
430	432
430	439
430	440
430	441
430	442
431	432
431	433
431	439
431	440
431	441
432	433
432	434
432	437
432	438
432	439
432	440
433	434
433	435
433	436
433	438
434	435
434	436
435	436
436	437
436	438
437	438
437	439
438	439
438	440
438	476
438	478
438	479
439	440
439	441
439	476
439	477
439	478
440	441
440	442
440	475
440	476
440	477
441	442
441	443
441	474
441	475
441	476
441	477
442	443
442	444
442	472
442	473
442	474
442	475
443	444
443	445
443	446
443	472
443	473
443	474
444	445
444	468
444	469
444	472
444	473
445	446
445	466
445	467
445	468
445	469
446	447
446	448
446	466
446	467
446	468
447	448
447	449
447	459
447	460
447	461
447	465
447	466
447	467
448	449
448	450
448	453
448	465
448	466
449	450
449	451
449	452
449	453
450	451
450	452
450	453
450	454
450	455
451	452
451	453
451	454
453	454
453	455
453	456
453	457
453	458
453	459
454	455
454	456
454	457
454	458
455	456
455	457
456	457
456	458
456	459
457	458
458	459
458	460
459	460
460	461
460	462
460	465
461	462
461	463
461	466
462	463
462	464
462	465
462	466
463	464
463	465
463	466
463	467
464	465
464	466
465	466
465	467
466	467
466	468
467	468
467	469
468	469
468	470
469	470
469	471
469	472
469	473
470	471
470	472
471	472
471	473
472	473
472	474
473	474
474	475
474	486
474	487
475	476
475	477
475	483
475	486
475	487
476	477
476	478
476	479
476	480
477	478
477	479
477	480
477	481
477	483
478	479
478	480
478	481
479	480
479	481
480	481
480	482
480	483
481	482
481	483
482	483
482	484
483	484
483	485
484	485
484	486
485	486
485	487
486	487
486	488
487	488
487	489
487	491
488	489
488	490
488	491
488	492
488	495
489	490
489	491
489	492
490	491
490	492
491	492
491	493
491	494
491	495
492	493
492	494
492	495
493	494
493	495
494	495
494	496
494	497
494	498
495	496
495	497
495	498
495	499
496	497
496	498
496	499
496	500
497	498
497	499
497	500
497	501
498	499
498	500
498	501
498	502
499	500
499	501
499	502
499	503
500	501
500	502
500	503
500	504
501	502
501	503
501	504
501	505
502	503
502	504
502	505
502	506
503	504
503	505
503	506
503	507
504	505
504	506
504	507
504	508
505	506
505	507
505	508
505	509
506	507
506	508
506	509
506	510
507	508
507	509
507	510
507	511
508	509
508	510
508	511
509	510
509	511
509	512
510	511
510	512
510	513
511	512
511	513
512	513
512	514
513	514
513	515
514	515
514	516
515	516
516	517
516	518
517	518
517	519
518	519
518	520
518	521
519	520
519	521
519	524
520	521
520	522
520	524
520	525
521	522
521	523
521	524
521	525
522	523
522	524
522	525
522	526
523	524
523	525
523	526
524	525
524	526
525	526
525	527
526	527
526	528
527	528
527	529
528	529
528	530
528	531
528	532
529	530
529	531
529	532
530	531
530	532
531	532
531	533
532	533
532	534
533	534
533	535
534	535
534	536
534	537
534	538
534	539
534	540
534	542
535	536
535	537
535	542
535	543
535	544
536	537
536	538
536	542
536	543
536	544
537	538
537	539
537	541
537	542
538	539
538	540
539	540
539	541
540	541
540	542
541	542
541	543
542	543
542	544
543	544
544	545
544	546
545	546
545	547
546	547
