0	1
0	2
0	3
0	254
0	255
1	2
1	3
1	211
1	212
1	254
2	3
2	4
2	211
2	212
2	213
2	252
2	253
2	254
2	255
3	4
3	5
3	212
3	213
3	214
3	253
3	254
3	255
3	256
4	5
4	6
4	213
4	214
4	215
4	255
4	256
4	257
5	6
5	7
5	15
5	214
5	215
5	216
5	256
5	257
5	258
5	259
6	7
6	8
6	216
6	219
6	257
6	258
6	259
7	8
7	9
7	11
7	13
7	15
7	216
7	218
7	219
7	220
7	258
7	259
7	260
8	9
8	219
8	220
8	221
8	258
8	259
8	260
8	309
8	312
9	10
9	11
9	219
9	220
9	221
9	260
10	11
10	12
10	218
10	219
10	220
10	221
10	222
10	265
10	266
11	12
11	13
11	218
11	219
11	266
12	13
12	14
12	15
13	14
13	15
13	259
13	260
13	261
13	324
14	15
14	16
14	17
14	18
14	259
14	324
15	16
15	17
15	18
15	19
15	40
15	259
16	17
16	18
16	19
16	20
16	40
16	41
16	42
16	56
17	18
17	19
17	20
17	21
17	41
17	42
17	416
18	19
18	20
18	21
18	22
19	20
19	21
19	22
19	23
19	56
19	57
19	215
20	21
20	22
20	23
20	42
20	56
20	57
21	22
21	23
21	24
21	416
22	23
22	24
22	25
22	26
23	24
23	25
23	26
23	57
24	25
24	26
25	26
25	27
26	27
26	28
26	211
26	212
26	213
27	28
27	29
27	63
27	64
27	210
27	211
27	212
28	29
28	30
28	63
28	64
28	65
28	211
28	212
28	213
29	30
29	55
29	57
29	64
29	65
29	66
29	212
29	213
29	214
29	215
30	31
30	32
30	55
30	65
30	66
30	67
30	68
30	213
30	214
30	215
31	32
31	33
31	55
31	66
31	67
31	68
31	214
31	215
31	216
32	33
32	67
32	68
32	69
32	70
32	71
32	216
32	242
32	245
32	246
33	34
33	35
33	70
33	71
33	217
33	235
33	236
33	237
33	245
34	35
34	71
34	72
34	131
34	217
34	235
35	36
35	37
35	38
35	52
35	53
35	71
35	72
35	73
35	131
36	37
36	38
36	39
36	52
36	53
36	74
36	129
37	38
37	39
37	52
37	127
37	129
37	294
38	39
38	40
38	52
38	217
38	218
38	294
39	40
39	41
39	50
39	51
39	52
39	293
39	294
40	41
40	42
40	50
40	51
40	52
40	293
41	42
41	43
41	48
41	49
41	50
41	51
42	43
42	44
42	48
42	49
42	50
43	44
43	45
43	46
43	47
43	48
43	49
43	414
43	415
43	416
44	45
44	46
44	47
44	48
44	415
44	416
45	46
45	47
45	415
46	47
46	48
46	415
47	48
47	49
48	49
48	50
49	50
49	51
50	51
50	52
51	52
51	53
51	54
51	56
52	53
52	54
53	54
53	55
53	78
54	55
54	56
54	65
55	56
55	57
55	58
55	65
55	215
56	57
56	58
57	58
57	59
57	60
57	63
58	59
58	60
58	63
58	65
59	60
59	61
60	61
60	62
60	63
61	62
61	63
62	63
62	64
63	64
63	65
64	65
64	66
64	92
64	93
65	66
65	67
65	92
65	93
65	94
66	67
66	68
66	93
66	94
66	95
67	68
67	69
67	94
67	95
67	96
68	69
68	70
68	71
68	95
68	96
68	99
68	198
68	245
68	246
69	70
69	71
69	96
69	98
69	99
69	245
69	246
70	71
70	72
70	99
70	244
70	245
70	246
71	72
71	73
71	99
71	100
72	73
72	74
72	99
72	100
72	101
72	102
72	131
72	134
73	74
73	75
73	100
73	101
73	102
74	75
74	76
74	77
74	78
74	101
74	102
74	103
75	76
75	77
75	78
75	79
75	101
75	102
76	77
76	78
76	79
76	80
77	78
77	79
77	80
77	81
78	79
78	80
78	81
78	82
79	80
79	81
79	82
79	83
80	81
80	82
80	83
80	84
81	82
81	83
81	84
81	85
82	83
82	84
82	85
82	86
83	84
83	85
83	86
84	85
84	86
85	86
85	87
86	87
86	88
86	89
87	88
87	89
88	89
88	90
88	91
89	90
89	91
89	92
89	93
90	91
90	92
90	93
91	92
91	93
92	93
92	94
93	94
93	95
93	194
94	95
94	96
94	194
94	195
94	196
94	198
95	96
95	97
95	194
95	195
95	196
95	198
96	97
96	98
96	99
96	146
96	195
96	196
96	197
96	198
97	98
97	99
97	145
97	146
97	147
97	195
97	196
97	197
98	99
98	100
98	145
98	146
98	147
99	100
99	101
99	145
99	146
100	101
100	102
100	143
100	144
100	145
100	146
101	102
101	103
101	144
101	145
101	146
102	103
102	104
102	106
102	134
103	104
103	105
103	106
104	105
104	106
104	107
104	108
105	106
105	107
105	108
105	109
106	107
106	108
106	109
106	110
106	130
106	133
106	134
107	108
107	109
107	110
107	111
107	128
107	129
107	130
108	109
108	110
108	111
108	112
109	110
109	111
109	112
109	113
109	130
109	133
110	111
110	112
110	113
110	114
110	128
110	130
110	132
110	133
111	112
111	113
111	114
111	115
111	128
112	113
112	114
112	115
112	116
113	114
113	115
113	116
113	117
114	115
114	116
114	117
114	118
114	123
114	124
115	116
115	117
115	118
115	119
116	117
116	118
116	119
116	120
117	118
117	119
117	120
117	121
117	122
117	123
118	119
118	120
118	121
118	122
118	123
119	120
119	121
120	121
120	122
121	122
121	123
122	123
122	124
123	124
123	125
124	125
124	126
124	230
124	231
124	268
124	269
125	126
125	127
125	268
125	269
126	127
126	128
126	268
127	128
127	129
127	295
128	129
128	130
129	130
129	131
130	131
130	132
130	133
130	134
131	132
131	133
131	134
131	135
132	133
132	134
132	135
132	136
132	234
133	134
133	135
133	136
133	137
134	135
134	136
134	137
134	138
135	136
135	137
135	138
135	139
135	234
136	137
136	138
136	139
136	140
137	138
137	139
137	140
137	141
137	142
137	143
138	139
138	140
138	141
138	142
138	143
139	140
139	141
140	141
140	142
141	142
141	143
142	143
142	144
142	162
143	144
143	145
144	145
144	146
144	148
145	146
145	147
145	148
146	147
146	148
146	149
146	195
147	148
147	149
147	150
147	195
148	149
148	150
148	151
148	155
149	150
149	151
149	152
149	155
149	188
149	192
150	151
150	152
150	188
150	192
151	152
151	153
151	154
151	155
152	153
152	154
152	155
152	156
152	185
152	188
153	154
153	155
153	156
153	157
154	155
154	156
154	157
154	158
155	156
155	157
155	158
155	159
156	157
156	158
156	159
156	160
157	158
157	159
157	160
157	161
158	159
158	160
158	161
158	162
159	160
159	161
159	162
159	163
160	161
160	162
160	163
160	164
161	162
161	163
161	164
161	165
162	163
162	164
162	165
162	166
163	164
163	165
163	166
163	167
164	165
164	166
164	167
164	168
165	166
165	167
165	168
165	169
166	167
166	168
166	169
166	170
167	168
167	169
167	170
167	171
167	172
167	173
168	169
168	170
168	171
168	172
169	170
169	171
170	171
170	172
171	172
171	173
172	173
172	174
173	174
173	175
174	175
174	176
175	176
175	177
176	177
176	178
176	179
176	180
177	178
177	179
177	180
177	181
178	179
178	180
178	181
178	182
179	180
179	181
179	182
179	183
180	181
180	182
180	183
180	184
181	182
181	183
181	184
181	185
182	183
182	184
182	185
182	186
183	184
183	185
183	186
183	187
184	185
184	186
184	187
184	188
185	186
185	187
185	188
185	189
186	187
186	188
186	189
186	190
187	188
187	189
187	190
187	191
188	189
188	190
188	191
188	192
189	190
189	191
189	192
190	191
190	192
191	192
191	193
191	194
191	195
192	193
192	194
192	195
193	194
193	195
194	195
194	196
195	196
196	197
196	198
197	198
197	199
197	200
197	201
198	199
198	200
198	201
198	202
199	200
199	201
199	202
199	203
199	247
200	201
200	202
200	203
200	204
201	202
201	203
201	204
201	205
202	203
202	204
202	205
202	206
203	204
203	205
203	206
203	207
204	205
204	206
204	207
204	208
205	206
205	207
205	208
205	209
205	210
206	207
206	208
206	209
206	210
207	208
207	209
208	209
208	210
209	210
209	211
210	211
210	212
211	212
211	213
212	213
212	214
213	214
213	215
214	215
214	216
215	216
215	217
216	217
216	218
216	237
217	218
217	219
217	237
218	219
218	222
218	237
219	220
219	221
219	222
219	223
219	237
220	221
220	222
220	223
220	227
220	237
220	238
220	312
221	222
221	223
221	226
221	227
221	228
222	223
222	224
222	227
222	228
222	232
222	233
223	224
223	225
223	226
223	227
223	232
223	233
223	235
223	236
223	237
223	238
224	225
224	226
224	227
224	229
224	232
224	233
224	234
224	235
224	236
225	226
225	227
226	227
226	228
227	228
227	229
227	232
227	357
228	229
228	230
228	231
228	232
228	357
228	358
229	230
229	231
229	232
229	357
229	358
230	231
230	232
231	232
231	269
231	270
232	233
232	234
233	234
233	235
234	235
234	236
235	236
235	237
236	237
236	238
236	241
237	238
237	241
238	239
238	240
238	241
238	316
239	240
239	241
239	242
239	316
240	241
240	242
240	243
240	244
241	242
241	243
241	244
241	245
242	243
242	244
242	245
242	246
243	244
243	245
243	246
243	247
243	248
243	249
243	250
244	245
244	246
244	247
245	246
245	247
246	247
246	248
247	248
247	249
248	249
248	250
248	252
249	250
249	251
249	252
250	251
250	252
250	253
251	252
251	253
252	253
252	254
253	254
253	255
254	255
255	256
255	257
255	319
256	257
256	258
256	318
256	319
256	320
257	258
257	259
257	318
257	319
257	320
257	321
257	322
258	259
258	260
258	318
258	320
258	321
258	322
259	260
259	261
259	321
259	322
259	323
260	261
260	262
260	321
260	322
260	323
260	324
261	262
261	263
261	264
261	323
261	324
261	325
262	263
262	264
262	304
262	323
262	324
262	325
262	326
263	264
263	265
263	302
263	303
263	304
264	265
264	266
264	301
264	302
264	303
264	304
265	266
265	267
265	299
265	300
265	301
265	302
266	267
266	268
266	299
266	300
266	301
267	268
267	269
267	298
267	299
267	300
268	269
268	270
269	270
270	271
270	272
270	359
271	272
271	273
271	359
271	362
272	273
272	274
272	275
273	274
273	275
273	367
274	275
274	276
274	302
274	303
274	305
274	367
275	276
275	277
275	300
275	301
275	302
275	303
276	277
276	278
276	280
276	281
276	301
276	302
277	278
277	281
278	279
278	280
278	281
278	282
279	280
279	281
279	282
279	283
280	281
280	282
280	283
280	284
281	282
281	283
281	284
281	285
281	301
281	302
282	283
282	284
282	285
282	286
283	284
283	285
283	286
283	287
284	285
284	286
284	287
284	288
284	301
284	328
285	286
285	287
285	288
285	289
285	290
285	301
286	287
286	288
286	289
286	290
287	288
287	289
287	328
288	289
288	290
288	328
289	290
289	291
290	291
290	292
290	298
290	299
291	292
291	293
291	296
291	297
291	298
291	299
292	293
292	294
292	295
292	296
292	297
292	298
292	299
293	294
293	295
293	296
294	295
294	296
295	296
295	297
296	297
296	298
297	298
297	299
298	299
298	300
299	300
299	301
300	301
300	302
301	302
302	303
302	304
303	304
303	305
303	336
303	337
303	338
304	305
304	306
304	337
304	338
305	306
305	307
305	308
305	309
305	337
305	338
305	339
306	307
306	308
306	309
306	310
306	338
306	339
307	308
307	309
307	310
307	311
307	339
307	340
307	352
307	353
307	355
308	309
308	310
308	311
308	312
308	355
309	310
309	311
309	312
309	313
310	311
310	312
310	313
310	314
310	353
310	403
311	312
311	313
311	314
311	315
311	353
311	354
311	355
312	313
312	314
312	315
312	316
313	314
313	315
313	316
313	317
313	318
314	315
314	316
314	317
315	316
315	317
316	317
316	318
317	318
317	319
318	319
318	320
318	321
319	320
319	405
320	321
320	322
320	405
320	406
320	407
320	408
321	322
321	323
321	405
321	406
321	407
321	408
321	409
322	323
322	324
322	407
322	408
322	409
322	410
323	324
323	407
323	409
323	410
323	411
324	325
324	326
324	410
324	411
324	412
325	326
325	327
325	328
325	411
325	412
325	413
326	327
326	328
326	329
326	411
326	412
327	328
327	329
327	330
327	378
327	379
327	380
327	412
327	413
328	329
328	330
329	330
329	331
329	332
330	331
330	332
330	375
330	376
330	377
330	378
331	332
331	333
331	374
331	375
331	376
332	333
332	334
332	335
332	374
332	375
333	334
333	373
333	374
333	375
334	335
334	336
334	371
334	372
334	373
334	374
335	336
335	337
335	371
335	372
335	373
335	374
336	337
336	338
336	369
336	370
336	371
336	372
337	338
337	339
337	369
337	370
337	371
338	339
338	340
338	367
338	368
338	369
338	370
339	340
339	368
339	369
339	370
340	341
340	342
340	350
340	367
340	368
341	342
341	343
341	349
341	350
341	365
341	366
341	367
341	368
342	343
342	344
342	347
342	348
342	349
342	350
342	365
342	366
342	367
342	368
343	344
343	345
343	346
343	347
343	348
343	349
343	350
343	364
343	365
343	366
344	345
344	346
344	347
344	364
344	365
344	366
345	346
345	347
345	364
346	347
346	348
347	348
347	349
348	349
348	350
349	350
349	351
350	351
350	352
350	354
351	352
351	353
351	354
352	353
352	354
353	354
353	355
354	355
354	356
355	356
355	357
356	357
356	358
356	361
356	362
357	358
357	359
357	362
358	359
358	360
358	361
358	362
359	360
359	361
359	362
359	363
360	361
360	362
360	363
361	362
361	363
361	364
362	363
362	364
362	365
363	364
363	365
364	365
364	366
365	366
365	367
366	367
366	368
367	368
367	369
368	369
368	370
369	370
369	371
370	371
370	372
371	372
371	373
372	373
372	374
372	395
373	374
373	375
373	391
374	375
374	376
374	391
375	376
375	377
375	389
375	391
375	392
376	377
376	378
377	378
377	379
378	379
378	380
378	381
379	380
379	381
379	382
379	388
379	412
380	381
380	382
380	412
380	413
380	418
381	382
381	383
382	383
382	384
382	387
382	388
383	384
383	387
383	420
384	385
384	386
384	387
384	420
384	421
385	386
385	387
385	388
385	420
385	422
386	387
386	388
387	388
387	389
388	389
388	390
388	392
388	393
389	390
389	391
389	392
389	393
390	391
390	392
390	393
390	394
391	392
391	393
391	394
391	395
392	393
392	394
392	395
392	396
393	394
393	395
393	396
393	397
394	395
394	396
394	397
394	398
395	396
395	397
395	398
395	399
396	397
396	398
396	399
396	400
397	398
397	399
397	400
397	401
398	399
398	400
398	401
398	402
399	400
399	401
399	402
399	403
400	401
400	402
400	403
400	404
400	405
400	406
400	407
401	402
401	403
401	404
402	403
402	404
403	404
403	405
404	405
404	406
405	406
405	407
406	407
406	408
407	408
407	409
407	422
408	409
408	410
408	421
408	422
408	423
409	410
409	411
409	419
409	420
409	421
409	422
410	411
410	412
410	419
410	420
410	421
411	412
411	413
411	418
411	419
411	420
412	413
412	418
412	419
413	414
413	415
413	418
414	415
414	416
414	418
415	416
415	417
415	418
416	417
416	418
416	419
417	418
417	419
418	419
418	420
419	420
419	421
420	421
420	422
421	422
421	423
422	423
