0	1
0	2
0	3
0	4
0	5
0	6
1	2
1	3
1	4
1	6
2	3
2	4
3	4
3	5
4	5
4	6
5	6
5	7
5	10
5	11
6	7
6	8
6	10
6	11
6	221
7	8
7	9
7	10
7	11
7	221
8	9
8	10
8	11
8	12
8	211
8	212
8	220
8	221
9	10
9	11
9	12
9	13
9	210
9	211
9	212
10	11
10	12
10	13
10	14
11	12
11	13
11	14
11	15
11	221
12	13
12	14
12	15
12	338
13	14
13	15
13	338
14	15
14	16
15	16
15	17
15	231
16	17
16	231
17	18
17	19
17	231
17	232
18	19
18	20
18	21
18	22
19	20
19	21
19	22
20	21
20	22
20	23
20	24
21	22
21	23
21	24
22	23
22	24
22	80
22	81
22	232
23	24
23	25
23	80
23	81
23	82
23	85
23	344
23	345
23	346
24	25
24	26
24	345
24	346
24	347
25	26
25	27
25	346
25	347
26	27
26	28
26	347
26	348
26	349
27	28
27	29
27	160
27	348
27	349
28	29
28	30
28	160
28	349
28	350
29	30
29	349
29	350
30	31
30	32
30	350
31	32
32	33
33	34
33	35
34	35
34	36
34	50
34	387
34	388
34	389
35	36
35	37
35	49
35	50
35	51
35	389
36	37
36	48
36	49
36	50
36	385
36	389
37	38
37	39
37	47
37	48
37	49
37	385
37	389
38	39
38	40
38	45
38	46
38	47
38	48
38	384
38	385
39	40
39	41
39	45
39	46
39	47
40	41
40	42
40	44
40	45
40	46
41	42
41	43
41	44
41	45
42	43
42	44
43	44
43	360
43	361
43	417
44	45
44	46
44	358
44	359
44	360
44	361
44	417
45	46
45	47
45	358
45	359
45	360
45	417
45	418
46	47
46	48
46	256
46	356
46	357
46	358
46	359
47	48
47	49
47	356
47	357
47	358
48	49
48	50
48	354
48	355
48	356
48	357
49	50
49	51
49	354
49	355
49	356
50	51
50	52
50	352
50	353
50	354
50	355
51	52
51	53
51	352
51	353
51	354
52	53
52	350
52	351
52	352
52	353
53	54
53	55
53	350
53	351
53	352
53	353
54	55
54	56
54	349
54	350
54	351
55	56
55	57
55	348
55	349
55	350
56	57
56	347
56	348
56	349
57	58
57	59
57	164
57	346
57	347
57	348
58	59
58	60
58	344
58	345
58	346
58	347
59	60
59	61
59	62
59	344
59	345
60	61
60	62
60	333
60	343
60	344
60	345
61	62
61	63
61	331
61	332
61	333
62	63
62	64
62	331
62	332
62	333
63	64
63	65
63	167
63	168
63	330
63	331
63	332
64	65
64	66
64	67
64	87
64	330
64	331
65	66
65	67
65	87
66	67
66	68
66	69
66	70
67	68
67	69
67	70
67	294
67	295
67	328
67	329
67	330
68	69
68	70
68	295
68	328
69	70
69	71
70	71
70	72
71	72
71	73
71	121
72	73
72	74
72	76
72	329
73	74
73	75
73	76
73	121
73	124
73	238
73	241
74	75
74	76
74	203
74	204
74	205
74	238
74	239
74	240
74	241
75	76
75	77
75	205
75	237
75	238
75	239
76	77
76	78
76	237
76	238
77	78
77	91
77	92
77	235
77	236
77	237
77	238
78	79
78	80
78	89
78	90
78	91
78	92
78	235
78	236
78	237
79	80
79	81
79	89
79	90
79	91
79	229
79	233
79	234
79	235
79	236
80	81
80	84
80	233
80	234
80	235
80	236
81	82
81	83
81	84
81	85
81	232
81	233
82	83
82	84
82	85
82	86
83	84
83	85
83	86
83	87
83	88
83	89
83	90
84	85
84	86
84	87
84	88
84	89
84	90
85	86
85	87
85	345
86	87
86	88
87	88
87	89
88	89
88	90
89	90
89	91
90	91
90	92
91	92
91	93
92	93
92	94
92	227
93	94
94	95
94	96
95	96
95	215
95	216
96	97
96	98
96	118
96	119
96	214
96	215
96	216
97	98
97	99
97	117
97	118
97	213
97	214
97	215
97	216
98	99
98	100
98	115
98	116
98	117
98	118
98	119
99	100
99	101
99	115
99	116
99	117
99	119
99	205
99	206
100	101
100	102
100	113
100	114
100	115
100	116
100	205
100	206
101	102
101	103
101	113
101	114
101	115
101	203
101	204
101	205
101	206
102	103
102	104
102	112
102	113
102	114
102	203
102	204
102	205
103	104
103	105
103	112
103	113
103	201
103	202
103	203
103	204
104	105
104	106
104	201
104	202
104	203
105	106
105	107
105	108
105	201
106	107
106	108
107	108
107	109
108	109
108	110
108	111
108	112
108	135
109	110
109	111
109	112
110	111
110	112
111	112
111	113
112	113
112	114
112	131
113	114
113	115
114	115
114	116
114	127
115	116
115	117
116	117
116	118
116	119
116	124
116	127
117	118
117	119
118	119
118	120
118	123
119	120
119	121
119	123
119	124
120	121
120	122
120	123
120	124
121	122
121	123
121	124
121	125
122	123
122	124
122	125
122	126
123	124
123	125
123	126
123	127
124	125
124	126
124	127
124	128
125	126
125	127
125	128
125	129
126	127
126	128
126	129
126	130
127	128
127	129
127	130
127	131
128	129
128	130
128	131
128	132
129	130
129	131
129	132
129	133
130	131
130	132
130	133
130	134
131	132
131	133
131	134
131	135
132	133
132	134
132	135
132	136
133	134
133	135
133	136
133	137
134	135
134	136
134	137
134	138
135	136
135	137
135	138
135	139
136	137
136	138
136	139
136	140
137	138
137	139
137	140
138	139
138	140
139	140
139	141
139	142
140	141
140	142
141	142
141	143
142	143
142	144
143	144
143	145
143	322
143	323
143	324
144	145
144	146
144	320
144	321
144	322
144	323
145	146
145	147
145	320
145	321
145	322
146	147
146	148
146	319
146	320
146	321
147	148
147	149
147	198
147	199
147	200
147	319
147	320
147	321
148	149
148	150
148	198
148	199
148	200
149	150
149	151
149	196
149	197
149	198
149	199
150	151
150	152
150	196
150	197
150	198
151	152
151	153
151	195
151	196
151	197
152	153
152	154
152	166
152	194
152	195
152	196
153	154
153	193
153	194
153	195
154	155
154	156
154	192
154	193
154	194
155	156
155	157
155	191
155	192
155	193
156	157
156	158
156	162
156	191
156	192
157	158
157	161
157	162
157	184
157	185
157	352
157	353
158	159
158	160
158	161
158	162
158	181
158	351
159	160
159	161
159	162
159	163
159	170
159	181
160	161
160	162
160	163
160	164
160	349
161	162
161	163
161	164
161	165
161	349
161	351
162	163
162	164
162	165
162	166
163	164
163	165
163	166
163	167
163	168
163	169
163	170
164	165
164	166
164	167
164	347
165	166
165	167
166	167
166	168
167	168
168	169
168	170
169	170
169	171
169	172
170	171
170	172
170	173
170	174
171	172
171	173
171	174
171	175
172	173
172	174
172	175
172	176
173	174
173	175
173	176
173	177
173	178
173	179
174	175
174	176
174	177
174	178
174	179
175	176
175	177
175	178
176	177
176	178
177	178
177	179
177	250
177	289
177	291
178	179
178	180
179	180
179	181
180	181
180	182
180	183
180	184
181	182
181	183
181	184
181	185
182	183
182	184
182	185
182	186
183	184
183	185
183	186
183	187
183	188
183	189
184	185
184	186
184	187
184	188
184	189
184	190
185	186
185	187
186	187
186	188
187	188
187	189
187	190
188	189
188	190
188	254
189	190
189	191
189	252
189	253
189	254
189	255
190	191
190	192
190	252
190	253
190	254
191	192
191	193
191	250
191	251
191	252
191	253
192	193
192	194
192	250
192	251
192	252
193	194
193	195
193	249
193	250
193	251
194	195
194	196
194	248
194	249
194	250
195	196
195	197
195	246
195	247
195	248
195	249
196	197
196	198
196	246
196	247
196	248
197	198
197	199
197	245
197	246
197	247
198	199
198	200
198	244
198	245
198	246
198	319
199	200
199	201
199	242
199	243
199	244
199	245
200	201
200	243
200	244
200	321
201	202
201	203
201	242
201	243
202	203
202	204
202	240
202	241
202	242
202	243
203	204
203	205
203	240
203	241
203	242
204	205
204	206
204	239
204	240
204	241
205	206
205	207
205	239
205	240
206	207
206	208
207	208
207	209
208	209
208	210
208	211
208	213
208	214
209	210
209	211
210	211
210	212
210	213
211	212
211	213
211	214
211	337
212	213
212	214
212	215
213	214
213	215
214	215
214	216
215	216
215	217
215	219
216	217
216	218
216	219
217	218
217	219
218	219
218	220
219	220
219	221
219	223
220	221
220	222
220	223
220	224
221	222
221	223
221	224
221	225
222	223
222	224
222	225
222	226
223	224
223	225
223	226
223	227
224	225
224	226
224	227
224	228
224	229
225	226
225	227
225	228
225	229
225	230
226	227
226	228
227	228
227	229
228	229
228	230
228	233
229	230
229	233
229	234
229	235
230	231
230	232
230	233
230	234
231	232
231	233
231	234
232	233
232	234
233	234
233	235
234	235
234	236
235	236
235	336
235	337
236	237
236	238
236	334
236	335
236	336
236	337
237	238
237	239
237	334
237	335
237	336
237	337
238	239
238	240
238	333
238	334
238	335
239	240
239	333
239	334
239	335
240	241
240	242
240	332
240	333
240	334
241	242
241	243
241	329
241	331
241	332
241	333
242	243
242	244
242	329
242	330
242	331
242	332
243	244
243	327
243	328
243	329
243	330
244	245
244	294
244	295
244	327
244	328
244	329
244	330
245	246
245	247
245	293
245	294
245	295
245	330
246	247
246	248
246	292
246	293
246	294
247	248
247	249
247	290
247	291
247	292
247	293
247	315
248	249
248	250
248	290
248	291
248	292
249	250
249	251
249	289
249	290
249	291
250	251
250	252
250	288
250	289
250	290
251	252
251	286
251	287
251	288
251	289
252	253
252	286
252	287
252	288
253	254
253	255
253	285
253	286
253	287
254	255
254	256
254	285
254	286
255	256
255	257
255	282
255	285
256	257
256	258
256	356
256	357
256	358
257	258
257	259
257	260
257	356
257	357
257	358
258	259
258	260
258	356
258	357
258	358
259	260
259	261
259	262
259	263
260	261
260	262
260	263
260	264
260	282
261	262
261	263
261	264
261	265
262	263
262	264
262	265
262	266
263	264
263	265
263	266
263	267
263	274
263	279
264	265
264	266
264	267
264	268
265	266
265	267
265	268
265	269
266	267
266	268
266	269
266	270
266	271
266	273
266	274
267	268
267	269
267	270
267	271
267	274
268	269
268	270
269	270
269	271
270	271
270	272
270	274
271	272
271	273
271	274
272	273
272	274
272	275
273	274
273	275
273	276
274	275
274	276
274	279
274	280
275	276
275	277
275	279
275	280
276	277
276	278
276	279
276	280
277	278
277	279
277	280
277	281
278	279
278	280
278	281
278	282
279	280
279	281
279	282
279	283
280	281
280	282
280	283
280	284
281	282
281	283
281	284
281	285
282	283
282	284
282	285
282	286
283	284
283	285
283	286
284	285
284	286
285	286
285	287
286	287
286	288
286	306
287	288
287	289
287	304
287	305
287	306
288	289
288	290
288	304
288	305
288	306
288	308
289	290
289	291
289	303
289	304
289	305
290	291
290	292
290	302
290	303
290	304
290	311
291	292
291	293
291	301
291	302
291	303
292	293
292	294
292	297
292	301
293	294
293	295
293	297
294	295
294	296
294	297
294	328
294	330
295	296
295	297
295	327
295	328
296	297
296	298
297	298
297	299
298	299
298	300
298	301
299	300
299	301
300	301
300	302
301	302
302	303
302	304
303	304
303	305
304	305
305	306
305	307
305	308
306	307
306	308
307	308
307	309
307	310
308	309
308	310
308	311
308	312
309	310
309	311
309	312
309	313
310	311
310	312
310	313
310	314
311	312
311	313
311	314
311	315
312	313
312	314
312	315
312	316
313	314
313	315
313	316
313	317
314	315
314	316
314	317
314	318
315	316
315	317
315	318
315	319
316	317
316	318
316	319
317	318
317	319
318	319
318	320
319	320
319	321
320	321
320	322
321	322
321	323
322	323
322	324
322	325
323	324
323	325
324	325
324	326
325	326
325	327
326	327
326	328
327	328
328	329
328	330
329	330
329	331
330	331
331	332
332	333
332	334
333	334
334	335
334	336
334	342
334	343
335	336
335	337
335	340
335	341
335	342
335	343
336	337
336	338
336	339
336	340
336	341
336	342
336	343
337	338
337	339
337	340
338	339
338	340
339	340
339	341
340	341
340	342
341	342
341	343
342	343
342	344
343	344
343	345
344	345
344	346
345	346
345	347
346	347
346	348
347	348
347	349
348	349
349	350
349	351
350	351
351	352
351	353
352	353
352	354
353	354
353	355
354	355
354	356
355	356
356	357
356	358
357	358
357	359
358	359
358	360
359	360
359	361
359	417
359	418
360	361
360	362
360	417
361	362
361	415
361	416
361	417
361	450
362	363
362	414
362	415
362	416
362	417
362	448
362	449
362	450
362	451
363	364
363	365
363	412
363	413
363	414
363	415
363	450
363	451
363	452
364	365
364	366
364	412
364	413
364	414
364	451
364	452
364	453
365	366
365	367
365	411
365	412
365	413
365	452
365	453
365	454
366	367
366	368
366	410
366	411
366	412
366	453
366	454
366	455
367	368
367	369
367	408
367	409
367	410
367	454
367	455
367	456
368	369
368	370
368	407
368	408
368	409
368	410
368	455
368	456
368	457
369	370
369	371
369	407
369	408
369	456
369	457
370	371
370	372
370	407
370	456
370	457
370	458
370	459
371	372
371	407
371	457
371	458
371	459
371	460
372	373
372	374
372	406
372	407
372	428
372	459
372	460
373	374
373	404
373	405
373	406
373	428
373	429
374	375
374	376
374	404
374	405
374	406
374	426
374	427
374	428
374	429
375	376
375	377
375	401
375	402
375	403
375	404
375	405
375	426
375	427
375	428
376	377
376	378
376	401
376	402
376	425
376	426
376	427
377	378
377	379
377	401
377	402
377	424
377	425
377	426
378	379
378	397
378	398
378	401
378	423
378	424
378	425
379	380
379	396
379	397
379	398
379	422
379	423
379	424
380	381
380	382
380	395
380	396
380	397
380	419
380	420
380	421
380	422
380	423
381	382
381	383
381	393
381	394
381	395
381	396
381	419
381	420
381	421
381	422
382	383
382	384
382	393
382	394
382	395
382	418
382	419
382	420
383	384
383	391
383	392
383	393
383	394
383	418
383	419
383	420
384	385
384	386
384	391
384	392
384	393
385	386
385	387
385	389
385	390
385	391
385	392
386	387
386	388
386	389
386	390
386	391
386	392
387	388
387	389
388	389
388	390
389	390
389	391
390	391
390	392
391	392
391	393
392	393
392	394
393	394
393	395
394	395
394	396
395	396
395	397
396	397
397	398
397	399
398	399
398	400
398	401
399	400
399	401
400	401
400	402
400	403
401	402
401	403
402	403
402	404
403	404
403	405
404	405
404	406
405	406
405	409
406	407
406	408
406	409
407	408
407	409
408	409
408	410
409	410
409	411
410	411
411	412
411	413
412	413
412	414
413	414
413	415
414	415
414	416
415	416
415	417
415	419
416	417
416	418
416	419
417	418
417	419
418	419
418	420
419	420
420	421
420	422
421	422
421	423
421	445
422	423
422	424
422	444
422	445
422	446
423	424
423	425
423	443
423	444
423	445
423	446
424	425
424	426
424	442
424	443
424	444
425	426
425	427
425	441
425	442
425	443
426	427
426	428
426	439
426	440
426	441
426	442
427	428
427	429
427	437
427	438
427	439
427	440
428	429
428	430
428	437
428	438
428	439
428	440
429	430
429	431
429	437
430	431
430	437
431	432
431	433
431	436
431	437
432	433
432	436
433	434
433	435
433	436
433	437
434	435
434	436
434	437
435	436
435	437
436	437
436	438
437	438
437	439
438	439
438	440
439	440
439	441
439	442
440	441
440	442
440	463
440	464
440	465
441	442
441	443
441	465
442	443
442	444
443	444
443	445
443	446
444	445
444	446
445	446
445	447
446	447
446	448
447	448
447	449
448	449
449	450
449	451
449	452
449	469
449	470
450	451
450	452
450	470
451	452
451	453
451	469
451	470
452	453
452	454
452	467
452	468
452	469
452	470
453	454
453	455
453	467
453	468
453	469
454	455
454	456
454	466
454	467
454	468
455	456
455	457
455	465
455	466
455	467
456	457
456	464
456	465
456	466
457	458
457	459
457	463
457	464
457	465
458	459
458	460
458	462
458	463
458	464
459	460
459	461
459	462
459	463
460	461
460	462
460	463
461	462
461	463
462	463
462	464
463	464
464	465
465	466
466	467
466	468
467	468
467	469
468	469
469	470
