0	1
0	2
0	38
0	39
0	40
1	2
1	3
1	39
1	40
1	224
2	3
2	4
2	39
2	40
2	41
2	224
2	225
3	4
3	5
3	40
3	41
3	42
3	224
3	225
3	226
4	5
4	6
4	41
4	42
4	43
4	225
4	226
4	227
5	6
5	42
5	43
5	44
5	226
5	227
5	228
6	7
6	8
6	43
6	44
6	45
6	227
6	228
6	229
7	8
7	9
7	23
7	24
7	27
7	45
7	228
7	229
7	230
8	9
8	10
8	45
8	229
8	230
9	10
9	11
9	45
9	46
9	47
9	48
10	11
10	12
10	47
10	48
11	12
11	13
11	14
11	47
11	48
11	49
12	13
12	14
12	47
12	48
12	49
12	54
12	69
12	72
12	73
13	14
13	53
13	54
13	57
14	15
14	16
15	16
15	17
15	76
15	279
16	17
16	20
16	76
16	279
16	280
17	18
17	19
17	20
17	21
17	278
17	279
17	280
18	19
18	20
18	21
18	22
18	278
18	279
18	280
19	20
19	21
19	22
19	262
19	263
20	21
20	22
20	23
20	24
21	22
21	23
21	24
21	25
22	23
22	24
22	25
22	26
22	296
23	24
23	25
23	26
23	27
23	229
23	230
24	25
24	26
24	27
24	28
24	85
25	26
25	27
25	28
25	29
25	85
25	293
26	27
26	28
26	29
26	30
27	28
27	29
27	30
27	31
27	229
28	29
28	30
28	31
28	32
28	85
28	86
29	30
29	31
29	32
29	33
29	430
29	431
30	31
30	32
30	33
30	34
30	369
30	370
31	32
31	33
31	34
31	35
32	33
32	34
32	35
32	36
32	430
33	34
33	35
33	36
33	37
33	369
33	430
34	35
34	36
34	37
34	38
34	39
35	36
35	37
35	38
35	39
35	40
35	41
36	37
36	38
36	448
36	449
37	38
37	39
37	449
38	39
38	40
39	40
39	41
40	41
40	42
41	42
41	43
42	43
42	44
42	88
43	44
43	87
43	88
43	89
44	45
44	87
44	88
44	89
44	90
44	200
44	201
45	46
45	89
45	90
45	91
45	197
45	200
46	47
46	48
46	90
46	91
46	92
46	93
46	200
47	48
47	49
47	73
47	91
47	92
47	93
48	49
48	50
48	92
48	93
48	193
49	50
49	54
49	69
49	92
49	93
49	94
50	51
50	54
50	94
50	175
50	176
50	189
51	52
51	53
51	54
51	55
51	174
51	175
51	176
51	189
52	53
52	54
52	55
52	56
53	54
53	55
53	56
53	57
54	55
54	56
54	57
54	58
54	65
55	56
55	57
55	58
55	59
55	65
55	175
56	57
56	58
56	59
56	60
57	58
57	59
57	60
57	61
58	59
58	60
58	61
58	62
58	63
58	64
58	65
58	68
59	60
59	61
59	62
59	63
60	61
60	62
61	62
61	63
62	63
63	64
63	65
63	67
63	68
64	65
64	66
64	67
64	68
65	66
65	67
65	68
65	69
66	67
66	68
66	69
66	70
67	68
67	69
67	70
67	71
68	69
68	70
68	71
68	72
69	70
69	71
69	72
69	73
70	71
70	72
70	73
70	74
71	72
71	73
71	74
71	75
72	73
72	74
72	75
72	76
73	74
73	75
73	76
73	77
74	75
74	76
74	77
74	78
75	76
75	77
75	78
75	79
76	77
76	78
76	79
76	80
77	78
77	79
77	80
77	81
78	79
78	80
78	81
78	82
79	80
79	81
79	82
79	83
79	280
79	281
80	81
80	82
80	83
80	84
80	85
81	82
81	83
81	84
81	85
82	83
82	84
83	84
83	85
83	289
84	85
84	86
85	86
85	87
86	87
86	88
87	88
87	89
87	90
88	89
89	90
89	91
89	200
89	204
90	91
90	200
91	92
91	200
92	93
92	94
92	95
92	196
92	200
93	94
93	95
93	98
93	193
93	196
94	95
94	98
95	96
95	97
95	98
95	99
96	97
96	98
96	99
96	100
97	98
97	99
97	100
97	101
97	199
97	202
97	203
98	99
98	100
98	101
98	102
98	195
98	196
98	199
99	100
99	101
99	102
99	103
99	177
100	101
100	102
100	103
100	104
101	102
101	103
101	104
101	105
101	195
101	199
102	103
102	104
102	105
102	106
102	192
102	195
103	104
103	105
103	106
103	107
104	105
104	106
104	107
104	108
105	106
105	107
105	108
105	109
105	249
106	107
106	108
106	109
106	110
107	108
107	109
107	110
107	111
108	109
108	110
108	111
108	112
108	249
109	110
109	111
109	112
109	113
109	114
109	115
109	248
109	249
110	111
110	112
110	113
110	114
110	115
111	112
111	113
112	113
112	114
113	114
113	115
114	115
114	116
114	129
114	130
115	116
115	117
115	127
115	128
115	129
115	130
116	117
116	118
116	127
116	128
116	129
116	130
117	118
117	125
117	126
117	127
117	128
118	119
118	120
118	125
118	126
118	127
119	120
119	123
119	124
119	125
119	126
120	121
120	123
120	124
120	125
121	122
121	123
121	124
122	123
122	124
123	124
124	125
124	126
125	126
125	127
126	127
126	128
126	167
126	169
127	128
127	129
127	167
127	168
127	169
128	129
128	130
128	165
128	166
128	167
128	168
129	130
129	131
129	165
129	166
129	167
129	168
130	131
130	132
130	133
130	165
130	166
131	132
131	133
131	134
131	163
131	164
131	165
131	166
131	241
131	244
132	133
132	134
132	135
132	163
132	164
132	165
133	134
133	135
134	135
134	136
134	137
134	138
134	244
135	136
135	137
135	138
135	139
136	137
136	138
136	139
136	140
137	138
137	139
137	140
137	141
138	139
138	140
138	141
138	142
139	140
139	141
139	142
139	143
140	141
140	142
140	143
140	144
141	142
141	143
141	144
142	143
142	144
142	147
142	152
143	144
143	145
144	145
144	146
145	146
145	147
146	147
146	148
146	256
147	148
147	149
147	151
147	152
147	256
147	257
148	149
148	150
148	151
148	152
149	150
149	151
149	152
149	153
150	151
150	152
150	153
150	154
151	152
151	153
151	154
151	155
152	153
152	154
152	155
152	156
153	154
153	155
153	156
153	157
154	155
154	156
154	157
154	158
155	156
155	157
155	158
155	159
156	157
156	158
156	159
156	160
157	158
157	159
157	160
157	161
158	159
158	160
158	161
158	162
159	160
159	161
159	162
159	163
160	161
160	162
161	162
161	163
162	163
162	164
163	164
164	165
164	166
165	166
165	167
166	167
166	168
167	168
167	169
168	169
168	187
168	188
168	191
169	170
169	171
169	185
169	186
169	187
169	188
170	171
170	172
170	185
170	186
170	187
170	188
171	172
171	173
171	174
171	184
171	185
171	186
172	173
172	174
172	184
172	185
172	186
173	174
173	175
174	175
174	176
174	186
175	176
176	177
176	178
176	186
176	187
176	189
177	178
177	179
177	186
177	187
178	179
178	180
178	185
178	186
178	187
179	180
179	181
179	182
179	185
179	186
179	187
180	181
180	182
181	182
181	183
182	183
182	184
182	185
183	184
183	185
184	185
184	186
185	186
186	187
186	188
187	188
187	189
187	191
187	192
188	189
188	190
188	191
189	190
189	191
189	192
189	193
190	191
190	192
190	193
190	194
191	192
191	193
191	194
192	193
192	194
192	195
192	196
193	194
193	195
193	196
194	195
194	196
194	197
194	242
195	196
195	197
195	198
195	199
196	197
196	198
196	199
196	200
197	198
197	199
197	200
197	201
198	199
198	200
198	201
198	202
199	200
199	201
199	202
199	203
200	201
200	202
200	203
200	204
201	202
201	203
201	204
201	205
202	203
202	204
202	205
202	206
202	214
203	204
203	205
203	206
203	207
204	205
204	206
204	207
204	208
205	206
205	207
205	208
205	209
205	210
205	211
205	213
205	214
206	207
206	208
206	209
206	210
207	208
207	209
208	209
208	210
209	210
209	211
210	211
210	212
210	213
211	212
211	213
212	213
212	214
212	215
212	216
213	214
213	215
213	216
213	217
214	215
214	216
214	217
214	218
215	216
215	217
215	218
215	219
216	217
216	218
216	219
216	222
217	218
217	219
217	222
217	224
218	219
218	220
218	222
218	251
218	252
219	220
219	221
219	222
219	251
219	252
220	221
220	222
220	250
220	251
220	252
221	222
221	223
221	252
222	223
222	224
222	252
223	224
223	225
224	225
224	226
225	226
225	227
225	255
226	227
226	228
226	254
226	255
226	256
227	228
227	229
227	254
227	255
227	256
227	257
228	229
228	230
228	256
228	257
228	258
229	230
229	257
229	258
229	259
230	231
230	232
230	234
230	258
230	259
230	260
231	232
231	233
231	234
231	259
231	260
231	261
232	233
232	234
232	235
232	259
232	260
232	261
233	234
233	235
234	235
234	236
234	237
234	238
235	236
235	237
235	238
235	239
236	237
236	238
236	239
236	240
237	238
237	239
237	240
237	241
237	242
238	239
238	240
238	241
238	242
238	243
239	240
239	241
239	242
239	243
240	241
240	242
240	243
240	244
241	242
241	243
241	244
241	245
242	243
242	244
242	245
242	246
243	244
243	245
243	246
243	247
243	253
243	254
244	245
244	246
244	247
244	248
245	246
245	247
245	248
245	249
246	247
246	248
246	249
246	250
246	251
246	252
246	253
247	248
247	249
247	250
247	251
247	252
247	253
248	249
248	250
249	250
249	251
250	251
250	252
251	252
251	253
252	253
252	254
253	254
253	255
254	255
254	256
255	256
256	257
256	258
257	258
257	259
258	259
258	260
259	260
259	304
260	261
260	262
260	303
260	304
260	305
261	262
261	263
261	304
261	305
261	306
261	307
262	263
262	264
262	306
262	307
263	264
263	265
263	306
263	307
263	308
263	309
264	265
264	266
264	267
264	268
264	269
264	270
264	307
264	308
264	309
265	266
265	267
265	268
265	269
265	270
265	276
265	308
265	309
265	310
266	267
266	268
266	308
266	309
266	310
266	311
267	268
267	308
267	310
268	269
268	270
269	270
269	271
270	271
270	272
270	276
270	277
271	272
271	273
271	274
271	275
271	276
271	277
272	273
272	274
272	275
272	276
272	277
272	484
272	487
273	274
273	275
273	484
274	275
274	276
274	484
275	276
275	277
275	480
275	481
275	483
275	484
276	277
276	278
276	480
276	483
277	278
277	279
277	483
278	279
278	280
278	282
278	283
278	483
279	280
279	281
279	282
279	283
280	281
280	282
280	283
280	284
281	282
281	283
281	284
281	285
282	283
282	284
282	285
283	284
283	285
283	286
283	287
283	479
284	285
284	286
284	287
284	288
284	289
285	286
285	287
286	287
286	475
286	479
287	288
287	289
288	289
288	290
288	291
289	290
289	291
289	292
289	293
290	291
290	292
290	293
290	294
290	432
290	434
291	292
291	293
291	294
291	295
291	318
292	293
292	294
292	295
292	296
293	294
293	295
293	296
293	297
293	431
293	432
294	295
294	296
294	297
294	298
294	431
294	432
295	296
295	297
295	298
295	299
295	314
296	297
296	298
296	299
296	300
297	298
297	299
297	300
297	374
297	375
298	299
298	300
298	374
298	375
298	378
299	300
299	301
299	307
299	375
300	301
300	373
300	374
300	375
301	302
301	303
301	372
301	373
301	374
301	375
302	303
302	304
302	371
302	372
302	373
303	304
303	305
304	305
304	306
305	306
305	307
306	307
306	308
307	308
307	309
308	309
308	310
309	310
309	311
309	314
310	311
310	312
310	313
310	314
311	312
311	313
311	314
311	315
311	476
312	313
312	314
312	315
312	316
313	314
313	315
313	316
313	317
314	315
314	316
314	317
314	318
315	316
315	317
315	318
315	319
315	471
315	472
315	473
316	317
316	318
316	319
316	320
317	318
317	319
317	320
317	321
318	319
318	320
318	321
318	322
318	323
319	320
319	321
319	322
319	323
319	324
319	470
319	471
320	321
320	322
320	323
320	324
320	325
321	322
321	323
321	324
321	325
321	326
322	323
322	324
322	325
322	326
322	327
323	324
323	325
323	326
323	327
323	328
323	468
323	469
323	470
324	325
324	326
324	327
324	328
325	326
325	327
325	328
325	329
325	385
325	386
326	327
326	328
326	329
326	385
326	421
327	328
327	329
327	330
327	331
327	467
327	468
328	329
328	330
328	331
328	332
329	330
329	331
329	332
329	333
329	389
329	417
329	418
329	421
330	331
330	332
330	333
330	334
330	418
330	421
331	332
331	333
331	334
331	335
332	333
332	334
332	335
333	334
333	335
333	336
333	337
333	414
333	417
333	418
334	335
334	336
334	337
334	338
335	336
335	337
335	338
335	339
336	337
336	338
336	339
336	340
337	338
337	339
337	340
337	341
337	342
337	343
337	344
337	345
337	411
337	414
338	339
338	340
338	341
338	342
338	343
338	463
339	340
339	341
339	342
340	341
340	342
341	342
341	343
341	344
342	343
342	344
343	344
343	345
343	460
343	461
343	462
344	345
344	346
344	458
344	459
344	460
344	461
345	346
345	347
345	411
345	415
345	457
345	458
345	459
345	460
346	347
346	348
346	411
346	412
346	415
346	457
346	458
347	348
347	457
347	458
348	349
348	350
348	457
349	350
349	351
349	352
349	412
349	416
350	351
350	352
350	412
350	413
350	416
351	352
351	353
351	354
351	355
352	353
352	354
352	355
352	356
353	354
353	355
353	356
353	357
354	355
354	356
354	357
354	358
355	356
355	357
355	358
355	359
355	420
356	357
356	358
356	359
356	360
357	358
357	359
357	360
357	361
358	359
358	360
358	361
358	384
359	360
359	361
359	362
359	452
359	453
360	361
360	362
360	363
361	362
361	363
361	364
361	365
362	363
362	364
362	365
362	366
363	364
363	365
363	366
363	367
364	365
364	366
364	367
364	368
365	366
365	367
365	368
365	369
365	377
365	380
366	367
366	368
366	369
366	370
367	368
367	369
367	370
367	371
368	369
368	370
368	371
368	372
368	373
368	374
368	376
368	377
369	370
369	371
369	372
369	373
369	374
369	377
370	371
370	372
371	372
371	373
372	373
372	374
373	374
373	375
373	376
373	377
374	375
374	376
374	377
374	378
375	376
375	377
375	378
375	379
376	377
376	378
376	379
376	380
377	378
377	379
377	380
377	381
378	379
378	380
378	381
378	382
379	380
379	381
379	382
379	383
380	381
380	382
380	383
380	384
381	382
381	383
381	384
381	385
381	424
382	383
382	384
382	385
382	386
383	384
383	385
383	386
383	387
384	385
384	386
384	387
384	388
385	386
385	387
385	388
385	389
386	387
386	388
386	389
386	390
387	388
387	389
387	390
387	391
388	389
388	390
388	391
388	392
388	417
388	420
389	390
389	391
389	392
389	393
390	391
390	392
390	393
390	394
391	392
391	393
391	394
391	395
392	393
392	394
392	395
392	396
392	417
393	394
393	395
393	396
394	395
394	396
395	396
395	397
395	413
396	397
396	398
396	399
396	400
397	398
397	399
397	400
397	401
397	410
397	413
398	399
398	400
398	401
398	402
399	400
399	401
399	402
399	403
400	401
400	402
400	403
400	406
400	410
401	402
401	403
401	410
402	403
402	404
403	404
403	405
403	406
404	405
404	406
405	406
405	407
406	407
406	408
406	409
406	410
407	408
407	409
407	410
407	411
408	409
408	410
408	411
408	412
409	410
409	411
409	412
409	413
410	411
410	412
410	413
410	414
411	412
411	413
411	414
411	415
412	413
412	414
412	415
412	416
413	414
413	415
413	416
413	417
414	415
414	416
414	417
414	418
415	416
415	417
415	418
415	419
416	417
416	418
416	419
416	420
417	418
417	419
417	420
417	421
418	419
418	420
418	421
418	422
419	420
419	421
419	422
419	423
419	455
419	456
420	421
420	422
420	423
420	424
421	422
421	423
421	424
421	425
422	423
422	424
422	425
422	426
423	424
423	425
423	426
423	427
423	452
424	425
424	426
424	427
424	428
425	426
425	427
425	428
425	429
425	436
426	427
426	428
426	429
426	447
426	448
426	449
427	428
427	429
428	429
428	430
428	431
428	432
429	430
429	431
429	432
429	433
429	436
430	431
430	432
430	433
431	432
431	433
432	433
432	434
432	435
432	436
433	434
433	435
433	436
433	437
434	435
434	436
434	437
434	438
435	436
435	437
435	438
435	439
435	467
436	437
436	438
436	439
436	440
437	438
437	439
437	440
437	441
438	439
438	440
438	441
438	442
438	467
439	440
439	441
439	442
439	443
440	441
440	442
440	443
440	444
440	445
440	446
440	447
441	442
441	443
441	444
441	445
442	443
442	444
442	461
442	462
442	463
442	464
443	444
443	445
443	461
443	462
444	445
444	461
444	462
445	446
445	447
446	447
446	448
447	448
447	449
447	451
448	449
448	450
448	451
449	450
449	451
449	452
450	451
450	452
450	453
451	452
451	453
451	454
452	453
452	454
452	455
453	454
453	455
454	455
454	456
455	456
455	457
456	457
456	458
456	459
457	458
457	459
458	459
458	460
459	460
459	461
460	461
460	462
461	462
461	463
462	463
462	464
463	464
464	465
464	466
465	466
465	467
466	467
466	468
466	469
467	468
467	469
468	469
468	470
469	470
469	471
470	471
470	472
471	472
472	473
472	474
472	475
473	474
473	475
473	476
473	477
474	475
474	476
474	477
474	478
475	476
475	477
475	478
475	479
476	477
476	478
476	479
476	480
477	478
477	479
477	480
477	481
478	479
478	480
478	481
478	482
479	480
479	481
479	482
479	483
480	481
480	482
480	483
480	484
481	482
481	483
481	484
481	485
482	483
482	484
482	485
482	486
483	484
483	485
483	486
483	487
484	485
484	486
484	487
485	486
485	487
486	487
