0	1
0	2
0	61
1	2
1	3
1	4
1	5
1	399
2	3
2	4
2	5
3	4
3	5
3	411
3	412
3	415
4	5
4	409
4	410
4	411
4	412
5	6
5	7
5	59
5	409
5	410
6	7
6	8
6	59
6	60
6	408
6	409
6	410
7	8
7	9
7	57
7	58
7	59
7	60
7	408
7	409
7	410
8	9
8	10
8	57
8	58
8	59
8	60
9	10
9	11
9	47
9	48
9	49
9	56
9	57
9	58
10	11
10	47
10	48
10	55
10	56
10	57
11	12
11	13
11	46
11	47
11	48
12	13
12	14
12	44
12	45
12	46
12	47
13	14
13	15
13	17
13	42
13	43
13	44
13	45
14	15
14	16
14	17
14	43
14	44
14	45
15	16
15	17
15	43
16	17
16	18
16	43
16	45
16	102
16	103
16	104
17	18
17	19
17	43
17	44
17	45
17	101
17	102
17	103
17	104
18	19
18	20
18	22
18	23
18	43
18	44
18	45
18	101
18	102
18	103
19	20
19	21
19	22
19	23
19	40
19	41
19	42
19	43
19	44
20	21
20	22
20	23
20	26
20	38
20	39
20	40
20	41
20	42
20	43
20	44
21	22
21	23
21	26
21	27
21	38
21	40
22	23
22	24
23	24
23	25
23	26
23	27
23	44
23	101
24	25
24	26
24	27
24	28
24	101
24	289
25	26
25	27
25	28
25	29
25	44
25	45
25	46
25	47
25	99
25	100
25	101
26	27
26	28
26	29
26	30
26	38
26	44
27	28
27	29
27	30
27	31
28	29
28	30
28	31
28	32
28	405
28	406
29	30
29	31
29	32
29	33
29	406
30	31
30	32
30	33
30	34
30	36
30	38
31	32
31	33
31	34
31	405
31	406
32	33
32	34
32	406
32	407
33	34
33	35
33	36
34	35
34	36
34	37
35	36
35	37
36	37
36	38
37	38
37	39
38	39
38	40
39	40
39	41
39	42
40	41
40	42
41	42
41	43
42	43
42	44
43	44
43	45
44	45
44	46
44	101
45	46
45	100
45	101
45	102
46	47
46	48
46	98
46	99
46	100
46	101
47	48
47	49
47	98
47	99
47	100
48	49
48	50
48	55
48	97
48	98
48	99
49	50
49	57
49	96
49	97
49	98
50	51
50	52
50	57
50	67
50	93
50	96
50	97
51	52
51	53
51	56
51	67
51	68
51	92
51	93
52	53
52	54
52	55
52	56
53	54
53	55
53	56
54	55
54	56
55	56
55	57
56	57
56	58
56	66
57	58
57	59
57	66
57	67
58	59
58	60
58	64
58	65
58	66
58	67
59	60
59	61
59	62
59	63
59	64
59	65
59	66
59	67
60	61
60	62
60	63
60	64
61	62
61	63
61	64
62	63
62	64
62	65
63	64
63	65
64	65
64	66
65	66
65	67
65	69
65	70
66	67
66	68
66	69
66	70
67	68
67	69
67	70
67	71
68	69
68	70
68	71
68	72
68	91
68	92
69	70
69	71
69	72
69	73
70	71
70	72
70	73
70	74
71	72
71	73
71	74
71	75
71	78
71	91
71	92
72	73
72	74
72	75
72	90
72	91
73	74
73	75
74	75
74	76
74	77
74	78
75	76
75	77
75	78
75	79
75	80
75	90
76	77
76	78
76	79
76	80
76	81
77	78
77	79
77	80
78	79
78	80
78	379
78	412
78	413
79	80
79	81
79	83
79	84
79	378
79	379
79	413
80	81
80	82
80	83
80	84
80	378
80	413
81	82
81	83
81	84
81	85
82	83
82	84
82	85
82	86
82	439
83	84
83	85
83	86
83	87
83	378
83	439
84	85
84	86
84	87
84	88
84	89
84	90
85	86
85	87
85	88
86	87
86	88
86	439
87	88
87	89
87	94
88	89
89	90
89	91
89	92
90	91
90	92
91	92
92	93
92	94
93	94
93	95
94	95
94	295
94	296
94	355
95	96
95	97
95	293
95	294
95	295
95	296
95	355
95	356
96	97
96	98
96	293
96	294
96	295
96	296
97	98
97	292
97	293
97	294
98	99
98	100
98	291
98	292
98	293
99	100
99	101
99	290
99	291
99	292
100	101
100	102
100	289
100	290
100	291
101	102
101	103
101	288
101	289
101	290
102	103
102	104
102	286
102	287
102	288
102	289
103	104
103	105
103	287
103	288
104	105
104	106
104	250
104	286
104	287
105	106
105	107
105	285
105	286
105	287
106	107
106	108
106	284
106	285
106	286
106	305
107	108
107	109
107	284
107	302
107	304
107	305
107	306
108	109
108	260
108	282
108	283
108	284
108	302
108	303
108	304
108	305
109	110
109	111
109	282
109	283
109	284
109	300
109	301
109	302
109	303
110	111
110	112
110	279
110	280
110	281
110	282
110	283
110	300
110	301
110	302
111	112
111	113
111	133
111	134
111	279
111	280
111	299
111	300
111	301
112	113
112	114
112	116
112	117
112	133
112	134
112	279
112	280
113	114
113	115
113	116
113	117
113	133
113	279
114	115
114	116
114	117
114	118
114	131
114	132
114	133
115	116
115	117
115	118
115	119
116	117
116	118
116	119
116	120
117	118
117	119
117	120
117	121
117	131
117	132
117	133
118	119
118	120
118	121
118	122
118	131
118	132
119	120
119	121
119	122
119	123
120	121
120	122
120	123
120	124
120	128
121	122
121	123
121	124
121	125
121	128
121	129
121	130
121	131
122	123
122	124
122	125
123	124
123	125
124	125
124	126
124	127
124	128
125	126
125	127
125	128
125	129
126	127
126	128
126	129
127	128
127	129
128	129
128	130
128	299
129	130
129	298
129	299
130	131
130	132
130	297
130	298
130	299
131	132
132	133
132	134
132	297
133	134
133	135
133	297
134	135
134	136
134	294
134	295
134	296
134	297
134	299
135	136
135	277
135	278
135	279
135	294
135	295
136	137
136	138
136	276
136	277
136	292
136	293
136	294
137	138
137	139
137	275
137	276
137	277
137	292
137	293
137	294
138	139
138	140
138	274
138	275
138	276
138	290
138	291
138	292
138	293
139	140
139	141
139	272
139	273
139	274
139	275
139	290
139	291
139	292
140	141
140	142
140	143
140	144
140	269
140	270
140	271
140	272
140	273
140	274
140	289
140	290
140	291
141	142
141	143
141	271
141	272
141	289
141	290
141	291
142	143
142	144
142	271
142	288
142	289
142	290
143	144
143	269
143	270
143	271
143	288
144	145
144	146
144	268
144	269
144	270
144	287
144	288
144	289
145	146
145	267
145	268
145	269
145	285
145	286
145	287
145	288
146	147
146	148
146	266
146	267
146	268
146	284
146	285
146	286
146	287
147	148
147	149
147	260
147	264
147	265
147	266
147	267
147	283
147	284
147	285
148	149
148	150
148	264
148	265
148	266
148	267
148	282
148	283
148	284
148	329
149	150
149	151
149	264
149	265
149	281
149	282
149	283
149	322
149	323
150	151
150	152
150	263
150	264
150	265
150	321
150	322
150	323
151	152
151	153
151	155
151	156
151	263
151	264
151	265
151	323
151	324
151	325
152	153
152	154
152	155
152	156
152	323
152	324
152	325
153	154
153	155
153	156
153	157
153	323
154	155
154	156
154	157
154	158
155	156
155	157
155	158
155	159
156	157
156	158
156	159
156	160
156	263
157	158
157	159
157	160
157	161
157	179
158	159
158	160
158	161
158	162
159	160
159	161
159	162
159	163
160	161
160	162
160	163
160	166
160	167
160	175
161	162
161	163
161	167
162	163
162	164
163	164
163	165
163	166
163	167
164	165
164	166
164	167
164	168
165	166
165	167
165	168
165	169
165	218
165	221
165	222
166	167
166	168
166	169
166	170
167	168
167	169
167	170
167	171
167	172
167	175
168	169
168	170
168	171
169	170
169	171
169	207
170	171
170	172
170	174
170	175
170	203
170	206
170	207
171	172
171	173
171	174
171	175
172	173
172	174
172	175
172	176
173	174
173	175
173	176
173	177
174	175
174	176
174	177
174	178
175	176
175	177
175	178
175	179
176	177
176	178
176	179
176	180
177	178
177	179
177	180
177	181
178	179
178	180
178	181
178	182
178	199
179	180
179	181
179	182
180	181
180	182
181	182
181	183
182	183
182	184
182	196
183	184
183	185
183	186
183	192
183	196
184	185
184	186
185	186
185	187
186	187
186	188
186	190
186	192
186	193
187	188
187	189
187	190
187	193
188	189
188	190
188	193
189	190
189	191
189	193
189	194
190	191
190	192
190	193
190	194
191	192
191	193
191	194
191	195
192	193
192	194
192	195
192	196
193	194
193	195
193	196
193	197
194	195
194	196
194	197
194	198
195	196
195	197
195	198
195	199
196	197
196	198
196	199
196	200
197	198
197	199
197	200
197	201
197	321
198	199
198	200
198	201
198	202
199	200
199	201
199	202
199	203
200	201
200	202
200	203
200	204
200	321
201	202
201	203
201	204
201	205
201	316
201	321
202	203
202	204
202	205
202	206
203	204
203	205
203	206
203	207
204	205
204	206
204	207
204	208
205	206
205	207
205	208
205	209
205	316
206	207
206	208
206	209
206	210
207	208
207	209
207	210
208	209
208	210
208	312
209	210
209	211
210	211
210	212
210	214
210	215
211	212
211	213
211	214
211	215
212	213
212	214
212	215
212	216
213	214
213	215
213	216
213	217
214	215
214	216
214	217
214	218
215	216
215	217
215	218
215	219
215	255
216	217
216	218
216	219
216	220
216	253
217	218
217	219
217	220
217	221
218	219
218	220
218	221
218	222
219	220
219	221
219	222
219	223
219	253
220	221
220	222
220	223
220	224
220	253
221	222
221	223
221	224
221	225
222	223
222	224
222	225
222	226
223	224
223	225
223	226
223	227
223	245
224	225
224	226
224	227
224	228
225	226
225	227
225	228
225	229
226	227
226	228
226	229
226	230
226	233
226	241
227	228
227	229
227	230
228	229
228	230
229	230
229	231
229	232
230	231
230	232
230	233
230	234
230	241
231	232
231	233
231	234
231	235
232	233
232	234
232	235
233	234
233	235
233	236
233	237
233	240
233	241
234	235
234	236
234	237
234	238
234	239
234	240
234	241
235	236
235	237
235	238
236	237
236	238
237	238
237	239
237	240
238	239
238	240
239	240
239	241
239	242
239	243
240	241
240	242
240	243
240	244
241	242
241	243
241	244
241	245
242	243
242	244
242	245
242	246
243	244
243	245
243	246
243	247
244	245
244	246
244	247
244	248
244	257
244	261
245	246
245	247
245	248
245	249
246	247
246	248
246	249
246	250
247	248
247	249
247	250
247	251
248	249
248	250
248	251
248	252
248	253
249	250
249	251
249	252
250	251
250	252
251	252
251	253
251	254
251	305
252	253
252	254
253	254
253	255
254	255
254	256
254	257
254	304
254	305
255	256
255	257
255	258
255	259
255	304
256	257
256	258
256	259
256	260
256	261
256	304
256	305
257	258
257	259
257	260
257	261
257	262
258	259
258	260
258	261
258	262
258	263
259	260
259	261
259	262
259	263
260	261
260	262
260	263
260	264
261	262
261	263
261	264
262	263
262	264
263	264
264	265
264	266
265	266
265	267
265	326
266	267
266	268
267	268
267	269
267	326
268	269
268	270
269	270
269	271
269	273
270	271
270	272
270	273
271	272
271	273
272	273
272	274
273	274
274	275
274	276
274	330
274	331
275	276
275	277
275	329
275	330
275	331
276	277
276	278
276	331
276	351
277	278
277	279
278	279
278	280
278	281
279	280
279	281
280	281
280	282
280	318
280	319
280	320
281	282
281	283
281	319
281	320
282	283
283	284
284	285
284	286
285	286
285	287
286	287
287	288
288	289
288	290
289	290
290	291
290	292
291	292
291	293
292	293
292	294
293	294
294	295
294	296
295	296
295	297
295	355
296	297
296	298
297	298
297	299
298	299
298	300
299	300
299	301
300	301
300	302
301	302
301	303
301	310
301	311
301	315
302	303
302	304
302	310
302	311
303	304
303	310
303	312
304	305
304	306
305	306
306	307
306	308
307	308
307	309
308	309
308	310
309	310
309	311
310	311
310	312
311	312
311	313
311	314
311	315
312	313
312	314
312	315
312	316
313	314
313	315
313	316
313	317
314	315
314	316
314	317
314	318
315	316
315	317
315	318
315	319
316	317
316	318
316	319
317	318
317	319
318	319
318	320
319	320
319	321
320	321
320	322
321	322
321	323
322	323
322	324
323	324
323	325
324	325
324	326
324	328
325	326
325	327
325	328
325	329
326	327
326	328
326	329
327	328
327	329
327	330
328	329
328	330
329	330
329	331
330	331
330	332
331	332
331	333
332	333
332	334
333	334
333	335
333	347
333	348
333	349
334	335
334	336
334	347
334	348
334	349
335	336
335	337
335	346
335	347
335	348
336	337
336	338
336	339
336	346
336	347
336	348
337	338
337	339
338	339
338	340
338	373
338	374
339	340
339	371
339	372
339	373
339	374
340	341
340	371
340	372
340	373
341	342
341	343
341	370
341	371
341	372
342	343
342	344
342	369
342	370
342	371
343	344
343	345
343	346
343	361
343	362
343	363
343	369
343	370
343	371
344	345
344	346
344	362
344	363
344	364
345	346
345	347
345	361
345	362
345	363
346	347
346	348
346	360
346	361
346	362
347	348
347	349
347	359
347	360
347	361
348	349
348	350
348	358
348	359
348	360
349	350
349	351
349	357
349	358
349	359
350	351
350	352
350	357
350	358
351	352
351	353
351	357
352	353
353	354
353	355
354	355
354	356
355	356
355	437
356	357
356	358
356	435
356	436
356	437
357	358
357	359
357	435
357	436
357	437
358	359
358	360
358	433
358	434
358	435
358	436
359	360
359	361
359	433
359	434
359	435
360	361
360	362
360	432
360	433
360	434
361	362
361	363
361	431
361	432
361	433
362	363
362	364
362	429
362	430
362	431
362	432
363	364
363	365
363	368
363	421
363	429
363	430
363	431
364	365
364	366
364	367
364	368
364	429
365	366
365	367
365	368
365	426
365	427
365	428
365	429
365	430
366	367
366	368
366	426
367	368
367	369
368	369
368	421
368	422
368	423
369	370
369	420
369	421
370	371
370	372
370	418
370	419
370	420
370	421
371	372
371	373
371	418
371	419
371	420
372	373
372	374
372	417
372	418
372	419
373	374
373	375
373	416
373	417
373	418
374	375
374	376
374	416
374	417
375	376
375	377
375	413
375	414
375	415
375	416
376	377
376	378
376	413
376	414
376	415
377	378
377	413
377	414
377	438
378	379
378	380
378	413
378	436
378	437
378	438
379	380
379	411
379	412
379	413
379	436
379	437
380	381
380	382
380	410
380	411
380	412
380	434
380	435
380	436
381	382
381	383
381	408
381	409
381	410
381	411
381	434
381	435
381	436
382	383
382	384
382	408
382	409
382	410
382	432
382	433
382	434
382	435
383	384
383	385
383	406
383	407
383	408
383	409
383	432
383	433
383	434
384	385
384	386
384	403
384	404
384	405
384	406
384	407
384	408
384	431
384	432
384	433
385	386
385	405
385	406
385	431
385	432
386	387
386	388
386	405
386	428
386	429
386	430
386	431
387	388
387	404
387	405
387	427
387	428
387	429
387	430
387	431
388	389
388	403
388	404
388	405
388	421
388	422
388	430
389	390
389	391
389	402
389	403
389	404
389	419
389	420
389	421
389	422
389	430
390	391
390	392
390	400
390	401
390	402
390	403
390	419
390	420
390	421
391	392
391	400
391	401
391	402
391	403
391	417
391	418
391	419
391	420
392	393
392	394
392	396
392	397
392	399
392	400
392	401
392	417
392	418
392	419
393	394
393	395
393	396
393	399
393	415
393	416
393	417
393	418
394	395
394	396
394	416
394	417
394	418
395	396
395	397
396	397
396	398
396	399
397	398
397	399
397	400
398	399
398	400
399	400
399	401
400	401
401	402
401	403
402	403
402	404
403	404
403	405
403	407
404	405
404	406
404	407
405	406
405	407
406	407
406	408
407	408
407	409
408	409
409	410
409	411
410	411
410	412
411	412
411	413
411	415
412	413
412	414
412	415
413	414
413	415
414	415
414	416
415	416
415	417
416	417
416	418
417	418
417	419
418	419
418	420
419	420
419	421
420	421
420	422
421	422
421	423
421	430
422	423
422	424
422	425
423	424
423	425
424	425
424	426
425	426
425	427
426	427
426	428
427	428
428	429
428	430
429	430
429	431
430	431
430	432
431	432
432	433
432	434
433	434
433	435
434	435
434	436
435	436
436	437
436	438
437	438
437	439
438	439
