0	1
0	2
0	4
0	5
1	2
1	3
1	4
1	5
2	3
2	4
2	5
3	4
3	5
3	309
3	310
3	311
4	5
4	6
4	309
4	310
5	6
5	7
5	9
5	10
5	310
5	311
6	7
6	8
6	9
6	10
6	310
6	311
6	312
6	313
6	314
7	8
7	9
7	10
7	232
7	310
7	311
7	312
7	313
7	314
8	9
8	10
9	10
9	11
9	12
9	13
10	11
10	12
10	13
10	14
10	231
10	232
11	12
11	13
11	14
11	15
11	231
12	13
12	14
12	15
12	16
13	14
13	15
13	16
13	17
14	15
14	16
14	17
14	18
14	19
14	186
14	190
15	16
15	17
15	18
15	19
16	17
16	18
16	19
17	18
17	19
18	19
18	20
18	189
19	20
19	21
20	21
20	22
20	24
21	22
21	23
21	24
22	23
22	24
22	25
23	24
23	25
23	26
23	27
24	25
24	26
24	27
24	28
25	26
25	27
25	28
25	29
26	27
26	28
26	29
26	30
26	101
26	102
27	28
27	29
27	30
27	31
28	29
28	30
28	31
28	32
29	30
29	31
29	32
29	33
30	31
30	32
30	33
30	34
30	100
31	32
31	33
31	34
32	33
32	34
32	35
33	34
33	35
33	36
34	35
34	36
34	37
34	94
35	36
35	37
35	38
35	39
36	37
36	38
36	39
36	40
36	94
37	38
37	39
37	40
37	41
37	48
37	90
38	39
38	40
38	41
38	48
38	49
38	50
39	40
39	41
40	41
40	42
40	43
40	90
41	42
41	43
41	47
41	48
41	86
41	87
41	90
42	43
42	44
42	46
42	47
42	86
43	44
45	46
45	47
45	69
46	47
46	67
46	68
46	69
46	70
47	48
47	49
47	67
47	68
48	49
48	50
48	65
48	66
48	67
48	68
49	50
49	66
49	67
49	68
50	51
50	52
50	65
50	66
51	52
51	63
51	64
51	65
51	66
52	53
52	54
52	63
52	64
52	65
52	171
53	54
53	55
53	62
53	63
53	64
54	55
54	56
54	61
54	62
54	63
54	64
54	170
54	174
55	56
55	61
55	62
56	57
56	60
56	61
56	62
57	59
57	60
57	61
58	59
58	60
58	122
58	123
58	124
59	60
59	61
59	123
59	124
59	125
60	61
60	124
60	125
60	126
61	62
61	63
61	124
61	125
61	126
61	127
62	63
62	64
62	126
62	127
62	128
62	129
63	64
63	65
63	126
63	127
63	128
63	129
64	65
64	66
64	128
64	129
64	130
64	131
65	66
65	67
65	128
65	129
65	130
65	131
66	67
66	68
66	130
66	131
66	132
66	133
67	68
67	69
67	70
67	131
67	132
67	133
68	69
68	70
68	132
68	133
69	70
69	71
70	71
70	72
70	75
70	132
71	72
71	75
72	73
72	74
72	75
73	74
73	75
73	76
73	132
73	165
74	75
74	76
74	77
74	78
75	76
75	77
75	78
75	79
76	77
76	78
76	79
76	80
76	130
76	131
76	132
77	78
77	79
77	80
78	79
78	80
79	80
79	81
79	82
79	83
80	81
80	82
80	83
80	84
80	130
81	82
81	83
81	84
81	85
82	83
82	84
82	85
82	86
83	84
83	85
83	86
83	87
83	130
84	85
84	86
84	87
84	88
84	111
85	86
85	87
85	88
85	89
86	87
86	88
86	89
86	90
87	88
87	89
87	90
87	91
88	89
88	90
88	91
88	92
88	111
89	90
89	91
89	92
89	93
90	91
90	92
90	93
90	94
91	92
91	93
91	94
91	95
92	93
92	94
92	95
92	96
92	106
93	94
93	95
93	96
93	97
94	95
94	96
94	97
94	98
95	96
95	97
95	98
95	104
96	97
96	98
97	98
97	99
98	99
98	100
99	100
99	101
100	101
100	102
100	103
101	102
101	103
102	103
102	104
102	115
102	116
102	117
103	104
103	105
103	115
103	116
103	117
104	105
104	106
104	114
104	115
104	116
105	106
105	107
105	113
105	114
105	115
106	107
106	108
106	112
106	113
106	114
107	108
107	109
107	112
107	113
108	109
109	111
110	111
110	112
111	112
111	127
111	128
112	113
112	114
112	125
112	126
112	127
112	128
113	114
113	115
113	125
113	126
114	115
114	116
114	123
114	124
114	125
114	126
115	116
115	123
115	124
115	125
116	117
116	118
116	122
116	123
116	124
117	118
117	119
117	120
117	121
117	122
117	123
118	119
118	120
118	121
119	120
119	121
120	121
120	122
121	122
122	123
123	124
123	125
124	125
124	126
125	126
125	127
126	127
126	128
127	128
127	129
128	129
128	130
129	130
129	131
130	131
131	132
131	133
131	167
131	168
132	133
132	134
132	168
133	134
133	135
133	136
133	168
134	135
134	136
134	148
134	168
135	136
135	137
135	138
135	144
135	148
136	137
136	138
137	138
137	139
138	139
138	140
138	144
139	140
139	141
139	142
140	141
140	142
141	142
141	143
142	143
142	144
143	144
143	145
143	254
143	255
143	256
144	145
144	146
144	255
145	146
145	147
145	148
146	147
146	148
146	149
146	150
146	256
146	260
147	148
147	149
147	150
147	151
148	149
148	150
148	151
148	152
149	150
149	151
149	152
149	153
149	263
150	151
150	152
150	153
150	154
150	262
150	263
151	152
151	153
151	154
151	155
152	153
152	154
152	155
152	156
153	154
153	155
153	156
153	157
153	285
154	155
154	156
154	157
154	158
155	156
155	157
155	158
155	159
156	157
156	158
156	159
156	160
156	161
156	162
157	158
157	159
157	160
157	161
157	162
158	159
158	160
159	160
159	161
160	161
160	162
161	162
161	163
161	164
162	163
162	164
162	285
162	286
163	164
163	165
163	166
163	283
163	285
163	286
163	287
164	165
164	166
165	166
165	167
165	168
166	167
166	168
166	169
166	170
166	283
167	168
167	169
167	170
168	169
168	170
169	170
169	171
169	172
169	173
169	282
169	283
170	171
170	172
170	173
170	174
171	172
171	173
171	174
171	175
172	173
172	174
172	175
172	176
172	282
173	174
173	175
173	176
173	177
173	282
174	175
174	176
174	177
174	178
175	176
175	177
175	178
175	179
176	177
176	178
176	179
177	178
177	179
177	180
178	179
178	180
179	180
180	181
180	182
180	184
180	185
181	182
181	183
181	184
181	185
181	227
182	183
182	184
182	185
182	186
183	184
183	185
183	186
183	187
183	227
183	228
184	185
184	186
184	187
184	188
185	186
185	187
185	188
185	189
186	187
186	188
186	189
186	190
187	188
187	189
187	190
187	191
187	231
188	189
188	190
188	191
188	192
188	213
188	216
189	190
189	191
189	192
189	193
190	191
190	192
190	193
190	194
191	192
191	193
191	194
191	195
192	193
192	194
192	195
192	196
192	209
193	194
193	195
193	196
193	197
194	195
194	196
194	197
194	198
195	196
195	197
195	198
195	199
195	209
196	197
196	198
196	199
196	200
197	198
197	199
197	200
198	199
198	200
198	201
198	202
199	200
199	201
199	202
199	206
200	201
200	202
201	202
201	203
202	203
202	204
202	205
203	204
203	205
204	205
204	206
205	206
205	207
205	295
206	207
206	208
206	295
206	296
206	298
206	299
207	208
207	209
207	211
207	289
207	295
207	296
208	209
208	210
208	211
208	288
208	289
209	210
209	211
209	212
209	213
210	211
210	212
210	213
210	214
211	212
211	213
211	214
211	215
211	278
211	288
211	289
212	213
212	214
212	215
212	216
213	214
213	215
213	216
213	217
214	215
214	216
214	217
214	218
215	216
215	217
215	218
215	219
215	238
216	217
216	218
216	219
216	220
216	238
217	218
217	219
217	220
217	221
218	219
218	220
218	221
218	222
219	220
219	221
219	222
219	223
219	237
219	238
220	221
220	222
220	223
220	224
220	225
221	222
221	223
221	224
221	225
222	223
222	224
222	325
222	326
223	224
223	225
223	323
223	324
223	325
223	326
224	225
224	226
224	323
225	226
225	227
226	227
226	228
226	229
227	228
227	229
228	229
229	230
229	231
230	231
230	232
230	233
230	234
231	232
231	233
231	234
231	235
232	233
232	234
232	235
232	236
232	311
232	312
232	320
233	234
233	235
233	236
233	237
233	312
233	320
233	321
233	322
233	323
234	235
234	236
234	237
234	238
234	322
234	323
235	236
235	237
235	238
235	239
236	237
236	238
236	239
236	240
236	312
236	321
236	322
237	238
237	239
237	240
237	241
237	322
237	323
238	239
238	240
238	241
238	242
239	240
239	241
239	242
239	243
239	303
240	241
240	242
240	243
240	244
241	242
241	243
241	244
241	245
242	243
242	244
242	245
242	300
242	303
243	244
243	245
243	300
243	303
244	245
244	246
244	247
244	248
245	246
245	247
245	248
245	275
245	276
245	296
246	247
246	248
246	275
246	276
247	248
247	249
247	275
247	276
248	249
248	250
248	275
248	276
248	277
249	250
249	251
249	271
249	275
249	276
249	277
249	278
250	251
250	277
250	278
250	279
251	252
251	253
251	278
251	279
251	281
252	253
252	254
252	281
253	254
253	255
253	256
253	257
253	281
254	255
254	256
254	281
255	256
255	281
255	282
256	257
257	258
257	259
257	264
258	259
258	260
258	261
258	263
258	264
259	260
259	261
259	264
260	261
260	262
260	263
260	264
261	262
261	263
261	264
261	265
262	263
262	264
262	265
262	266
263	264
263	265
263	266
263	267
264	265
264	266
264	267
264	268
265	266
265	267
265	268
265	269
266	267
266	268
266	269
266	270
266	284
266	285
267	268
267	269
267	270
267	271
267	284
268	269
268	270
268	271
268	272
269	270
269	271
269	272
269	273
270	271
270	272
270	273
270	287
271	272
271	273
271	277
272	273
272	274
273	274
273	275
274	275
274	276
275	276
275	277
276	277
276	278
276	290
277	278
277	279
277	287
277	290
278	279
278	280
278	287
278	288
279	280
279	281
279	284
279	286
279	287
279	288
280	281
280	282
280	283
280	284
280	286
280	287
280	288
281	282
281	283
281	284
282	283
282	284
283	284
283	285
283	286
284	285
284	286
285	286
285	287
286	287
286	288
287	288
287	289
287	290
288	289
288	290
289	290
289	291
289	292
290	291
290	292
291	292
291	293
292	293
292	294
292	295
293	294
293	295
293	296
293	297
294	295
294	296
294	297
294	298
295	296
295	297
295	298
295	299
296	297
296	298
296	299
296	300
297	298
297	299
297	300
297	301
298	299
298	300
298	301
298	302
299	300
299	301
299	302
299	303
300	301
300	302
300	303
300	304
301	302
301	303
301	304
301	305
302	303
302	304
302	305
302	306
303	304
303	305
303	306
303	307
304	305
304	306
304	307
304	308
305	306
305	307
305	308
305	309
306	307
306	308
306	309
307	308
307	309
307	312
308	309
308	310
309	310
309	311
309	312
310	311
310	312
310	313
311	312
311	313
312	313
312	319
312	320
313	314
313	315
313	317
313	318
313	319
313	320
314	315
314	316
314	317
314	318
314	319
314	320
315	316
315	317
316	317
316	318
317	318
317	319
318	319
318	320
319	320
319	321
320	321
320	322
321	322
321	323
322	323
322	324
323	324
323	325
324	325
325	326
