0	1
0	2
1	2
1	3
2	3
2	4
2	23
2	27
3	4
3	5
3	6
3	94
3	212
4	5
4	6
4	7
4	8
4	212
5	6
5	7
5	8
5	212
5	213
5	214
6	7
6	8
6	97
6	212
6	213
6	214
6	215
6	216
6	217
7	8
7	9
7	97
7	98
7	214
8	9
8	10
8	11
8	214
9	10
9	11
9	17
9	18
10	11
10	12
10	14
10	15
10	16
10	17
10	18
11	12
11	13
11	14
11	15
11	16
11	17
11	214
11	215
12	13
12	14
12	214
12	215
13	14
14	15
14	16
15	16
15	17
16	17
16	18
17	18
17	19
18	19
18	20
18	38
18	39
18	98
18	99
19	20
19	21
19	38
19	39
19	98
19	99
20	21
20	22
20	98
21	22
21	23
21	26
21	27
21	97
21	98
22	23
22	24
22	25
22	26
22	27
23	24
23	25
23	26
23	27
24	25
24	26
24	27
25	26
25	27
26	27
26	28
26	31
27	28
27	29
27	95
27	96
28	29
28	30
28	31
28	95
28	96
29	30
29	31
29	95
29	96
30	31
30	32
31	32
31	33
32	33
32	34
33	34
33	35
33	36
34	35
34	36
35	36
35	37
36	37
36	38
37	38
37	39
38	39
38	40
38	41
38	98
38	99
38	100
39	40
39	41
39	42
39	98
39	99
39	100
40	41
40	42
40	99
40	100
40	101
41	42
41	99
41	100
41	101
42	43
42	44
42	99
42	100
42	101
42	102
42	103
43	44
43	45
43	47
43	48
43	101
43	102
43	103
43	104
44	45
44	46
44	47
44	48
44	103
44	104
45	46
45	47
45	48
45	49
46	47
46	48
46	49
47	48
47	49
47	50
47	51
47	54
47	104
47	106
48	49
48	50
49	50
49	51
50	51
50	52
50	54
50	55
50	56
51	52
51	53
51	54
52	53
52	54
53	54
53	55
53	106
54	55
54	56
54	106
54	107
55	56
55	57
55	106
55	107
55	108
56	57
56	58
56	60
56	63
57	58
57	59
57	60
58	59
58	60
58	63
59	60
59	61
60	61
60	62
60	63
61	62
61	63
62	63
62	64
63	64
63	65
64	65
64	66
65	66
65	67
66	67
66	68
66	69
66	71
67	68
67	69
67	76
67	77
68	69
68	76
68	77
68	78
68	82
68	83
69	70
69	71
69	75
69	76
69	77
70	71
70	72
70	74
70	75
70	76
70	77
71	72
71	73
71	74
71	75
71	76
72	73
72	74
73	74
73	75
73	160
73	161
74	75
74	76
74	160
74	161
75	76
75	77
76	77
76	78
76	109
76	110
77	78
77	79
78	79
78	80
78	81
78	82
78	110
78	208
79	80
79	81
79	207
79	208
80	81
80	82
80	208
80	209
81	82
81	83
82	83
82	84
83	84
83	85
83	90
83	91
83	93
84	85
84	86
84	90
84	91
85	86
85	87
85	88
85	89
85	90
85	91
86	87
86	88
86	89
86	90
86	91
87	88
87	89
88	89
89	90
89	91
89	219
90	91
90	92
90	108
90	109
90	219
91	92
91	93
91	218
91	219
92	93
92	94
92	95
92	96
92	217
92	218
92	219
92	220
92	221
93	94
93	95
94	95
95	96
95	97
96	97
96	98
96	218
97	98
97	99
97	217
97	218
98	99
98	100
99	100
99	101
99	217
99	218
100	101
100	102
100	217
100	218
100	219
101	102
101	103
101	217
101	219
102	103
102	104
102	105
102	106
102	108
102	217
102	219
102	220
103	104
103	105
103	215
103	217
104	105
104	106
104	215
105	106
105	107
105	111
105	220
106	107
106	108
107	108
107	109
107	110
107	111
107	220
108	109
108	110
108	219
108	220
109	110
109	111
109	219
109	220
109	221
110	111
110	112
110	220
110	221
110	222
111	112
111	113
111	221
111	222
112	113
112	114
112	158
112	222
112	223
113	114
113	115
113	157
113	158
113	222
113	223
113	224
114	115
114	116
114	156
114	157
114	158
114	164
114	167
114	168
114	223
114	224
114	225
115	116
115	117
115	154
115	155
115	156
115	157
115	168
115	223
115	224
115	225
115	226
116	117
116	118
116	154
116	155
116	156
116	168
116	172
116	225
116	226
116	227
117	118
117	119
117	141
117	142
117	154
117	225
117	226
117	227
117	228
118	119
118	141
118	142
118	227
118	228
118	229
119	120
119	121
119	139
119	140
119	141
119	142
119	228
119	229
119	230
120	121
120	122
120	139
120	140
120	141
120	229
120	230
120	231
120	233
121	122
121	123
121	129
121	138
121	139
121	140
121	231
122	123
122	129
122	130
122	138
122	139
122	140
123	124
123	125
123	127
123	128
123	129
123	130
124	125
124	126
124	127
124	128
124	129
124	130
125	126
125	127
126	127
126	128
127	128
127	129
128	129
128	130
129	130
129	137
130	131
130	137
130	138
131	132
131	133
131	134
131	135
131	136
131	137
131	138
131	278
132	133
132	134
132	135
133	134
133	135
133	281
134	135
134	136
134	278
134	280
135	136
135	137
136	137
136	138
136	277
136	278
137	138
137	139
137	277
137	278
138	139
138	140
138	253
138	254
138	277
138	278
139	140
139	141
139	253
139	254
139	277
139	278
140	141
140	250
140	251
140	252
140	253
140	254
141	142
141	143
141	250
141	251
141	252
141	253
142	143
142	144
142	154
142	248
142	249
142	250
142	251
142	252
143	144
143	145
143	152
143	153
143	154
143	155
143	248
143	249
143	250
143	251
143	252
144	145
144	146
144	152
144	153
144	154
144	155
144	245
144	246
144	247
144	248
144	249
145	146
145	147
145	150
145	151
145	152
145	153
145	245
145	246
145	247
145	248
146	147
146	148
146	149
146	150
146	151
146	244
146	245
146	246
146	247
147	148
147	149
147	150
147	245
147	246
148	149
148	150
149	150
149	151
150	151
150	152
151	152
151	153
151	260
151	261
152	153
152	260
152	261
153	154
153	155
153	260
153	261
153	264
154	155
154	156
154	264
155	156
155	171
155	172
155	175
155	176
156	157
156	171
156	172
157	158
157	171
158	159
158	160
158	162
158	164
158	167
159	160
159	161
159	162
160	161
160	162
161	162
161	163
162	163
162	164
162	166
162	167
163	164
163	165
163	166
163	167
164	165
164	166
164	167
164	168
165	166
165	167
165	168
165	169
166	167
166	168
166	169
166	170
167	168
167	169
167	170
167	171
168	169
168	170
168	171
168	172
169	170
169	171
169	172
169	173
170	171
170	172
170	173
170	174
171	172
171	173
171	174
171	175
172	173
172	174
172	175
172	176
172	177
173	174
173	175
173	176
173	177
173	178
173	179
174	175
174	176
174	177
174	178
174	179
174	180
174	242
175	176
175	177
175	178
175	241
175	242
175	245
176	177
176	178
176	239
176	240
176	241
176	242
176	248
177	178
177	179
177	239
177	240
177	241
177	242
178	179
178	180
178	181
178	240
178	241
178	242
179	180
179	181
179	182
179	187
180	181
180	182
181	182
181	183
182	183
182	184
182	186
182	187
183	184
183	185
183	186
183	187
184	185
184	186
184	187
184	188
185	186
185	187
185	188
185	189
186	187
186	188
186	189
186	190
187	188
187	189
187	190
187	191
188	189
188	190
188	191
188	192
189	190
189	191
189	192
189	193
190	191
190	192
190	193
190	194
191	192
191	193
191	194
191	195
192	193
192	194
192	195
192	196
193	194
193	195
193	196
193	197
193	235
194	195
194	196
194	197
194	198
195	196
195	197
195	198
195	199
196	197
196	198
196	199
196	200
197	198
197	199
197	200
197	228
197	230
197	235
198	199
198	200
198	202
198	228
199	200
199	201
200	201
200	202
201	202
201	228
201	229
202	203
202	204
202	226
202	227
202	228
202	229
203	204
203	205
203	226
203	227
203	228
204	205
204	206
204	225
204	226
204	227
205	206
205	225
205	226
205	227
205	267
205	270
205	271
206	207
206	208
206	224
206	225
206	267
207	208
207	223
207	224
207	225
208	209
208	210
208	211
208	222
208	223
208	224
209	210
209	211
209	212
209	222
209	223
210	211
210	212
210	213
210	222
210	223
211	212
211	213
211	222
211	223
212	213
212	214
213	214
213	215
213	216
214	215
214	216
215	216
215	217
215	221
216	217
216	220
216	221
217	218
217	219
217	220
217	221
218	219
218	220
219	220
219	221
220	221
221	222
222	223
223	224
223	225
224	225
224	226
225	226
225	227
226	227
226	228
227	228
227	229
228	229
228	230
229	230
229	231
230	231
230	232
230	233
230	235
231	232
231	233
232	233
232	234
233	234
233	235
233	236
234	235
234	236
235	236
236	237
236	238
237	238
238	239
239	240
239	241
239	248
239	249
240	241
240	242
240	248
241	242
241	243
241	245
241	246
241	247
241	248
242	243
242	244
242	245
243	244
243	245
244	245
244	246
245	246
245	247
246	247
247	248
247	249
248	249
249	250
249	251
249	252
250	251
250	252
250	253
251	252
251	253
251	254
252	253
252	254
253	254
253	255
254	255
254	258
254	279
255	256
255	257
255	258
255	278
255	279
255	280
255	281
256	257
256	258
256	279
256	280
256	281
257	258
257	259
257	281
258	259
258	260
259	260
259	265
260	261
260	262
260	264
260	265
261	262
261	263
261	264
262	263
262	264
263	264
263	265
263	266
263	267
264	265
264	266
264	267
264	268
265	266
265	267
265	268
265	269
266	267
266	268
266	269
266	270
267	268
267	269
267	270
267	271
268	269
268	270
268	271
268	272
269	270
269	271
269	272
269	273
270	271
270	272
270	273
270	274
271	272
271	273
271	274
271	275
272	273
272	274
272	275
272	276
272	277
272	278
272	279
273	274
273	275
273	276
273	277
274	275
274	276
275	276
275	277
276	277
276	278
277	278
277	279
278	279
278	280
279	280
279	281
280	281
280	282
280	283
281	282
281	283
282	283
282	284
283	284
283	285
284	285
284	286
284	287
285	286
285	287
285	288
285	289
286	287
286	288
286	289
287	288
287	289
288	289
288	290
289	290
