0	1
0	2
0	72
1	2
1	3
1	70
1	71
1	72
2	3
2	4
2	29
2	30
2	70
2	71
2	72
3	4
3	5
3	29
3	30
3	68
3	69
3	70
3	71
4	5
4	6
4	27
4	28
4	29
4	66
4	67
4	68
4	69
4	70
5	6
5	28
5	29
5	67
5	68
5	358
5	359
6	7
6	8
6	27
6	28
6	67
6	357
6	358
7	8
7	9
7	25
7	26
7	27
7	28
7	356
7	357
7	358
8	9
8	10
8	25
8	26
8	27
8	355
8	356
8	357
9	10
9	11
9	24
9	25
9	26
9	354
9	355
9	356
10	11
10	12
10	23
10	24
10	25
10	351
10	353
10	354
10	355
11	12
11	13
11	21
11	22
11	23
11	24
11	351
11	352
11	353
11	354
12	13
12	14
12	21
12	22
12	23
12	350
12	351
12	352
13	14
13	15
13	19
13	20
13	21
13	22
13	350
13	351
13	352
14	15
14	16
14	19
14	20
14	21
14	22
14	350
15	16
15	17
15	18
15	19
15	20
15	314
15	315
16	17
16	18
16	19
16	20
16	313
16	314
16	315
17	313
17	314
17	315
18	19
18	20
19	20
19	21
20	21
20	22
21	22
21	23
22	23
22	24
22	37
22	38
23	24
23	25
23	37
23	38
24	25
24	26
24	35
24	36
24	37
24	38
25	26
25	27
25	35
25	36
25	37
25	93
25	97
26	27
26	28
26	33
26	34
26	35
26	36
26	97
27	28
27	29
27	33
27	34
27	35
27	97
28	29
28	32
28	33
28	34
29	30
29	31
29	32
29	33
30	31
30	32
30	105
31	32
32	33
32	101
32	104
32	105
33	34
33	35
33	101
34	35
34	36
34	97
34	98
34	100
34	101
35	36
35	97
35	100
36	37
36	38
36	93
36	96
36	97
36	287
36	288
37	38
37	39
37	93
37	287
37	288
38	39
38	40
38	89
38	90
38	93
39	40
39	41
39	89
39	255
39	282
40	41
40	42
40	49
40	50
40	51
40	89
41	42
41	43
41	44
41	50
41	51
42	43
42	44
42	50
42	51
43	44
43	45
43	50
44	45
44	46
44	47
44	48
44	49
44	50
45	46
45	47
46	47
47	48
47	49
48	49
48	50
49	50
49	51
49	53
49	54
49	87
50	51
50	52
50	53
50	54
51	52
51	53
51	54
51	55
52	53
52	54
52	55
52	56
53	54
53	55
53	56
53	57
54	55
54	56
54	57
54	58
54	90
55	56
55	57
55	58
55	59
56	57
56	58
56	59
56	60
57	58
57	59
57	60
57	61
57	62
58	59
58	60
58	61
58	62
58	63
59	60
59	61
59	62
59	63
60	61
60	62
60	64
61	62
61	63
61	64
61	65
62	63
62	64
62	65
62	66
62	81
63	64
63	65
63	66
63	67
64	65
64	66
64	67
64	359
65	66
65	67
65	80
66	67
66	68
66	69
67	68
67	69
67	358
67	359
68	69
68	70
68	359
69	70
69	71
70	71
71	72
71	73
71	76
71	77
72	73
72	76
73	74
73	75
73	76
73	77
73	102
74	75
74	76
74	77
74	78
74	95
74	98
74	99
75	76
75	77
75	78
75	79
76	77
76	78
76	79
76	80
77	78
77	79
77	80
77	95
78	79
78	80
78	81
78	82
78	95
79	80
79	81
79	82
80	81
80	82
81	82
81	83
81	84
82	83
82	84
83	84
83	85
84	85
84	86
85	86
85	87
86	87
86	88
87	88
87	89
87	90
87	91
88	89
88	90
88	91
88	92
88	255
88	256
88	257
88	258
89	90
89	91
89	92
89	93
89	255
89	256
89	258
90	91
90	92
90	93
91	92
91	93
91	94
91	95
91	258
92	93
92	94
92	95
92	96
92	255
92	258
92	259
93	94
93	95
93	96
93	97
94	95
94	96
94	97
94	98
95	96
95	97
95	98
95	99
95	259
96	97
96	98
96	99
96	100
96	259
96	260
97	98
97	99
97	100
97	101
98	99
98	100
98	101
98	102
99	100
99	101
99	102
99	103
100	101
100	102
100	103
100	104
100	110
100	337
100	338
101	102
101	103
101	104
101	105
102	103
102	104
102	105
102	106
103	104
103	105
103	106
103	107
103	108
103	109
103	110
103	336
103	337
104	105
104	106
104	107
104	108
104	336
104	337
105	106
105	107
106	107
106	108
107	108
107	109
107	336
108	109
108	110
108	112
108	336
108	337
109	110
109	111
109	112
109	113
109	335
109	336
109	337
109	338
109	339
110	111
110	112
110	113
110	114
110	294
110	336
110	337
110	338
111	112
111	113
111	114
111	115
111	116
111	294
111	295
111	297
112	113
112	114
112	115
112	116
112	117
113	114
113	115
114	115
114	116
115	116
115	117
115	298
116	117
116	118
116	297
116	298
116	299
117	118
117	119
117	297
117	298
118	119
118	120
118	121
118	297
119	120
119	331
119	332
120	121
120	122
120	329
120	330
120	331
120	332
121	122
121	123
121	296
121	297
121	329
121	330
121	331
122	123
122	124
122	149
122	304
122	305
122	328
122	329
122	330
123	124
123	125
123	148
123	149
123	304
123	305
123	306
123	307
123	308
123	328
123	329
123	330
124	125
124	126
124	148
124	149
124	150
124	151
124	304
124	305
124	306
124	328
125	126
125	127
125	148
125	150
125	151
125	152
125	306
126	127
126	128
126	151
126	152
126	153
127	128
127	129
127	152
127	153
127	154
128	129
128	130
128	153
128	154
129	130
129	131
129	154
129	155
130	131
130	132
130	135
130	136
131	132
131	135
132	133
132	134
132	135
132	136
133	134
133	135
133	136
133	137
133	162
133	163
133	166
134	135
134	136
134	137
134	138
135	136
135	137
135	138
135	139
136	137
136	138
136	139
136	140
136	163
137	138
137	139
137	140
137	141
137	166
137	167
138	139
138	140
138	141
138	142
139	140
139	141
139	142
139	143
140	141
140	142
140	143
140	144
141	142
141	143
141	144
141	145
142	143
142	144
142	145
142	146
143	144
143	145
143	146
143	147
143	148
144	145
144	146
144	147
144	148
145	146
145	147
146	147
146	148
146	327
147	148
147	149
147	327
147	328
148	149
148	150
148	327
148	328
149	150
149	151
149	175
149	304
149	328
150	151
150	152
150	175
150	176
150	304
151	152
151	153
151	175
151	176
151	177
152	153
152	154
152	176
152	177
152	178
152	179
153	154
153	155
153	177
153	178
153	179
154	155
154	178
154	179
154	180
155	156
155	159
155	160
155	178
155	179
155	180
156	157
156	158
156	159
156	160
156	180
156	183
157	158
157	159
157	160
157	183
157	184
158	159
158	160
159	160
159	161
159	162
159	163
160	161
160	162
160	163
160	164
161	162
161	163
161	164
161	165
161	194
161	195
162	163
162	164
162	165
162	166
163	164
163	165
163	166
163	167
164	165
164	166
164	167
164	168
165	166
165	167
165	168
165	169
165	198
166	167
166	168
166	169
166	170
167	168
167	169
167	170
167	171
168	169
168	170
168	171
168	172
168	198
169	170
169	171
169	172
170	171
170	172
171	172
171	173
171	174
172	173
172	174
173	174
173	175
174	175
174	176
175	176
175	177
175	201
176	177
176	200
176	201
177	178
177	179
177	200
177	201
177	202
177	203
178	179
178	180
178	202
178	203
178	204
179	180
179	181
179	203
179	204
180	181
180	182
180	183
180	203
180	204
180	205
180	206
181	182
181	183
181	205
181	206
182	183
182	184
182	205
182	206
182	207
182	208
182	209
183	184
183	206
183	207
184	185
184	188
184	206
184	207
185	186
185	187
185	188
185	207
186	187
186	188
186	189
186	218
187	188
187	189
188	189
188	190
188	191
188	192
189	190
189	191
189	192
189	193
189	218
189	221
189	222
190	191
190	192
190	193
190	194
191	192
191	193
191	194
192	193
192	194
192	195
193	194
193	195
193	196
193	222
193	223
194	195
194	196
194	197
195	196
195	197
195	198
196	197
196	198
196	199
196	223
196	224
197	198
197	199
198	199
198	200
199	200
199	201
200	201
200	202
200	224
201	202
201	225
202	203
202	204
202	224
202	225
202	226
202	227
203	204
203	205
203	206
203	225
203	226
203	227
204	205
204	206
204	226
204	227
204	228
204	229
205	206
205	207
205	209
205	226
205	227
205	228
205	229
206	207
206	208
207	208
207	209
207	215
208	209
208	210
208	211
209	210
209	211
209	230
209	231
210	211
210	230
210	231
211	212
211	213
211	214
211	215
211	231
212	213
212	214
212	215
212	216
212	231
212	241
212	246
213	214
213	215
213	216
213	217
213	246
214	215
214	216
214	217
214	218
215	216
215	217
215	218
215	219
215	246
216	217
216	218
216	219
216	220
216	244
216	245
216	246
216	247
217	218
217	219
217	220
217	221
218	219
218	220
218	221
218	222
219	220
219	221
219	222
219	223
219	226
219	246
219	247
220	221
220	222
221	222
222	223
222	224
223	224
223	225
224	225
224	226
225	226
225	227
225	247
225	248
226	227
226	228
226	247
226	248
226	249
227	228
227	229
227	247
227	248
227	249
227	250
227	251
228	229
228	230
228	231
228	232
228	247
228	249
228	250
228	251
229	230
229	231
229	232
229	250
229	251
229	252
230	231
230	232
230	233
231	232
231	233
232	233
232	234
232	237
232	238
233	234
233	237
233	256
233	257
234	235
234	236
234	237
234	238
234	257
234	262
234	266
235	236
235	237
235	238
235	239
235	262
235	265
235	266
235	269
236	237
236	238
236	239
236	240
237	238
237	239
237	240
237	241
238	239
238	240
238	241
238	242
238	266
238	269
238	270
239	240
239	241
239	242
239	243
239	269
240	241
240	242
240	243
240	244
241	242
241	243
241	244
241	245
241	246
241	247
242	243
242	244
242	245
242	246
242	247
242	248
243	244
243	245
244	245
244	246
245	246
245	247
246	247
247	248
247	249
248	249
248	275
249	250
249	251
249	275
249	276
249	277
250	251
250	252
250	276
250	277
250	278
251	252
251	253
251	277
251	278
251	279
251	280
252	253
252	254
252	277
252	278
252	279
252	280
253	254
253	255
253	256
253	257
253	279
253	280
253	281
254	255
254	256
254	257
254	258
254	259
254	260
254	263
255	256
255	257
255	258
255	259
256	257
256	258
257	258
257	259
257	262
257	263
258	259
258	262
259	260
259	261
259	262
259	263
260	261
260	262
260	263
260	264
261	262
261	263
261	264
261	265
262	263
262	264
262	265
262	266
263	264
263	265
263	266
263	267
264	265
264	266
264	267
264	268
265	266
265	267
265	268
265	269
266	267
266	268
266	269
266	270
267	268
267	269
267	270
267	271
267	277
267	300
268	269
268	270
268	271
268	272
269	270
269	271
269	272
269	273
270	271
270	272
270	273
270	274
270	275
270	276
271	272
271	273
271	274
271	275
271	276
271	300
272	273
272	274
273	274
273	275
274	275
274	276
275	276
275	277
276	277
276	278
276	300
276	301
276	302
276	303
277	278
277	279
277	300
277	301
277	302
277	303
278	279
278	280
278	301
278	302
278	303
278	304
278	305
279	280
279	281
279	292
279	296
279	305
279	306
280	281
280	305
280	306
281	282
281	283
281	306
281	307
282	283
282	284
283	284
283	285
284	285
284	286
284	288
284	289
285	286
285	287
285	288
285	289
285	317
285	318
286	287
286	288
286	289
286	290
286	310
286	317
286	318
286	319
287	288
287	289
287	290
287	291
288	289
288	290
288	291
288	292
289	290
289	291
289	292
289	293
289	307
290	291
290	292
290	293
290	294
290	338
290	340
291	292
291	293
291	294
291	295
291	338
292	293
292	294
292	295
292	296
292	307
293	294
293	295
293	296
293	297
293	307
293	332
294	295
294	296
294	297
294	332
294	338
295	296
295	297
295	298
296	297
296	298
296	301
297	298
297	299
298	299
298	300
298	301
299	300
299	301
299	302
300	301
300	302
301	302
301	303
302	303
302	304
303	304
303	305
304	305
305	306
305	307
306	307
306	308
307	308
307	309
308	309
308	310
308	324
308	325
309	310
309	311
309	312
309	323
309	324
309	325
310	311
310	312
310	313
310	314
310	323
310	324
311	312
311	313
311	314
311	315
312	313
312	314
313	314
314	315
314	316
314	317
315	316
315	317
316	317
316	318
317	318
317	319
318	319
318	320
318	342
318	343
318	346
318	347
319	320
319	321
319	340
319	341
319	342
319	343
320	321
320	322
320	340
320	341
320	342
320	343
321	322
321	323
321	340
322	323
322	324
323	324
323	325
324	325
324	326
324	330
325	326
325	327
325	328
325	329
325	330
325	331
326	327
326	328
326	329
326	330
327	328
327	329
328	329
328	330
329	330
329	331
330	331
330	332
331	332
331	333
332	333
332	334
333	334
333	335
333	339
333	340
334	335
334	339
335	336
335	337
335	339
336	337
336	338
336	339
337	338
337	339
338	339
338	340
339	340
339	341
340	341
340	342
341	342
341	343
342	343
342	344
343	344
343	345
343	346
343	347
344	345
344	346
344	347
344	348
345	346
345	347
345	348
345	349
346	347
346	348
346	349
346	350
347	348
347	349
347	350
347	351
348	349
348	350
348	351
349	350
349	351
350	351
350	352
351	352
351	353
352	353
353	354
354	355
355	356
355	357
356	357
356	358
357	358
357	359
358	359
