0	1
0	2
0	618
0	619
1	2
1	3
1	618
1	619
1	620
1	621
2	3
2	4
2	7
2	618
2	619
2	620
2	621
3	4
3	5
3	7
3	8
4	5
4	6
4	7
4	8
5	6
5	7
5	8
5	9
6	7
6	8
6	9
6	10
6	513
6	514
7	8
7	9
7	10
7	11
7	514
7	620
8	9
8	10
8	11
8	12
9	10
9	11
9	12
9	13
10	11
10	12
10	13
10	14
10	514
11	12
11	13
11	14
11	15
11	620
11	621
11	622
12	13
12	14
12	15
12	16
13	14
13	15
13	16
13	17
14	15
14	16
14	17
14	18
15	16
15	17
15	18
16	17
16	18
16	35
16	36
17	18
17	19
17	32
17	33
17	34
17	35
17	36
18	19
18	20
18	31
18	32
18	33
18	34
18	35
18	36
19	20
19	21
19	22
19	30
19	31
19	32
19	33
19	34
19	35
20	21
20	22
20	31
21	22
21	23
22	23
22	24
22	30
22	31
23	24
23	25
23	26
23	27
23	31
24	25
24	26
24	27
24	28
24	31
24	678
25	26
25	27
25	28
25	678
25	680
25	684
25	685
25	686
26	27
26	28
26	684
26	685
26	686
27	28
27	29
27	30
27	31
27	685
27	686
28	29
28	30
28	31
28	32
28	665
29	30
29	31
29	32
29	33
29	636
29	661
29	664
29	665
30	31
30	32
30	33
30	34
31	32
31	33
31	34
32	33
32	34
32	633
32	636
32	637
33	34
33	35
33	36
33	37
33	637
33	640
34	35
34	36
34	37
34	38
35	36
35	37
35	38
35	39
36	37
36	38
36	39
36	40
36	640
37	38
37	39
37	40
37	641
38	39
38	40
39	40
39	41
40	41
40	42
41	42
41	43
42	43
42	44
42	46
42	49
43	44
43	45
43	46
44	45
44	46
44	346
44	347
44	348
45	46
45	47
45	346
45	347
45	348
45	349
45	350
46	47
46	48
46	49
46	346
47	48
47	49
47	344
47	345
47	346
47	643
47	644
47	647
48	49
48	50
48	642
48	643
48	644
49	50
49	53
49	641
49	642
49	643
50	51
50	52
50	53
50	54
50	639
50	640
50	641
50	642
51	52
51	53
51	54
51	55
51	638
51	639
51	640
51	641
52	53
52	54
52	55
52	56
52	638
52	639
53	54
53	55
53	56
53	57
54	55
54	56
54	57
54	58
55	56
55	57
55	58
55	59
56	57
56	58
56	59
56	60
56	487
57	58
57	59
57	60
57	61
58	59
58	60
58	61
58	62
59	60
59	61
59	62
59	63
60	61
60	62
60	63
60	64
60	354
60	357
61	62
61	63
61	64
61	65
62	63
62	64
62	65
62	66
62	372
63	64
63	65
63	66
63	67
63	357
63	372
64	65
64	66
64	67
64	68
64	353
64	357
65	66
65	67
65	68
66	67
66	68
66	69
66	371
67	68
67	69
67	82
67	85
68	69
68	70
68	82
69	70
69	71
70	71
70	72
71	72
71	73
71	74
72	73
72	74
73	74
73	75
74	75
74	76
74	78
74	79
75	76
75	77
75	78
75	79
76	77
76	78
76	79
76	80
76	439
77	78
77	79
77	80
77	81
77	367
77	438
77	439
77	442
78	79
78	80
78	81
78	82
78	367
79	80
79	81
79	82
79	83
80	81
80	82
80	83
80	84
80	447
81	82
81	83
81	84
81	85
81	360
81	364
82	83
82	84
82	85
82	86
83	84
83	85
83	86
83	87
83	447
83	449
84	85
84	86
84	87
84	88
84	360
84	447
84	449
85	86
85	87
85	88
85	89
85	356
85	357
85	360
86	87
86	88
86	89
86	90
86	449
87	88
87	89
87	90
87	449
87	450
87	451
87	452
88	89
88	90
88	356
88	452
89	90
89	91
89	352
89	353
89	356
90	91
90	92
90	93
90	94
91	92
91	93
91	94
91	95
92	93
92	94
92	95
92	96
93	94
93	95
93	96
93	97
93	450
94	95
94	96
94	97
94	328
94	329
95	96
95	97
95	98
95	328
95	329
95	330
96	97
96	98
97	98
97	99
97	100
97	329
98	99
98	100
98	328
98	329
99	100
99	101
99	102
99	103
99	328
99	329
100	101
100	102
100	103
100	104
101	102
101	103
101	104
101	105
101	453
102	103
102	104
102	105
102	106
103	104
103	105
103	106
104	105
104	106
104	107
105	106
105	107
105	108
106	107
106	108
106	109
106	110
106	111
106	112
107	108
107	109
107	110
107	111
108	109
108	110
108	111
109	110
109	111
109	132
109	135
109	136
110	111
110	112
110	123
110	132
111	112
111	113
112	113
112	114
112	115
112	116
112	313
112	314
112	317
113	114
113	115
113	116
113	119
113	310
113	313
113	314
114	115
114	116
114	198
114	214
114	217
114	314
115	116
115	198
115	201
115	202
116	117
116	118
116	119
117	118
117	119
118	119
118	120
118	121
118	122
119	120
119	121
119	122
119	123
119	124
120	121
120	122
120	123
120	124
120	125
121	122
121	123
121	124
121	125
122	123
122	124
122	125
123	124
123	125
123	126
123	127
124	125
124	126
124	127
125	126
125	127
126	127
126	128
127	128
127	129
127	131
127	132
128	129
128	130
128	131
128	132
129	130
129	131
129	132
129	133
129	261
130	131
130	132
130	133
130	134
130	266
130	270
130	271
131	132
131	133
131	134
131	135
131	271
131	274
132	133
132	134
132	135
132	136
133	134
133	135
133	136
133	137
133	144
134	135
134	136
134	137
134	138
134	271
134	274
134	275
135	136
135	137
135	138
135	139
136	137
136	138
136	139
136	140
136	141
136	142
136	143
137	138
137	139
137	140
137	141
137	142
137	143
138	139
138	140
138	141
138	275
138	278
138	464
138	465
139	140
139	141
139	461
139	464
140	141
140	142
140	460
140	461
140	464
141	142
141	143
141	460
141	464
142	143
142	144
142	320
143	144
143	146
143	147
143	167
144	145
144	146
144	147
144	167
144	316
145	146
145	147
145	167
146	147
146	148
146	165
146	166
146	167
147	148
147	149
147	164
147	165
147	166
147	167
148	149
148	162
148	163
148	164
148	165
149	150
149	151
149	162
149	163
149	164
150	151
150	160
150	161
150	162
150	163
150	467
150	468
150	471
151	152
151	153
151	160
151	161
151	162
151	163
152	153
152	154
152	157
152	159
152	160
152	161
153	154
153	155
153	156
153	157
153	159
153	160
153	161
154	155
154	156
154	157
154	494
154	547
154	548
155	156
155	157
155	547
155	548
155	549
156	157
156	158
156	159
156	547
157	158
157	159
157	494
157	546
157	547
158	159
158	474
158	475
159	160
159	161
159	473
159	474
159	475
160	161
160	470
160	471
160	472
160	473
160	474
160	475
161	162
161	163
161	289
161	471
162	163
162	164
162	289
162	290
163	164
163	165
163	289
163	290
163	291
164	165
164	290
164	291
164	292
165	166
165	167
165	291
165	292
165	293
166	167
166	168
166	232
166	293
166	296
167	168
167	169
168	169
168	170
169	170
169	171
169	172
169	173
170	171
170	172
170	319
171	172
171	173
171	176
172	173
172	650
172	654
173	174
173	175
173	176
173	653
173	654
174	175
174	176
174	177
174	229
174	230
175	176
175	177
175	178
176	177
176	178
176	179
176	183
177	178
177	179
177	226
177	229
178	179
178	180
178	183
179	180
179	181
179	183
179	184
179	187
180	181
180	182
180	183
180	184
181	182
181	183
181	184
182	183
182	184
183	184
183	185
183	186
183	187
184	185
184	186
184	187
184	188
185	186
185	187
185	188
185	189
185	342
186	187
186	188
186	189
186	190
186	339
186	342
186	343
187	188
187	189
187	190
187	191
188	189
188	190
188	191
188	192
189	190
189	191
189	192
189	193
189	338
189	339
190	191
190	192
190	193
190	194
190	339
191	192
191	193
191	194
191	195
191	218
191	219
192	193
192	194
192	195
192	196
193	194
193	195
193	196
193	197
193	335
193	336
193	339
194	195
194	196
194	197
194	198
194	218
195	196
195	197
195	198
195	199
195	214
195	215
195	218
196	197
196	198
196	199
196	200
196	335
197	198
197	199
197	200
197	201
197	335
198	199
198	200
198	201
198	202
199	200
199	201
199	202
199	203
199	209
200	201
200	202
200	203
200	204
201	202
201	203
201	204
201	205
202	203
202	204
202	205
202	206
202	207
202	208
202	209
203	204
203	205
203	206
203	207
204	205
204	206
205	206
205	207
206	207
206	208
207	208
207	209
208	209
208	210
209	210
209	211
210	211
210	212
210	213
210	214
211	212
211	213
211	214
211	215
212	213
212	214
212	215
212	216
213	214
213	215
213	216
213	217
214	215
214	216
214	217
214	218
215	216
215	217
215	218
215	219
216	217
216	218
216	219
216	220
217	218
217	219
217	220
217	221
218	219
218	220
218	221
218	222
219	220
219	221
219	222
219	223
220	221
220	222
220	223
220	224
221	222
221	223
221	224
221	225
221	311
221	314
221	315
222	223
222	224
222	225
222	226
223	224
223	225
223	226
223	227
224	225
224	226
224	227
224	228
225	226
225	227
225	228
225	229
226	227
226	228
226	229
226	230
227	228
227	229
227	230
227	231
227	303
228	229
228	230
228	231
228	232
229	230
229	231
229	232
230	231
230	232
231	232
231	233
231	296
231	299
231	300
232	233
232	234
232	296
233	234
233	235
233	237
233	296
234	235
234	236
234	237
234	238
235	236
235	237
235	238
235	239
235	588
236	237
236	238
236	239
236	587
236	588
237	238
237	239
238	239
238	240
238	244
239	240
239	241
239	538
240	241
240	242
240	243
240	244
240	538
241	242
241	243
241	244
241	245
241	538
242	243
242	244
242	245
243	244
243	245
244	245
244	246
244	292
245	246
245	247
245	290
245	291
245	292
246	247
246	248
246	290
246	291
246	292
247	248
247	288
247	289
247	290
247	291
248	249
248	250
248	252
248	253
248	288
248	289
248	290
249	250
249	251
249	252
249	253
249	285
249	286
249	287
249	288
249	289
250	251
250	252
250	253
250	254
250	268
250	269
250	285
250	286
250	287
250	288
250	289
251	252
251	253
251	254
251	255
251	285
251	286
252	253
252	254
252	255
252	256
253	254
253	255
253	256
253	257
254	255
254	256
254	257
254	258
254	268
255	256
255	257
255	258
256	257
256	258
257	258
257	259
257	297
257	298
258	259
258	260
258	266
258	301
259	260
259	261
259	265
259	266
259	301
260	261
260	262
260	263
260	264
260	265
260	266
260	301
260	305
261	262
261	263
261	264
261	265
261	266
261	304
261	305
262	263
262	264
262	305
262	308
262	309
263	264
263	265
264	265
264	266
265	266
265	267
266	267
266	268
267	268
267	269
267	270
267	271
268	269
268	270
268	271
268	272
269	270
269	271
269	272
269	273
269	285
270	271
270	272
270	273
270	274
271	272
271	273
271	274
271	275
272	273
272	274
272	275
272	276
273	274
273	275
273	276
273	277
273	282
273	283
274	275
274	276
274	277
275	276
275	277
275	278
276	277
276	278
276	279
276	280
276	281
276	282
276	468
277	278
277	279
277	280
277	281
277	282
278	279
278	280
279	280
279	281
279	465
279	468
279	469
280	281
280	282
281	282
281	283
282	283
282	284
283	284
283	285
283	287
284	285
284	286
284	287
285	286
285	287
286	287
286	288
287	288
287	289
288	289
289	290
289	291
290	291
290	292
291	292
291	293
291	294
292	293
292	294
293	294
293	295
293	296
293	297
294	295
294	296
294	297
294	298
295	296
295	297
295	298
295	299
296	297
296	298
296	299
296	300
297	298
297	299
297	300
297	301
298	299
298	300
298	301
299	300
299	301
299	302
300	301
300	302
300	303
300	304
301	302
301	303
301	304
301	305
302	303
302	304
302	305
303	304
303	305
303	306
304	305
304	306
304	307
305	306
305	307
306	307
307	308
307	309
307	311
307	312
308	309
308	310
308	311
308	312
309	310
309	311
309	312
309	313
310	311
310	312
310	313
310	314
311	312
311	313
311	314
311	315
312	313
312	314
312	315
312	316
313	314
313	315
313	316
313	317
314	315
314	316
314	317
314	318
315	316
315	317
315	318
315	319
316	317
316	318
316	319
316	320
317	318
317	319
317	320
317	321
318	319
318	320
318	321
318	322
319	320
319	321
319	322
320	321
320	322
320	323
320	324
321	322
321	323
321	324
321	325
322	323
322	324
322	325
323	324
323	325
323	326
324	325
324	326
324	327
325	326
325	327
325	328
325	332
325	333
326	327
326	328
326	332
326	333
327	328
327	329
327	453
328	329
328	330
328	332
328	333
329	330
329	331
329	332
329	333
330	331
330	332
330	333
330	334
331	332
331	333
331	334
331	335
332	333
332	334
332	335
333	334
333	335
333	336
334	335
334	336
334	337
335	336
335	337
336	337
336	338
336	339
336	340
337	338
337	339
337	340
337	341
338	339
338	340
338	341
338	342
339	340
339	341
339	342
339	343
340	341
340	342
340	343
340	344
340	345
340	346
341	342
341	343
341	344
341	345
341	346
341	347
342	343
342	344
342	345
342	646
343	344
343	345
343	646
343	647
343	650
344	345
344	346
344	646
344	647
345	346
345	347
345	644
345	646
345	647
346	347
346	348
347	348
348	349
348	350
349	350
349	351
350	351
350	352
350	354
350	355
351	352
351	353
351	354
351	355
352	353
352	354
352	355
352	356
353	354
353	355
353	356
353	357
354	355
354	356
354	357
354	358
355	356
355	357
355	358
355	359
356	357
356	358
356	359
356	360
357	358
357	359
357	360
357	361
358	359
358	360
358	361
358	362
359	360
359	361
359	362
359	363
360	361
360	362
360	363
360	364
361	362
361	363
361	364
361	365
361	368
362	363
362	364
362	365
363	364
363	365
364	365
364	366
364	367
364	368
365	366
365	367
365	368
365	369
365	483
366	367
366	368
366	369
366	370
366	431
366	483
367	368
367	369
367	370
367	371
367	431
368	369
368	370
368	371
368	372
369	370
369	371
369	372
369	373
369	483
369	484
369	485
370	371
370	372
370	373
370	374
370	431
370	432
371	372
371	373
371	374
371	375
372	373
372	374
372	375
372	376
372	485
373	374
373	375
373	376
373	377
374	375
374	376
374	377
375	376
375	377
376	377
376	378
377	378
377	379
377	502
378	379
378	380
378	381
379	380
379	381
379	382
380	381
380	382
380	383
380	384
381	382
381	383
381	384
381	385
381	512
382	383
382	384
382	385
382	386
382	425
382	426
383	384
383	385
383	386
383	387
384	385
384	386
384	387
384	388
385	386
385	387
385	388
385	389
386	387
386	388
386	389
386	390
387	388
387	389
387	390
387	391
388	389
388	390
388	391
388	392
388	524
389	390
389	391
389	392
389	393
389	527
390	391
390	392
390	393
390	394
391	392
391	393
391	394
391	395
391	606
392	393
392	394
392	395
392	396
392	528
392	602
392	603
392	606
393	394
393	395
393	396
393	397
393	418
394	395
394	396
394	397
394	398
395	396
395	397
395	398
395	399
395	602
395	606
396	397
396	398
396	399
396	400
396	602
397	398
397	399
397	400
397	415
397	418
398	399
398	400
398	401
399	400
399	401
399	402
399	403
400	401
400	402
400	403
400	411
401	402
401	403
402	403
402	404
403	404
403	405
403	406
404	405
404	406
405	406
405	407
405	556
405	559
406	407
406	408
406	410
406	411
406	556
407	408
407	409
407	410
407	411
407	556
408	409
408	410
408	411
408	412
409	410
409	411
409	412
409	413
410	411
410	412
410	413
410	414
410	551
410	552
410	553
411	412
411	413
411	414
411	415
412	413
412	414
412	415
412	416
413	414
413	415
413	416
413	417
413	551
414	415
414	416
414	417
414	418
415	416
415	417
415	418
415	419
416	417
416	418
416	419
416	420
416	544
417	418
417	419
417	420
417	421
417	543
417	544
418	419
418	420
418	421
419	420
419	421
420	421
420	422
420	544
421	422
421	423
421	496
421	497
422	423
422	424
422	496
422	497
422	498
423	424
423	425
423	497
423	498
423	499
424	425
424	426
424	498
424	499
424	500
425	426
425	427
425	499
425	500
425	501
426	427
426	484
426	500
426	501
426	502
427	428
427	429
427	484
427	501
427	502
428	429
428	430
428	431
429	430
429	431
429	432
429	433
430	431
430	432
430	433
430	434
431	432
431	433
431	434
431	438
432	433
432	434
433	434
433	435
434	435
434	436
434	437
434	438
435	436
435	437
435	438
435	439
436	437
436	438
436	439
436	440
437	438
437	439
437	440
437	441
438	439
438	440
438	441
439	440
439	441
439	442
439	443
440	441
440	442
440	443
441	442
441	443
442	443
442	444
442	445
443	444
443	445
444	445
444	446
445	446
445	447
446	447
446	448
447	448
447	449
447	455
448	449
448	450
448	451
448	455
449	450
449	451
449	452
450	451
450	452
451	452
451	453
451	454
451	455
452	453
452	454
452	455
452	456
453	454
453	455
453	456
453	457
454	455
454	456
454	457
454	458
455	456
455	457
455	458
455	459
456	457
456	458
456	459
456	460
457	458
457	459
457	460
457	461
458	459
458	460
458	461
458	462
459	460
459	461
459	462
459	463
460	461
460	462
460	463
460	464
461	462
461	463
461	464
461	465
462	463
462	464
462	465
462	466
463	464
463	465
463	466
463	467
464	465
464	466
464	467
464	468
465	466
465	467
465	468
465	469
466	467
466	468
466	469
466	470
467	468
467	469
467	470
468	469
468	470
468	471
469	470
469	471
470	471
470	472
470	473
471	472
471	473
472	473
472	474
473	474
473	475
474	475
474	476
475	476
475	477
476	477
476	478
476	479
477	478
477	479
478	479
478	480
479	480
479	481
480	481
480	482
481	482
482	483
482	484
482	501
483	484
483	485
483	486
483	501
484	485
484	486
484	501
484	502
484	503
485	486
485	487
485	501
485	502
485	503
486	487
486	488
486	501
486	503
486	504
487	488
487	503
487	504
488	489
488	490
488	501
488	504
489	490
489	499
489	500
489	501
490	491
490	492
490	498
490	499
490	500
490	530
491	492
491	493
491	497
491	498
491	499
491	530
491	533
492	493
492	494
492	495
492	496
492	497
492	498
493	494
493	495
493	496
493	534
493	539
493	542
493	546
494	495
494	496
494	546
494	547
495	496
495	497
495	545
495	546
496	497
496	544
496	545
496	546
497	498
497	499
498	499
498	500
498	530
498	531
499	500
499	501
500	501
500	502
500	504
501	502
501	503
501	504
502	503
502	504
502	505
503	504
503	505
504	505
504	506
505	506
505	509
505	510
506	507
506	508
506	509
506	510
506	511
507	508
507	509
507	510
507	511
508	509
508	510
508	522
508	638
509	510
509	519
509	522
509	523
510	511
510	512
510	519
510	522
510	523
511	512
511	513
511	514
511	519
512	513
512	514
513	514
513	515
514	515
514	516
514	518
515	516
515	517
515	518
515	519
516	517
516	518
516	519
516	520
517	518
517	519
517	520
517	521
517	607
517	627
517	628
517	630
517	631
518	519
518	520
518	521
518	522
518	630
518	631
518	634
519	520
519	521
519	522
519	523
519	524
520	521
520	522
520	523
520	524
520	525
520	603
520	604
520	607
520	631
521	522
521	523
521	524
521	525
521	603
521	604
521	631
521	632
521	634
521	635
522	523
522	524
522	525
522	526
522	634
522	635
523	524
523	525
523	526
523	527
524	525
524	526
524	527
524	528
524	603
525	526
525	527
525	528
525	529
525	599
525	600
525	603
526	527
526	528
526	529
526	530
526	599
527	528
527	529
527	530
527	531
528	529
528	530
528	531
528	532
528	598
528	599
528	602
528	603
529	530
529	531
529	532
529	533
529	595
529	596
529	598
529	599
530	531
530	532
530	533
530	595
531	532
531	533
531	534
532	533
532	534
532	535
532	536
532	595
532	598
532	599
533	534
533	535
533	536
533	539
533	595
534	535
534	536
534	539
534	540
535	536
535	537
535	539
535	540
536	537
536	538
536	539
536	540
536	591
536	594
536	595
537	538
537	539
537	540
537	591
538	539
538	540
538	541
538	591
539	540
539	541
539	542
540	541
540	542
541	542
541	543
541	548
541	549
541	550
542	543
542	546
542	547
542	548
542	549
543	544
543	545
543	546
543	547
543	548
543	549
543	551
544	545
544	546
545	546
545	547
546	547
546	548
547	548
547	549
548	549
548	550
549	550
549	551
550	551
550	552
551	552
551	553
552	553
552	554
552	556
552	557
553	554
553	555
553	556
553	557
554	555
554	556
554	557
554	558
555	556
555	557
555	558
555	559
556	557
556	558
556	559
556	560
557	558
557	559
557	560
557	561
558	559
558	560
558	561
558	562
559	560
559	561
559	562
559	563
560	561
560	562
560	563
560	564
561	562
561	563
561	564
561	565
562	563
562	564
562	565
563	564
563	565
563	566
563	693
563	694
564	565
564	566
564	567
564	568
564	694
565	566
565	567
565	568
565	569
566	567
566	568
566	569
566	570
566	692
567	568
567	569
567	570
567	571
567	590
567	692
568	569
568	570
568	571
568	572
568	586
568	587
568	590
569	570
569	571
569	572
569	573
569	586
570	571
570	572
570	573
570	574
571	572
571	573
571	574
571	584
571	586
571	666
572	573
572	574
572	583
572	584
572	585
572	586
573	574
573	575
573	583
574	575
574	576
574	583
574	584
575	576
575	577
575	581
575	582
575	583
575	584
576	577
576	578
576	579
576	580
576	581
576	582
576	583
577	578
577	579
577	580
577	581
578	579
578	580
578	581
578	645
578	648
579	580
579	581
579	582
579	645
579	648
579	649
580	581
580	582
581	582
581	583
582	583
582	584
583	584
583	585
584	585
584	586
584	652
585	586
585	587
585	588
585	589
586	587
586	588
586	589
586	590
587	588
587	589
587	590
588	589
588	590
588	656
589	590
589	591
589	592
589	593
589	656
589	657
589	658
590	591
590	592
590	593
590	594
591	592
591	593
591	594
591	595
592	593
592	594
592	595
592	596
592	656
592	657
593	594
593	595
593	596
593	597
594	595
594	596
594	597
594	598
594	694
595	596
595	597
595	598
595	599
596	597
596	598
596	599
596	600
596	667
597	598
597	599
597	600
597	601
597	667
598	599
598	600
598	601
598	602
598	694
598	695
599	600
599	601
599	602
599	603
600	601
600	602
600	603
600	604
601	602
601	603
601	604
601	605
602	603
602	604
602	605
602	606
603	604
603	605
603	606
603	607
604	605
604	606
604	607
604	608
605	606
605	607
605	608
605	609
606	607
606	608
606	609
606	610
607	608
607	609
607	610
607	611
608	609
608	610
608	611
608	612
609	610
609	611
609	612
609	613
610	611
610	612
610	613
610	614
611	612
611	613
611	614
611	615
611	616
612	613
612	614
612	615
613	614
613	615
614	615
614	616
615	616
615	617
616	617
616	618
617	618
617	619
618	619
618	620
619	620
619	621
619	626
619	627
620	621
620	622
620	623
621	622
621	623
622	623
622	624
623	624
623	625
624	625
624	626
625	626
625	627
625	629
625	630
626	627
626	628
626	629
626	630
627	628
627	629
627	630
627	631
628	629
628	630
628	631
628	632
628	677
629	630
629	631
629	632
629	633
629	677
629	678
630	631
630	632
630	633
630	634
631	632
631	633
631	634
631	635
632	633
632	634
632	635
632	636
633	634
633	635
633	636
633	637
634	635
634	636
634	637
634	638
635	636
635	637
635	638
636	637
636	638
636	639
636	664
637	638
637	639
637	640
638	639
638	640
639	640
639	641
639	660
639	661
640	641
641	642
642	643
643	644
643	645
643	647
643	648
644	645
644	646
644	647
644	648
645	646
645	647
645	648
645	649
646	647
646	648
646	649
646	650
647	648
647	649
647	650
647	651
648	649
648	650
648	651
648	652
649	650
649	651
649	652
649	653
650	651
650	652
650	653
650	654
651	652
651	653
651	654
651	655
652	653
652	654
652	655
653	654
653	655
654	655
654	656
655	656
655	657
656	657
656	658
657	658
657	659
658	659
658	660
658	662
658	663
659	660
659	661
659	662
659	663
660	661
660	662
660	663
660	664
661	662
661	663
661	664
661	665
662	663
662	664
662	665
662	666
663	664
663	665
663	666
663	667
664	665
664	666
664	667
664	668
665	666
665	667
665	668
665	669
665	686
666	667
666	668
666	669
666	670
667	668
667	669
667	670
667	671
668	669
668	670
668	671
668	674
668	686
669	670
669	671
669	686
669	687
669	688
669	691
670	671
670	672
670	691
670	692
671	672
671	673
671	674
671	675
672	673
672	674
672	675
672	676
673	674
673	675
673	676
673	677
674	675
674	676
674	677
674	678
675	676
675	677
675	678
675	679
675	680
675	687
676	677
676	678
676	679
676	680
677	678
677	679
678	679
678	680
679	680
679	681
680	681
680	682
680	684
680	687
681	682
681	683
681	684
681	687
682	683
682	684
682	687
682	688
682	689
683	684
683	685
683	687
683	688
683	689
684	685
684	686
684	687
684	688
685	686
685	687
685	688
686	687
686	688
687	688
687	689
688	689
688	690
688	691
689	690
689	691
690	691
690	692
691	692
691	693
692	693
692	694
693	694
693	695
694	695
