0	1
0	2
0	40
1	2
1	3
1	40
1	41
1	42
1	397
1	398
2	3
2	19
2	20
2	21
2	40
2	41
3	4
3	5
3	17
3	18
3	19
3	20
3	40
3	41
3	42
4	5
4	17
4	18
4	19
4	41
4	42
4	43
4	44
5	6
5	7
5	16
5	17
5	18
5	35
5	41
5	42
5	43
5	44
6	7
6	8
6	15
6	16
6	17
6	34
6	35
6	43
6	44
6	45
6	46
7	8
7	9
7	15
7	16
7	17
7	44
7	45
7	46
7	47
7	48
7	49
8	9
8	10
8	14
8	15
8	16
8	46
8	47
8	48
8	49
9	10
9	11
9	12
9	48
9	49
9	50
10	11
10	12
10	379
11	12
11	13
12	13
12	14
13	14
13	15
14	15
14	16
15	16
15	30
15	31
15	46
16	17
16	18
16	28
16	29
16	30
16	31
17	18
17	19
17	28
17	29
17	30
17	31
18	19
18	20
18	25
18	27
18	28
18	29
19	20
19	21
19	25
19	26
19	27
19	28
20	21
20	22
20	23
20	24
20	25
20	26
20	370
20	397
21	22
21	23
21	24
21	25
21	26
22	23
22	24
23	24
23	369
23	370
23	396
23	397
24	25
24	26
24	367
24	368
24	369
24	370
24	396
24	397
25	26
25	27
25	365
25	366
25	367
25	368
25	369
25	370
26	27
26	366
26	367
27	28
27	29
27	366
28	29
28	30
28	366
29	30
29	31
30	31
30	32
31	32
31	33
32	33
33	34
33	35
34	35
34	36
35	36
35	37
36	37
36	38
37	38
37	41
37	43
38	39
38	40
38	41
39	40
39	41
40	41
40	42
41	42
41	43
42	43
42	44
43	44
43	45
44	45
44	46
44	47
44	374
45	46
45	47
46	47
46	48
46	378
47	48
47	49
47	374
47	375
47	376
47	377
47	378
48	49
48	50
48	374
48	375
48	376
48	377
48	378
48	379
49	50
49	372
49	373
49	374
49	375
50	51
50	52
50	364
50	372
50	373
50	374
51	52
51	53
51	350
51	362
51	363
51	364
51	371
51	372
51	373
52	53
52	54
52	111
52	112
52	113
52	350
52	371
52	372
52	373
53	54
53	55
53	111
53	112
53	113
53	349
53	350
54	55
54	56
54	112
54	113
54	114
54	115
54	349
54	350
54	353
54	354
55	56
55	57
55	58
55	112
55	114
55	115
55	116
55	307
55	308
56	57
56	58
56	115
56	116
56	307
56	353
56	357
57	58
57	116
57	117
57	307
57	308
57	309
58	59
58	60
58	116
58	117
58	118
58	307
58	308
58	309
58	310
59	60
59	61
59	62
59	63
59	117
59	118
59	119
59	309
59	310
60	61
60	62
60	63
60	100
60	117
61	62
61	63
61	96
61	100
61	119
61	128
62	63
62	64
62	65
62	313
63	64
63	65
63	99
63	100
63	310
63	311
63	312
63	313
64	65
64	66
64	99
64	311
64	312
64	313
65	66
65	67
65	68
65	312
65	313
65	314
66	67
66	68
66	71
66	312
66	313
66	314
66	317
67	68
67	69
67	70
67	71
68	69
68	70
68	71
68	87
69	70
69	86
69	87
70	71
70	72
70	83
71	72
71	73
71	83
72	73
72	74
72	75
72	79
72	80
72	83
72	314
73	74
73	75
74	75
74	76
74	79
75	76
75	277
75	278
76	77
76	78
76	79
76	80
76	278
76	281
77	78
77	79
77	80
77	81
77	278
77	315
78	79
78	80
78	81
78	82
79	80
79	81
79	82
79	83
80	81
80	82
80	83
80	84
80	314
80	315
81	82
81	83
81	84
81	85
82	83
82	84
82	85
82	86
83	84
83	85
83	86
83	87
83	314
84	85
84	86
84	87
84	88
84	314
85	86
85	87
85	88
85	89
86	87
86	88
86	89
87	88
87	89
87	90
87	91
88	89
88	90
88	91
89	90
89	91
90	91
90	92
91	92
91	93
91	95
91	96
91	127
92	93
92	94
92	95
92	96
92	127
93	94
93	95
93	96
93	97
93	127
93	128
93	131
94	95
94	96
94	97
94	98
95	96
95	97
95	98
95	99
96	97
96	98
96	99
96	100
96	128
96	131
97	98
97	99
97	100
97	101
97	131
97	132
97	135
98	99
98	100
98	101
98	102
99	100
99	101
99	102
99	103
100	101
100	102
100	103
100	104
101	102
101	103
101	104
101	105
102	103
102	104
102	105
102	106
103	104
103	105
103	106
103	107
104	105
104	106
104	107
104	108
105	106
105	107
105	108
105	109
106	107
106	108
106	109
106	110
106	320
106	321
107	108
107	109
107	110
107	111
107	112
107	321
108	109
108	110
108	111
108	112
108	113
108	142
108	401
109	110
109	111
109	401
110	111
110	112
110	322
110	389
110	390
111	112
111	113
111	373
111	390
111	393
112	113
112	114
113	114
113	115
113	142
113	143
113	144
114	115
114	116
114	143
114	144
114	145
115	116
115	117
115	143
115	144
115	145
115	146
116	117
116	118
116	145
116	146
116	147
117	118
117	119
117	146
117	147
117	148
118	119
118	120
118	147
118	148
118	149
118	150
119	120
119	121
119	128
119	129
119	147
119	148
119	149
119	150
120	121
120	122
120	149
120	150
120	151
120	152
121	122
121	123
121	126
121	149
121	150
121	151
121	152
121	164
121	165
122	123
122	124
122	151
122	152
122	153
122	161
122	164
123	124
123	125
123	126
124	125
124	126
124	164
125	126
125	127
126	127
126	128
126	129
126	130
127	128
127	129
127	130
127	131
128	129
128	130
128	131
128	132
129	130
129	131
129	132
129	133
130	131
130	132
130	133
130	134
131	132
131	133
131	134
131	135
132	133
132	134
132	135
132	136
133	134
133	135
133	136
133	137
134	135
134	136
134	137
134	138
135	136
135	137
135	138
135	139
136	137
136	138
136	139
136	140
136	145
137	138
137	139
137	140
138	139
138	140
139	140
139	141
139	142
139	143
140	141
140	142
140	143
140	144
141	142
141	143
142	143
143	144
143	145
144	145
144	146
145	146
145	147
146	147
146	148
146	174
147	148
147	149
147	173
147	174
147	175
148	149
148	150
148	173
148	174
148	175
148	176
148	177
149	150
149	151
149	165
149	168
149	169
149	173
149	175
149	176
149	177
150	151
150	152
150	176
150	177
150	178
151	152
151	153
151	154
151	155
151	161
151	165
151	177
151	178
152	153
152	154
152	179
153	154
153	157
153	158
154	155
154	156
154	157
154	158
154	161
154	178
154	179
154	182
154	183
155	156
155	157
155	158
155	161
155	162
155	178
155	192
156	157
156	158
156	161
156	162
156	183
156	188
156	192
157	158
157	159
157	183
157	184
158	159
158	160
158	161
159	160
159	161
160	161
160	162
160	163
160	164
161	162
161	163
161	164
161	165
162	163
162	164
162	165
162	166
163	164
163	165
163	166
163	167
164	165
164	166
164	167
164	168
165	166
165	167
165	168
165	169
166	167
166	168
166	169
166	170
167	168
167	169
167	170
167	171
168	169
168	170
168	171
168	172
168	173
169	170
169	171
169	172
169	173
170	171
170	172
171	172
171	173
172	173
172	174
173	174
173	175
174	175
174	205
174	206
175	176
175	177
175	205
175	206
175	207
175	208
176	177
176	196
176	200
176	205
176	206
176	207
176	208
177	178
177	207
177	208
177	209
178	179
178	180
178	196
178	209
178	210
179	180
179	181
179	182
179	183
179	209
179	210
179	211
180	181
180	182
180	183
180	189
180	190
180	192
180	211
180	221
181	182
181	183
181	189
181	211
181	212
181	219
182	183
182	184
183	184
183	185
183	188
183	189
184	185
184	188
185	186
185	187
185	188
185	189
186	187
186	188
186	189
186	190
187	188
187	189
187	190
187	191
188	189
188	190
188	191
188	192
189	190
189	191
189	192
189	193
190	191
190	192
190	193
190	194
190	221
191	192
191	193
191	194
191	195
192	193
192	194
192	195
192	196
193	194
193	195
193	196
193	197
193	225
194	195
194	196
194	197
194	198
195	196
195	197
195	198
195	199
196	197
196	198
196	199
196	200
197	198
197	199
197	200
197	201
198	199
198	200
198	201
198	202
199	200
199	201
199	202
199	203
200	201
200	202
200	203
200	204
200	205
200	206
200	207
201	202
201	203
201	204
201	205
202	203
202	204
203	204
203	205
204	205
205	206
205	207
206	207
206	208
206	237
206	238
207	208
207	209
207	237
207	238
207	239
208	209
208	210
208	238
208	239
208	240
208	241
209	210
209	211
209	239
209	240
209	241
210	211
210	212
210	213
210	240
210	241
210	242
211	212
211	213
211	221
211	222
211	240
211	241
211	242
211	243
212	213
212	214
212	219
212	220
212	221
212	242
212	243
212	244
212	245
213	214
213	242
213	243
213	244
213	245
214	215
214	216
214	244
214	245
215	216
215	217
215	244
215	245
215	248
215	279
215	280
216	217
216	218
216	219
216	245
216	248
217	218
217	219
217	245
217	248
217	249
218	219
218	220
219	220
219	221
219	245
220	221
220	222
220	223
221	222
221	223
221	224
221	225
222	223
222	224
222	225
222	226
222	240
223	224
223	225
223	226
223	227
223	257
224	225
224	226
224	227
224	228
225	226
225	227
225	228
225	229
226	227
226	228
226	229
226	230
226	260
226	261
226	264
226	266
227	228
227	229
227	230
227	231
227	264
228	229
228	230
228	231
228	232
229	230
229	231
229	232
229	233
229	234
229	235
229	238
229	264
230	231
230	232
230	233
230	234
230	235
230	264
231	232
231	233
232	233
232	234
233	234
233	235
234	235
234	236
234	237
234	238
235	236
235	237
235	238
235	264
235	265
235	266
236	237
236	238
236	265
236	266
236	358
237	238
237	239
237	358
238	239
238	240
238	266
238	267
239	240
239	241
239	266
239	267
239	268
239	356
240	241
240	242
240	243
240	267
240	268
240	269
241	242
241	243
241	268
241	269
241	270
242	243
242	244
242	269
242	270
242	271
242	292
243	244
243	245
243	246
243	292
244	245
244	246
244	247
244	290
244	291
244	292
245	246
245	247
245	248
245	249
246	247
246	248
246	249
246	292
246	293
247	248
247	249
247	290
247	291
247	292
247	293
248	249
248	250
249	250
249	251
249	254
250	251
250	252
250	253
250	254
251	252
251	253
251	254
251	255
252	253
252	254
252	255
252	256
253	254
253	255
253	256
253	257
254	255
254	256
254	257
254	258
255	256
255	257
255	258
256	257
256	258
256	259
257	258
257	259
257	260
257	261
258	259
258	260
258	261
258	262
259	260
259	261
259	262
259	263
260	261
260	262
260	263
260	264
261	262
261	263
261	264
261	265
261	266
262	263
262	264
262	265
262	302
263	264
263	265
264	265
264	266
265	266
265	267
266	267
266	268
267	268
267	269
267	303
267	304
267	356
268	269
268	270
268	303
268	304
268	305
269	270
269	271
269	304
269	305
269	306
269	307
270	271
270	272
270	291
270	292
270	305
270	306
270	307
271	272
271	273
271	274
271	275
271	306
271	307
271	308
271	309
272	273
272	274
272	275
272	276
272	291
272	326
272	329
272	330
273	274
273	275
273	276
273	277
273	308
273	326
273	329
274	275
274	276
274	277
274	278
274	309
274	315
274	316
275	276
275	277
275	278
275	279
275	290
275	291
276	277
276	278
276	279
276	289
276	290
276	291
277	278
277	279
278	279
278	280
278	281
279	280
279	281
279	289
279	290
280	281
280	282
280	283
280	287
280	288
280	289
280	290
281	282
281	283
282	283
282	284
283	284
283	285
283	287
284	285
284	286
284	287
285	286
285	287
286	287
286	288
287	288
287	289
288	289
288	290
289	290
289	291
289	333
290	291
290	292
291	292
291	293
292	293
292	294
293	294
293	295
293	296
293	297
294	295
294	296
294	297
294	298
294	304
294	334
295	296
295	297
295	298
295	299
295	334
295	336
296	297
296	298
296	299
296	300
297	298
297	299
297	300
297	301
297	302
297	303
297	304
298	299
298	300
298	301
298	302
298	303
299	300
299	301
300	301
300	302
301	302
301	303
302	303
302	304
303	304
303	305
303	352
304	305
304	348
304	352
305	306
305	307
305	348
305	349
305	352
305	353
306	307
306	308
306	327
306	348
306	349
307	308
307	309
308	309
308	310
308	321
308	326
309	310
309	311
310	311
310	312
310	313
310	315
310	316
311	312
311	313
311	316
311	317
311	318
311	319
311	320
311	321
312	313
312	316
312	317
312	318
312	319
313	314
313	315
313	316
313	317
314	315
314	316
315	316
315	317
316	317
316	318
317	318
318	319
319	320
319	321
320	321
320	322
321	322
321	323
322	323
322	324
322	325
322	326
323	324
323	325
323	326
323	327
323	349
324	325
324	326
324	327
324	328
324	384
324	387
325	326
325	327
325	328
325	329
326	327
326	328
326	329
326	330
327	328
327	329
327	330
327	331
327	345
328	329
328	330
328	331
328	332
328	384
329	330
329	331
329	332
329	333
330	331
330	332
330	333
330	334
331	332
331	333
331	334
331	335
331	336
331	337
331	342
332	333
332	334
332	335
332	336
332	337
333	334
333	335
334	335
334	336
335	336
335	337
336	337
336	338
336	341
336	342
337	338
337	339
337	341
337	342
338	339
338	340
338	341
338	342
339	340
339	341
339	342
339	343
340	341
340	342
340	343
340	344
341	342
341	343
341	344
341	345
342	343
342	344
342	345
342	381
343	344
343	345
343	346
343	379
343	380
343	381
344	345
344	346
344	347
344	380
345	346
345	347
345	348
345	380
346	347
346	348
346	349
346	350
346	380
347	348
347	349
347	350
347	351
347	352
348	349
348	350
348	351
348	352
348	353
349	350
349	351
349	352
349	353
350	351
350	352
350	353
350	354
351	352
351	353
351	354
351	355
352	353
352	354
352	355
352	356
353	354
353	355
353	356
353	357
354	355
354	356
354	357
354	358
354	359
354	362
355	356
355	357
355	358
355	359
356	357
356	358
357	358
357	359
358	359
358	360
359	360
359	361
359	362
360	361
360	362
361	362
361	368
361	369
362	363
362	368
363	364
363	365
364	365
365	366
365	367
365	368
366	367
366	368
367	368
367	369
368	369
368	370
369	370
369	371
369	396
370	371
370	372
370	395
370	396
370	397
371	372
371	394
371	395
371	396
371	397
372	373
372	374
372	393
372	394
372	395
373	374
373	375
373	390
373	392
373	393
373	394
374	375
374	376
374	390
374	391
374	392
374	393
375	376
375	377
375	388
375	389
375	390
375	391
376	377
376	388
376	391
377	378
377	379
377	382
377	383
378	379
378	382
379	380
379	381
379	382
379	383
380	381
380	382
380	383
380	384
381	382
381	383
381	384
381	385
382	383
382	384
382	385
382	386
383	384
383	385
383	386
383	387
383	388
384	385
384	386
384	387
385	386
385	387
386	387
386	388
387	388
387	389
388	389
388	390
389	390
389	391
389	403
390	391
390	392
390	393
390	402
390	403
391	392
391	402
391	403
391	404
392	393
392	394
392	399
392	401
392	402
392	403
393	394
393	395
393	399
393	400
393	401
393	402
394	395
394	396
394	397
394	398
394	399
394	400
395	396
395	397
395	398
395	399
395	400
396	397
396	398
397	398
397	399
398	399
398	400
399	400
399	401
400	401
401	402
402	403
402	404
403	404
403	405
404	405
404	406
405	406
405	407
406	407
406	408
407	408
407	409
408	409
408	410
408	417
408	418
409	410
409	411
409	415
409	416
409	417
409	418
410	411
410	412
410	415
410	416
410	417
411	412
411	413
411	414
411	415
411	416
412	413
412	414
412	415
413	414
413	415
414	415
414	416
415	416
415	417
416	417
416	418
417	418
417	419
418	419
418	420
419	420
419	421
420	421
420	422
421	422
