0	1
1	2
1	3
1	33
1	34
1	35
2	3
2	33
2	34
2	179
3	4
3	5
3	33
3	34
3	35
3	179
3	180
3	241
4	5
4	6
4	34
4	35
4	36
4	175
4	179
4	180
4	181
5	6
5	7
5	34
5	35
5	36
5	37
5	180
5	181
5	182
6	7
6	36
6	37
6	38
6	39
6	181
6	182
6	183
7	8
7	9
7	13
7	37
7	38
7	39
7	182
7	183
7	184
8	9
8	10
8	12
8	13
8	38
8	39
8	40
8	183
8	184
9	10
9	11
9	12
9	13
9	14
9	38
9	39
9	40
10	11
10	12
10	13
10	14
10	15
11	12
11	13
11	14
11	15
11	185
11	228
12	13
12	14
12	15
12	183
12	184
12	185
12	202
12	228
12	229
13	14
13	15
13	20
13	228
13	229
14	15
14	16
14	17
14	20
14	228
14	229
15	16
15	17
15	228
16	17
16	18
16	19
16	20
16	228
16	229
17	18
17	19
17	20
17	21
18	19
18	20
18	21
18	22
19	20
19	21
19	22
19	23
19	229
19	230
20	21
20	22
20	23
20	24
20	229
21	22
21	23
21	24
21	25
22	23
22	24
22	25
22	26
23	24
23	25
23	26
23	27
23	229
23	233
24	25
24	26
24	27
24	28
24	57
25	26
25	27
25	28
25	29
26	27
26	28
26	29
27	28
27	29
27	30
27	31
28	29
28	30
28	31
29	30
29	31
30	31
30	32
30	33
31	32
31	33
31	34
32	33
32	34
33	34
34	35
34	36
35	36
35	37
35	60
36	37
36	38
36	59
36	60
36	61
37	38
37	39
37	59
37	60
37	61
37	62
37	63
38	39
38	40
38	59
38	61
38	62
38	63
39	40
39	62
39	63
39	64
39	162
40	41
40	42
40	63
40	64
40	65
41	42
41	43
41	64
41	65
41	66
42	43
42	44
42	46
42	47
42	64
42	65
43	44
43	45
43	46
43	47
43	64
43	65
43	110
44	45
44	46
44	47
44	48
44	64
45	46
45	47
45	48
45	49
46	47
46	48
46	49
46	50
47	48
47	49
47	50
47	51
48	49
48	50
48	51
48	52
49	50
49	51
49	52
49	53
50	51
50	52
50	53
50	54
51	52
51	53
51	54
51	55
51	56
52	53
52	54
52	55
53	54
53	55
54	55
54	56
55	56
55	57
56	57
56	58
57	58
57	59
58	59
58	60
59	60
59	61
60	61
60	72
60	73
61	62
61	63
61	70
61	71
61	72
62	63
62	64
62	70
62	71
62	72
63	64
63	67
63	69
63	70
63	71
63	162
63	165
64	65
64	66
64	67
64	68
64	69
64	70
65	66
65	67
65	68
65	69
66	67
66	68
66	160
66	161
66	162
67	68
67	69
67	160
67	161
67	162
67	165
68	69
68	70
68	114
68	115
68	160
68	161
69	70
69	71
69	76
69	81
70	71
70	76
70	77
71	72
71	73
71	75
71	76
71	77
72	73
72	74
72	75
72	76
72	77
73	74
73	75
74	75
75	76
75	77
76	77
76	78
77	78
77	79
77	80
77	81
78	79
78	80
78	81
78	82
79	80
79	81
79	82
79	83
80	81
80	82
80	83
80	84
81	82
81	83
81	84
81	85
82	83
82	84
82	85
82	86
83	84
83	85
83	86
84	85
84	86
84	88
84	157
84	159
84	160
85	86
85	87
85	88
86	87
86	88
87	88
87	89
87	141
87	142
88	89
88	90
88	141
88	142
88	157
89	90
89	91
89	92
89	93
90	91
90	92
90	93
90	94
90	113
90	114
91	92
91	93
91	94
91	95
92	93
92	94
92	95
92	96
93	94
93	95
93	96
93	97
94	95
94	96
94	97
94	98
94	116
95	96
95	97
95	98
95	99
96	97
96	98
96	99
97	98
97	99
97	100
98	99
98	100
98	103
99	100
99	101
100	101
100	102
100	103
101	102
101	103
102	103
102	104
102	120
102	121
102	124
103	104
103	105
103	118
103	119
103	120
103	121
104	105
104	106
104	118
104	119
104	120
105	106
105	107
105	117
105	118
105	119
106	107
106	108
106	110
106	117
106	118
106	119
107	108
107	109
107	110
108	109
108	110
108	111
109	110
109	111
110	111
110	112
110	117
111	112
111	115
111	116
111	117
112	113
112	114
112	115
112	116
113	114
113	115
114	115
114	116
114	156
114	157
115	116
115	117
115	154
115	155
115	156
116	117
116	118
116	154
116	155
116	156
117	118
117	153
117	154
117	155
118	119
118	120
118	152
118	153
118	154
119	120
119	121
119	151
119	152
119	153
120	121
120	122
120	124
120	151
120	152
121	122
121	123
121	124
122	123
122	124
122	151
123	124
123	125
124	125
124	126
125	126
125	127
125	128
126	127
126	128
126	129
126	130
127	128
127	129
127	130
127	131
128	129
128	130
128	131
128	132
129	130
129	131
129	132
129	133
130	131
130	132
130	133
130	134
131	132
131	133
131	134
131	135
132	133
132	134
132	135
132	136
133	134
133	135
133	136
133	137
133	145
134	135
134	136
134	137
134	138
135	136
135	137
135	138
136	137
136	138
136	139
137	138
137	139
138	139
138	140
139	140
139	141
140	141
140	142
141	142
141	143
142	143
142	144
142	157
142	158
143	144
143	145
143	155
143	156
143	157
143	158
144	145
144	146
144	155
144	156
144	157
144	158
145	146
145	147
145	153
145	154
145	155
145	156
146	147
146	148
146	153
146	154
146	155
147	148
147	150
147	152
147	153
147	154
148	149
148	150
148	151
148	152
148	153
149	150
149	151
149	152
150	151
150	152
151	152
151	153
152	153
152	154
153	154
153	155
154	155
154	156
155	156
156	157
156	158
156	160
157	158
157	159
157	160
158	159
158	160
159	160
159	161
159	164
160	161
160	164
161	162
161	163
161	164
161	165
162	163
162	164
162	165
162	166
162	191
162	192
163	164
163	165
163	166
163	167
163	191
163	192
163	195
164	165
164	166
164	167
164	168
165	166
165	167
165	168
165	169
166	167
166	168
166	169
166	170
166	192
167	168
167	169
167	170
167	171
167	195
168	169
168	170
168	171
168	172
169	170
169	171
169	172
169	173
170	171
170	172
170	173
170	174
170	175
171	172
171	173
171	174
171	175
172	173
172	174
173	174
173	175
174	175
174	176
175	176
175	177
175	179
175	180
176	177
176	178
176	179
176	180
177	178
177	179
177	180
177	196
177	197
177	198
178	179
178	180
178	197
178	198
179	180
179	181
180	181
180	182
180	197
180	198
181	182
181	183
181	197
181	198
181	199
182	183
182	184
182	192
182	193
182	197
182	198
182	199
182	200
183	184
183	199
183	200
183	201
183	232
184	185
184	186
184	189
184	200
184	201
184	202
185	186
185	189
185	201
185	202
185	204
185	205
185	206
185	209
186	187
186	188
186	189
186	205
186	206
186	208
186	209
187	188
187	189
187	190
187	206
187	208
187	209
188	189
188	190
188	191
189	190
189	191
189	192
189	193
190	191
190	192
190	193
190	194
190	209
191	192
191	193
191	194
191	195
192	193
192	194
192	195
193	194
193	195
193	199
194	195
194	196
195	196
195	197
196	197
197	198
197	199
197	220
198	199
198	220
198	221
199	200
199	201
199	220
199	221
199	222
200	201
200	202
200	221
200	222
200	223
200	224
200	232
200	235
201	202
201	203
201	205
201	222
201	223
201	224
202	203
202	204
202	205
202	223
202	224
202	226
202	227
202	228
202	231
203	204
203	205
203	223
203	224
203	225
203	226
203	227
204	205
204	206
204	227
204	228
205	206
205	207
205	209
205	210
206	207
206	208
206	209
206	210
207	208
207	209
207	210
207	211
208	209
208	210
208	211
208	212
209	210
209	211
209	212
209	213
210	211
210	212
210	213
210	214
211	212
211	213
211	214
211	215
212	213
212	214
212	215
212	216
212	217
213	214
213	215
213	216
213	217
214	215
214	216
214	217
215	216
215	217
216	217
216	218
217	218
217	221
218	219
218	220
218	221
219	220
219	221
220	221
220	222
221	222
221	223
222	223
222	224
222	235
223	224
223	225
224	225
224	226
224	231
224	234
224	235
225	226
225	227
225	231
226	227
226	228
226	230
226	231
227	228
227	229
227	230
227	231
228	229
228	230
228	231
229	230
229	231
229	232
229	233
230	231
230	232
230	233
230	234
231	232
231	233
231	234
231	235
232	233
232	234
232	235
232	236
233	234
233	235
233	236
233	237
234	235
234	236
234	237
234	238
235	236
235	237
235	238
235	239
236	237
236	238
236	239
236	240
236	241
237	238
237	239
237	240
237	241
238	239
238	240
239	240
239	241
240	241
240	242
240	243
241	242
241	243
242	243
