0	1
0	2
1	2
1	3
1	4
1	5
1	100
1	103
2	3
2	4
2	5
2	6
2	39
3	4
3	5
3	6
3	7
3	75
3	78
3	96
3	97
3	100
4	5
4	6
4	7
4	8
4	75
4	100
4	103
4	104
5	6
5	7
5	8
5	9
6	7
6	8
6	9
6	10
6	39
6	42
6	43
7	8
7	9
7	10
7	11
7	71
7	74
7	75
7	78
8	9
8	10
8	11
8	12
8	71
9	10
9	11
9	12
9	13
9	23
9	43
10	11
10	12
10	13
10	14
10	43
10	47
11	12
11	13
11	14
11	15
11	71
11	74
12	13
12	14
12	15
12	16
12	17
12	18
13	14
13	15
13	16
13	17
13	18
13	19
13	20
13	331
13	335
14	15
14	16
14	17
14	334
14	335
15	16
15	17
16	17
16	18
17	18
17	19
17	335
18	19
18	20
19	20
19	21
19	22
19	23
19	331
20	21
20	22
20	23
20	24
20	331
21	22
21	23
21	24
22	23
22	24
22	25
23	24
23	25
23	26
23	27
24	25
24	26
24	27
24	28
25	26
25	27
25	28
25	29
26	27
26	28
26	29
27	28
27	29
27	30
28	29
28	30
28	31
28	36
29	30
29	31
30	31
31	32
31	33
31	35
31	36
32	33
32	34
32	35
32	36
33	34
33	35
33	36
33	37
34	35
34	36
34	37
34	38
35	36
35	37
35	38
35	39
36	37
36	38
36	39
36	40
37	38
37	39
37	40
37	41
38	39
38	40
38	41
38	42
39	40
39	41
39	42
39	43
40	41
40	42
40	43
40	44
41	42
41	43
41	44
41	45
42	43
42	44
42	45
42	46
42	78
43	44
43	45
43	46
43	47
44	45
44	46
44	47
44	48
44	330
45	46
45	47
45	48
45	49
46	47
46	48
46	49
46	50
46	78
46	81
47	48
47	49
47	50
47	330
47	331
48	49
48	50
48	164
48	330
49	50
49	51
49	52
49	53
49	139
50	51
50	52
50	53
50	54
51	52
51	53
51	54
51	55
51	136
51	139
51	140
52	53
52	54
52	55
52	56
52	136
52	137
52	139
53	54
53	55
53	56
53	57
53	77
53	80
54	55
54	56
54	57
54	58
55	56
55	57
55	58
55	59
56	57
56	58
56	59
56	60
57	58
57	59
57	60
57	61
57	64
58	59
58	60
58	61
58	62
58	64
59	60
59	61
60	61
60	62
60	120
61	62
61	63
61	64
62	63
62	64
63	64
63	65
64	65
64	66
64	73
65	66
65	69
65	70
65	72
65	73
66	67
66	68
66	69
66	70
67	68
67	69
67	70
68	69
68	70
69	70
69	71
69	72
70	71
70	72
70	73
70	74
71	72
71	73
71	74
71	75
72	73
72	74
72	75
72	76
73	74
73	75
73	76
73	77
74	75
74	76
74	77
74	78
75	76
75	77
75	78
75	79
75	97
76	77
76	78
76	79
76	80
76	113
77	78
77	79
77	80
77	81
78	79
78	80
78	81
78	82
79	80
79	81
79	82
79	83
79	93
79	94
79	97
80	81
80	82
80	83
80	84
80	117
81	82
81	83
81	84
81	85
82	83
82	84
82	85
82	86
82	88
82	93
83	84
83	85
83	86
83	90
84	85
84	86
85	86
86	87
86	88
87	88
87	89
88	89
88	90
88	92
88	93
89	90
89	91
89	92
89	93
90	91
90	92
90	93
90	94
91	92
91	93
91	94
91	95
92	93
92	94
92	95
92	96
93	94
93	95
93	96
93	97
94	95
94	96
94	97
94	98
94	114
95	96
95	97
95	98
95	99
96	97
96	98
96	99
96	100
97	98
97	99
97	100
98	99
98	100
98	101
98	110
98	113
98	114
99	100
99	101
99	102
99	110
100	101
100	102
100	103
100	104
101	102
101	103
101	104
101	105
101	106
101	107
101	109
101	110
102	103
102	104
102	105
102	106
102	107
103	104
103	105
104	105
104	106
105	106
105	107
106	107
106	108
106	109
107	108
107	109
107	110
108	109
108	110
109	110
109	111
109	112
109	113
110	111
110	112
110	113
110	114
111	112
111	113
111	114
111	115
112	113
112	114
112	115
112	116
113	114
113	115
113	116
113	117
114	115
114	116
114	117
114	118
115	116
115	117
115	118
115	119
116	117
116	118
116	119
116	120
117	118
117	119
117	120
117	121
118	119
118	120
118	121
118	122
119	120
119	121
119	122
119	123
120	121
120	122
120	123
120	124
121	122
121	123
121	124
122	123
122	124
123	124
123	125
123	126
123	127
124	125
124	126
124	127
124	128
125	126
125	127
125	128
125	129
126	127
126	128
126	129
126	130
127	128
127	129
127	130
127	131
128	129
128	130
128	131
128	132
129	130
129	131
129	132
129	133
130	131
130	132
130	133
130	134
131	132
131	133
131	134
131	137
132	133
132	134
132	137
133	134
133	135
134	135
134	136
134	137
135	136
135	137
135	138
136	137
136	138
136	139
136	140
137	138
137	139
138	139
138	140
138	160
139	140
139	141
140	141
140	142
140	144
140	145
140	333
141	142
141	143
141	144
141	145
141	333
142	143
142	144
142	145
142	146
143	144
143	145
143	146
143	147
143	338
144	145
144	146
144	147
144	148
145	146
145	147
145	148
145	149
146	147
146	148
146	149
146	150
147	148
147	149
147	150
147	151
148	149
148	150
148	151
148	152
148	156
149	150
149	151
149	152
149	153
149	156
150	151
150	152
150	153
151	152
151	153
152	153
152	154
152	155
152	156
153	154
153	155
153	156
154	155
154	156
155	156
155	157
155	158
155	159
156	157
156	158
156	159
156	160
157	158
157	159
157	160
157	161
158	159
158	160
158	161
158	162
159	160
159	161
159	162
159	163
159	407
159	408
160	161
160	162
160	163
160	164
161	162
161	163
161	164
161	165
162	163
162	164
162	165
162	408
162	409
162	410
163	164
163	165
163	326
163	327
163	408
164	165
164	166
164	327
165	166
165	167
165	327
166	167
166	168
166	327
167	168
167	169
167	327
167	328
168	169
168	170
168	205
168	206
168	410
169	170
169	171
169	205
169	206
169	209
170	171
170	172
170	203
170	204
170	205
170	206
170	225
170	226
170	227
170	228
171	172
171	173
171	203
171	204
171	205
171	223
171	224
171	225
171	226
171	227
172	173
172	174
172	202
172	203
172	204
172	223
172	224
172	225
172	226
173	174
173	175
173	180
173	202
173	203
173	222
173	223
173	224
174	175
174	176
174	177
174	178
174	222
174	223
174	261
175	176
175	177
175	178
175	179
175	180
175	261
176	177
176	178
176	261
177	178
177	222
178	179
178	180
178	182
178	183
179	180
179	181
179	182
179	183
180	181
180	182
180	183
180	184
180	202
181	182
181	183
181	184
181	185
182	183
182	184
182	185
182	186
183	184
183	185
183	186
183	187
184	185
184	186
184	187
184	188
184	194
185	186
185	187
185	188
185	189
186	187
186	188
186	189
186	190
186	216
187	188
187	189
187	190
187	191
187	192
187	193
187	216
188	189
188	190
188	191
188	192
188	193
189	190
189	191
190	191
190	192
191	192
191	193
192	193
192	194
193	194
193	206
193	207
194	195
194	196
194	204
194	205
194	206
194	207
195	196
195	197
195	204
195	205
195	206
196	197
196	198
196	203
196	204
196	205
197	198
197	199
197	200
197	201
197	203
198	199
198	200
198	201
199	200
199	201
200	201
200	202
200	203
200	228
200	231
200	232
201	202
201	203
202	203
202	204
203	204
203	205
203	228
204	205
204	206
205	206
205	207
206	207
206	208
206	209
207	208
207	209
208	209
208	210
209	210
209	211
210	211
210	212
210	214
211	212
211	213
211	214
212	213
212	214
212	215
212	218
213	214
213	215
213	218
214	215
214	216
215	216
215	217
215	218
216	217
216	218
217	218
217	219
217	220
217	221
217	222
217	223
218	219
218	220
218	221
218	222
218	223
218	224
219	220
219	221
219	287
220	221
220	222
220	287
220	288
221	222
221	223
221	287
221	288
222	223
223	224
223	225
224	225
224	226
225	226
225	227
226	227
226	228
226	230
226	231
226	254
227	228
227	229
227	230
227	231
227	413
227	414
228	229
228	230
228	231
228	232
228	412
228	413
229	230
229	231
229	232
229	413
229	414
229	416
230	231
230	232
230	233
231	232
231	233
231	234
232	233
232	234
232	235
233	234
233	235
233	236
233	237
234	235
234	236
234	237
234	238
234	259
235	236
235	237
235	238
236	237
236	238
236	366
236	420
237	238
237	239
237	315
237	366
238	239
238	240
239	240
239	259
239	262
239	263
240	241
240	242
240	243
240	263
240	266
241	242
241	243
241	263
241	264
241	265
241	266
242	243
242	244
242	265
242	266
242	267
243	244
243	245
243	266
243	267
243	312
244	245
244	246
244	266
244	267
244	268
244	311
244	312
244	313
245	246
245	247
245	266
245	267
245	268
245	269
245	311
245	312
245	313
245	314
246	247
246	248
246	268
246	269
246	270
246	311
246	313
246	314
246	315
247	248
247	249
247	250
247	256
247	269
247	270
247	271
247	314
247	315
247	316
248	249
248	250
248	270
248	271
248	272
248	315
248	316
248	317
249	250
249	251
249	271
249	272
249	316
249	317
249	318
250	251
250	252
250	253
250	256
250	270
250	271
250	272
251	252
251	253
251	272
251	277
251	278
251	280
251	281
252	253
252	254
252	277
252	280
252	281
253	254
253	255
253	256
253	257
253	280
253	281
253	284
254	255
254	256
254	257
254	258
255	256
255	257
255	258
255	259
256	257
256	258
256	259
256	260
256	270
257	258
257	259
257	260
257	261
257	285
258	259
258	260
258	261
258	262
259	260
259	261
259	262
259	263
260	261
260	262
260	263
260	264
260	266
261	262
261	263
261	264
262	263
262	264
263	264
263	265
263	266
264	265
264	266
265	266
265	267
266	267
266	268
267	268
267	269
267	292
268	269
268	270
268	292
268	293
269	270
269	271
269	292
269	293
269	294
270	271
270	293
270	294
270	295
271	272
271	294
271	295
271	296
271	297
272	273
272	274
272	277
272	278
272	295
272	296
272	297
272	298
273	274
273	296
273	297
273	298
274	275
274	276
274	277
274	278
274	296
275	276
275	277
275	278
275	279
275	296
276	277
276	278
276	279
277	278
277	279
277	280
278	279
278	280
278	281
278	282
279	280
279	281
279	282
279	283
280	281
280	282
280	283
280	284
281	282
281	283
281	284
281	285
282	283
282	284
282	285
282	286
283	284
283	285
283	286
283	287
284	285
284	286
284	287
284	288
285	286
285	287
285	288
285	289
285	290
285	291
286	287
286	288
286	289
286	290
287	288
287	289
288	289
288	290
289	290
289	291
290	291
290	292
291	292
292	293
292	294
293	294
293	295
294	295
295	296
295	297
296	297
297	298
297	299
297	305
298	299
298	300
298	301
298	302
299	300
299	301
299	302
299	351
299	355
300	301
300	302
300	350
300	351
300	354
301	302
301	303
301	304
301	354
302	303
302	304
302	305
302	306
302	307
302	354
302	355
303	304
303	305
303	306
303	307
303	308
304	305
304	306
304	307
305	306
305	307
306	307
306	308
306	309
307	308
307	309
308	309
308	310
309	310
309	311
309	358
310	311
310	358
310	359
310	360
311	312
311	313
311	314
311	358
311	359
311	360
312	313
312	314
312	359
312	360
312	363
312	364
313	314
313	315
313	359
313	363
313	364
313	365
314	315
314	316
314	364
314	365
314	366
315	316
315	317
315	365
315	366
315	367
316	317
316	318
316	366
316	367
316	368
317	318
317	319
317	367
317	368
317	369
318	319
318	320
318	348
318	367
318	368
318	369
319	320
319	348
320	321
320	322
320	344
320	369
320	370
320	371
321	322
321	323
321	336
321	341
321	371
322	323
322	324
322	325
322	370
322	371
323	324
323	325
323	326
323	370
323	371
323	372
324	325
324	326
324	370
324	371
324	372
324	408
324	414
324	415
324	416
325	326
325	327
325	328
325	329
325	370
325	414
325	415
326	327
326	328
326	329
326	330
326	332
326	333
327	328
327	329
327	330
328	329
328	330
329	330
329	331
329	332
330	331
330	332
330	333
331	332
331	333
331	334
331	335
332	333
332	334
332	335
332	336
333	334
333	335
333	336
334	335
334	336
335	336
335	337
336	337
336	338
336	340
337	338
337	339
337	340
338	339
338	340
338	341
339	340
339	341
339	342
339	343
340	341
340	342
340	343
340	344
341	342
341	343
341	344
341	345
342	343
342	344
342	345
342	346
343	344
343	345
343	346
343	347
344	345
344	346
344	347
344	348
345	346
345	347
345	348
345	349
345	375
345	376
346	347
346	348
346	349
346	350
347	348
347	349
347	350
347	351
348	349
348	350
348	351
348	352
349	350
349	351
349	352
349	353
350	351
350	352
350	353
350	354
351	352
351	353
351	354
351	355
352	353
352	354
352	355
352	356
353	354
353	355
353	356
354	355
354	356
354	357
355	356
355	357
355	358
356	357
356	358
356	359
357	358
357	359
358	359
358	360
359	360
359	361
359	363
360	361
360	362
360	363
361	362
361	363
361	423
362	363
362	364
362	422
362	423
363	364
363	365
363	422
363	423
364	365
364	366
364	420
364	421
364	422
365	366
365	367
365	420
365	421
365	422
366	367
366	368
366	418
366	419
366	420
366	421
367	368
367	369
367	418
367	419
367	420
368	369
368	370
368	417
368	418
368	419
369	370
369	371
369	416
369	417
369	418
370	371
370	372
370	415
370	416
370	417
371	372
371	373
371	415
371	416
371	417
372	373
372	374
372	415
372	416
373	374
373	375
373	376
373	377
374	375
374	376
374	377
374	378
374	379
375	376
375	377
375	378
375	379
375	380
376	377
376	378
376	379
376	380
377	378
377	379
377	380
377	381
377	417
378	379
378	380
378	381
378	382
378	401
378	402
378	403
379	380
379	381
379	382
379	383
380	381
380	382
380	383
380	384
381	382
381	383
381	384
381	385
381	402
382	383
382	384
382	385
382	386
382	399
382	402
383	384
383	385
383	386
383	387
384	385
384	386
384	387
384	388
385	386
385	387
385	388
385	389
385	391
386	387
386	388
387	388
387	389
388	389
388	390
388	391
389	390
389	391
390	391
390	392
390	423
391	392
391	393
391	421
391	422
391	423
392	393
392	394
392	421
392	422
392	423
393	394
393	395
393	399
393	420
393	421
393	422
394	395
394	396
394	420
394	421
394	422
395	396
395	397
395	420
396	397
396	398
396	402
396	403
396	404
396	418
396	419
396	420
397	398
397	401
397	402
397	403
397	404
398	399
398	400
398	401
398	402
398	403
399	400
399	401
399	402
400	401
400	402
401	402
401	403
402	403
402	419
403	404
403	405
403	417
403	418
403	419
404	405
404	406
404	417
404	418
404	419
405	406
405	407
405	416
405	417
405	418
406	407
406	408
406	415
406	416
406	417
407	408
407	409
407	414
407	415
407	416
408	409
408	412
408	413
408	414
408	415
409	410
409	411
409	412
409	413
410	411
410	412
411	412
412	413
412	414
413	414
413	415
414	415
414	416
415	416
416	417
416	418
417	418
417	419
418	419
418	420
419	420
419	421
420	421
420	422
421	422
421	423
422	423
