0	1
0	2
0	24
0	25
1	2
1	3
1	22
1	23
1	24
1	25
2	3
2	4
2	22
2	23
2	24
3	4
3	20
3	21
3	22
3	23
4	5
4	6
4	20
4	21
4	22
5	6
5	7
5	18
5	19
5	20
5	21
6	7
6	8
6	16
6	17
6	18
6	19
6	20
7	8
7	17
7	18
8	9
8	10
8	17
9	10
9	11
9	12
9	16
9	17
9	167
10	11
10	12
10	165
10	166
10	167
10	170
10	171
11	12
11	13
11	14
11	15
11	16
11	48
11	165
11	166
11	167
12	13
12	14
12	15
12	16
12	131
12	166
12	167
13	14
13	15
13	16
13	129
13	130
14	15
14	16
14	129
15	16
15	17
15	19
16	17
16	18
16	19
17	18
17	19
18	19
18	20
18	195
18	196
18	197
19	20
19	21
19	192
19	194
19	195
19	196
20	21
20	22
20	192
20	193
20	194
20	195
21	22
21	23
21	189
21	191
21	192
21	193
22	23
22	24
22	189
22	190
22	191
22	192
22	193
23	24
23	25
23	187
23	188
23	189
23	190
24	25
24	26
24	187
24	188
24	189
24	190
25	26
25	186
25	187
25	188
26	27
26	186
26	187
27	28
27	29
28	29
28	30
28	32
29	30
29	31
29	32
30	31
30	32
30	50
30	51
30	52
30	53
31	32
31	33
31	49
31	50
31	51
31	123
31	126
32	33
32	34
32	49
32	50
32	188
32	207
33	34
33	35
33	47
33	48
33	49
33	50
33	188
33	189
33	207
34	35
34	36
34	47
34	48
34	49
34	50
34	187
34	188
34	189
35	36
35	45
35	46
35	47
35	48
35	185
35	186
35	187
35	188
35	189
36	37
36	38
36	45
36	46
36	47
36	184
36	185
36	186
37	38
37	39
37	42
37	43
37	44
37	45
37	46
37	184
37	185
38	39
38	40
38	41
38	42
38	44
38	45
38	46
39	40
39	41
39	42
39	180
40	41
40	42
41	42
41	43
41	44
42	43
42	44
43	44
43	45
44	45
44	46
45	46
45	47
46	47
46	48
47	48
48	49
48	50
48	163
48	164
48	165
49	50
49	51
49	163
49	164
49	165
50	51
50	52
50	161
50	162
50	163
50	164
51	52
51	53
51	162
51	163
51	164
52	53
52	54
52	56
52	58
52	156
52	161
52	162
52	163
53	54
53	55
53	56
53	156
53	160
53	161
53	162
54	55
54	56
54	156
54	157
54	158
54	159
54	160
54	161
55	56
55	57
55	71
55	72
55	73
55	155
55	156
55	157
55	158
56	57
56	58
56	69
56	70
56	71
56	72
56	73
56	155
56	156
57	58
57	59
57	69
57	70
57	71
57	73
57	154
57	155
57	156
58	59
58	60
58	68
58	69
58	70
58	153
58	154
58	155
59	60
59	61
59	67
59	68
59	69
59	152
59	153
59	154
60	61
60	62
60	65
60	66
60	67
60	68
60	152
60	153
61	62
61	63
61	64
61	65
61	66
61	67
61	152
62	63
62	64
62	65
62	137
62	138
63	64
63	65
63	137
64	65
64	66
65	66
66	67
66	68
67	68
67	69
67	78
68	69
68	70
68	78
69	70
69	71
69	75
69	76
70	71
70	72
70	73
70	74
70	75
70	76
71	72
71	73
71	74
71	75
71	76
72	73
72	74
74	75
74	76
75	76
75	77
76	77
76	78
76	124
77	78
77	79
77	123
77	124
78	79
78	122
78	123
78	124
79	80
79	81
79	121
79	122
79	123
80	81
80	82
80	119
80	120
80	121
80	122
81	82
81	83
81	119
81	120
81	121
82	83
82	84
82	119
83	84
83	117
83	118
83	119
84	85
84	86
84	117
84	118
84	119
85	86
85	87
85	106
85	116
85	117
85	118
86	87
86	88
86	116
86	117
86	118
87	88
87	103
87	104
87	105
87	106
88	89
88	90
88	101
88	102
88	103
88	104
88	115
88	116
89	90
89	91
89	101
89	102
89	103
89	104
89	110
89	113
89	114
89	115
89	116
90	91
90	92
90	99
90	100
90	101
90	102
90	113
90	114
90	115
90	116
91	92
91	93
91	99
91	100
91	101
91	112
91	113
91	114
92	93
92	94
92	97
92	98
92	99
92	100
92	113
93	94
93	95
93	97
93	98
93	99
94	95
94	96
94	97
94	98
95	96
95	97
95	98
96	97
96	98
97	98
97	99
98	99
98	100
99	100
99	101
100	101
100	102
101	102
101	103
102	103
102	104
103	104
103	105
104	105
104	106
104	110
105	106
105	107
105	108
106	107
106	108
107	108
107	109
108	109
108	110
109	110
109	111
110	111
110	112
110	113
111	112
111	113
112	113
113	114
113	115
114	115
114	116
115	116
115	117
116	117
116	118
116	131
116	132
116	133
117	118
117	119
117	131
117	132
117	133
118	119
118	129
118	130
118	131
118	132
119	120
119	121
119	129
119	130
119	131
120	121
120	122
120	127
120	128
120	129
120	130
121	122
121	123
121	127
121	128
121	129
121	130
122	123
122	124
122	125
122	126
122	127
122	128
123	124
123	125
123	126
123	127
124	125
124	126
125	126
125	127
126	127
126	128
127	128
128	129
128	130
128	207
129	130
129	166
130	131
130	132
130	166
130	167
130	168
131	132
131	166
131	167
131	168
132	133
132	134
132	167
132	168
132	169
133	134
133	135
133	136
133	169
134	135
134	136
135	136
135	137
136	137
136	138
136	169
137	138
137	139
138	139
138	140
139	140
139	141
139	142
140	141
140	142
140	143
140	151
140	152
141	142
141	143
142	143
142	144
142	176
143	144
143	145
143	175
143	176
144	145
144	146
144	175
144	176
144	177
144	178
145	146
145	147
145	149
145	151
146	147
146	148
146	149
146	154
147	148
147	149
148	149
149	150
149	151
149	153
149	154
150	151
150	152
150	153
151	152
151	153
152	153
152	154
153	154
154	155
154	156
155	156
155	157
156	157
156	158
156	160
156	161
156	162
157	158
157	159
157	160
158	159
158	160
159	160
159	181
159	182
160	161
160	179
160	180
160	181
160	182
161	162
161	163
161	179
161	180
161	181
162	163
162	164
162	174
162	179
162	180
163	164
163	173
163	174
164	165
164	166
164	173
164	174
165	166
165	167
165	168
165	171
165	173
166	167
166	168
167	168
167	169
167	170
167	171
168	169
168	170
168	171
169	170
169	171
170	171
170	172
171	172
171	173
172	173
172	176
173	174
173	175
173	176
173	177
174	175
174	176
174	177
174	178
174	179
175	176
175	177
175	178
176	177
176	178
177	178
178	179
178	180
179	180
179	181
180	181
180	182
180	184
181	182
181	183
181	184
182	183
182	184
182	185
183	184
183	185
184	185
184	186
185	186
185	187
186	187
187	188
187	189
188	189
188	190
189	190
189	191
190	191
190	205
190	206
190	207
191	192
191	193
191	204
191	205
191	206
192	193
192	194
192	202
192	203
192	204
192	205
193	194
193	203
194	195
194	196
194	200
194	203
195	196
195	197
195	198
195	199
195	200
195	202
196	197
196	198
196	199
197	198
197	199
198	199
198	200
199	200
199	201
199	202
200	201
200	202
200	203
201	202
201	203
202	203
202	204
203	204
204	205
204	206
205	206
206	207
