0	1
0	4
0	5
0	103
0	104
0	105
1	2
1	3
1	4
1	5
1	104
2	3
2	4
2	5
2	6
2	90
2	93
2	94
3	4
3	5
3	6
3	7
4	5
4	6
4	7
4	8
5	6
5	7
5	8
5	9
5	105
5	106
6	7
6	8
6	9
6	10
6	82
7	8
7	9
7	10
7	11
8	9
8	10
8	11
8	12
8	106
9	10
9	11
9	12
9	13
9	47
9	82
9	106
10	11
10	12
10	13
10	14
10	82
10	83
11	12
11	13
11	14
11	15
12	13
12	14
12	15
12	16
12	47
13	14
13	15
13	16
13	17
13	46
13	47
13	80
14	15
14	16
14	17
14	18
15	16
15	17
15	18
15	19
16	17
16	18
16	19
16	20
16	43
16	44
16	45
17	18
17	19
17	20
17	21
17	44
17	118
18	19
18	20
18	21
18	22
19	20
19	21
19	22
19	23
19	43
19	44
20	21
20	22
20	23
20	24
20	44
20	115
21	22
21	23
21	24
21	25
21	118
22	23
22	24
22	25
22	26
23	24
23	25
23	26
23	27
23	34
24	25
24	26
24	27
24	28
25	26
25	27
25	28
25	29
26	27
26	28
26	29
26	30
26	31
26	32
27	28
27	29
27	30
27	31
27	32
27	33
28	29
28	30
28	31
29	30
29	31
30	31
30	32
31	32
31	33
32	33
32	34
33	34
33	35
34	35
34	36
35	36
35	37
35	38
35	39
36	37
36	38
36	39
36	40
37	38
37	39
37	40
37	41
38	39
38	40
38	41
38	42
38	43
39	40
39	41
39	42
39	43
39	44
40	41
40	42
41	42
41	43
42	43
42	44
42	45
42	108
43	44
43	45
44	45
44	46
44	112
44	113
45	46
45	47
45	108
45	109
45	110
45	111
45	112
45	113
46	47
46	48
46	78
46	79
46	80
46	108
46	109
46	111
46	112
46	113
47	48
47	49
47	78
47	79
47	106
47	107
47	108
47	109
48	49
48	50
48	76
48	77
48	78
48	79
48	106
48	107
48	108
48	109
49	50
49	51
49	76
49	77
49	78
49	79
49	105
49	106
49	107
50	51
50	52
50	74
50	75
50	76
50	77
50	104
50	105
50	106
51	52
51	53
51	74
51	75
51	76
51	102
51	103
51	104
51	105
52	53
52	54
52	73
52	74
52	75
52	102
52	103
52	104
53	54
53	55
53	72
53	73
53	74
53	102
53	103
54	55
54	56
54	72
54	73
55	56
55	57
55	71
55	72
56	57
57	58
57	59
57	60
57	100
58	59
58	60
59	60
59	61
60	61
60	62
60	99
60	100
61	62
61	63
61	64
62	63
62	64
63	64
63	65
64	65
64	66
65	66
65	425
65	426
65	427
66	67
66	68
66	436
66	437
66	438
67	68
67	92
67	95
67	96
67	436
67	437
67	438
68	69
68	70
68	436
69	70
69	71
69	436
70	71
71	72
71	73
72	73
73	74
73	75
74	75
74	76
74	135
74	136
75	76
75	135
75	136
75	137
75	138
76	77
76	135
76	136
76	137
76	138
77	78
77	79
77	137
77	138
77	139
77	142
78	79
78	109
78	142
78	143
79	80
79	142
79	143
80	81
80	82
80	143
80	147
81	82
81	83
81	84
81	85
82	83
82	84
82	85
82	86
83	84
83	85
83	86
84	85
84	86
84	162
85	86
85	87
85	88
85	89
86	87
86	88
86	89
86	90
87	88
87	89
87	90
87	91
88	89
88	90
88	91
88	92
89	90
89	91
89	92
89	93
90	91
90	92
90	93
90	94
91	92
91	93
91	94
91	95
92	93
92	94
92	95
92	96
92	437
93	94
93	95
93	96
93	97
94	95
94	96
94	97
94	98
95	96
95	97
95	98
95	99
96	97
96	98
96	99
96	100
96	101
96	102
97	98
97	99
97	100
97	101
97	102
98	99
98	100
98	101
99	100
99	101
100	101
100	102
101	102
101	103
102	103
102	104
103	104
103	105
104	105
105	106
105	107
106	107
107	108
107	109
108	109
108	110
109	110
109	111
110	111
110	112
111	112
111	113
112	113
112	114
112	132
113	114
113	115
113	132
114	115
114	116
114	117
114	132
114	133
114	134
115	116
115	117
115	118
115	131
115	132
115	133
116	117
116	118
116	119
117	118
117	119
117	147
118	119
120	121
120	122
121	122
121	123
121	124
122	123
122	124
122	125
123	124
123	125
123	126
124	125
124	126
124	127
124	128
125	126
125	127
125	128
125	129
126	127
126	128
126	129
126	130
127	128
127	129
127	130
127	131
128	129
128	130
128	131
128	132
128	133
129	130
129	131
130	131
131	132
131	133
132	133
132	134
133	134
135	136
135	137
136	137
136	138
137	138
137	139
137	435
138	139
138	435
138	436
138	437
139	140
139	141
139	435
139	436
139	437
140	141
140	142
140	435
141	142
141	143
141	145
141	146
141	260
142	143
142	144
142	145
142	146
143	144
143	145
143	146
143	147
144	145
144	146
144	147
144	148
145	146
145	147
145	148
145	149
146	147
146	148
146	149
146	150
146	260
147	148
147	149
147	150
147	151
148	149
148	150
148	151
148	152
149	150
149	151
149	152
149	153
149	257
149	260
150	151
150	152
150	153
150	154
150	161
150	257
151	152
151	153
151	154
151	155
152	153
152	154
152	155
152	156
153	154
153	155
153	156
153	157
153	161
153	257
153	258
154	155
154	156
154	157
154	158
154	159
154	160
154	161
155	156
155	157
155	158
155	225
156	157
156	158
156	225
156	226
156	227
157	158
157	159
157	201
157	225
157	227
157	228
158	159
158	201
158	202
158	225
158	227
158	228
159	160
159	161
159	200
159	201
159	202
159	203
159	228
160	161
160	162
160	163
161	162
161	163
161	164
162	163
162	164
163	164
163	165
163	199
163	230
164	165
164	166
164	230
164	240
165	166
165	167
165	168
165	230
165	232
165	236
165	237
165	238
165	239
165	240
166	167
166	168
166	237
166	238
166	239
166	263
166	264
166	265
167	168
167	169
167	238
167	239
167	240
167	263
167	264
167	265
167	266
167	414
168	169
168	170
168	239
168	240
168	241
168	265
168	266
168	267
169	170
169	171
169	240
169	241
169	242
169	266
169	267
169	268
170	171
170	241
170	242
170	243
170	244
170	267
170	268
171	172
171	173
171	176
171	242
171	243
171	244
171	268
171	269
172	173
172	174
172	243
172	244
172	245
172	246
172	269
172	270
173	174
173	175
173	176
173	269
174	175
174	176
174	177
174	243
175	176
175	177
175	178
175	179
176	177
176	178
176	179
176	180
176	403
176	407
177	178
177	179
177	180
177	181
178	179
178	180
178	181
178	182
179	180
179	181
179	182
179	183
179	404
180	181
180	182
180	183
180	184
181	182
181	183
181	184
181	185
182	183
182	184
182	185
182	186
183	184
183	185
183	186
183	187
184	185
184	186
184	187
184	188
184	231
185	186
185	187
185	188
185	189
186	187
186	188
186	189
186	190
187	188
187	189
187	190
187	193
187	195
188	189
188	190
188	193
188	195
188	196
188	197
188	207
188	208
189	190
189	191
189	208
190	191
190	192
190	193
191	192
191	193
192	193
192	194
193	194
193	195
194	195
194	196
194	233
195	196
195	197
195	231
195	232
195	233
195	238
196	197
196	207
196	208
196	232
196	233
197	198
197	199
197	206
197	207
197	231
197	232
197	233
198	199
198	200
198	205
198	206
198	207
198	229
198	230
198	231
198	232
199	200
199	201
199	204
199	205
199	206
199	229
199	230
199	231
200	201
200	202
200	203
200	204
200	205
200	216
200	228
200	229
200	230
201	202
201	203
201	221
201	227
201	228
201	229
202	203
202	204
202	218
202	221
203	204
203	205
204	205
204	206
204	216
205	206
205	207
206	207
206	210
206	213
206	216
207	208
207	209
207	210
208	209
208	210
209	210
209	211
210	211
210	212
210	213
211	212
211	213
212	213
212	214
213	214
213	215
213	216
214	215
214	216
215	216
215	217
215	218
216	217
216	218
217	218
217	219
218	219
218	220
218	221
219	220
219	221
219	222
220	221
220	222
220	223
220	224
221	222
221	223
221	224
221	225
221	227
222	223
222	224
222	225
222	226
222	227
223	224
223	225
224	225
224	226
225	226
225	227
226	227
227	228
227	242
227	243
228	229
228	230
228	241
228	242
228	243
229	230
229	231
229	240
229	241
229	242
230	231
230	232
230	239
230	240
230	241
231	232
231	233
231	238
231	239
231	240
232	233
232	234
232	236
232	237
232	238
232	239
233	234
233	235
233	236
233	237
233	238
234	235
234	236
235	236
235	237
236	237
236	238
237	238
237	239
238	239
238	240
239	240
239	241
240	241
240	242
241	242
241	243
242	243
242	244
243	244
243	245
244	245
244	246
244	250
244	251
245	246
246	247
246	250
247	248
247	249
247	250
247	251
247	344
247	369
248	249
248	250
248	251
248	252
248	293
248	295
248	344
248	369
248	372
249	250
249	251
249	252
249	253
249	295
250	251
250	252
250	253
250	254
251	252
251	253
251	254
251	255
251	369
251	372
251	373
252	253
252	254
252	255
252	256
252	372
252	373
252	376
253	254
253	255
253	256
253	257
254	255
254	256
254	257
254	258
255	256
255	257
255	258
255	259
255	373
255	376
256	257
256	258
256	259
257	258
257	259
257	260
258	259
258	260
258	261
259	260
259	261
259	262
259	263
259	380
260	261
260	262
261	262
261	263
262	263
262	264
263	264
263	265
263	382
264	265
264	382
264	383
265	266
265	267
265	382
265	383
265	384
266	267
266	383
266	384
266	385
267	268
267	384
267	385
267	386
268	269
268	386
268	387
268	388
268	410
269	270
269	271
269	388
269	389
270	271
270	388
270	389
270	390
270	391
271	272
271	273
271	366
271	367
271	368
271	388
271	389
271	390
271	391
272	273
272	274
272	366
272	367
272	368
272	390
272	391
272	392
272	393
272	394
273	274
273	275
273	278
273	365
273	366
273	367
273	390
273	392
273	393
274	275
274	276
274	365
274	366
274	393
274	395
275	276
275	277
275	278
275	365
276	277
276	278
276	396
277	278
277	279
278	279
278	280
278	282
279	280
279	281
279	282
280	281
280	282
280	390
280	391
280	392
281	282
281	283
281	389
281	390
281	391
281	402
282	283
282	284
282	334
282	335
282	389
282	390
283	284
283	285
283	334
283	335
283	336
283	387
283	388
283	389
283	390
284	285
284	286
284	335
284	336
284	337
284	387
284	388
284	389
285	286
285	287
285	336
285	337
285	338
285	386
285	387
285	388
286	287
286	288
286	337
286	338
286	339
286	340
286	386
286	387
287	288
287	308
287	337
287	338
287	339
288	289
288	290
288	306
288	307
288	308
288	338
288	339
288	340
289	290
289	291
289	339
289	340
289	341
289	371
290	291
290	292
290	339
290	340
290	341
290	342
290	362
291	292
291	293
291	302
291	341
291	342
291	371
292	293
292	294
292	341
292	342
292	343
292	344
293	294
293	295
293	342
293	343
293	344
294	295
294	296
294	297
295	296
295	297
296	297
296	298
296	299
296	300
297	298
297	299
297	300
297	301
297	302
298	299
298	300
298	301
299	300
299	301
300	301
300	302
300	304
301	302
301	303
301	304
302	303
302	304
303	304
303	305
304	305
304	306
305	306
305	307
306	307
306	308
306	375
307	308
307	309
308	309
308	310
308	313
309	310
309	311
309	312
309	313
309	383
309	384
310	311
310	312
310	313
310	314
311	312
311	313
311	314
311	315
311	424
312	313
312	314
312	315
312	316
312	384
312	385
313	314
313	315
313	316
313	317
313	385
314	315
314	316
314	317
314	318
315	316
315	317
315	318
315	319
315	413
315	416
315	417
316	317
316	318
316	319
316	320
316	413
317	318
317	319
317	320
317	321
318	319
318	320
318	321
318	322
319	320
319	321
319	322
319	323
319	409
319	412
319	413
320	321
320	322
320	323
320	324
320	409
321	322
321	323
321	324
321	325
321	326
321	327
321	331
322	323
322	324
322	325
322	326
322	327
323	324
323	325
323	405
323	408
323	409
324	325
324	326
324	405
325	326
325	327
326	327
326	328
327	328
327	329
327	330
327	331
328	329
328	330
328	331
329	330
329	331
329	332
330	331
330	332
330	333
331	332
331	333
331	334
331	335
332	333
332	334
332	335
332	336
333	334
333	335
334	335
334	336
335	336
335	337
336	337
336	338
337	338
338	339
338	340
338	365
339	340
339	341
339	362
339	363
339	364
339	365
340	341
340	342
340	364
340	365
340	366
340	367
341	342
341	343
341	364
341	366
341	367
341	368
342	343
342	367
342	368
342	369
342	370
342	371
343	344
343	345
343	368
344	345
344	346
345	346
345	347
345	348
346	347
346	348
347	348
347	349
347	350
348	349
348	350
348	351
348	352
349	350
349	351
349	352
350	351
350	352
351	352
351	353
351	354
351	355
352	353
352	354
352	355
352	356
353	354
353	355
353	356
354	355
354	356
354	357
355	356
355	357
355	358
355	359
356	357
356	358
356	359
356	360
357	358
357	359
357	360
357	361
358	359
358	360
358	361
358	362
359	360
359	361
359	362
359	363
359	364
360	361
360	362
360	363
360	364
361	362
361	363
362	363
362	364
363	364
363	365
364	365
364	366
365	366
366	367
366	368
367	368
368	369
368	370
369	370
369	371
369	372
369	373
370	371
370	372
370	373
370	374
370	386
371	372
371	373
371	374
371	375
372	373
372	374
372	375
372	376
373	374
373	375
373	376
373	377
374	375
374	376
374	377
374	378
374	384
374	385
375	376
375	377
375	378
375	379
376	377
376	378
376	379
376	380
377	378
377	379
377	380
377	381
377	382
377	383
377	384
378	379
378	380
378	381
378	382
378	429
379	380
379	381
380	381
380	382
381	382
381	383
381	429
382	383
382	384
383	384
383	425
384	385
385	386
385	387
386	387
386	388
387	388
387	389
388	389
388	390
389	390
389	391
390	391
390	392
391	392
392	393
392	394
392	398
392	399
392	400
393	394
393	395
393	396
393	397
393	398
393	399
394	395
394	396
394	397
394	398
394	399
395	396
395	397
396	397
396	398
397	398
397	399
398	399
399	400
401	402
401	403
401	404
401	405
402	403
402	404
402	405
402	406
403	404
403	405
403	406
403	407
404	405
404	406
404	407
404	408
405	406
405	407
405	408
405	409
406	407
406	408
406	409
406	410
407	408
407	409
407	410
407	411
408	409
408	410
408	411
408	412
409	410
409	411
409	412
409	413
410	411
410	412
410	413
410	414
411	412
411	413
411	414
411	415
412	413
412	414
412	415
412	416
413	414
413	415
413	416
413	417
414	415
414	416
414	417
414	418
415	416
415	417
415	418
415	419
416	417
416	418
416	419
416	420
417	418
417	419
417	420
417	421
417	424
418	419
418	420
418	421
419	420
419	421
420	421
420	422
420	423
420	424
421	422
421	423
421	424
422	423
422	424
422	425
423	424
423	425
423	426
424	425
424	426
425	426
426	427
426	428
427	428
427	429
427	430
428	429
428	430
429	430
429	431
430	431
430	432
430	434
431	432
431	433
431	434
432	433
432	434
433	434
433	435
434	435
434	436
435	436
435	437
436	437
436	438
437	438
