0	1
0	2
0	139
0	140
0	141
1	2
1	3
1	68
1	141
2	3
2	4
2	6
2	7
2	45
2	141
3	4
3	5
3	6
3	7
3	45
3	46
3	49
4	5
4	6
4	7
4	8
4	42
4	43
4	45
4	46
5	6
5	7
5	8
5	9
6	7
6	8
6	9
6	10
7	8
7	9
7	10
7	11
7	42
8	9
8	10
8	11
8	12
9	10
9	11
9	12
10	11
10	12
10	13
10	14
11	12
11	13
11	14
11	193
12	13
12	14
12	29
13	14
13	15
14	15
14	16
14	221
15	16
15	17
15	221
16	17
16	18
16	220
16	221
17	18
17	19
17	221
17	226
17	227
18	19
18	20
18	24
18	25
18	226
18	227
18	228
19	20
19	21
19	22
19	23
19	24
19	25
19	227
19	228
19	229
20	21
20	22
20	23
20	24
20	25
20	228
20	229
21	22
21	23
22	23
23	24
23	25
24	25
24	26
25	26
25	27
25	28
26	27
26	28
27	28
27	29
27	30
27	31
28	29
28	30
28	31
28	34
29	30
29	31
29	34
29	35
30	31
30	32
30	35
31	32
31	33
31	34
31	35
32	33
32	34
32	35
32	238
32	239
33	34
33	35
33	235
33	238
34	35
34	36
34	37
34	38
35	36
35	37
35	38
35	39
36	37
36	38
36	39
36	40
36	251
36	252
36	253
37	38
37	39
37	40
37	41
37	190
37	252
37	253
37	254
37	255
38	39
38	40
38	41
38	42
38	193
39	40
39	41
39	42
39	43
39	251
39	252
40	41
40	42
40	43
40	95
40	99
40	252
40	253
41	42
41	43
41	44
41	99
41	100
41	101
42	43
42	44
42	45
42	46
43	44
43	45
43	46
43	47
44	45
44	46
44	47
44	48
45	46
45	47
45	48
45	49
46	47
46	48
46	49
46	50
47	48
47	49
47	50
47	53
47	54
47	57
48	49
48	50
48	53
48	54
48	57
48	58
48	69
49	50
49	51
49	54
50	51
50	52
50	53
50	54
51	52
51	53
51	54
52	53
52	54
53	54
53	55
53	56
53	57
54	55
54	56
54	57
54	58
55	56
55	57
55	58
56	57
56	58
56	87
57	58
57	69
57	70
57	87
58	59
58	67
58	68
58	69
58	70
59	60
59	61
59	67
59	68
59	69
59	70
60	61
60	62
60	65
60	66
60	67
60	68
61	62
61	63
61	64
61	65
61	66
61	67
61	68
61	73
62	63
62	64
62	65
63	64
63	65
63	135
64	65
64	66
64	135
65	66
66	67
66	68
67	68
68	69
68	70
68	72
68	138
69	70
69	71
69	72
70	71
70	72
70	73
71	72
71	73
71	101
71	102
71	105
72	73
72	74
72	105
72	138
73	74
73	75
73	105
74	75
74	76
74	109
74	357
75	76
75	77
75	80
75	81
75	357
75	358
76	77
76	80
76	357
76	358
77	78
77	79
77	80
77	81
77	358
78	79
78	80
78	81
78	82
78	347
78	348
78	350
78	358
79	80
79	81
79	82
79	83
80	81
80	82
80	83
80	84
81	82
81	83
81	84
81	85
81	347
82	83
82	84
82	85
82	86
82	344
82	347
82	348
83	84
83	85
83	86
83	87
84	85
84	86
84	87
84	88
85	86
85	87
85	88
85	89
85	294
85	296
85	297
85	343
86	87
86	88
86	89
86	90
86	297
87	88
87	89
87	90
87	91
88	89
88	90
88	91
88	92
88	297
88	298
89	90
89	91
89	92
89	93
89	297
89	298
89	300
89	301
90	91
90	92
90	93
90	94
90	301
91	92
91	93
91	94
91	95
91	301
92	93
92	94
92	95
92	96
92	97
92	298
92	299
92	301
92	302
93	94
93	95
93	96
93	301
93	302
93	304
93	305
94	95
94	96
95	96
95	97
95	252
96	97
96	302
96	305
97	98
97	99
97	252
97	253
97	254
97	302
97	447
97	450
98	99
98	100
98	253
98	254
98	450
99	100
99	101
99	254
100	101
100	102
100	103
100	189
100	190
101	102
101	103
101	104
101	105
101	143
102	103
102	104
102	105
102	106
103	104
103	105
103	106
103	107
103	145
103	146
104	105
104	106
104	107
104	108
104	144
104	145
104	146
105	106
105	107
105	108
105	109
106	107
106	108
106	109
106	110
106	287
106	290
106	291
107	108
107	109
107	110
107	111
107	146
107	287
108	109
108	110
108	111
108	112
109	110
109	111
109	112
109	113
110	111
110	112
110	113
110	114
110	283
110	286
110	287
111	112
111	113
111	114
111	115
111	283
112	113
112	114
112	115
112	116
112	127
112	130
113	114
113	115
113	116
113	353
113	355
114	115
114	116
114	117
114	118
114	282
114	283
115	116
115	117
115	118
115	119
115	126
115	127
115	272
116	117
116	118
116	119
116	120
116	127
116	355
117	118
117	119
117	120
117	121
118	119
118	120
118	121
118	122
118	279
119	120
119	121
119	122
119	123
119	124
119	125
119	126
119	127
120	121
120	122
120	123
121	122
121	123
122	123
122	124
123	124
123	125
124	125
124	126
125	126
125	127
125	128
125	129
126	127
126	128
126	129
126	130
126	271
126	272
126	273
127	128
127	129
127	130
127	131
128	129
128	130
128	131
128	132
129	130
129	131
129	132
129	133
129	269
129	270
129	271
129	272
130	131
130	132
130	133
130	134
130	272
131	132
131	133
131	134
131	135
132	133
132	134
132	135
132	136
133	134
133	135
133	136
133	137
134	135
134	136
134	137
134	138
135	136
135	137
135	138
135	139
136	137
136	138
136	139
136	140
137	138
137	139
137	140
137	141
137	142
138	139
138	140
138	141
139	140
139	141
140	141
140	142
141	142
141	143
142	143
142	144
142	195
143	144
143	145
143	194
143	195
143	196
144	145
144	146
144	194
144	195
144	196
144	197
144	198
145	146
145	147
145	190
145	191
145	194
145	196
145	197
145	198
146	147
146	148
146	197
146	198
146	199
147	148
147	149
147	185
147	188
147	197
147	198
147	199
147	200
148	149
148	150
148	185
148	199
148	200
148	201
148	202
149	150
149	151
149	185
149	186
149	202
150	151
150	152
150	167
150	168
150	169
150	184
150	185
150	186
150	202
151	152
151	153
151	167
151	168
151	185
151	186
152	153
152	154
152	155
152	167
152	168
153	154
153	155
153	167
154	155
154	156
154	157
154	162
155	156
155	157
156	157
157	158
157	159
157	161
157	162
158	159
158	160
158	161
158	162
159	160
159	161
159	162
159	168
159	209
160	161
160	162
160	165
160	208
160	209
161	162
161	163
162	163
162	164
162	165
163	164
163	165
164	165
164	166
164	167
165	166
165	167
165	168
166	167
166	168
166	169
166	182
166	183
167	168
167	169
167	183
168	169
168	170
168	183
168	212
169	170
169	182
169	183
169	184
169	212
170	171
170	172
170	181
170	182
170	183
170	211
170	212
170	214
171	172
171	173
171	179
171	180
171	181
171	182
171	211
171	212
172	173
172	180
172	181
172	182
173	174
173	175
173	179
173	180
174	175
174	176
174	178
174	179
174	180
175	176
175	177
175	178
175	179
176	177
176	178
177	178
177	267
177	268
178	179
178	265
178	266
178	267
178	268
179	180
179	181
179	265
179	266
179	267
180	181
180	182
180	263
180	264
180	265
180	266
181	182
181	183
181	261
181	263
181	264
181	265
182	183
182	261
182	262
182	263
182	264
183	184
183	260
183	261
183	262
184	185
184	186
184	258
184	259
184	260
184	261
185	186
185	258
185	259
185	260
186	187
186	188
186	257
186	258
186	259
187	188
187	189
187	256
187	257
187	258
188	189
188	190
188	191
188	256
188	257
188	258
189	190
189	191
189	254
189	255
189	256
189	257
190	191
190	192
190	193
190	194
190	254
190	255
190	256
191	192
191	193
191	194
191	257
192	193
192	194
192	227
193	194
193	195
194	195
194	196
194	220
195	196
195	219
195	220
196	197
196	198
196	217
196	218
196	219
196	220
197	198
197	199
197	217
197	218
197	219
197	220
198	199
198	200
198	216
198	217
198	218
199	200
199	215
199	216
199	217
200	201
200	202
200	214
200	215
201	202
201	203
201	213
201	214
201	215
201	280
201	284
202	203
202	284
203	204
203	205
203	280
203	281
203	284
204	205
204	206
204	280
204	281
205	206
205	207
205	209
205	210
205	213
205	277
205	278
205	280
205	281
206	207
206	208
206	209
206	210
206	277
207	208
207	209
207	210
207	277
208	209
208	210
209	210
209	211
209	212
210	211
210	212
210	213
210	275
210	276
210	277
211	212
211	213
211	214
211	275
212	213
212	214
213	214
213	273
213	274
213	275
213	276
213	277
213	280
214	215
214	216
214	273
214	274
214	275
215	216
215	271
215	272
215	273
215	274
216	217
216	218
216	270
216	271
216	272
216	273
217	218
217	270
217	271
218	219
218	220
218	222
219	220
219	221
219	222
220	221
220	222
221	222
221	223
221	225
222	223
222	224
222	225
223	224
223	225
223	264
224	225
224	226
224	261
224	262
224	263
224	264
225	226
225	260
225	261
225	262
225	264
226	227
226	259
226	260
227	228
227	229
227	257
227	258
227	259
227	260
228	229
228	230
228	257
228	258
228	259
229	230
229	231
229	256
229	257
229	258
230	231
230	232
230	256
230	257
231	232
231	233
231	235
232	233
232	234
232	235
232	446
233	234
233	235
233	445
233	446
234	235
234	236
234	237
234	445
234	446
235	236
235	237
235	238
235	446
236	237
236	238
236	239
237	238
237	239
237	240
237	247
238	239
238	240
238	243
239	240
239	241
240	241
240	242
240	243
241	242
241	243
242	243
242	244
243	244
243	245
243	246
243	247
244	245
244	246
244	247
244	250
245	246
245	247
245	248
245	397
245	434
245	437
246	247
246	248
246	396
246	397
246	437
247	248
247	249
247	250
247	437
247	441
248	249
248	250
248	434
248	437
248	438
248	439
248	441
249	250
249	251
249	252
249	438
250	251
250	252
251	252
252	253
253	254
253	255
253	447
254	255
255	256
255	257
256	257
257	258
257	259
258	259
258	260
259	260
259	261
260	261
260	262
261	262
261	263
261	264
262	263
262	264
263	264
263	265
264	265
264	266
265	266
265	267
266	267
266	268
266	270
267	268
267	269
267	270
268	269
268	270
268	271
269	270
269	271
270	271
270	272
271	272
271	273
272	273
272	274
273	274
273	275
273	276
274	275
274	276
275	276
275	277
276	277
276	278
276	279
277	278
277	279
277	280
278	279
278	280
279	280
279	281
279	282
279	283
280	281
280	282
280	283
280	284
281	282
281	283
281	284
281	285
282	283
282	284
282	285
282	286
283	284
283	285
283	286
283	287
284	285
284	286
284	287
284	288
285	286
285	287
285	288
285	289
286	287
286	288
286	289
286	290
287	288
287	289
287	290
287	291
288	289
288	290
288	291
288	292
288	459
289	290
289	291
289	292
289	293
289	362
289	365
290	291
290	292
290	293
290	294
290	360
291	292
291	293
291	294
291	295
291	459
292	293
292	294
292	295
292	365
292	366
292	368
292	369
292	459
293	294
293	295
293	296
293	343
293	346
293	365
293	368
294	295
294	296
294	297
294	298
295	296
295	297
295	298
295	299
296	297
296	298
296	299
296	300
296	339
296	340
296	342
296	343
296	368
297	298
297	299
297	300
297	301
297	340
297	343
298	299
298	300
298	301
298	302
299	300
299	301
299	302
299	303
300	301
300	302
300	303
300	304
300	336
300	339
300	340
301	302
301	303
301	304
301	305
302	303
302	304
302	305
302	306
303	304
303	305
303	306
303	307
303	336
304	305
304	306
304	307
304	308
305	306
305	307
305	308
305	309
306	307
306	308
306	309
306	310
307	308
307	309
307	310
307	311
307	329
307	332
308	309
308	310
308	311
308	312
309	310
309	311
309	312
309	313
309	435
310	311
310	312
310	313
310	314
310	383
310	386
310	387
311	312
311	313
311	314
311	315
312	313
312	314
312	315
312	316
313	314
313	315
313	316
313	317
313	387
313	432
313	435
314	315
314	316
314	317
314	318
314	319
314	320
314	386
314	387
315	316
315	317
315	318
315	319
315	320
316	317
316	318
316	423
316	424
316	426
316	427
316	432
317	318
317	319
317	423
317	424
318	319
318	320
318	423
318	424
319	320
319	321
319	322
320	321
320	322
320	325
321	322
321	323
322	323
322	324
322	325
322	326
323	324
323	325
323	326
323	327
324	325
324	326
324	327
324	328
325	326
325	327
325	328
325	329
325	386
326	327
326	328
326	329
326	330
327	328
327	329
327	330
327	331
328	329
328	330
328	331
328	332
328	382
329	330
329	331
329	332
329	333
330	331
330	332
330	333
330	334
331	332
331	333
331	334
331	335
332	333
332	334
332	335
332	336
332	379
333	334
333	335
333	336
333	337
334	335
334	336
334	337
334	338
335	336
335	337
335	338
335	339
335	375
336	337
336	338
336	339
336	340
337	338
337	339
337	340
337	341
338	339
338	340
338	341
338	342
339	340
339	341
339	342
339	343
339	368
339	371
339	372
340	341
340	342
340	343
340	344
341	342
341	343
341	344
341	345
342	343
342	344
342	345
342	346
342	364
342	368
343	344
343	345
343	346
343	347
343	365
343	368
344	345
344	346
344	347
344	348
345	346
345	347
345	348
345	349
346	347
346	348
346	349
346	350
346	360
346	361
346	364
346	365
347	348
347	349
347	350
347	360
347	361
348	349
348	350
349	350
349	351
349	360
349	361
350	351
350	358
350	359
350	360
350	361
351	352
351	353
351	358
351	359
351	360
352	353
352	354
352	356
352	357
352	358
352	359
353	354
353	355
353	356
353	357
353	358
353	359
354	355
354	356
355	356
355	357
356	357
356	358
357	358
357	359
358	359
359	360
359	361
360	361
360	362
361	362
361	363
361	364
361	365
362	363
362	364
362	365
362	366
363	364
363	365
363	366
363	367
363	469
363	472
364	365
364	366
364	367
364	368
365	366
365	367
365	368
365	369
366	367
366	368
366	369
366	370
366	465
366	469
367	368
367	369
367	370
367	371
368	369
368	370
368	371
368	372
369	370
369	371
369	372
369	373
370	371
370	372
370	373
370	462
370	465
371	372
371	373
371	374
371	375
372	373
372	374
372	375
372	376
372	455
373	374
373	375
373	455
373	456
373	462
374	375
374	376
374	377
374	378
375	376
375	377
375	378
375	379
376	377
376	378
376	379
376	380
376	451
376	452
377	378
377	379
377	380
377	381
377	452
378	379
378	380
378	381
378	382
379	380
379	381
379	382
379	383
380	381
380	382
380	383
380	384
380	443
381	382
381	383
381	384
381	385
382	383
382	384
382	385
382	386
383	384
383	385
383	386
383	387
384	385
384	386
384	387
384	388
385	386
385	387
385	388
386	387
386	388
387	388
387	389
387	391
387	436
388	389
388	390
388	391
389	390
389	391
389	392
389	393
390	391
390	392
390	393
390	394
391	392
391	393
391	394
391	436
391	437
391	439
391	440
392	393
392	394
392	440
393	394
393	395
394	395
394	396
395	396
395	397
395	399
396	397
396	398
396	399
396	400
397	398
397	399
397	400
397	401
398	399
398	400
398	401
398	402
399	400
399	401
399	402
399	413
399	414
400	401
400	402
400	413
400	414
400	417
400	418
401	402
401	403
401	414
402	403
402	404
402	412
402	413
402	414
403	404
403	405
403	412
403	413
403	414
404	405
404	406
404	412
404	413
405	406
405	407
405	410
405	411
405	412
405	413
406	407
406	408
406	410
406	411
406	412
406	413
407	408
407	409
407	410
407	411
407	412
408	409
408	410
409	410
409	411
410	411
410	412
411	412
411	413
411	415
412	413
412	414
412	415
412	416
413	414
413	415
413	416
413	417
414	415
414	416
414	417
414	418
415	416
415	417
415	418
415	419
416	417
416	418
416	419
416	420
417	418
417	419
417	420
417	421
418	419
418	420
418	421
418	422
418	429
419	420
419	421
419	422
420	421
420	422
421	422
421	423
421	429
422	423
422	428
422	429
423	424
423	425
424	425
424	426
424	427
425	426
425	427
426	427
427	428
427	429
427	431
427	432
428	429
428	430
428	431
428	432
429	430
429	431
429	432
429	433
430	431
430	432
430	433
430	434
431	432
431	433
431	434
431	435
432	433
432	434
432	435
432	436
433	434
433	435
433	436
433	437
434	435
434	436
434	437
434	438
435	436
435	437
435	438
435	439
436	437
436	438
436	439
436	440
437	438
437	439
437	440
437	441
438	439
438	440
438	441
438	442
439	440
439	441
439	442
439	443
440	441
440	442
440	443
440	444
440	445
441	442
441	443
441	444
441	445
441	446
441	447
441	448
442	443
442	444
442	445
442	446
442	447
442	448
442	451
443	444
443	445
443	448
444	445
444	448
445	446
445	447
445	448
446	447
446	448
446	449
447	448
447	449
447	450
447	451
448	449
448	450
448	451
448	452
448	453
449	450
449	451
449	452
449	453
449	454
450	451
450	452
450	453
450	454
450	455
451	452
451	453
451	454
451	455
452	453
452	454
452	455
452	456
453	454
453	455
453	456
453	457
454	455
454	456
454	457
454	458
455	456
455	457
455	458
456	457
456	458
456	461
456	462
457	458
457	459
457	460
457	461
458	459
458	460
458	461
459	460
460	461
460	462
460	464
461	462
461	463
461	464
462	463
462	464
462	465
462	466
463	464
463	465
463	466
463	467
464	465
464	466
464	467
464	468
465	466
465	467
465	468
465	469
466	467
466	468
466	469
466	470
467	468
467	469
467	470
467	471
468	469
468	470
468	471
468	472
469	470
469	471
469	472
469	473
470	471
470	472
470	473
471	472
471	473
472	473
472	474
473	474
473	475
474	475
474	476
474	477
474	478
475	476
475	477
475	478
475	479
476	477
476	478
476	479
476	480
477	478
477	479
477	480
477	481
478	479
478	480
478	481
478	482
479	480
479	481
479	482
479	483
480	481
480	482
480	483
480	484
481	482
481	483
481	484
481	485
482	483
482	484
482	485
482	486
483	484
483	485
483	486
483	487
483	488
483	489
484	485
484	486
484	487
484	488
485	486
485	487
486	487
486	488
487	488
487	489
488	489
