0	1
0	2
0	3
0	30
0	31
0	32
0	33
1	2
1	3
1	31
1	32
1	107
1	157
2	3
2	4
2	31
2	32
2	33
2	107
2	108
3	4
3	5
3	32
3	33
3	34
3	107
3	108
3	109
4	5
4	6
4	33
4	34
4	35
4	108
4	109
4	110
5	6
5	7
5	34
5	35
5	36
5	75
5	109
5	110
5	111
6	7
6	8
6	35
6	36
6	37
6	110
6	111
6	112
7	8
7	36
7	37
7	38
7	71
7	72
7	111
7	112
7	113
8	9
8	10
8	11
8	37
8	38
8	39
8	112
8	113
9	10
9	11
9	38
9	39
9	40
10	11
10	12
10	13
11	12
11	13
11	14
11	36
11	38
12	13
12	14
12	15
13	14
13	15
13	16
14	15
14	16
14	17
14	18
14	147
15	16
15	17
15	18
15	19
16	17
16	18
16	19
16	20
17	18
17	19
17	20
17	23
17	24
17	147
18	19
18	20
18	23
18	24
18	27
19	20
19	24
20	21
20	22
20	23
20	24
21	22
21	23
21	24
21	25
22	23
22	24
22	25
22	26
22	160
22	161
23	24
23	25
23	26
23	27
23	151
23	154
24	25
24	26
24	27
24	28
25	26
25	27
25	28
25	29
26	27
26	28
26	29
26	30
26	31
26	32
26	160
27	28
27	29
27	30
27	31
27	32
27	33
28	29
28	30
29	30
29	31
30	31
30	32
30	33
31	32
31	33
32	33
32	34
33	34
33	35
34	35
34	36
35	36
36	37
36	38
37	38
37	39
37	71
37	75
38	39
38	40
38	41
38	71
39	40
39	41
39	42
39	43
39	50
39	67
39	68
39	71
40	41
40	42
40	43
40	48
40	50
40	67
41	42
41	43
42	43
42	44
42	67
42	70
42	71
43	44
43	45
43	48
43	49
43	67
44	45
44	46
44	48
45	46
45	47
45	48
45	49
46	47
46	48
47	48
47	49
48	49
48	50
49	50
49	51
50	51
50	52
50	63
50	64
50	67
51	52
51	61
51	62
51	63
51	64
52	53
52	54
52	61
52	62
52	63
52	64
53	54
53	55
53	61
53	62
54	55
54	56
54	57
54	61
54	62
55	56
55	57
56	57
56	58
57	58
57	59
58	59
58	60
59	60
60	61
60	62
60	116
60	117
61	62
61	116
61	117
62	63
62	64
62	116
62	117
62	118
62	119
63	64
63	65
63	114
63	115
63	116
63	118
63	119
64	65
64	66
64	67
64	68
65	66
65	67
65	68
65	69
65	120
66	67
66	68
66	69
66	70
67	68
67	69
67	70
67	71
68	69
68	70
68	71
68	72
69	70
69	71
69	72
69	73
70	71
70	72
70	73
70	74
71	72
71	73
71	74
71	75
72	73
72	74
72	75
72	76
73	74
73	75
73	76
73	77
74	75
74	76
74	77
74	78
75	76
75	77
75	78
75	79
76	77
76	78
76	79
76	80
77	78
77	79
77	80
78	79
78	80
79	80
79	81
79	83
80	81
80	82
80	83
81	82
81	83
82	83
82	84
82	108
83	84
83	85
83	108
83	109
83	110
84	85
84	86
84	108
84	109
84	110
84	129
85	86
85	87
85	109
85	110
85	111
85	128
85	129
85	130
86	87
86	88
86	110
86	111
86	112
86	128
86	129
86	130
86	131
86	132
87	88
87	89
87	111
87	112
87	113
87	128
87	130
87	131
87	132
88	89
88	112
88	113
88	131
88	132
88	133
88	142
88	145
88	146
89	90
89	91
89	92
89	131
89	132
89	133
90	91
90	92
90	133
90	135
90	136
90	138
91	92
91	93
91	133
92	93
92	94
92	131
92	132
92	133
93	94
93	95
93	131
93	132
93	133
94	95
94	96
94	132
94	133
94	134
94	135
95	96
95	99
95	100
95	132
95	133
95	134
95	135
96	97
96	98
96	99
96	100
97	98
97	99
97	100
97	101
97	163
98	99
98	100
98	101
98	102
99	100
99	101
99	102
99	103
100	101
100	102
100	103
100	104
100	152
100	153
101	102
101	103
101	104
101	105
101	153
102	103
102	104
102	105
103	104
103	105
103	106
103	153
104	105
104	106
104	153
104	156
105	106
105	107
106	107
106	108
106	109
107	108
107	109
108	109
108	110
109	110
109	111
110	111
110	112
111	112
111	113
111	146
112	113
112	114
113	114
113	115
113	141
113	142
113	143
113	146
114	115
114	118
114	119
114	141
114	142
115	116
115	117
115	118
115	140
115	141
115	142
116	117
116	118
117	118
118	119
119	120
119	121
120	121
120	122
120	123
121	122
121	123
121	124
121	125
122	123
122	124
122	125
122	126
123	124
123	125
123	126
123	127
123	128
124	125
124	126
124	127
124	128
125	126
125	127
125	128
126	127
126	128
127	128
127	129
128	129
128	130
129	130
130	131
130	132
131	132
131	133
132	133
132	134
133	134
133	135
134	135
134	145
135	136
135	137
136	137
137	138
137	139
138	139
138	140
139	140
139	141
140	141
141	142
141	143
142	143
142	144
142	145
142	146
143	144
143	145
143	146
143	147
144	145
144	146
144	147
144	148
145	146
145	147
145	148
145	149
146	147
146	148
146	149
146	150
147	148
147	149
147	150
147	151
148	149
148	150
148	151
148	152
149	150
149	151
149	152
149	153
150	151
150	152
150	153
150	154
151	152
151	153
151	154
151	155
152	153
152	154
152	155
153	154
153	155
153	156
154	155
154	156
154	157
154	160
155	156
155	157
155	160
155	161
156	157
156	158
157	158
157	159
157	160
158	159
158	160
159	160
159	161
160	161
162	163
162	164
162	166
162	167
162	168
162	169
163	164
163	165
163	166
163	167
163	168
164	165
164	166
164	167
165	166
165	167
166	167
166	215
167	168
167	169
167	204
167	205
167	208
168	169
168	170
168	204
168	207
168	208
169	170
169	171
169	204
170	171
170	172
170	200
170	203
170	204
171	172
171	173
172	173
173	174
173	184
174	175
174	176
175	176
175	177
176	177
176	178
176	179
177	178
177	179
177	183
177	184
178	179
178	180
178	181
178	182
178	183
178	184
179	180
179	181
179	182
179	183
180	181
180	182
181	182
181	183
182	183
182	184
183	184
183	185
184	185
184	186
185	186
185	187
185	188
186	187
186	188
186	189
186	190
187	188
187	189
187	190
187	196
188	189
188	190
188	191
188	196
189	190
189	191
190	191
190	192
191	192
191	193
192	193
192	194
192	195
192	196
193	194
193	195
193	196
193	197
194	195
194	196
194	197
194	198
195	196
195	197
195	198
195	199
196	197
196	198
196	199
196	200
197	198
197	199
197	200
197	201
198	199
198	200
198	201
198	202
199	200
199	201
199	202
199	203
200	201
200	202
200	203
200	204
201	202
201	203
201	204
201	205
202	203
202	204
202	205
202	206
202	228
202	229
202	232
203	204
203	205
203	206
203	207
204	205
204	206
204	207
204	208
205	206
205	207
205	208
205	209
205	229
206	207
206	208
206	209
206	210
206	229
206	232
207	208
207	209
207	210
207	211
208	209
208	210
208	211
208	212
208	213
208	216
209	210
209	211
209	212
209	213
209	216
210	211
210	212
210	213
211	212
211	213
212	213
212	214
212	215
213	214
213	215
213	216
213	217
214	215
214	216
214	217
215	216
215	217
215	218
215	219
216	217
216	218
216	219
217	218
217	219
218	219
218	220
219	220
219	221
220	221
220	222
221	222
221	223
221	225
221	226
222	223
222	224
222	225
222	226
223	224
223	225
223	226
223	227
224	225
224	226
224	227
224	228
225	226
225	227
225	228
225	229
226	227
226	228
226	229
226	230
227	228
227	229
227	230
227	231
228	229
228	230
228	231
228	232
229	230
229	231
229	232
229	233
230	231
230	232
230	233
230	234
231	232
231	233
231	234
231	235
232	233
232	234
232	235
232	236
233	234
233	235
233	236
233	237
234	235
234	236
234	237
234	238
235	236
235	237
235	238
235	239
236	237
236	238
236	239
237	238
237	239
238	239
239	240
239	241
240	241
241	242
