0	1
0	2
1	2
1	3
1	6
1	7
1	22
1	23
2	3
2	7
2	22
2	23
3	4
3	5
3	6
3	7
3	9
3	10
3	11
3	12
3	18
3	22
3	23
3	24
4	5
4	6
4	7
4	8
4	9
4	10
4	11
4	18
4	22
4	36
5	6
5	7
5	8
5	9
6	7
6	8
6	22
7	8
7	9
7	10
8	9
8	10
9	10
9	11
10	11
10	12
11	12
11	13
12	13
12	14
12	15
12	16
12	17
12	18
12	24
13	14
13	15
13	16
14	15
14	16
15	16
15	17
15	38
15	41
16	17
16	18
16	24
16	25
16	26
16	38
16	41
17	18
17	19
17	24
17	25
17	26
17	30
17	31
17	35
17	37
17	38
17	39
17	41
18	19
18	20
18	22
18	23
18	24
18	25
18	30
18	35
18	36
18	37
18	38
19	20
19	21
19	22
19	23
19	24
19	29
19	30
19	31
19	34
19	35
19	36
20	21
20	22
20	34
20	35
20	36
21	22
21	23
22	23
22	24
23	24
23	25
24	25
24	30
25	26
25	27
25	30
26	27
26	28
26	30
26	31
27	28
27	29
27	30
27	31
28	29
28	30
28	31
28	32
29	30
29	31
29	32
30	31
30	32
30	35
31	32
31	33
31	35
31	39
32	33
32	34
32	35
33	34
33	35
34	35
34	36
35	36
35	37
35	39
36	37
37	38
37	39
38	39
38	40
38	41
39	40
39	41
40	41
40	42
40	43
41	42
41	43
42	43
42	44
42	64
42	65
43	44
43	48
43	63
43	64
43	65
44	45
44	46
44	47
44	48
44	50
44	51
44	52
44	53
44	59
44	63
44	64
44	65
45	46
45	47
45	48
45	49
45	50
45	51
45	52
45	59
45	63
45	77
46	47
46	48
46	49
46	50
47	48
47	49
47	50
47	63
48	49
48	50
48	51
49	50
49	51
50	51
50	52
51	52
51	53
52	53
52	54
52	78
53	54
53	55
53	56
53	57
53	58
53	59
53	65
54	55
54	56
54	57
55	56
55	57
56	57
56	58
56	79
57	58
57	59
57	65
57	66
57	67
57	79
58	59
58	60
58	65
58	66
58	67
58	71
58	72
58	76
58	78
58	79
58	80
59	60
59	61
59	63
59	64
59	65
59	66
59	71
59	72
59	76
59	77
59	78
59	79
60	61
60	62
60	63
60	64
60	65
60	71
60	72
60	75
60	76
60	77
61	62
61	63
61	75
61	76
61	77
62	63
62	64
63	64
63	65
64	65
64	66
65	66
65	71
66	67
66	68
66	71
67	68
67	69
67	71
67	72
68	69
68	70
68	71
68	72
69	70
69	71
69	72
69	73
70	71
70	72
70	73
71	72
71	73
71	76
72	73
72	74
72	76
72	80
73	74
73	75
73	76
74	75
74	76
75	76
75	77
76	77
76	78
76	80
77	78
78	79
78	80
79	80
79	81
80	81
