0	1
0	2
0	3
0	4
1	2
1	3
1	4
1	5
1	46
2	3
2	4
2	5
2	6
2	105
2	106
2	107
3	4
3	5
3	6
3	7
4	5
4	6
4	7
4	8
5	6
5	7
5	8
5	9
5	10
5	11
5	12
6	7
6	8
6	9
6	10
7	8
7	9
8	9
8	10
9	10
10	11
10	12
10	36
10	37
11	12
11	13
11	35
11	36
11	106
12	13
12	33
12	34
12	35
12	36
12	104
12	105
12	106
13	14
13	15
13	33
13	34
13	35
13	102
13	103
13	104
13	105
14	15
14	19
14	31
14	32
14	33
14	34
14	102
14	103
14	104
14	105
15	16
15	17
15	18
15	19
15	32
15	33
15	34
15	101
15	102
15	103
16	17
16	18
16	19
16	20
16	99
16	100
16	101
16	102
17	18
17	19
17	20
17	21
17	99
18	19
18	20
18	21
18	22
18	28
18	31
18	32
19	20
19	21
19	22
19	23
19	101
19	102
19	103
20	21
20	22
20	23
20	24
20	98
20	99
21	22
21	23
21	24
21	25
21	26
22	23
22	24
22	25
22	26
22	27
23	24
23	25
24	25
24	26
25	26
25	27
26	27
26	28
27	28
27	29
28	29
28	30
29	30
29	31
29	69
29	70
29	71
30	31
30	32
30	70
30	71
30	72
31	32
31	33
31	71
31	72
31	73
32	33
32	34
32	72
32	73
32	74
33	34
33	35
33	73
33	74
33	75
34	35
34	36
34	74
34	75
34	76
34	77
35	36
35	37
35	38
35	39
35	74
35	75
35	76
35	77
36	37
36	76
36	77
36	86
36	87
37	38
37	39
37	76
38	39
38	40
38	41
38	42
38	76
39	40
39	41
39	42
39	43
39	61
39	62
39	74
39	75
39	76
40	41
40	42
40	43
40	44
40	56
40	61
40	62
40	63
41	42
41	43
41	44
41	45
42	43
42	44
42	45
42	46
43	44
43	45
43	46
43	47
43	63
43	74
44	45
44	46
44	47
44	48
44	54
45	46
45	47
45	48
45	49
46	47
46	48
46	49
46	50
47	48
47	49
47	50
47	51
47	52
47	53
47	54
47	65
48	49
48	50
48	51
48	52
49	50
49	51
50	51
50	52
51	52
51	53
52	53
52	54
52	66
53	54
53	65
54	55
54	56
54	63
54	64
54	65
55	56
55	57
55	63
55	64
55	65
56	57
56	58
56	62
56	63
56	64
57	58
57	59
57	60
57	61
57	62
57	63
58	59
58	60
58	61
58	62
59	60
59	61
60	61
60	62
61	62
61	75
61	76
62	63
62	74
62	75
62	76
63	64
63	65
63	73
63	74
63	75
64	65
64	72
64	73
64	74
65	66
65	67
65	71
65	72
65	73
66	67
66	68
66	69
66	70
66	71
66	72
67	68
67	69
67	70
67	71
68	69
68	70
69	70
69	71
70	71
70	72
71	72
71	73
72	73
72	74
73	74
73	75
74	75
74	76
75	76
75	77
76	77
76	78
77	78
77	85
77	86
77	87
77	90
78	79
78	80
78	85
78	89
78	90
79	80
79	81
79	89
79	90
79	93
80	81
80	93
82	83
82	84
83	84
83	85
84	85
84	86
85	86
85	87
85	89
86	87
86	88
86	89
86	90
87	88
87	89
87	90
87	91
88	89
88	90
88	91
88	92
89	90
89	91
89	92
89	93
90	91
90	92
90	93
91	92
91	93
91	94
91	100
92	93
92	94
92	100
93	94
94	95
94	96
94	99
94	100
95	96
95	97
95	99
95	100
95	130
96	97
96	98
96	99
96	100
96	128
96	129
96	130
96	131
97	98
97	99
97	100
97	117
97	118
97	119
97	122
97	129
97	130
97	131
98	99
98	100
98	101
98	119
98	120
98	122
98	123
99	100
99	101
100	101
100	102
100	119
101	102
101	114
101	115
101	119
102	103
102	104
102	113
102	114
102	115
103	104
103	105
103	111
103	112
103	113
103	114
104	105
104	106
104	109
104	110
104	111
104	112
104	113
105	106
105	107
105	110
105	111
106	107
106	108
106	109
106	110
107	108
107	109
107	110
108	109
108	110
109	110
109	111
109	112
110	111
110	112
111	112
111	113
112	113
112	114
113	114
113	115
114	115
114	116
115	116
115	117
115	118
115	119
115	120
116	117
116	118
117	118
117	119
118	119
118	120
118	121
118	122
119	120
119	121
119	122
119	123
120	121
120	122
120	123
120	124
121	122
121	123
121	124
121	125
122	123
122	124
122	125
122	126
122	127
123	124
123	125
123	126
123	127
124	125
124	126
125	126
125	127
126	127
126	155
126	156
127	128
127	129
127	155
127	156
127	157
127	158
128	129
128	130
128	146
128	150
128	155
128	156
128	157
128	158
129	130
129	131
129	157
129	158
129	161
130	131
130	132
130	135
130	161
131	132
131	135
132	133
132	134
132	135
133	134
133	135
134	135
134	136
134	137
134	138
135	136
135	137
135	138
135	139
136	137
136	138
136	139
136	140
136	142
136	143
136	165
136	168
137	138
137	139
137	140
137	168
138	139
138	140
139	140
139	141
139	142
140	141
140	142
140	143
140	173
140	174
140	177
141	142
141	143
141	144
141	145
141	181
141	182
142	143
142	144
142	145
142	146
143	144
143	145
143	146
143	147
143	165
144	145
144	146
144	147
144	148
144	185
145	146
145	147
145	148
145	149
146	147
146	148
146	149
146	150
147	148
147	149
147	150
147	151
147	198
147	201
148	149
148	150
148	151
148	152
148	189
148	198
149	150
149	151
149	152
149	153
149	155
150	151
150	152
150	153
150	154
150	155
150	156
150	157
151	152
151	153
151	154
151	155
151	194
151	197
151	198
152	153
152	154
152	194
152	198
153	154
153	155
154	155
154	156
155	156
155	157
156	157
156	158
157	158
157	159
157	161
157	162
158	159
158	160
158	161
158	162
159	160
159	161
159	162
159	163
160	161
160	162
160	163
160	164
161	162
161	163
161	164
161	165
162	163
162	164
162	165
162	166
163	164
163	165
163	166
163	167
164	165
164	166
164	167
164	168
165	166
165	167
165	168
165	169
166	167
166	168
166	169
166	170
166	205
167	168
167	169
167	170
167	171
168	169
168	170
168	171
168	172
168	173
169	170
169	171
169	172
169	173
169	174
169	207
170	171
170	172
171	172
171	173
172	173
172	174
172	175
172	176
173	174
173	175
173	176
173	177
174	175
174	176
174	177
174	210
174	211
175	176
175	177
175	210
175	211
176	177
176	178
177	178
177	179
177	182
178	179
178	180
178	181
178	182
179	180
179	181
179	182
179	183
180	181
180	182
180	183
180	184
181	182
181	183
181	184
181	185
182	183
182	184
182	185
182	186
183	184
183	185
183	186
183	187
183	270
184	185
184	186
184	187
184	188
185	186
185	187
185	188
185	189
186	187
186	188
186	189
186	190
187	188
187	189
187	190
187	191
187	270
188	189
188	190
188	191
188	192
189	190
189	191
189	192
189	195
190	191
190	192
190	195
190	247
190	248
191	192
191	193
191	247
192	193
192	194
192	195
193	194
193	195
194	195
194	196
194	197
194	198
195	196
195	197
195	198
195	199
195	247
196	197
196	198
196	199
196	200
197	198
197	199
197	200
197	201
198	199
198	200
198	201
198	202
199	200
199	201
199	202
199	203
200	201
200	202
200	203
200	204
201	202
201	203
201	204
201	205
202	203
202	204
202	205
202	206
202	207
202	208
203	204
203	205
203	206
203	207
204	205
204	206
205	206
205	207
206	207
206	208
206	209
207	208
207	209
207	210
207	211
208	209
208	210
208	211
208	212
208	215
209	210
209	211
209	212
209	213
209	215
209	216
210	211
210	212
210	213
211	212
211	213
212	213
212	214
212	215
213	214
213	215
214	215
214	216
214	259
214	260
215	216
215	217
215	259
216	217
216	218
217	218
217	219
218	219
218	220
218	221
218	222
219	220
219	221
219	222
219	223
220	221
220	222
220	223
220	224
221	222
221	223
221	224
221	225
221	253
221	254
222	223
222	224
222	225
222	226
223	224
223	225
223	226
223	227
224	225
224	226
224	227
224	228
225	226
225	227
225	228
225	229
225	250
226	227
226	228
226	229
226	230
227	228
227	229
227	230
227	231
227	320
228	229
228	230
228	231
228	232
228	320
229	230
229	231
229	232
229	233
230	231
230	232
230	233
230	234
231	232
231	233
231	234
231	235
231	316
232	233
232	234
232	235
232	236
232	246
233	234
233	235
233	236
233	237
234	235
234	236
234	237
234	238
235	236
235	237
235	238
235	239
235	240
236	237
236	238
236	239
236	240
236	243
237	238
237	239
237	240
238	239
238	240
239	240
239	241
239	242
240	241
240	242
240	243
241	242
241	243
242	243
243	244
244	245
244	246
245	246
245	247
245	248
246	247
246	248
246	249
247	248
247	249
247	250
247	251
248	249
248	250
248	251
248	252
249	250
249	251
249	252
249	253
250	251
250	252
250	253
250	254
251	252
251	253
251	254
251	255
252	253
252	254
252	255
252	256
252	280
253	254
253	255
253	256
254	255
254	256
255	256
255	257
255	258
256	257
256	258
257	258
257	259
258	259
258	260
258	262
258	263
259	260
259	261
259	262
259	263
260	261
260	262
260	263
261	262
261	263
262	263
262	264
263	264
263	265
263	266
264	265
264	266
264	267
264	268
265	266
265	267
265	268
265	269
266	267
266	268
266	269
266	270
267	268
267	269
267	270
267	272
267	277
268	269
268	270
268	271
268	272
269	270
269	271
270	271
270	272
271	272
271	273
272	273
272	274
272	276
272	277
273	274
273	275
273	276
273	277
274	275
274	276
274	277
274	278
275	276
275	277
275	278
275	279
275	311
276	277
276	278
276	279
276	280
277	278
277	279
277	280
277	281
278	279
278	280
278	281
278	282
279	280
279	281
279	282
279	283
279	314
280	281
280	282
280	283
281	282
281	283
281	284
282	283
282	284
282	285
282	286
282	287
283	284
283	285
283	286
283	287
284	285
284	286
284	287
285	286
285	287
286	287
286	288
286	289
286	290
287	288
287	289
287	290
287	291
288	289
288	290
288	291
288	292
289	290
289	291
289	292
289	293
290	291
290	292
290	293
290	294
291	292
291	293
291	294
291	295
292	293
292	294
292	295
293	294
293	295
293	296
294	295
294	296
294	297
295	296
295	297
296	297
297	298
297	299
297	301
298	299
299	300
299	301
299	302
300	301
300	302
300	303
301	302
301	303
301	304
301	305
302	303
302	304
302	305
302	306
303	304
303	305
303	306
304	305
304	306
304	307
305	306
305	307
305	308
306	307
306	308
306	309
307	308
307	309
307	310
308	309
308	310
308	311
309	310
309	311
309	312
309	314
309	315
310	311
310	312
311	312
311	313
312	313
312	314
312	315
312	316
313	314
313	315
313	316
313	317
314	315
314	316
314	317
314	318
315	316
315	317
315	318
316	317
316	318
316	319
317	318
317	319
317	320
318	319
318	320
318	321
318	324
318	325
319	320
319	321
319	322
319	324
319	325
320	321
320	322
321	322
321	323
321	324
321	325
322	323
322	324
322	325
323	324
323	325
324	325
324	326
324	327
324	328
325	326
325	327
325	328
325	329
326	327
326	328
326	329
326	330
327	328
327	329
327	330
327	331
328	329
328	330
328	331
328	332
329	330
329	331
329	332
329	333
330	331
330	332
330	333
330	334
331	332
331	333
331	334
331	335
332	333
332	334
332	335
332	336
333	334
333	335
333	336
333	337
334	335
334	336
334	337
334	338
335	336
335	337
335	338
335	339
336	337
336	338
336	339
336	340
337	338
337	339
337	340
337	341
338	339
338	340
338	341
339	340
339	341
340	341
