0	1
0	2
0	3
0	4
1	2
1	3
1	4
1	5
2	3
2	4
2	5
2	6
3	4
3	5
3	6
3	7
4	5
4	6
4	7
4	8
5	6
5	7
5	8
5	9
5	128
6	7
6	8
6	9
6	10
7	8
7	9
7	10
7	11
8	9
8	10
8	11
8	12
8	127
8	128
9	10
9	11
9	12
9	13
9	127
9	128
9	170
10	11
10	12
10	13
11	12
11	13
12	13
12	14
12	127
13	14
13	15
14	15
14	16
14	59
14	60
14	63
15	16
15	17
15	18
15	63
16	17
16	18
16	167
16	168
17	18
17	19
17	20
18	19
18	20
18	21
18	22
18	62
18	63
19	20
19	21
19	22
19	26
19	27
20	21
20	22
21	22
21	23
22	23
22	24
22	25
22	66
23	24
23	25
24	25
24	67
24	68
24	69
25	26
25	29
25	68
25	69
26	27
26	28
26	29
26	30
27	28
27	29
27	30
27	31
27	163
28	29
28	30
28	31
28	32
29	30
29	31
29	32
29	33
30	31
30	32
30	33
30	34
31	32
31	33
31	34
31	35
31	161
31	162
32	33
32	34
32	35
32	36
32	225
33	34
33	35
33	36
33	37
33	73
33	76
34	35
34	36
34	37
34	38
34	161
35	36
35	37
35	38
35	39
35	161
35	225
35	227
36	37
36	38
36	39
36	40
37	38
37	39
37	40
37	41
38	39
38	40
38	41
38	42
38	51
38	227
38	228
39	40
39	41
39	42
39	43
39	227
40	41
40	42
40	43
40	44
41	42
41	43
41	44
41	45
41	46
41	51
42	43
42	44
42	45
42	46
43	44
43	45
44	45
44	46
45	46
45	47
46	47
46	48
46	50
47	48
47	49
47	50
48	49
48	50
48	51
48	52
49	50
49	51
49	52
49	53
49	131
50	51
50	52
50	53
50	54
50	83
50	84
50	87
51	52
51	53
51	54
51	55
52	53
52	54
52	55
52	56
52	129
53	54
53	55
53	56
53	57
53	83
53	127
53	129
54	55
54	56
54	57
54	58
54	79
54	80
54	83
55	56
55	57
55	58
55	59
55	160
56	57
56	58
56	59
56	60
57	58
57	59
57	60
57	61
57	79
58	59
58	60
58	61
58	62
58	75
58	76
58	79
59	60
59	61
59	62
59	63
60	61
60	62
60	63
60	64
60	121
61	62
61	63
61	64
61	65
61	117
61	120
61	121
62	63
62	64
62	65
62	66
63	64
63	65
64	65
64	66
65	66
65	67
66	67
67	68
67	69
67	71
67	72
68	69
68	70
68	71
68	72
69	70
69	71
69	72
70	71
70	72
71	72
71	73
71	74
71	75
72	73
72	74
72	75
72	76
73	74
73	75
73	76
73	77
74	75
74	76
74	77
74	78
74	110
75	76
75	77
75	78
75	79
75	113
76	77
76	78
76	79
76	80
77	78
77	79
77	80
77	81
77	97
78	79
78	80
78	81
78	82
78	110
78	113
78	114
79	80
79	81
79	82
79	83
80	81
80	82
80	83
80	84
81	82
81	83
81	84
81	85
82	83
82	84
82	85
82	86
82	114
83	84
83	85
83	86
83	87
84	85
84	86
84	87
84	88
84	91
85	86
85	87
85	88
85	91
86	87
86	88
87	88
87	89
88	89
88	90
88	91
89	90
89	91
90	91
90	92
91	92
91	93
92	93
92	94
92	96
93	94
93	95
93	96
93	97
94	95
94	96
94	97
94	98
94	107
95	96
95	97
95	98
95	99
95	107
96	97
96	98
96	99
96	100
97	98
97	99
97	100
97	101
98	99
98	100
98	101
98	103
98	105
98	106
98	107
99	100
99	101
99	102
99	103
100	101
100	102
101	102
101	103
101	104
101	105
102	103
102	104
103	104
103	105
103	106
104	105
105	106
105	107
105	109
106	107
106	108
106	109
106	110
107	108
107	109
107	110
107	111
108	109
108	110
108	111
108	112
109	110
109	111
109	112
109	113
110	111
110	112
110	113
110	114
111	112
111	113
111	114
111	115
112	113
112	114
112	115
112	116
113	114
113	115
113	116
113	117
114	115
114	116
114	117
114	118
115	116
115	117
115	118
115	119
116	117
116	118
116	119
116	120
117	118
117	119
117	120
117	121
118	119
118	120
118	121
118	122
118	123
119	120
119	121
119	122
119	123
120	121
120	122
121	122
121	123
121	124
122	123
122	124
123	124
123	125
124	125
124	126
125	126
125	127
126	127
126	128
127	128
127	129
128	129
128	130
128	132
129	130
129	131
129	132
129	133
129	171
130	131
130	132
130	133
130	134
130	156
130	171
130	172
130	174
130	175
131	132
131	133
131	134
131	135
132	133
132	134
132	135
132	136
133	134
133	135
133	136
133	137
133	172
133	175
134	135
134	136
134	137
134	138
134	175
135	136
135	137
135	138
136	137
136	138
136	139
137	138
137	139
137	140
137	195
138	139
138	140
138	141
139	140
139	141
140	141
140	142
140	194
140	195
141	142
141	143
141	144
142	143
142	144
143	144
143	145
144	145
144	146
145	146
145	147
145	148
145	149
146	147
146	148
146	149
146	150
147	148
147	149
147	150
147	151
147	238
147	240
148	149
148	150
148	151
148	152
148	182
148	183
148	186
149	150
149	151
149	152
149	153
150	151
150	152
150	153
150	154
150	237
150	240
151	152
151	153
151	154
151	155
151	182
151	240
152	153
152	154
152	155
152	156
152	178
152	179
152	182
153	154
153	155
153	156
153	157
154	155
154	156
154	157
154	158
154	232
155	156
155	157
155	158
155	159
155	178
155	217
156	157
156	158
156	159
156	174
156	175
156	178
157	158
157	159
157	160
157	228
158	159
158	160
158	161
158	228
159	160
159	161
159	162
159	166
160	161
160	162
160	163
161	162
161	163
162	163
162	164
162	165
162	166
163	164
163	165
163	166
163	167
164	165
164	166
164	167
165	166
165	167
165	168
166	167
166	168
166	169
167	168
167	169
168	169
169	170
169	171
169	173
169	174
170	171
170	172
170	173
170	174
171	172
171	173
171	174
171	175
172	173
172	174
172	175
172	176
173	174
173	175
173	176
173	177
173	206
174	175
174	176
174	177
174	178
174	209
175	176
175	177
175	178
175	179
176	177
176	178
176	179
176	180
177	178
177	179
177	180
177	181
177	206
177	209
177	210
178	179
178	180
178	181
178	182
179	180
179	181
179	182
179	183
180	181
180	182
180	183
180	184
180	190
180	191
181	182
181	183
181	184
181	185
182	183
182	184
182	185
182	186
183	184
183	185
183	186
183	187
183	188
183	189
183	190
184	185
184	186
184	187
184	188
184	189
184	190
185	186
185	187
185	188
185	245
185	246
186	187
186	188
187	188
187	189
188	189
188	190
189	190
190	191
190	192
191	192
191	193
191	195
192	193
192	194
192	195
192	196
193	194
193	195
193	196
193	197
194	195
194	196
194	197
194	198
195	196
195	197
195	198
195	199
196	197
196	198
196	199
196	200
196	201
196	202
197	198
197	199
197	200
198	199
198	200
199	200
199	201
200	201
200	202
201	202
201	203
201	205
201	206
202	203
202	204
202	205
202	206
203	204
203	205
203	206
203	207
204	205
204	206
204	207
205	206
205	207
206	207
206	208
206	209
206	210
207	208
207	209
207	210
207	211
208	209
208	210
208	211
208	212
209	210
209	211
209	212
209	213
210	211
210	212
210	213
210	214
211	212
211	213
211	214
211	215
212	213
212	214
212	215
212	216
213	214
213	215
213	216
213	217
214	215
214	216
214	217
214	218
215	216
215	217
215	218
215	219
216	217
216	218
216	219
216	220
217	218
217	219
217	220
217	245
218	219
218	220
218	245
219	220
219	221
219	222
219	223
220	221
220	222
220	223
221	222
221	223
222	223
222	224
223	224
223	225
223	226
224	225
224	226
225	226
225	227
226	227
226	228
226	229
226	230
227	228
227	229
227	230
227	231
228	229
228	230
228	231
228	232
229	230
229	231
229	232
229	233
229	241
230	231
230	232
230	233
231	232
231	233
231	234
232	233
232	234
232	237
232	239
232	240
232	241
233	234
233	235
233	237
233	239
233	240
233	241
233	242
234	235
234	236
234	237
234	238
234	239
235	236
235	237
235	238
235	239
236	237
236	238
237	238
237	239
237	240
238	239
238	240
239	240
239	241
239	242
240	241
240	242
240	243
241	242
241	243
242	243
242	244
243	244
243	245
244	245
244	246
245	246
245	247
246	247
246	248
246	249
247	248
248	249
248	250
249	250
249	251
250	251
