0	1
0	2
0	208
0	209
0	210
1	2
1	3
1	209
1	210
2	3
2	4
2	209
2	210
2	211
2	212
3	4
3	5
3	209
3	210
3	211
3	212
4	5
4	6
4	211
4	212
5	6
5	7
5	211
5	212
6	7
6	8
7	8
7	9
7	74
7	75
7	76
8	9
8	10
8	74
8	75
8	76
9	10
9	11
9	72
9	73
9	74
9	75
10	11
10	12
10	72
10	73
10	74
10	75
11	12
11	13
11	14
11	71
11	72
11	73
12	13
12	14
12	15
12	62
12	71
12	72
12	73
13	14
13	15
14	15
14	52
14	53
15	16
15	52
15	53
15	54
15	55
16	17
16	18
16	54
16	55
16	59
16	198
17	18
17	55
17	189
17	192
17	193
17	197
17	198
17	199
18	19
18	20
18	198
18	199
18	200
18	201
18	202
19	20
19	198
19	199
19	200
19	201
20	21
20	22
20	25
20	60
20	201
21	22
21	23
21	24
21	25
21	149
21	201
22	23
22	24
22	25
22	26
22	149
23	24
23	25
23	26
23	27
24	25
24	26
24	27
24	28
24	60
25	26
25	27
25	28
25	29
25	60
25	64
26	27
26	28
26	29
26	30
27	28
27	29
27	30
27	31
28	29
28	30
28	31
28	32
28	60
28	61
28	64
29	30
29	31
29	32
29	33
29	64
30	31
30	32
30	33
30	34
31	32
31	33
31	34
31	35
32	33
32	34
32	35
32	36
32	37
32	38
33	34
33	35
33	36
34	35
34	36
35	36
35	37
36	37
36	38
36	217
36	218
37	38
37	39
37	215
37	216
37	217
37	218
38	39
38	40
38	215
38	216
38	217
38	218
39	40
39	41
39	213
39	214
39	215
39	216
40	41
40	42
40	213
40	214
41	42
41	43
41	74
41	75
41	76
42	43
42	44
42	57
42	58
42	74
42	75
42	76
43	44
43	55
43	56
43	57
43	58
43	75
43	76
43	77
44	45
44	46
44	53
44	54
44	55
44	56
44	57
44	75
44	76
44	77
44	78
45	46
45	47
45	53
45	54
45	55
45	56
45	77
45	78
45	79
45	80
46	47
46	48
46	51
46	52
46	53
46	54
47	48
47	49
47	50
47	52
47	53
47	54
48	49
48	50
49	50
50	51
50	52
51	52
51	53
52	53
53	54
53	55
54	55
54	56
54	193
55	56
55	57
55	58
55	59
56	57
56	58
57	58
57	59
58	59
58	60
58	61
58	62
59	60
59	61
59	62
59	63
60	61
60	62
60	63
60	64
61	62
61	63
61	64
61	65
62	63
62	64
62	65
62	66
63	64
63	65
63	66
63	67
64	65
64	66
64	67
64	68
65	66
65	67
65	68
65	69
65	70
66	67
66	68
66	69
66	70
67	68
67	69
68	69
68	70
69	70
69	71
70	71
70	72
70	221
70	222
71	72
71	221
71	222
72	73
72	74
72	221
72	222
73	74
73	75
73	221
74	75
75	76
75	77
76	77
76	78
77	78
78	79
78	80
79	80
79	81
79	82
80	81
80	82
80	85
81	82
81	83
81	85
82	83
82	84
82	85
83	84
83	85
84	85
84	86
84	207
84	208
85	86
85	87
85	205
85	206
85	207
86	87
86	88
86	205
86	206
86	207
87	88
87	89
87	185
87	186
87	203
87	204
87	205
87	206
88	89
88	183
88	203
88	204
88	205
89	90
89	91
89	162
89	183
89	202
89	203
89	204
90	91
90	92
90	160
90	161
90	162
90	202
90	203
90	204
91	92
91	93
91	160
91	161
91	162
91	163
91	164
91	179
91	180
91	181
92	93
92	94
92	158
92	159
92	160
92	161
92	179
92	180
93	94
93	158
93	159
93	160
93	176
93	178
93	179
93	180
94	95
94	156
94	157
94	158
94	159
94	176
94	177
94	178
94	179
95	96
95	97
95	155
95	156
95	157
95	177
96	97
96	98
96	99
97	98
97	99
97	100
98	99
98	100
98	101
99	100
99	101
99	102
99	103
100	101
100	102
100	103
100	104
100	110
101	102
101	103
101	104
101	105
102	103
102	104
102	105
102	106
102	147
103	104
103	105
103	106
103	107
103	108
103	144
103	147
104	105
104	106
104	107
104	108
104	109
105	106
105	107
106	107
106	108
106	143
107	108
107	109
108	109
108	110
108	135
109	110
109	111
109	135
109	136
110	111
110	112
110	133
110	134
110	135
111	112
111	113
111	133
111	134
111	135
112	113
112	114
112	132
112	133
112	134
113	114
113	115
113	116
113	132
113	133
113	134
114	115
114	116
114	132
115	116
115	117
115	118
116	117
116	118
116	119
116	126
116	132
116	133
116	134
117	118
117	119
117	120
117	126
117	181
118	119
118	120
119	120
119	121
119	122
119	123
119	124
119	125
119	126
119	181
119	182
120	121
120	182
121	122
121	123
122	123
122	124
123	124
123	125
123	134
123	135
123	136
123	137
123	138
124	125
124	135
124	136
124	137
124	138
124	139
124	141
124	142
124	182
125	126
125	127
125	134
125	135
125	142
125	180
125	181
125	182
126	127
126	128
126	133
126	134
126	135
126	180
126	181
126	182
127	128
127	129
127	132
127	133
127	134
127	178
127	179
127	180
127	181
128	129
128	130
128	131
128	132
128	133
128	178
128	179
128	180
129	130
129	131
129	132
129	177
129	178
129	179
130	131
130	132
131	132
131	133
132	133
133	134
133	135
134	135
134	136
135	136
135	137
136	137
137	138
137	141
138	139
138	140
138	141
138	142
139	140
139	141
139	142
139	199
140	141
140	142
140	143
141	142
141	143
141	144
142	143
142	144
142	145
142	200
143	144
143	145
143	146
143	147
144	145
144	146
144	147
144	148
145	146
145	147
145	148
145	149
145	200
145	201
146	147
146	148
146	149
146	150
147	148
147	149
147	150
147	151
148	149
148	150
148	151
148	152
149	150
149	151
149	152
149	153
150	151
150	152
150	153
150	154
151	152
151	153
151	154
151	155
151	156
152	153
152	154
152	155
152	156
152	157
152	158
153	154
154	155
155	156
156	157
156	158
157	158
157	159
158	159
158	160
159	160
159	161
160	161
160	162
161	162
161	163
161	164
161	166
161	167
162	163
162	164
163	164
163	165
163	166
163	167
164	165
164	166
164	167
164	168
165	166
165	167
165	168
165	169
166	167
166	168
166	169
166	170
167	168
167	169
167	170
167	171
167	179
168	169
168	170
168	171
168	172
169	170
169	171
169	172
169	173
170	171
170	172
170	173
170	174
170	175
170	176
171	172
171	173
171	174
171	175
171	176
171	177
171	178
172	173
172	174
173	174
173	175
174	175
174	176
174	177
175	176
176	177
176	178
177	178
178	179
178	180
179	180
179	181
180	181
180	182
181	182
182	183
183	184
183	185
183	202
183	203
184	185
184	186
184	188
184	189
185	186
185	187
185	188
185	189
186	187
186	188
186	189
186	190
187	188
187	189
187	190
187	191
188	189
188	190
188	191
188	192
189	190
189	191
189	192
189	193
190	191
190	192
190	193
190	194
191	192
191	193
191	194
191	195
192	193
192	194
192	195
192	196
192	197
192	198
193	194
193	195
193	196
193	197
193	198
194	195
194	196
195	196
195	197
196	197
197	198
198	199
198	200
199	200
199	201
199	202
200	201
200	202
201	202
202	203
202	204
203	204
203	205
204	205
204	206
205	206
205	207
206	207
206	208
207	208
207	209
207	210
208	209
209	210
209	211
210	211
210	212
211	212
211	213
212	213
212	214
213	214
213	215
214	215
214	216
215	216
215	217
216	217
216	218
217	218
217	219
217	220
218	219
218	220
218	221
219	220
219	221
219	222
220	221
220	222
221	222
