0	1
0	10
0	11
0	187
0	188
0	189
0	190
1	2
1	8
1	9
1	10
1	11
1	190
2	3
2	4
2	8
2	9
2	10
2	159
3	4
3	5
3	6
3	7
3	8
3	9
4	5
4	6
4	7
4	8
4	9
4	109
4	110
4	133
5	6
5	7
5	109
6	7
7	8
7	9
8	9
8	10
8	13
9	10
9	13
9	15
9	16
9	213
10	11
10	12
10	13
10	190
10	213
11	12
11	13
12	13
12	14
13	14
13	15
14	15
14	16
15	16
15	17
15	213
15	214
16	17
16	18
16	45
16	213
16	214
16	215
17	18
17	19
17	44
17	45
17	46
17	214
17	215
17	216
18	19
18	20
18	44
18	45
18	46
18	47
18	48
18	215
18	216
18	217
19	20
19	21
19	39
19	44
19	46
19	47
19	48
19	216
19	217
19	218
19	219
20	21
20	22
20	47
20	48
20	49
20	216
20	217
20	218
20	219
21	22
21	23
21	24
21	35
21	47
21	48
21	49
21	218
21	219
21	220
22	23
22	24
22	48
22	49
22	50
23	24
23	25
23	26
23	49
23	50
23	228
24	25
24	26
24	220
24	228
24	229
24	230
25	26
25	27
25	28
25	29
25	31
25	32
26	27
26	28
27	28
27	29
28	29
28	30
28	31
28	32
29	30
29	31
29	32
29	33
29	75
30	31
30	32
30	33
30	34
31	32
31	33
31	34
31	35
32	33
32	34
32	35
32	36
33	34
33	35
33	36
33	37
34	35
34	36
34	37
34	38
35	36
35	37
35	38
35	39
35	220
35	221
36	37
36	38
36	39
36	40
36	47
36	83
37	38
37	39
37	40
37	41
38	39
38	40
38	41
38	42
38	236
39	40
39	41
39	42
39	43
39	44
39	47
40	41
40	42
40	43
40	44
40	86
40	88
41	42
41	43
42	43
42	44
42	236
42	239
42	240
42	242
43	44
43	45
43	240
43	242
44	45
44	46
44	242
45	46
45	88
45	89
46	47
46	48
46	88
46	89
46	90
46	91
47	48
47	49
47	88
47	89
47	90
47	91
48	49
48	90
48	91
48	92
49	50
49	91
49	92
50	51
50	71
50	92
50	93
51	52
51	53
51	70
51	71
52	53
52	54
52	55
52	70
52	71
53	54
53	55
54	55
54	56
54	57
55	56
55	57
55	58
55	59
56	57
56	307
56	308
56	309
56	310
57	58
57	59
57	307
58	59
58	60
58	290
59	60
61	62
61	63
62	63
62	64
63	64
63	65
63	66
63	67
64	65
64	66
64	67
64	68
65	66
65	67
65	68
65	69
66	67
66	68
66	69
67	68
67	69
67	70
68	69
68	70
68	73
69	70
70	71
71	72
72	73
72	74
72	75
73	74
73	75
73	76
74	75
74	76
75	76
75	77
75	78
75	79
76	77
76	78
76	79
76	80
77	78
77	79
77	80
77	81
78	79
78	80
78	81
78	82
79	80
79	81
79	82
79	83
80	81
80	82
80	83
80	84
80	90
81	82
81	83
81	84
81	85
82	83
82	84
82	85
82	86
83	84
83	85
83	86
83	87
83	88
83	89
83	90
84	85
84	86
84	87
84	88
84	89
85	86
85	87
86	87
86	88
87	88
87	89
88	89
88	90
89	90
89	91
90	91
91	92
91	110
92	93
92	94
92	111
92	112
93	94
93	95
93	111
93	112
93	113
94	95
94	96
94	99
94	100
94	111
94	112
94	113
95	96
95	99
95	113
95	117
96	97
96	98
96	99
96	100
96	123
97	98
97	99
97	100
97	101
97	123
97	126
98	99
98	100
98	101
98	102
99	100
99	101
99	102
99	103
100	101
100	102
100	103
100	104
100	127
101	102
101	103
101	104
101	105
102	103
102	104
102	105
103	104
103	105
103	106
103	108
104	105
104	106
104	107
104	108
105	106
105	107
106	107
106	108
107	108
107	109
108	109
108	110
109	110
109	132
109	133
110	111
110	112
110	132
110	133
111	112
111	113
111	133
111	134
112	113
112	114
112	134
112	135
113	114
113	115
113	117
113	134
113	135
113	136
114	115
114	116
114	117
114	118
114	135
114	136
115	116
115	117
115	118
115	135
115	136
115	137
115	138
116	117
116	118
116	283
116	284
116	285
117	118
117	119
117	120
117	284
117	285
118	119
118	120
118	137
118	148
119	120
119	121
119	144
119	148
119	284
119	285
119	318
120	121
120	122
120	123
120	124
120	285
120	306
120	318
121	122
121	123
121	124
121	125
121	148
121	151
121	318
121	319
122	123
122	124
122	125
122	126
123	124
123	125
123	126
123	127
124	125
124	126
124	127
124	128
124	151
124	152
125	126
125	127
125	128
125	129
125	151
125	152
125	155
126	127
126	128
126	129
127	128
127	129
127	130
128	129
128	130
128	131
128	152
128	155
128	157
129	130
129	131
129	155
130	131
130	132
131	132
131	133
131	157
132	133
133	134
133	159
133	160
134	135
134	136
134	160
134	161
134	162
135	136
135	137
135	161
135	162
136	137
136	138
136	162
136	163
136	164
137	138
137	139
137	140
137	145
137	163
137	164
138	139
138	140
138	163
138	164
138	165
138	166
138	272
139	140
139	141
139	271
139	272
139	273
139	276
139	278
139	279
139	280
140	141
140	142
140	144
140	145
140	270
140	271
140	272
140	280
141	142
141	143
141	144
141	145
141	270
141	271
142	143
142	144
142	145
142	146
142	270
143	144
143	145
143	146
143	147
144	145
144	146
144	147
144	148
145	146
145	147
145	148
145	149
146	147
146	148
146	149
146	150
147	148
147	149
147	150
147	151
148	149
148	150
148	151
148	152
149	150
149	151
149	152
149	153
150	151
150	152
150	153
150	154
151	152
151	153
151	154
152	153
152	154
152	155
152	157
153	154
153	155
153	156
153	157
153	158
154	155
154	156
155	156
155	157
156	157
156	158
157	158
157	159
158	159
158	160
159	160
159	161
160	161
160	162
160	189
160	190
161	162
161	189
161	190
161	191
161	192
162	163
162	189
162	190
162	191
162	192
163	164
163	180
163	192
163	193
163	194
164	165
164	166
164	193
164	194
164	195
165	166
165	167
165	170
165	175
165	196
166	167
166	168
166	276
167	168
167	169
167	170
167	275
167	276
168	169
168	170
168	196
169	170
169	171
169	196
169	197
169	198
169	232
170	171
170	172
170	174
170	196
170	197
171	172
171	173
171	174
171	197
172	173
172	174
172	175
172	197
172	264
173	174
173	175
173	263
173	264
173	266
174	175
174	176
175	176
175	177
175	264
175	266
176	177
176	178
176	179
176	264
176	265
176	266
176	267
176	268
177	178
177	179
177	180
177	207
177	264
177	265
177	266
178	179
178	180
178	181
178	265
178	266
178	267
178	268
179	180
179	181
179	182
179	268
179	269
179	270
180	181
180	182
180	183
180	191
180	210
180	212
181	182
181	183
181	184
181	210
181	211
182	183
182	184
182	185
182	186
183	184
183	185
183	186
183	187
183	191
184	185
184	186
184	187
185	186
185	187
186	187
186	188
186	189
187	188
187	189
188	189
188	190
189	190
189	191
190	191
190	192
190	213
191	192
191	212
191	213
191	214
192	193
192	194
192	212
192	213
192	214
192	215
193	194
193	195
193	212
193	214
193	215
193	216
194	195
194	196
194	215
194	216
194	217
195	196
195	197
195	204
195	216
195	217
196	197
196	198
196	217
197	198
197	199
198	199
198	200
198	232
199	200
199	201
199	202
200	201
200	202
200	234
200	238
200	241
201	202
201	203
201	204
201	205
201	244
202	203
202	204
202	205
202	206
203	204
203	205
203	206
203	207
204	205
204	206
204	207
204	208
204	215
204	245
205	206
205	207
205	208
205	209
205	244
205	245
205	248
206	207
206	208
206	209
206	210
206	260
207	208
207	209
207	210
207	211
207	212
208	209
208	210
208	211
208	212
208	213
208	245
209	210
209	211
209	248
210	211
210	212
211	212
211	213
212	213
212	214
213	214
213	215
214	215
214	216
215	216
215	217
216	217
217	218
217	219
218	219
218	233
218	234
219	220
219	233
219	234
219	235
219	239
220	221
220	222
220	223
220	230
220	233
220	234
220	235
220	236
221	222
221	223
221	235
221	236
222	223
222	224
222	225
222	235
223	224
223	225
223	230
223	231
223	232
223	233
223	235
224	225
224	226
224	230
224	231
225	226
225	227
225	230
226	227
226	228
227	228
227	229
227	230
227	231
228	229
228	230
229	230
229	231
229	232
229	233
230	231
230	232
230	233
231	232
231	233
232	233
232	234
233	234
233	235
234	235
234	236
234	238
234	239
235	236
235	237
235	238
235	239
236	237
236	238
236	239
236	240
237	238
237	239
237	240
237	241
238	239
238	240
238	241
239	240
239	241
239	242
240	241
240	242
240	243
241	242
241	243
241	244
242	243
242	244
242	245
242	246
243	244
243	245
243	246
243	247
244	245
244	246
244	247
244	248
245	246
245	247
245	248
245	249
246	247
246	248
246	249
246	250
247	248
247	249
247	250
247	251
248	249
248	250
248	251
248	252
249	250
249	251
249	252
249	253
250	251
250	252
250	253
250	254
251	252
251	253
251	254
251	255
251	256
252	253
252	254
252	255
252	256
253	254
253	255
254	255
254	256
255	256
255	257
256	257
256	258
257	258
257	259
258	259
258	260
259	260
259	261
260	261
260	262
260	264
260	265
261	262
261	263
261	264
261	265
262	263
262	264
262	265
262	266
263	264
263	265
263	266
264	265
264	266
265	266
265	267
266	267
266	268
267	268
267	269
268	269
268	270
269	270
269	271
270	271
271	272
271	273
272	273
272	276
272	277
272	278
273	274
273	275
273	276
273	277
274	275
274	276
274	277
275	276
275	277
276	277
276	278
276	279
277	278
277	279
278	279
278	280
278	281
278	282
279	280
279	281
279	282
279	283
279	284
280	281
280	282
280	283
280	284
281	282
281	283
281	284
282	283
282	284
282	309
282	314
283	284
283	285
283	308
283	309
283	310
284	285
284	286
284	308
285	286
285	306
285	307
285	308
285	309
285	318
286	287
286	288
286	306
286	307
286	308
286	309
286	314
286	315
286	316
286	317
286	318
286	339
287	288
287	304
287	305
287	306
287	307
287	315
287	316
287	317
287	318
287	339
287	340
288	289
288	290
288	304
288	305
288	306
288	307
288	315
288	337
288	338
288	339
288	340
289	290
289	291
289	292
289	303
289	304
289	305
289	336
289	337
289	338
289	339
289	340
290	291
290	303
290	304
290	305
290	336
290	337
291	292
291	293
291	303
291	336
291	337
292	293
292	294
292	334
292	335
292	336
293	294
293	295
293	297
293	303
293	333
293	334
293	335
294	295
294	296
294	297
294	330
294	332
294	333
294	334
295	296
295	297
295	330
295	331
295	332
295	333
296	297
296	298
296	329
296	330
296	331
297	298
297	299
297	329
297	330
298	299
298	300
298	327
298	328
298	329
298	330
299	300
299	303
299	304
299	324
299	325
299	327
299	328
299	329
300	301
300	302
300	303
300	304
300	325
301	302
301	303
301	304
301	305
301	325
302	303
302	304
303	304
303	305
304	305
305	306
305	307
306	307
306	318
307	308
307	309
308	309
308	310
309	310
309	311
309	312
309	313
309	314
310	311
310	312
311	312
311	313
312	313
312	314
313	314
313	315
313	339
314	315
314	316
314	339
315	316
315	317
315	339
315	340
315	341
316	317
316	318
316	339
316	340
316	341
317	318
317	319
317	320
318	319
318	320
318	321
319	320
319	321
320	321
320	322
320	323
320	324
321	322
321	323
321	324
321	325
322	323
322	324
322	325
322	326
323	324
323	325
323	326
324	325
324	326
324	327
324	328
325	326
325	327
325	328
326	327
326	328
327	328
327	329
328	329
329	330
329	331
329	345
330	331
330	332
330	344
330	345
331	332
331	344
331	345
331	346
331	347
332	333
332	334
332	344
333	334
333	335
334	335
334	336
335	336
335	337
335	338
336	337
336	338
337	338
337	339
338	339
338	340
339	340
339	341
340	341
340	342
340	344
341	342
341	343
341	344
342	343
342	344
342	345
342	346
343	344
343	345
343	346
344	345
344	346
345	346
345	347
346	347
346	348
347	348
347	349
348	349
