0	1
0	2
0	4
0	19
1	2
1	3
1	4
1	42
2	3
2	4
2	191
2	194
2	195
3	4
3	5
3	6
3	7
3	194
3	195
4	5
4	6
4	7
4	8
5	6
5	7
5	8
5	9
6	7
6	8
6	9
6	10
6	195
7	8
7	9
7	10
7	11
7	12
8	9
8	10
8	11
8	12
9	10
9	11
10	11
10	12
10	23
11	12
11	13
11	23
11	24
12	13
12	20
12	22
12	23
13	14
13	20
13	21
13	22
13	23
14	15
14	16
14	20
14	21
15	16
15	17
15	18
15	19
16	17
16	18
16	19
17	18
17	19
17	105
17	106
18	19
20	21
20	22
20	23
20	210
20	211
21	22
21	210
21	211
21	212
22	23
22	24
22	25
22	26
22	209
22	210
22	211
22	212
23	24
23	25
23	208
23	209
23	210
24	25
24	26
25	26
25	27
25	28
25	29
26	27
26	28
26	29
26	30
26	210
26	212
26	213
27	28
27	29
27	30
27	31
27	213
27	305
28	29
28	30
28	31
28	32
29	30
29	31
29	32
29	33
29	38
29	209
29	213
30	31
30	32
30	33
30	34
30	213
30	217
31	32
31	33
31	34
31	35
32	33
32	34
32	35
32	36
32	37
32	38
32	207
33	34
33	35
33	36
33	37
33	38
33	138
33	139
34	35
34	36
34	139
34	346
35	36
35	37
35	139
35	140
35	346
36	37
36	139
36	140
36	141
36	142
37	38
37	137
37	138
37	139
37	140
37	141
37	142
37	206
37	207
38	137
38	138
38	139
38	206
38	207
38	208
38	209
39	40
39	41
39	135
39	136
39	137
39	208
39	209
39	210
40	41
40	42
40	135
40	136
41	42
41	43
41	135
41	136
42	43
42	134
42	135
43	44
43	104
43	105
44	45
44	46
44	102
44	103
44	104
44	105
44	108
44	130
45	46
45	47
45	101
45	102
45	103
45	129
45	130
46	47
46	48
46	100
46	101
46	102
46	127
46	128
46	129
46	130
47	48
47	49
47	99
47	100
47	101
47	127
47	128
47	129
48	49
48	50
48	53
48	98
48	99
48	100
48	125
48	126
48	127
48	128
49	50
49	53
49	97
49	98
49	99
49	125
49	126
49	127
50	51
50	52
50	53
50	97
50	98
50	124
50	125
50	126
51	52
51	53
51	96
51	97
52	53
52	54
52	55
52	56
52	123
53	54
53	55
53	56
53	57
53	96
53	97
53	98
53	99
53	125
54	55
54	56
54	57
54	58
54	65
54	96
55	56
55	57
55	58
55	59
56	57
56	58
56	59
56	60
56	120
56	123
57	58
57	59
57	60
57	61
57	65
58	59
58	60
58	61
58	64
58	65
58	251
59	60
59	61
59	250
59	251
59	252
60	61
60	62
60	251
60	252
61	62
61	63
61	64
61	77
61	78
61	79
61	251
62	63
62	64
62	77
62	78
62	79
62	242
62	243
62	251
63	64
63	65
63	77
63	78
63	241
63	242
63	243
64	65
64	66
64	67
64	243
65	66
65	67
65	68
66	67
66	68
66	69
67	68
67	69
68	69
68	70
68	73
68	74
68	93
69	70
69	71
70	71
70	72
70	73
71	72
71	73
71	93
71	94
71	95
72	73
72	74
72	92
72	93
72	94
72	165
72	166
72	167
73	74
73	92
73	93
73	164
73	165
73	166
74	75
74	90
74	91
74	92
74	93
74	164
74	165
75	76
75	77
75	90
75	91
75	92
75	164
76	77
76	89
76	90
76	91
77	78
77	88
77	89
77	90
77	241
78	79
78	85
78	87
78	88
78	89
79	80
79	81
79	83
79	84
79	85
79	86
79	252
79	253
80	81
80	82
80	83
80	84
80	85
80	86
80	252
80	253
81	82
81	83
81	252
81	253
81	256
82	83
82	84
82	253
82	256
83	84
83	85
83	233
83	253
83	254
83	256
83	257
84	85
84	86
84	229
84	230
84	231
84	232
84	233
84	234
85	86
85	87
85	229
85	230
85	232
85	233
85	234
86	87
86	229
86	230
87	88
87	89
87	225
88	89
89	90
89	91
89	101
89	102
89	103
90	91
90	92
90	101
90	102
91	92
91	93
91	100
91	101
91	102
92	93
92	94
92	99
92	100
92	101
93	94
93	95
93	98
93	99
93	100
94	95
94	98
94	99
95	96
95	97
95	98
95	99
96	97
96	98
97	98
98	99
98	100
99	100
100	101
100	102
101	102
101	103
102	103
103	104
103	105
103	108
104	105
104	106
104	107
104	108
105	106
105	107
105	108
106	107
106	108
107	108
107	109
107	110
107	111
108	109
108	110
108	111
108	112
109	110
109	111
109	112
109	113
109	114
110	111
110	112
110	113
110	114
110	115
111	112
111	113
111	114
111	115
111	116
112	113
112	114
112	115
112	116
112	117
113	114
113	115
113	116
113	117
113	118
114	115
114	116
114	117
114	118
115	116
115	117
115	118
115	119
116	117
116	118
116	119
116	120
117	118
117	119
117	120
117	121
118	119
118	120
118	121
119	120
119	121
119	122
120	121
120	122
120	123
120	124
120	125
121	122
121	123
121	124
121	125
122	123
122	124
123	124
123	125
124	125
124	126
125	126
125	127
126	127
126	128
127	128
127	129
128	129
128	130
129	130
129	131
130	131
130	132
130	133
131	132
131	133
132	133
132	134
132	190
132	191
133	134
133	188
133	189
133	190
133	191
134	188
134	189
134	190
134	191
134	194
135	136
135	137
135	186
135	187
135	188
136	137
136	138
136	178
136	185
136	186
136	187
137	138
137	142
137	184
137	185
137	186
138	139
138	142
138	178
138	182
138	183
138	184
138	185
139	140
139	141
139	142
139	182
139	183
139	184
140	141
140	142
140	182
140	183
141	142
141	143
141	144
141	145
142	143
142	144
142	145
142	146
142	184
143	144
143	145
143	146
143	147
143	184
143	185
144	145
144	146
144	147
144	148
145	146
145	147
145	148
145	204
145	205
146	147
146	148
146	149
146	201
147	148
147	149
147	150
147	155
148	149
148	150
149	150
149	151
150	151
150	152
150	154
150	155
151	152
151	153
151	154
151	155
152	153
152	154
152	155
152	156
152	157
153	154
153	155
153	156
153	157
153	158
153	169
154	155
154	156
154	157
154	158
154	159
154	169
155	156
155	157
155	158
155	159
155	160
156	157
156	158
156	159
156	160
157	158
157	159
157	160
158	159
158	160
158	169
159	160
159	161
160	161
161	162
162	163
162	164
162	165
162	176
163	164
163	165
163	176
163	177
164	165
164	166
164	175
164	176
164	177
165	166
165	167
165	175
165	176
166	167
166	173
166	174
166	175
166	176
167	168
167	169
167	173
167	174
167	175
168	169
168	170
168	172
168	173
168	174
169	170
169	171
169	172
169	173
170	171
170	172
171	172
171	173
171	189
171	190
172	173
172	174
172	187
172	188
172	189
173	174
173	175
173	187
173	188
173	189
174	175
174	176
174	185
174	186
174	187
174	188
175	176
175	177
175	185
175	186
175	187
176	177
176	184
176	185
176	186
177	178
177	184
177	185
177	186
178	179
178	180
178	184
178	185
178	186
179	180
179	181
179	218
180	181
180	182
180	217
180	218
180	221
181	182
181	218
181	221
181	343
181	344
181	345
182	183
182	184
182	344
182	345
183	184
184	185
185	186
185	187
186	187
186	188
187	188
187	189
188	189
189	190
189	191
189	193
189	194
190	191
190	192
190	193
190	194
191	192
191	193
191	194
192	193
192	194
193	194
193	195
193	196
193	197
194	195
194	196
194	197
194	198
195	196
195	197
195	198
195	199
196	197
196	198
196	199
196	200
197	198
197	199
197	200
197	201
198	199
198	200
198	201
198	202
199	200
199	201
199	202
199	203
200	201
200	202
200	203
200	204
201	202
201	203
201	204
201	205
201	206
202	203
202	204
202	205
202	206
202	207
203	204
203	205
204	205
204	206
205	206
205	207
206	207
206	208
207	208
207	209
208	209
208	210
209	210
209	213
210	211
210	212
210	213
210	214
211	212
211	213
211	214
211	215
212	213
212	214
212	215
212	216
213	214
213	215
213	216
213	217
214	215
214	216
214	217
214	218
215	216
215	217
215	218
215	219
216	217
216	218
216	219
216	220
216	302
216	304
217	218
217	219
217	220
217	221
218	219
218	220
218	221
218	222
219	220
219	221
219	222
220	221
220	222
220	304
220	341
220	342
220	343
221	222
221	341
221	342
221	343
221	344
222	223
222	340
222	341
222	342
223	224
223	225
223	228
224	225
224	226
224	227
224	228
225	226
225	227
225	228
225	229
226	227
226	228
226	229
227	228
227	299
227	300
228	237
228	299
229	230
229	231
229	232
230	231
230	232
231	232
231	233
232	233
232	234
232	236
233	234
233	235
233	236
233	237
234	235
234	236
234	237
234	238
234	239
235	236
235	237
235	238
235	239
235	265
235	267
236	237
236	238
236	265
236	266
236	267
236	268
236	316
237	238
237	267
237	268
238	239
238	267
238	268
239	240
239	241
239	242
240	241
240	242
241	242
241	243
242	243
242	244
243	244
243	245
244	245
244	246
244	247
245	246
245	247
246	247
246	248
246	249
247	248
247	249
248	249
248	250
249	250
249	251
250	251
250	252
250	254
251	252
251	253
251	254
252	253
252	254
253	254
253	255
253	256
253	257
254	255
254	256
254	257
254	258
255	256
255	257
255	258
255	259
256	257
256	258
256	259
256	260
257	258
257	259
257	260
257	261
258	259
258	260
258	261
258	262
259	260
259	261
259	262
259	263
260	261
260	262
260	263
260	264
260	265
261	262
261	263
261	264
262	263
262	264
263	264
263	265
264	265
265	266
265	267
266	267
266	316
266	317
266	318
266	319
267	268
267	269
267	316
267	317
267	318
267	319
268	269
268	314
268	315
268	316
268	317
268	340
269	270
269	271
269	314
269	315
269	316
269	337
269	338
269	339
269	340
270	271
270	272
270	313
270	314
270	315
270	337
270	338
270	339
270	340
270	341
271	272
271	312
271	313
271	314
271	335
271	336
271	337
271	338
272	273
272	310
272	311
272	312
272	313
272	335
272	336
272	337
273	274
273	275
273	309
273	310
273	311
274	275
274	276
275	276
276	277
276	278
277	278
277	279
277	302
277	303
277	310
277	311
278	279
278	301
278	302
278	310
278	311
278	312
278	313
279	280
279	281
279	282
279	300
279	301
279	302
280	281
280	282
280	298
280	299
280	300
280	301
281	282
281	283
281	297
281	298
281	299
282	283
282	284
282	297
282	298
283	284
283	285
283	295
283	296
283	297
283	298
283	327
284	285
284	286
284	295
284	296
284	297
284	298
284	325
284	326
284	327
285	286
285	294
285	295
285	296
285	325
285	326
285	327
286	287
286	288
286	293
286	294
286	295
286	321
286	325
286	326
287	288
287	289
287	291
287	292
287	293
287	294
288	289
288	290
288	291
288	292
288	293
288	320
288	321
289	290
289	291
290	291
290	292
291	292
291	293
292	293
292	294
293	294
294	295
294	296
294	318
295	296
295	297
295	317
296	297
296	315
296	316
296	317
296	318
297	298
297	299
297	315
297	316
297	317
298	299
298	300
298	301
298	313
298	314
298	315
298	316
299	300
299	301
299	314
299	315
299	316
300	301
300	302
300	313
300	314
301	302
301	312
301	313
301	314
302	303
302	304
302	310
302	311
302	312
302	313
303	304
303	305
303	309
303	310
303	311
303	312
304	305
304	306
304	307
304	308
304	309
304	310
304	311
304	312
305	306
305	307
305	308
306	307
306	308
307	308
307	309
308	309
309	310
309	311
309	312
310	311
310	312
311	312
312	313
313	314
313	315
314	315
314	340
315	316
315	317
316	317
317	318
317	319
318	319
318	320
318	321
319	320
319	321
320	321
320	322
321	322
322	323
322	324
323	324
323	336
323	337
324	325
324	334
324	335
324	336
324	337
325	326
325	327
325	334
325	335
325	336
325	337
326	327
326	328
326	333
326	334
326	335
327	328
327	329
327	333
327	334
328	329
328	330
328	331
328	332
328	333
329	330
329	331
329	332
329	333
330	331
330	332
331	332
332	333
333	334
334	335
334	336
335	336
335	337
336	337
336	338
337	338
338	339
338	340
339	340
339	341
340	341
340	342
341	342
341	343
342	343
342	348
342	349
343	344
343	345
343	346
343	347
343	348
343	349
344	345
344	346
344	347
344	348
344	349
345	346
345	347
346	347
347	348
347	349
348	349
348	350
348	352
348	353
349	350
349	351
349	352
349	353
350	351
350	352
350	353
351	352
351	353
352	353
