0	1
0	2
0	33
0	34
0	35
0	36
0	55
0	100
0	101
0	102
1	2
1	3
1	33
1	34
1	35
1	36
1	53
1	54
1	55
2	3
2	4
2	31
2	32
2	33
2	34
2	53
2	54
2	55
2	56
3	4
3	5
3	31
3	32
3	33
3	51
3	52
3	53
4	5
4	6
4	29
4	30
4	31
4	32
4	51
4	52
4	53
5	6
5	7
5	28
5	29
5	30
5	31
5	50
5	51
5	52
6	7
6	8
6	28
6	29
6	50
6	51
6	52
6	127
7	8
7	9
7	28
7	50
7	51
7	127
8	9
8	10
8	28
9	10
9	11
9	12
9	17
10	11
10	12
11	12
11	13
12	13
12	14
12	16
12	17
13	14
13	15
13	16
13	17
14	15
14	16
14	17
14	18
15	16
15	17
15	18
15	19
16	17
16	18
16	19
16	20
16	46
16	47
17	18
17	19
17	20
17	21
18	19
18	20
18	21
18	22
19	20
19	21
19	22
19	23
19	43
20	21
20	22
20	23
20	24
20	25
21	22
21	23
21	24
21	25
21	26
22	23
22	24
23	24
23	25
24	25
24	26
24	32
24	113
24	114
25	26
25	27
25	30
25	31
25	32
25	114
26	27
27	28
27	29
27	30
28	29
28	30
29	30
29	31
29	116
29	117
29	118
29	119
30	31
30	32
30	114
30	115
30	116
30	117
31	32
31	33
31	114
31	115
31	116
31	117
32	33
32	34
32	113
32	114
32	115
33	34
33	35
34	35
34	36
35	36
35	37
35	40
35	102
36	37
36	38
36	40
36	41
37	38
37	39
37	40
37	41
38	39
38	40
38	41
38	42
39	40
39	41
39	42
39	43
40	41
40	42
40	43
40	44
41	42
41	43
41	44
41	45
42	43
42	44
42	45
42	46
43	44
43	45
43	46
43	47
44	45
44	46
44	47
44	48
45	46
45	47
45	48
46	47
46	48
47	48
47	49
47	50
47	51
48	49
48	50
48	51
48	138
49	50
49	51
49	137
49	138
50	51
50	137
51	52
51	53
51	137
51	138
52	53
52	136
52	137
52	138
52	139
53	54
53	138
53	139
53	140
53	145
54	55
54	56
54	139
54	140
54	141
54	142
54	145
55	56
55	57
55	142
55	145
56	57
56	58
56	60
56	61
56	142
56	145
56	146
57	58
57	59
57	60
57	61
57	142
57	146
58	59
58	60
58	61
58	62
58	96
58	97
59	60
59	61
59	62
59	63
60	61
60	62
60	63
60	64
60	146
60	150
61	62
61	63
61	64
61	65
61	96
62	63
62	64
62	65
62	66
62	92
62	93
62	96
63	64
63	65
63	66
63	67
64	65
64	66
64	67
64	68
64	153
65	66
65	67
65	68
65	69
66	67
66	68
66	69
66	78
66	79
67	68
67	69
67	153
68	69
68	70
68	115
68	116
68	117
69	70
69	78
69	115
70	71
70	72
70	77
70	78
70	111
70	112
71	72
71	73
71	74
71	76
71	110
71	111
71	112
72	73
72	110
72	111
72	112
73	74
74	75
74	76
75	76
75	77
76	77
76	78
77	78
77	79
78	79
78	82
78	83
79	80
79	81
79	82
79	83
79	92
80	81
80	82
80	83
80	84
80	90
80	91
80	92
81	82
81	83
81	84
81	85
82	83
82	84
82	85
82	86
83	84
83	85
83	86
83	87
83	89
83	90
83	91
83	92
84	85
84	86
84	87
84	89
84	90
84	91
85	86
85	87
86	87
87	88
87	89
87	109
88	89
89	90
89	91
89	94
89	95
90	91
90	94
91	92
91	93
91	94
91	95
92	93
92	94
92	95
92	96
93	94
93	95
93	96
93	97
94	95
94	96
94	97
94	98
95	96
95	97
95	98
95	99
96	97
96	98
96	99
96	100
97	98
97	99
97	100
97	101
98	99
98	100
98	101
98	102
98	103
98	104
99	100
99	101
99	102
99	103
99	104
99	105
100	101
100	102
101	102
101	103
102	103
102	104
103	104
104	105
104	108
105	106
105	107
105	108
105	109
106	107
106	108
106	109
106	110
106	111
106	112
106	113
107	108
107	109
107	110
107	111
107	112
107	113
108	109
108	110
109	110
109	111
110	111
110	112
111	112
111	113
112	113
112	114
113	114
114	115
114	116
115	116
115	117
116	117
116	118
117	118
117	119
117	152
117	153
118	119
118	120
118	152
118	153
119	120
119	121
119	152
120	121
120	122
120	123
120	124
120	148
120	151
120	152
121	122
121	123
121	151
121	152
122	123
122	124
123	124
123	125
124	125
124	126
124	136
125	126
125	134
125	135
125	136
126	127
126	128
126	129
126	135
126	136
127	128
127	129
127	135
127	136
127	137
128	129
128	135
129	130
129	131
129	133
129	134
129	135
129	136
129	137
130	131
130	132
130	133
130	134
130	135
130	136
130	137
130	138
131	132
131	133
131	134
131	135
131	136
131	137
131	138
131	140
132	133
132	134
133	134
133	135
134	135
134	136
135	136
135	137
136	137
136	138
137	138
137	139
138	139
138	140
139	140
140	141
140	142
140	144
140	145
141	142
141	143
141	144
141	145
142	143
142	144
142	145
142	146
143	144
143	145
143	146
143	147
144	145
144	146
144	147
144	148
145	146
145	147
145	148
145	149
146	147
146	148
146	149
146	150
147	148
147	149
147	150
147	151
148	149
148	150
148	151
148	152
149	150
149	151
149	152
149	153
150	151
150	152
150	153
151	152
151	153
152	153
