0	1
0	27
0	28
0	29
1	2
1	3
1	29
1	30
1	31
1	210
1	211
1	212
2	3
2	4
2	30
2	31
2	32
2	210
2	211
2	212
3	4
3	5
3	31
3	32
3	211
3	212
3	213
4	5
4	6
4	32
5	6
5	7
5	34
6	7
6	8
6	34
7	8
7	9
7	13
8	9
8	10
8	35
8	36
8	37
9	10
9	11
9	12
9	13
9	36
9	37
10	11
10	12
10	13
10	14
10	36
10	37
11	12
11	13
11	14
11	15
11	65
11	226
11	230
11	231
12	13
12	14
12	15
12	16
12	223
12	226
13	14
13	15
13	16
13	17
14	15
14	16
14	17
14	18
15	16
15	17
15	18
15	19
15	222
15	225
15	226
15	230
16	17
16	18
16	19
16	20
16	222
17	18
17	19
17	20
17	21
18	19
18	20
18	21
18	22
19	20
19	21
19	22
19	23
19	24
19	222
20	21
20	22
20	23
20	24
21	22
21	23
21	24
21	86
22	23
22	24
22	25
23	24
23	25
24	25
24	26
24	27
25	26
25	27
25	28
26	27
26	28
27	28
27	29
27	30
28	29
28	30
28	87
28	88
29	30
29	31
29	86
29	87
29	88
30	31
30	32
30	85
30	86
30	87
31	32
31	84
31	85
31	86
32	33
32	34
32	83
32	84
32	85
33	34
33	81
33	82
33	83
33	84
33	196
34	35
34	81
34	82
34	83
35	36
35	37
35	78
35	80
35	81
35	82
36	37
36	38
36	76
36	77
36	78
37	38
37	39
37	76
37	77
37	78
38	39
38	62
38	63
38	76
38	77
38	78
39	40
39	41
39	62
39	63
39	64
39	75
39	76
39	77
40	41
40	42
40	62
40	63
40	64
40	65
40	73
40	74
40	75
40	76
41	42
41	43
41	64
41	65
41	66
41	67
41	73
41	74
41	75
42	43
42	44
42	46
42	65
42	66
42	67
42	72
42	73
42	74
43	44
43	45
43	46
43	66
43	67
43	69
43	70
43	71
43	72
43	73
43	275
44	45
44	46
44	66
44	67
44	68
44	69
44	70
45	46
45	47
45	70
45	273
45	274
45	275
46	47
46	48
46	273
46	274
46	275
47	48
47	49
47	50
47	51
47	273
47	274
48	49
48	50
48	51
48	52
48	237
49	50
49	51
49	52
49	237
50	51
50	52
50	163
51	52
51	53
51	160
51	161
51	162
51	163
52	53
52	54
52	159
52	160
52	161
53	54
53	55
53	56
53	57
53	159
53	160
53	161
54	55
54	56
54	57
54	58
55	56
55	57
55	58
55	59
56	57
56	58
56	59
56	60
56	159
57	58
57	59
57	60
57	61
57	62
57	159
58	59
58	60
58	61
58	62
59	60
59	61
60	61
60	62
61	62
61	63
62	63
62	64
63	64
63	65
64	65
64	66
65	66
65	67
65	230
65	236
66	67
66	68
66	230
66	236
67	68
67	69
68	69
68	70
69	70
69	71
69	134
69	135
69	136
70	71
70	72
70	275
70	276
70	277
70	278
70	279
71	72
71	275
71	276
71	277
72	73
72	74
72	275
73	74
73	75
74	75
74	76
75	76
75	77
75	156
76	77
76	80
77	78
77	79
77	80
77	151
78	79
78	80
79	80
79	81
79	149
79	150
79	151
79	192
80	81
80	82
80	146
80	147
80	148
80	149
80	150
80	151
81	82
81	83
81	146
81	147
81	148
81	149
82	83
82	84
82	145
82	146
82	147
83	84
83	85
83	144
83	145
83	146
84	85
84	86
84	143
84	144
84	145
85	86
85	87
85	96
85	143
85	144
86	87
86	142
86	143
87	88
87	89
87	95
87	141
87	142
88	89
88	90
88	140
88	141
88	142
89	90
89	91
89	140
89	141
89	142
90	91
90	92
90	93
91	92
91	93
92	93
92	94
93	94
93	95
94	95
94	96
95	96
95	99
96	97
96	98
96	99
96	100
96	143
97	98
97	99
97	100
97	101
97	143
98	99
98	100
98	101
99	100
99	101
99	102
100	101
100	102
100	103
100	104
101	102
101	103
101	104
101	105
101	117
102	103
102	104
102	105
102	106
103	104
103	105
103	106
103	107
103	199
103	202
104	105
104	106
104	107
104	108
104	199
105	106
105	107
105	108
105	109
105	115
105	116
106	107
106	108
106	109
106	110
107	108
107	109
107	110
107	111
107	198
107	199
107	202
108	109
108	110
108	111
108	112
108	113
108	114
108	115
109	110
109	111
109	112
109	113
109	114
110	111
110	112
111	112
111	113
111	186
112	113
112	114
112	186
112	187
113	114
113	115
113	185
113	186
114	115
114	116
114	125
115	116
115	123
115	124
115	125
116	117
116	118
116	123
116	124
116	125
117	118
117	119
117	122
117	123
117	124
118	119
118	120
118	122
118	123
118	124
119	120
119	121
119	122
120	121
120	122
121	122
121	132
121	133
121	134
122	123
122	124
122	129
122	131
122	132
122	133
123	124
123	129
123	130
123	131
124	125
124	126
124	127
124	128
124	129
124	130
125	126
125	127
125	128
125	129
126	127
126	128
127	128
127	129
128	129
128	130
128	178
128	179
128	180
129	130
129	131
129	178
129	179
129	180
130	131
130	132
130	147
130	148
130	179
130	180
130	181
130	182
131	132
131	133
131	146
131	147
131	148
132	133
132	134
132	145
132	146
133	134
133	135
133	143
133	144
133	145
134	135
134	136
134	143
134	144
134	145
135	136
135	137
135	143
135	144
135	279
136	137
136	138
136	142
136	143
136	279
136	280
137	138
137	139
137	141
137	142
137	279
137	280
138	139
138	140
138	141
138	142
139	140
139	141
140	141
141	142
142	143
143	144
144	145
145	146
145	147
146	147
146	148
147	148
147	149
148	149
148	150
148	151
148	181
148	182
149	150
149	151
149	181
149	182
149	183
149	192
150	151
150	152
150	181
150	182
150	183
151	152
151	153
151	181
152	153
152	154
152	155
153	154
153	155
153	156
154	155
154	156
154	157
155	156
155	157
155	158
155	159
156	157
156	158
156	159
156	160
157	158
157	159
157	160
158	159
158	160
159	160
159	161
160	161
161	162
161	163
162	163
162	164
163	164
163	165
164	165
164	166
165	166
165	167
166	167
166	168
166	248
167	168
167	169
167	248
167	249
167	250
168	169
168	170
168	248
168	249
168	250
169	170
169	171
169	249
169	250
169	251
170	171
170	249
170	250
170	251
171	172
171	173
171	251
171	252
172	173
172	174
172	252
173	174
173	175
173	252
174	175
174	176
174	252
175	176
175	177
176	177
176	178
177	178
177	179
178	179
179	180
180	181
180	182
181	182
181	183
181	184
182	183
182	184
182	185
182	186
183	184
183	185
183	186
183	189
184	185
184	186
185	186
185	187
186	187
186	188
186	189
187	188
187	189
188	189
188	190
189	190
189	191
190	191
190	192
190	194
191	192
191	193
191	194
191	195
192	193
192	194
192	195
192	196
193	194
193	195
193	196
193	197
194	195
194	196
194	197
194	198
195	196
195	197
195	198
195	199
196	197
196	198
196	199
196	200
197	198
197	199
197	200
197	201
198	199
198	200
198	201
198	202
199	200
199	201
199	202
200	201
200	202
200	203
201	202
201	203
201	204
202	203
202	204
202	205
203	204
203	205
203	206
203	207
204	205
204	206
204	207
205	206
205	207
206	207
206	208
206	209
207	208
207	209
208	209
208	210
209	210
210	211
210	212
211	212
211	213
212	213
212	214
213	214
213	215
214	215
214	216
214	218
214	219
215	216
215	217
215	218
215	219
216	217
216	218
216	219
216	220
217	218
217	219
217	220
217	221
218	219
218	220
218	221
218	222
219	220
219	221
219	222
219	223
220	221
220	222
220	223
220	224
221	222
221	223
221	224
221	225
222	223
222	224
222	225
222	226
223	224
223	225
223	226
223	227
224	225
224	226
224	227
224	228
225	226
225	227
225	228
225	229
226	227
226	228
226	229
226	230
226	231
227	228
227	229
227	230
227	231
227	232
228	229
228	230
228	231
228	232
229	230
229	231
229	232
229	235
230	231
230	232
230	235
230	236
231	232
232	233
232	234
232	235
232	236
233	234
233	235
233	236
233	237
233	238
234	235
234	236
234	237
234	238
234	239
235	236
235	237
235	238
236	237
236	238
237	238
238	239
238	240
239	240
239	241
240	241
240	242
241	242
241	243
241	271
242	243
242	261
243	244
243	245
243	259
243	260
243	261
244	245
244	246
244	260
244	261
244	262
245	246
245	247
245	259
245	260
245	261
246	247
246	248
246	258
246	259
246	260
247	248
247	249
247	257
247	258
247	259
247	323
247	324
248	249
248	250
248	256
248	257
248	258
248	323
249	250
249	251
249	255
249	256
249	257
249	323
250	251
250	252
250	254
250	255
250	256
251	252
251	253
251	254
251	255
252	253
252	254
253	254
253	276
253	313
253	314
253	315
254	255
254	256
254	274
254	275
254	276
255	256
255	257
255	274
255	275
255	276
256	257
256	258
256	272
256	273
256	274
256	276
256	323
257	258
257	259
257	272
257	273
257	274
258	259
258	260
258	271
258	272
258	273
258	323
258	324
259	260
259	270
259	271
259	272
260	261
260	262
260	267
260	269
260	270
260	271
261	262
261	263
261	267
261	268
261	269
261	270
262	263
262	264
262	265
262	266
262	267
262	268
263	264
263	265
263	266
263	267
263	268
264	265
264	266
265	266
265	293
265	294
266	267
266	268
266	291
266	292
266	293
266	294
267	268
267	269
267	270
267	289
267	290
267	291
267	292
267	293
267	294
268	269
268	290
268	291
269	270
269	290
270	271
270	272
270	286
270	290
271	272
271	273
271	286
272	273
272	274
273	274
274	275
274	276
275	276
275	277
276	277
276	278
276	312
276	313
277	278
277	279
277	311
277	312
277	313
278	279
278	280
278	281
278	310
278	311
278	312
278	313
279	280
279	281
279	310
279	311
280	281
280	282
280	310
280	311
281	282
281	283
281	284
281	311
282	283
282	284
282	285
282	286
282	311
283	284
283	285
283	286
283	287
284	285
284	286
284	287
284	288
285	286
285	287
285	288
285	289
286	287
286	288
286	289
286	290
287	288
287	289
287	290
288	289
288	290
288	302
289	290
289	291
289	292
289	299
289	302
290	291
290	292
291	292
291	293
292	293
292	294
292	298
292	299
293	294
293	295
293	298
293	299
294	295
294	296
294	299
294	325
295	296
295	297
295	298
295	299
295	325
296	297
296	298
296	299
296	300
296	321
296	322
296	325
296	326
297	298
297	299
297	300
297	301
298	299
298	300
298	301
298	302
299	300
299	301
299	302
299	303
299	321
300	301
300	302
300	303
300	304
300	317
300	318
300	321
301	302
301	303
301	304
301	305
302	303
302	304
302	305
303	304
303	305
303	306
303	317
304	305
304	306
305	306
306	307
306	308
307	308
307	309
307	310
308	309
308	310
308	311
308	312
308	317
309	310
309	311
309	312
309	313
310	311
310	312
310	313
311	312
311	313
312	313
312	314
312	315
313	314
313	315
314	315
314	316
315	316
315	317
315	319
316	317
316	318
316	319
316	320
317	318
317	319
317	320
317	321
318	319
318	320
318	321
318	322
319	320
319	321
319	322
319	323
320	321
320	322
320	323
320	324
321	322
321	323
321	324
321	325
322	323
322	324
322	325
322	326
323	324
323	325
324	325
325	326
