0	1
0	2
0	3
0	4
1	2
1	3
1	4
1	5
1	6
1	7
2	3
2	4
2	5
2	6
2	7
2	8
3	4
3	5
4	5
4	6
5	6
5	7
5	8
6	7
6	8
6	33
6	34
6	35
7	8
7	9
7	31
7	32
7	33
7	34
8	9
8	10
8	13
8	31
8	32
8	33
9	10
9	11
9	13
9	14
9	30
9	31
9	32
10	11
10	12
10	13
10	14
11	12
11	13
11	14
11	15
12	13
12	14
12	15
12	16
13	14
13	15
13	16
13	17
13	32
14	15
14	16
14	17
14	18
14	28
14	29
14	30
14	31
14	32
15	16
15	17
15	18
15	28
16	17
16	18
16	19
17	18
17	19
17	78
18	19
18	26
18	27
18	28
18	29
18	72
19	20
19	23
19	26
19	27
20	21
20	22
20	23
20	64
20	65
20	66
20	67
20	69
21	22
21	23
21	64
21	65
21	66
21	67
22	23
22	24
22	66
22	67
22	68
22	341
22	342
22	343
23	24
23	25
23	340
23	341
23	342
24	25
24	26
24	68
24	341
25	26
25	68
25	69
26	27
26	28
26	69
27	28
27	29
27	72
27	74
28	29
28	30
28	74
28	75
29	30
29	31
29	73
29	74
29	75
29	76
29	77
29	78
30	31
30	75
30	76
30	77
31	32
31	33
31	76
31	77
31	78
32	33
32	34
32	77
32	78
32	79
32	80
33	34
33	35
33	77
33	78
33	79
33	80
34	35
34	36
34	79
34	80
34	83
35	36
35	37
35	40
35	41
35	83
35	84
36	37
36	40
36	83
36	84
37	38
37	39
37	40
37	84
38	39
38	40
38	41
38	42
39	40
39	41
39	42
39	43
40	41
40	42
40	43
40	44
41	42
41	43
41	44
41	45
42	43
42	44
42	45
42	46
42	164
42	168
42	169
43	44
43	45
43	46
43	47
44	45
44	46
44	47
44	48
45	46
45	47
45	48
45	49
45	166
45	167
45	168
46	47
46	48
46	49
46	50
46	167
46	168
47	48
47	49
47	50
47	51
48	49
48	50
48	51
48	54
49	50
49	51
49	166
49	167
49	168
50	51
50	52
51	52
51	53
51	54
52	53
52	54
53	54
53	55
54	55
54	56
55	56
56	57
56	58
56	75
56	76
56	77
56	469
57	58
57	59
57	73
57	76
57	77
57	469
57	470
57	472
58	59
58	60
58	73
58	76
58	77
58	78
58	469
58	470
58	471
59	60
59	61
59	71
59	72
59	73
59	77
59	78
59	79
59	470
59	471
59	472
60	61
60	62
60	71
60	78
60	79
60	80
60	81
60	471
61	62
61	63
61	64
61	71
61	78
61	79
61	80
61	81
62	63
62	64
62	81
62	82
62	107
62	134
62	137
63	64
63	65
63	133
63	134
64	65
64	66
64	71
65	66
65	67
66	67
66	68
66	69
66	70
66	71
67	68
67	69
68	69
68	70
68	438
69	70
69	71
69	72
69	473
70	71
70	72
70	471
70	473
70	474
71	72
71	73
71	471
71	473
72	73
72	74
72	78
72	473
73	74
73	75
73	76
73	77
73	78
73	472
73	473
74	75
74	76
75	76
76	77
76	78
77	78
77	79
78	79
78	80
79	80
79	81
80	81
80	82
80	83
81	82
81	83
81	84
81	107
82	83
82	84
82	85
82	107
83	84
83	85
83	86
84	85
84	86
84	107
85	86
85	87
85	92
85	107
86	87
86	88
87	88
87	89
88	89
88	90
88	91
89	90
89	91
90	91
90	92
91	92
91	93
91	94
92	93
92	94
92	104
92	105
93	94
93	95
93	102
93	103
93	104
93	105
93	113
93	116
94	95
94	96
94	102
94	103
94	104
95	96
95	97
95	99
95	101
95	102
95	103
95	117
96	97
96	98
96	99
96	100
96	101
96	102
97	98
97	99
98	99
98	100
99	100
99	101
99	122
100	101
100	201
100	202
100	203
101	102
101	103
101	199
101	200
101	201
101	202
102	103
102	104
102	199
102	200
102	201
102	202
103	104
103	105
103	197
103	198
103	199
103	200
104	105
104	106
104	108
104	113
104	197
104	198
104	199
105	106
105	107
105	108
105	196
105	197
105	198
106	107
106	108
106	134
106	135
106	136
106	195
106	196
106	197
106	198
107	108
107	109
107	134
107	135
107	136
108	109
108	110
108	112
108	134
108	135
109	110
109	111
109	112
109	113
109	131
109	132
109	133
109	134
109	135
110	111
110	112
110	113
110	114
110	131
110	132
110	133
110	134
110	135
111	112
111	113
111	114
111	115
111	131
111	132
112	113
112	114
112	115
112	116
113	114
113	115
113	116
113	117
114	115
114	116
114	117
114	118
114	123
115	116
115	117
115	118
115	119
116	117
116	118
116	119
117	118
117	119
117	120
117	121
117	122
117	123
118	119
118	120
118	121
118	122
118	123
118	205
119	120
119	121
120	121
120	122
121	122
121	204
121	205
122	123
122	202
122	203
122	204
122	205
123	124
123	125
123	202
123	203
123	204
123	205
124	125
124	126
124	200
124	201
124	202
124	203
125	126
125	127
125	151
125	202
125	203
126	127
126	147
126	148
126	151
126	152
126	153
126	154
127	128
127	129
127	143
127	144
127	145
127	147
127	154
128	129
128	130
128	131
128	143
128	144
128	145
129	130
129	131
129	145
130	131
130	132
130	323
130	325
131	132
131	133
131	323
132	133
132	134
133	134
133	135
133	137
133	138
134	135
134	136
134	137
134	138
135	136
135	137
135	138
135	139
136	137
136	138
136	139
136	140
136	195
137	138
137	139
137	140
137	141
138	139
138	140
138	141
138	142
138	143
139	140
139	141
139	142
139	143
139	154
139	155
139	186
139	187
140	141
140	142
140	185
140	186
140	187
140	188
140	189
140	190
141	142
141	143
141	187
141	188
141	189
141	391
141	436
142	143
142	144
142	153
142	154
142	155
142	187
142	391
143	144
143	153
143	154
143	155
144	145
144	148
144	153
144	154
145	146
145	147
145	148
146	147
146	148
146	149
146	240
146	241
146	242
147	148
147	149
147	150
147	151
147	239
147	240
147	241
148	149
148	150
148	151
148	152
148	153
148	380
149	150
149	151
149	152
149	230
149	380
149	381
150	151
150	152
150	235
150	384
151	152
151	153
151	384
152	153
152	154
152	156
152	384
152	385
153	154
153	155
153	156
154	155
154	156
154	157
155	156
155	157
155	158
155	186
156	157
156	158
156	385
156	386
157	158
157	159
157	200
157	201
158	159
158	160
158	198
158	199
158	200
158	201
159	160
159	174
159	199
159	200
159	201
160	161
160	173
160	174
160	198
160	199
161	162
161	163
161	172
161	173
161	174
161	195
161	197
161	198
161	199
162	163
162	164
162	170
162	171
162	172
162	173
162	195
162	196
162	197
162	198
163	164
163	165
163	170
163	171
163	172
163	193
163	194
163	195
163	196
164	165
164	166
164	168
164	169
164	170
164	171
164	193
164	194
164	195
165	166
165	167
165	168
165	169
165	170
165	192
165	193
165	194
165	464
165	465
166	167
166	168
166	192
166	193
166	464
166	465
167	168
167	169
167	464
167	465
168	169
168	170
169	170
169	171
170	171
170	172
171	172
171	173
172	173
173	174
173	177
173	178
173	179
173	181
173	182
174	175
174	176
174	177
174	178
174	179
174	182
175	176
175	177
175	179
175	182
176	177
176	178
176	179
177	178
177	179
178	179
178	180
178	181
178	182
179	180
179	181
179	182
179	183
180	181
180	182
180	183
180	184
181	182
181	183
181	184
181	185
182	183
182	184
182	185
182	186
183	184
183	185
183	186
183	388
183	389
183	390
184	185
184	186
184	188
184	389
184	390
184	460
185	186
185	187
185	188
185	190
185	192
185	390
186	187
186	188
186	389
186	390
186	391
187	188
187	189
187	389
187	390
187	391
188	189
188	190
188	191
188	390
188	391
189	190
189	191
190	191
190	192
190	193
190	194
190	470
190	471
191	192
191	193
191	470
191	471
192	193
192	461
192	464
192	465
192	470
193	194
193	195
194	195
194	196
195	196
195	197
195	198
196	197
197	198
197	199
198	199
198	200
199	200
199	201
200	201
200	202
201	202
202	203
203	204
203	205
204	205
204	206
205	206
205	207
206	207
206	208
206	289
206	290
206	318
207	208
207	290
207	317
207	318
208	209
208	210
208	289
208	290
208	316
208	317
208	318
209	210
209	211
209	287
209	288
209	289
209	290
209	315
209	316
209	317
209	318
210	211
210	212
210	287
210	288
210	289
210	314
210	315
210	316
211	212
211	286
211	287
211	288
211	313
211	314
211	315
212	213
212	214
212	285
212	286
212	287
212	311
212	312
212	313
212	314
213	214
213	215
213	283
213	284
213	285
213	286
213	311
213	312
213	313
214	215
214	216
214	283
214	284
214	285
214	306
214	310
214	311
214	312
215	216
215	282
215	283
215	284
215	306
215	307
215	310
215	311
216	217
216	218
216	222
216	281
216	282
216	283
216	306
216	307
217	218
217	219
217	278
217	280
217	281
217	282
218	219
218	220
218	221
218	222
219	220
219	221
219	222
219	223
219	282
220	221
220	222
220	223
220	224
221	222
221	223
221	224
221	225
221	305
222	223
222	224
222	225
222	226
222	282
223	224
223	225
223	226
223	227
224	225
224	226
224	227
224	228
225	226
225	227
225	228
225	229
225	304
226	227
226	228
226	229
226	230
226	378
226	379
227	228
227	229
227	230
227	231
227	379
228	229
228	230
228	231
229	230
229	231
229	236
229	238
230	231
230	232
230	235
230	236
231	232
231	233
231	235
232	233
232	234
232	235
233	234
233	235
233	236
234	235
235	236
235	237
236	237
236	238
237	238
237	239
237	288
238	239
238	240
238	241
238	286
238	287
238	288
239	240
239	241
239	287
239	288
239	289
240	241
240	242
240	286
240	287
241	242
241	285
241	286
241	287
242	243
242	284
242	285
242	286
242	377
242	378
243	244
243	283
243	284
243	285
243	376
243	377
243	378
244	245
244	246
244	282
244	283
244	284
244	374
244	375
244	376
244	377
245	246
245	247
245	281
245	282
245	283
245	375
245	376
246	247
246	248
246	251
246	254
246	280
246	281
246	282
247	248
247	249
247	250
247	251
247	279
247	280
247	281
247	367
248	249
248	250
248	251
248	279
248	280
249	250
249	251
249	368
249	369
249	370
250	251
250	252
250	253
250	254
250	370
250	371
251	252
251	253
251	254
251	255
252	253
252	254
252	255
252	256
252	266
252	270
253	254
253	255
253	256
253	257
254	255
254	256
254	257
254	258
255	256
255	257
255	258
255	261
255	266
256	257
256	258
256	259
256	261
256	266
257	258
257	259
258	259
258	260
258	261
259	260
259	261
260	261
260	262
261	262
261	263
261	265
261	266
262	263
262	264
262	265
262	266
263	264
263	265
263	266
263	267
264	265
264	266
264	267
264	268
265	266
265	267
265	268
265	269
266	267
266	268
266	269
266	270
267	268
267	269
267	270
267	271
268	269
268	270
268	271
268	272
269	270
269	271
269	272
269	273
270	271
270	272
270	273
270	274
271	272
271	273
271	274
271	275
272	273
272	274
272	275
272	276
273	274
273	275
273	276
273	277
273	278
274	275
274	276
274	277
274	278
275	276
275	277
276	277
276	278
277	278
277	279
278	279
278	280
278	281
279	280
279	363
280	281
280	282
280	363
281	282
281	283
282	283
282	284
283	284
283	285
284	285
284	286
285	286
286	287
287	288
287	289
288	289
288	290
289	290
291	292
291	293
291	294
291	295
292	293
292	294
292	295
292	296
293	294
293	295
293	296
293	297
294	295
294	296
294	297
294	298
295	296
295	297
295	298
295	299
296	297
296	298
296	299
296	300
297	298
297	299
297	300
297	301
298	299
298	300
298	301
298	302
299	300
299	301
299	302
300	301
300	302
300	303
301	302
301	303
301	304
302	303
302	304
303	304
304	305
304	306
305	306
305	307
306	307
306	308
307	308
307	309
307	310
308	309
308	310
309	310
309	311
310	311
310	312
311	312
311	313
312	313
313	314
313	315
314	315
314	316
315	316
316	317
316	318
316	320
316	321
317	318
317	319
317	320
317	321
318	319
318	320
318	321
318	322
319	320
319	321
319	322
319	323
320	321
320	322
320	323
320	324
321	322
321	323
321	324
322	323
322	324
323	324
323	325
323	326
324	325
324	326
324	327
325	326
325	327
325	328
325	329
326	327
326	328
326	329
326	330
327	328
327	329
327	330
327	331
328	329
328	330
328	331
328	332
329	330
329	331
329	332
329	333
329	338
330	331
330	332
330	333
330	334
331	332
331	333
331	334
331	335
332	333
332	334
332	335
332	336
332	337
332	338
333	334
333	335
333	336
333	337
333	338
333	339
334	335
334	336
335	336
335	337
336	337
336	338
336	339
337	338
337	339
337	340
338	339
338	340
339	340
340	341
340	342
340	407
340	408
341	342
341	343
341	407
341	408
342	343
342	344
342	406
342	407
342	408
343	344
343	345
343	406
343	407
343	414
343	415
344	345
344	346
344	404
344	405
344	406
345	346
345	347
345	403
345	404
345	405
345	418
346	347
346	402
346	403
346	404
346	434
346	435
346	436
347	348
347	349
347	401
347	402
347	403
347	432
347	433
347	434
347	435
348	349
348	350
348	393
348	394
348	399
348	400
348	401
348	402
348	432
348	433
348	434
349	350
349	351
349	353
349	354
349	399
349	400
349	401
349	402
349	432
349	433
350	351
350	352
350	353
350	354
350	394
350	396
350	398
350	399
350	400
350	431
350	432
351	352
351	353
351	354
351	398
351	399
351	400
352	353
352	354
353	354
353	355
353	356
353	357
353	430
354	355
354	356
354	357
354	358
355	356
355	357
355	358
355	359
356	357
356	358
356	359
356	360
357	358
357	359
357	360
357	361
358	359
358	360
358	361
358	362
358	363
359	360
359	361
359	362
359	363
359	364
360	361
360	362
360	363
360	364
360	365
361	362
361	363
361	364
361	365
361	366
361	421
362	363
362	364
362	365
362	366
362	367
363	364
363	365
363	366
363	367
364	365
364	366
364	367
365	366
365	367
366	367
366	368
366	369
367	368
367	369
368	369
368	370
369	370
369	371
370	371
370	372
371	372
371	373
372	373
372	374
372	406
372	407
373	374
373	375
373	405
373	406
373	407
374	375
374	376
374	404
374	405
375	376
375	377
375	403
375	404
375	405
376	377
376	378
376	402
376	403
376	404
377	378
377	400
377	401
377	402
377	403
378	379
378	380
378	400
378	401
378	402
379	380
379	381
379	398
379	399
379	400
379	401
380	381
380	382
380	398
380	399
380	400
380	401
381	382
381	383
381	384
381	397
381	398
381	399
382	383
382	384
382	385
382	397
382	398
383	384
383	385
383	397
384	385
384	386
385	386
385	387
386	387
386	388
386	389
387	388
387	389
388	389
388	390
389	390
389	391
390	391
390	392
391	392
391	393
392	393
392	433
392	448
392	449
393	394
393	395
393	433
394	395
394	396
394	399
394	431
394	432
394	433
395	396
395	397
396	397
396	398
396	399
397	398
397	399
398	399
398	400
399	400
399	401
400	401
400	402
401	402
401	403
402	403
402	404
403	404
403	405
404	405
404	406
405	406
405	407
406	407
406	408
407	408
408	410
408	411
409	410
409	411
409	412
409	413
410	411
410	412
410	413
410	414
411	412
411	413
411	414
411	415
412	413
412	414
412	415
412	416
413	414
413	415
413	416
413	417
414	415
414	416
414	417
414	418
415	416
415	417
415	418
415	419
416	417
416	418
416	419
416	420
417	418
417	419
417	420
417	421
418	419
418	420
418	421
418	422
419	420
419	421
419	422
419	423
420	421
420	422
420	423
420	424
421	422
421	423
421	424
421	425
422	423
422	424
422	425
422	426
423	424
423	425
423	426
423	427
424	425
424	426
424	427
424	428
425	426
425	427
425	428
425	429
425	430
426	427
426	428
426	429
426	430
427	428
427	429
428	429
428	430
429	430
429	431
430	431
430	432
431	432
431	433
432	433
432	434
433	434
433	435
433	448
434	435
434	436
434	437
435	436
435	437
436	437
436	438
437	438
437	439
438	439
438	440
438	474
438	475
439	440
439	441
439	444
439	445
439	475
440	441
440	475
441	442
441	443
441	444
441	445
442	443
442	444
442	445
442	446
442	476
443	444
443	445
443	446
443	447
444	445
444	446
444	447
444	448
445	446
445	447
445	448
445	449
445	476
446	447
446	448
446	449
446	450
446	451
446	454
447	448
447	449
447	450
448	449
448	450
449	450
449	451
449	453
449	454
450	451
450	452
450	453
450	454
451	452
451	453
451	454
451	455
452	453
452	454
452	455
452	456
453	454
453	455
453	456
453	457
454	455
454	456
454	457
454	458
455	456
455	457
455	458
455	459
456	457
456	458
456	459
456	460
457	458
457	459
457	460
457	461
458	459
458	460
458	461
458	462
459	460
459	461
459	462
459	463
460	461
460	462
460	463
460	464
461	462
461	463
461	464
461	465
461	466
462	463
462	464
462	465
462	466
463	464
463	465
463	466
464	465
464	466
465	466
465	467
465	468
465	469
465	470
466	467
466	468
467	468
467	469
468	469
468	470
468	477
469	470
469	471
469	472
470	471
470	472
471	472
471	473
471	474
472	473
472	474
472	475
472	478
473	474
473	475
474	475
474	476
475	476
475	477
475	478
476	477
476	478
477	478
