0	1
0	79
1	2
1	26
1	77
1	78
1	79
1	80
2	3
2	4
2	77
2	78
2	79
3	4
3	56
3	75
3	76
3	77
3	78
4	5
4	6
4	56
4	57
4	58
4	75
4	76
4	77
5	6
5	7
5	56
5	57
5	58
5	73
5	74
5	75
5	76
6	7
6	8
6	57
6	58
6	59
6	72
6	73
6	74
6	75
7	8
7	9
7	57
7	58
7	59
7	60
7	72
7	73
8	9
8	59
8	60
8	61
8	62
8	72
9	10
9	11
9	59
9	60
9	61
9	62
10	11
10	12
10	61
10	62
11	12
11	13
11	61
12	13
13	14
13	15
13	61
13	117
13	118
14	15
14	16
14	60
14	61
14	64
14	117
14	118
15	16
15	17
15	45
15	46
15	47
15	48
15	60
15	117
15	118
16	17
16	18
16	45
16	46
16	47
16	48
16	58
16	59
16	60
17	18
17	47
17	48
17	49
17	50
17	58
17	59
17	60
18	19
18	20
18	22
18	23
18	48
18	49
18	50
18	58
18	59
19	20
19	21
19	22
19	23
19	49
19	50
19	53
19	54
19	55
20	21
20	22
20	23
20	24
20	49
21	22
21	23
21	24
21	25
21	55
22	23
22	24
22	25
22	26
22	56
23	24
23	25
23	26
23	27
23	28
24	25
24	26
24	27
24	28
25	26
25	27
26	27
26	28
27	28
27	29
28	29
28	30
28	32
29	30
29	31
29	32
30	31
30	32
31	32
31	33
31	46
32	33
32	34
32	81
33	34
33	35
33	44
33	45
33	46
33	80
33	81
33	84
33	120
34	35
34	36
34	44
34	45
34	46
34	78
34	79
34	80
34	81
35	36
35	37
35	42
35	43
35	44
35	45
35	78
35	79
35	80
35	81
36	37
36	38
36	42
36	43
36	44
36	76
36	77
36	78
36	79
37	38
37	42
37	76
37	77
37	78
38	39
38	40
38	41
38	42
38	76
38	77
39	40
39	41
40	41
40	42
41	42
41	43
42	43
42	44
43	44
43	45
43	68
44	45
44	120
44	121
44	122
44	150
45	46
45	47
45	120
46	47
46	118
46	119
46	120
47	48
47	49
48	49
48	50
49	50
49	51
50	51
50	52
50	53
51	52
51	53
52	53
53	54
55	56
55	57
56	57
56	58
57	58
57	59
58	59
58	60
59	60
60	61
60	62
60	65
61	62
61	63
61	64
61	65
62	63
62	64
62	65
62	66
63	64
63	65
63	66
63	67
64	65
64	66
64	67
64	68
64	127
64	128
65	66
65	67
65	68
65	69
65	70
66	67
66	68
66	69
66	70
66	71
67	68
67	69
67	126
68	69
68	70
69	70
69	71
70	71
70	72
70	74
71	72
71	73
71	74
72	73
72	74
73	74
73	75
74	75
74	76
75	76
76	77
76	78
77	78
77	79
78	79
78	80
79	80
79	81
80	81
80	82
81	82
81	83
81	84
82	83
83	84
83	85
84	85
84	86
84	151
84	152
85	86
85	87
85	151
85	152
86	87
86	88
86	151
86	152
86	153
86	154
87	88
87	89
87	90
87	144
87	145
87	146
87	151
87	152
87	153
87	154
87	157
88	89
88	145
88	146
88	157
88	158
89	90
89	91
89	144
89	145
89	157
89	158
89	159
90	91
90	92
90	143
90	144
90	145
90	158
90	159
90	160
91	92
91	141
91	142
91	143
91	144
91	159
91	160
91	161
92	93
92	94
92	139
92	140
92	141
92	142
92	143
92	160
92	161
92	162
93	94
93	95
93	139
93	140
93	141
93	142
93	161
93	162
93	163
94	95
94	96
94	99
94	100
94	138
94	139
94	140
94	163
95	96
95	99
95	138
95	139
95	140
96	97
96	98
96	99
96	100
97	98
97	99
97	100
97	101
98	99
98	100
98	101
98	102
99	100
99	101
99	102
99	103
99	137
99	138
100	101
100	102
100	103
100	104
100	163
101	102
101	103
101	104
101	105
102	103
102	104
102	105
102	106
103	104
103	105
103	106
103	107
103	137
104	105
104	106
104	107
105	106
105	107
106	107
106	108
106	131
107	108
107	109
107	110
108	109
108	110
109	110
109	111
109	112
109	113
110	111
110	112
110	113
110	114
110	131
111	112
111	113
111	114
111	115
111	159
112	113
112	114
112	115
112	116
113	114
113	115
113	116
113	117
113	130
113	131
114	115
114	116
114	117
114	118
114	129
115	116
115	117
115	118
115	119
115	153
116	117
116	118
117	118
117	129
118	119
118	120
119	120
119	121
119	152
119	153
120	121
120	122
120	150
120	151
120	152
120	153
121	122
121	123
121	125
121	150
121	151
121	152
122	123
122	124
122	125
122	141
122	149
122	150
122	151
123	124
123	125
123	141
123	142
123	143
123	149
124	125
124	126
124	140
124	141
124	142
125	126
125	127
125	140
125	141
126	127
126	138
126	139
126	140
126	141
127	128
127	129
127	138
127	139
127	140
128	129
128	130
128	136
128	137
128	138
128	139
129	130
129	131
129	136
129	137
129	138
130	131
130	132
130	135
130	136
130	137
131	132
131	135
131	136
132	133
132	134
132	135
133	134
133	135
134	135
135	136
135	137
136	137
136	138
137	138
137	139
138	139
138	140
139	140
139	141
140	141
140	142
141	142
141	143
142	143
143	144
143	145
144	145
144	146
144	147
144	148
145	146
145	147
146	147
146	148
147	148
148	149
148	150
148	151
149	150
150	151
151	152
151	153
152	153
152	154
153	154
153	157
154	155
154	156
154	157
155	156
155	157
156	157
156	158
157	158
157	159
158	159
158	160
159	160
159	161
160	161
160	162
161	162
161	163
162	163
