0	1
0	2
0	3
1	2
1	3
1	44
1	75
1	76
2	3
2	4
2	41
2	44
2	74
2	75
2	76
3	4
3	5
3	6
3	7
3	74
3	75
3	76
4	5
4	6
4	7
4	8
4	9
5	6
5	7
5	8
6	7
6	8
7	8
7	9
8	9
8	10
9	10
9	11
9	13
9	14
10	11
10	12
10	13
10	14
11	12
11	13
11	14
11	15
11	193
12	13
12	14
12	15
12	16
12	193
12	194
13	14
13	15
13	16
13	17
13	38
14	15
14	16
14	17
14	18
15	16
15	17
15	18
15	19
16	17
16	18
16	19
16	20
16	185
17	18
17	19
17	20
17	21
17	38
17	41
17	42
18	19
18	20
18	21
19	20
19	21
20	21
20	22
20	23
20	24
20	25
21	22
21	23
21	42
22	23
22	24
22	157
23	24
23	25
23	157
23	182
23	183
24	25
24	157
24	158
24	159
24	180
24	181
24	182
24	183
25	26
25	27
25	158
25	159
25	160
25	181
25	182
25	183
25	184
26	27
26	28
26	159
26	160
26	161
26	181
26	183
26	184
26	185
27	28
27	29
27	160
27	161
27	162
27	184
27	185
27	186
28	29
28	161
28	162
28	163
28	164
28	185
28	186
28	187
29	30
29	31
29	33
29	35
29	162
29	163
29	186
29	187
29	188
30	31
30	32
30	33
30	163
30	188
31	32
31	33
31	163
31	445
32	33
32	34
32	445
32	446
32	448
32	449
33	34
33	35
33	448
33	449
34	35
34	36
34	37
34	38
35	36
35	37
35	38
35	39
35	161
36	37
36	38
36	39
36	40
37	38
37	39
37	40
37	41
38	39
38	40
38	41
38	42
39	40
39	41
39	42
39	43
40	41
40	42
40	43
40	44
41	42
41	43
41	44
41	45
42	43
42	44
42	45
42	46
43	44
43	45
43	46
43	47
43	54
43	127
44	45
44	46
44	47
44	48
45	46
45	47
45	48
45	49
46	47
46	48
46	49
46	50
46	126
46	127
47	48
47	49
47	50
47	51
47	52
47	53
48	49
48	50
49	50
50	51
50	52
50	126
51	52
51	53
51	124
51	126
52	53
52	54
52	102
52	124
52	125
52	126
53	54
53	55
53	102
53	103
53	124
53	125
53	126
54	55
54	56
54	102
54	103
54	104
54	125
54	126
54	127
54	128
55	56
55	57
55	103
55	104
55	105
55	125
55	127
55	128
55	129
56	57
56	58
56	104
56	105
56	106
56	128
56	129
56	130
57	58
57	105
57	106
57	107
57	108
57	129
57	130
57	131
58	59
58	60
58	63
58	64
58	106
58	107
58	108
58	130
58	131
59	60
59	107
59	108
60	61
60	62
60	63
60	64
60	107
61	62
61	63
61	64
61	65
61	86
61	107
62	63
62	64
62	65
62	66
63	64
63	65
63	66
63	67
64	65
64	66
64	67
64	68
64	84
64	105
64	106
64	107
65	66
65	67
65	68
65	69
65	84
66	67
66	68
66	69
66	70
67	68
67	69
67	70
67	71
67	105
68	69
68	70
68	71
68	72
68	83
68	84
68	105
69	70
69	71
69	72
69	73
70	71
70	72
70	73
70	74
71	72
71	73
71	74
71	75
72	73
72	74
72	75
72	79
72	82
73	74
73	75
74	75
74	76
75	76
75	77
76	77
76	78
77	78
77	79
77	81
78	79
78	80
78	81
79	80
79	81
79	82
80	81
80	82
80	83
81	82
81	83
81	100
81	101
81	102
81	103
82	83
82	84
82	101
82	102
82	103
82	104
83	84
83	85
83	97
83	101
83	103
83	104
83	105
84	85
84	86
84	104
84	105
84	106
85	86
85	87
85	94
85	105
85	106
85	107
86	87
86	88
86	106
86	107
86	110
87	88
87	89
87	110
88	89
88	90
89	90
89	91
89	93
89	94
90	91
90	92
90	93
90	94
91	92
91	93
91	94
91	95
92	93
92	94
92	95
92	96
93	94
93	95
93	96
93	97
94	95
94	96
94	97
94	98
95	96
95	97
95	98
95	99
95	119
95	120
96	97
96	98
96	99
96	100
97	98
97	99
97	100
97	101
98	99
98	100
98	101
99	100
99	101
100	101
100	102
101	102
101	103
101	104
102	103
102	104
103	104
103	105
104	105
104	106
105	106
106	107
106	108
106	111
107	108
107	109
107	110
107	111
108	109
108	110
108	111
108	112
108	141
108	142
109	110
109	111
109	112
109	113
109	141
110	111
110	112
110	113
110	114
111	112
111	113
111	114
111	115
112	113
112	114
112	115
112	116
112	141
112	145
113	114
113	115
113	116
113	117
114	115
114	116
114	117
114	118
114	119
114	120
115	116
115	117
115	118
115	119
115	120
115	121
116	117
116	118
117	118
117	119
118	119
118	120
119	120
120	121
120	122
121	122
121	123
122	123
122	124
122	125
122	149
122	152
122	153
123	124
123	125
123	152
123	153
123	154
124	125
124	126
124	153
124	154
125	126
125	127
125	128
125	153
126	127
126	155
126	156
126	157
127	128
127	129
127	156
127	157
127	158
128	129
128	130
128	157
128	158
128	159
129	130
129	131
129	158
129	159
129	160
130	131
130	132
130	133
130	159
130	160
130	161
131	132
131	133
131	160
131	161
131	162
132	133
132	134
132	135
132	161
132	162
133	134
133	135
133	136
133	160
133	161
133	162
134	135
134	136
134	162
134	164
134	165
134	166
134	175
135	136
135	137
136	137
136	138
136	140
136	142
136	143
136	175
137	138
137	139
137	140
137	143
137	174
137	175
138	139
138	140
139	140
139	141
140	141
140	142
140	143
141	142
141	143
141	144
141	145
142	143
142	144
142	145
142	146
143	144
143	145
143	146
143	147
143	178
144	145
144	146
144	147
144	148
145	146
145	147
145	148
145	149
146	147
146	148
146	149
146	150
146	178
146	179
147	148
147	149
147	150
147	151
148	149
148	150
148	151
148	152
149	150
149	151
149	152
149	153
150	151
150	152
150	153
150	156
151	152
151	153
152	153
152	154
153	154
153	155
153	156
154	155
154	156
155	156
155	157
156	157
156	158
157	158
157	159
158	159
158	160
159	160
159	161
160	161
160	162
161	162
162	163
162	164
162	165
163	164
164	165
164	166
165	166
165	172
166	167
166	168
166	171
166	172
167	168
167	169
167	171
168	169
168	170
168	171
168	172
169	170
169	171
169	172
169	173
170	171
170	172
170	173
170	174
171	172
171	173
171	174
171	175
172	173
172	174
172	175
172	176
173	174
173	175
173	176
173	177
174	175
174	176
174	177
174	178
175	176
175	177
175	178
175	179
176	177
176	178
176	179
176	180
176	181
177	178
177	179
177	180
177	181
178	179
178	180
179	180
179	181
180	181
180	182
181	182
181	183
182	183
183	184
183	185
184	185
184	186
185	186
185	187
186	187
186	188
187	188
187	189
187	191
188	189
188	190
188	191
189	190
189	191
189	194
189	195
189	198
190	191
190	192
190	194
190	195
191	192
191	193
191	194
191	195
192	193
192	194
192	195
193	194
193	195
194	195
194	196
194	197
194	198
195	196
195	197
195	198
196	197
196	198
197	198
197	199
197	448
198	199
198	200
198	447
198	448
199	200
199	201
199	447
199	448
200	201
200	202
201	202
201	203
201	447
202	203
202	204
203	204
203	205
203	457
203	458
203	459
204	205
204	206
204	457
204	458
204	459
205	206
205	207
205	458
205	459
205	460
206	207
206	208
206	458
206	459
206	460
206	461
207	208
207	209
207	460
207	461
207	462
207	463
208	209
208	210
208	342
208	343
208	460
208	461
208	462
209	210
209	211
209	462
209	463
210	211
210	212
210	214
210	215
210	342
211	212
211	213
211	214
211	215
212	213
212	214
212	215
212	216
213	214
213	215
213	216
213	217
213	330
213	334
214	215
214	216
214	217
214	218
215	216
215	217
215	218
215	219
216	217
216	218
216	219
216	220
217	218
217	219
217	220
217	221
217	327
217	330
218	219
218	220
218	221
218	222
218	285
219	220
219	221
219	222
219	223
220	221
220	222
220	223
220	224
220	323
220	327
221	222
221	223
221	224
221	225
221	281
221	285
222	223
222	224
222	225
222	226
222	243
223	224
223	225
223	226
223	227
224	225
224	226
224	227
224	228
225	226
225	227
225	228
225	229
225	243
225	278
225	281
225	282
226	227
226	228
226	229
226	230
226	241
226	242
226	243
227	228
227	229
227	230
228	229
228	230
228	231
228	274
228	275
228	277
228	278
229	230
229	231
229	232
229	233
229	241
229	274
229	278
230	231
230	232
230	233
230	234
230	241
231	232
231	233
231	234
231	235
232	233
232	234
232	235
232	236
232	237
232	238
232	271
233	234
233	235
233	236
233	237
233	238
233	239
233	240
233	241
234	235
234	236
235	236
235	237
236	237
236	238
236	239
237	238
237	253
238	239
238	240
238	249
238	253
239	240
240	241
240	242
241	242
241	243
242	243
242	244
242	245
243	244
243	245
244	245
244	246
245	246
245	247
245	249
246	247
246	248
246	249
247	248
247	249
247	250
247	251
248	249
248	250
248	251
248	252
249	250
249	251
249	252
249	253
250	251
250	252
250	253
250	254
251	252
251	253
251	254
251	255
252	253
252	254
252	255
252	256
253	254
253	255
253	256
253	257
254	255
254	256
254	257
254	258
254	275
255	256
255	257
255	258
255	259
256	257
256	258
256	259
256	260
257	258
257	259
257	260
257	261
257	268
258	259
258	260
258	261
258	262
259	260
259	261
259	262
259	263
260	261
260	262
260	263
260	264
260	265
260	266
261	262
261	263
261	264
261	265
261	266
262	263
262	264
263	264
263	265
264	265
264	266
265	266
265	267
266	267
266	268
266	269
267	268
267	269
268	269
268	270
268	271
269	270
269	271
269	272
270	271
270	272
270	273
271	272
271	273
271	274
271	275
272	273
272	274
272	275
272	276
273	274
273	275
273	276
273	277
273	314
274	275
274	276
274	277
274	278
275	276
275	277
275	278
275	279
276	277
276	278
276	279
276	280
276	314
277	278
277	279
277	280
277	281
277	314
278	279
278	280
278	281
278	282
279	280
279	281
279	282
279	283
280	281
280	282
280	283
280	284
281	282
281	283
281	284
281	285
282	283
282	284
282	285
282	286
283	284
283	285
283	286
283	287
284	285
284	286
284	287
284	288
284	296
285	286
285	287
285	288
285	289
286	287
286	288
286	289
286	290
287	288
287	289
287	290
287	291
287	292
287	295
287	296
288	289
288	290
288	291
288	292
288	293
288	295
288	296
289	290
289	291
289	292
290	291
290	292
290	372
291	292
291	295
291	341
291	372
292	293
292	294
292	295
292	296
292	340
292	341
293	294
293	295
293	296
293	297
293	331
293	340
293	341
294	295
294	296
294	297
294	298
294	340
295	296
295	297
295	298
295	299
296	297
296	298
296	299
296	300
297	298
297	299
297	300
297	301
297	331
298	299
298	300
298	301
298	302
299	300
299	301
299	302
299	303
300	301
300	302
300	303
300	304
301	302
301	303
301	304
301	305
302	303
302	304
302	305
302	306
303	304
303	305
303	306
303	307
303	315
304	305
304	306
304	307
304	308
304	315
305	306
305	307
305	308
305	309
306	307
306	308
306	309
306	310
306	311
306	312
306	315
307	308
307	309
307	310
307	311
307	312
307	315
307	316
308	309
308	310
309	310
309	311
310	311
310	312
310	313
311	312
311	313
312	313
312	314
312	315
312	316
313	314
313	315
313	316
313	317
314	315
314	316
314	317
314	318
315	316
315	317
315	318
315	319
316	317
316	318
316	319
316	320
317	318
317	319
317	320
317	321
318	319
318	320
318	321
318	324
319	320
319	321
319	324
319	325
320	321
320	322
321	322
321	323
321	324
321	325
322	323
322	324
322	325
322	326
323	324
323	325
323	326
323	327
324	325
324	326
324	327
324	328
325	326
325	327
325	328
325	329
326	327
326	328
326	329
326	330
327	328
327	329
327	330
327	331
328	329
328	330
328	331
328	332
329	330
329	331
329	332
329	333
330	331
330	332
330	333
330	334
331	332
331	333
331	334
331	335
332	333
332	334
332	335
332	336
333	334
333	335
333	336
333	337
334	335
334	336
334	337
334	338
334	339
335	336
335	337
335	338
335	339
336	337
336	338
337	338
337	339
338	339
338	340
339	340
339	341
340	341
340	342
341	342
341	343
341	344
341	345
342	343
342	344
342	345
342	346
343	344
343	345
343	346
343	347
344	345
344	346
344	347
344	348
345	346
345	347
345	348
345	349
346	347
346	348
346	349
346	350
347	348
347	349
347	350
347	351
348	349
348	350
348	351
348	352
349	350
349	351
349	352
349	353
350	351
350	352
350	353
350	354
351	352
351	353
351	354
351	355
352	353
352	354
352	355
352	356
353	354
353	355
353	356
353	357
354	355
354	356
354	357
354	358
355	356
355	357
355	358
355	359
355	360
355	361
356	357
356	358
356	359
357	358
357	359
358	359
358	360
358	361
359	360
359	361
360	361
360	362
361	362
361	363
361	410
361	428
362	363
362	364
362	410
362	411
362	427
362	428
362	429
363	364
363	365
363	410
363	411
363	412
363	427
363	428
363	429
363	430
364	365
364	366
364	411
364	412
364	413
364	429
364	430
364	431
365	366
365	367
365	412
365	413
365	414
365	430
365	431
365	432
365	433
366	367
366	368
366	413
366	414
366	415
366	431
366	432
366	433
366	436
367	368
367	369
367	372
367	373
367	414
367	415
367	432
367	433
367	434
367	436
368	369
368	370
368	415
368	416
368	436
369	370
369	371
369	372
369	373
369	415
370	371
370	372
370	373
370	374
370	415
371	372
371	373
371	374
371	375
372	373
372	374
372	375
372	376
373	374
373	375
373	376
373	377
373	413
373	414
373	415
374	375
374	376
374	377
374	378
374	389
375	376
375	377
375	378
375	379
376	377
376	378
376	379
376	380
377	378
377	379
377	380
377	381
377	387
377	388
377	389
377	413
378	379
378	380
378	381
378	382
379	380
379	381
379	382
379	383
380	381
380	382
380	383
380	384
380	385
380	387
381	382
381	383
381	384
381	385
381	386
381	387
382	383
382	384
383	384
383	385
384	385
384	386
385	386
385	387
386	387
386	388
386	409
386	410
386	411
387	388
387	389
387	409
387	410
387	411
387	412
388	389
388	390
388	409
388	411
388	412
388	413
389	390
389	391
389	412
389	413
389	414
390	391
390	397
390	412
390	413
390	414
390	418
391	392
391	414
391	415
391	417
391	418
392	393
392	417
393	394
393	395
393	396
393	397
394	395
394	396
394	397
394	398
395	396
395	397
395	398
395	399
396	397
396	398
396	399
396	400
397	398
397	399
397	400
397	401
398	399
398	400
398	401
398	402
399	400
399	401
399	402
399	403
400	401
400	402
400	403
400	404
401	402
401	403
401	404
401	405
401	421
402	403
402	404
402	405
402	406
403	404
403	405
403	406
403	407
403	408
404	405
404	406
404	407
404	408
404	409
405	406
405	407
405	424
406	407
406	408
407	408
407	409
407	410
408	409
408	410
409	410
409	411
410	411
410	412
411	412
411	413
412	413
412	414
413	414
414	415
414	416
414	418
415	416
415	417
415	418
416	417
416	418
416	419
416	436
416	438
416	439
417	418
417	419
418	419
418	420
418	421
419	420
419	421
419	422
419	439
420	421
420	422
420	423
421	422
421	423
421	424
422	423
422	424
422	452
422	453
423	424
423	425
423	452
424	425
424	426
424	427
424	452
425	426
425	427
425	452
426	427
426	428
427	428
427	429
427	454
427	455
428	429
428	454
428	455
428	456
429	430
429	431
429	454
429	455
429	456
429	457
430	431
430	432
430	454
430	456
430	457
430	458
431	432
431	433
431	457
431	458
431	459
432	433
432	434
432	435
432	436
432	458
432	459
432	460
433	434
433	435
433	459
433	460
434	435
434	436
434	459
434	460
434	461
434	467
435	436
435	437
435	459
435	467
435	470
436	437
436	438
436	439
436	440
437	438
437	439
437	440
437	441
438	439
438	440
438	441
438	442
439	440
439	441
439	442
439	443
440	441
440	442
440	443
440	444
441	442
441	443
441	444
441	445
442	443
442	444
442	445
442	446
443	444
443	445
443	446
443	447
443	453
444	445
444	446
444	447
445	446
445	447
445	448
445	449
446	447
446	448
446	449
446	450
446	451
446	453
447	448
447	449
447	450
448	449
448	450
449	450
449	451
450	451
450	452
451	452
451	453
452	453
452	454
453	454
453	455
454	455
454	456
454	457
455	456
456	457
456	458
457	458
457	459
458	459
458	460
459	460
459	461
460	461
461	462
461	463
461	467
461	468
462	463
462	464
462	465
462	467
462	468
463	464
463	465
463	468
464	465
464	466
464	468
465	466
465	467
465	468
466	467
466	468
466	469
466	470
467	468
467	469
467	470
467	471
468	469
468	470
468	471
468	472
469	470
469	471
469	472
469	473
470	471
470	472
470	473
470	474
471	472
471	473
471	474
471	475
472	473
472	474
472	475
473	474
473	475
473	476
474	475
474	476
475	476
