0	1
0	2
1	2
1	3
1	38
2	3
2	4
2	5
2	6
3	4
3	5
3	6
3	7
3	34
3	35
4	5
4	6
4	7
4	8
5	6
5	7
5	8
5	9
6	7
6	8
6	9
6	10
6	34
7	8
7	9
7	10
7	11
7	30
7	31
7	34
8	9
8	10
8	11
8	12
9	10
9	11
9	12
9	13
10	11
10	12
10	13
10	14
10	30
11	12
11	13
11	14
11	15
11	21
11	30
12	13
12	14
12	15
12	16
13	14
13	15
13	16
13	17
14	15
14	16
14	17
14	18
14	19
14	20
14	21
15	16
15	17
15	18
15	19
15	20
15	21
16	17
16	18
17	18
17	19
18	19
18	20
19	20
19	21
20	21
20	22
20	23
21	22
21	23
21	26
21	27
22	23
22	24
22	26
22	27
23	24
23	25
23	26
23	27
24	25
24	26
24	27
25	26
25	27
26	27
26	28
26	29
27	28
27	29
28	29
28	30
28	31
28	32
29	30
29	31
29	32
29	33
30	31
30	32
30	33
30	34
31	32
31	33
31	34
31	35
32	33
32	34
32	35
32	36
33	34
33	35
33	36
33	37
34	35
34	36
34	37
34	38
35	36
35	37
35	38
35	39
36	37
36	38
36	39
36	40
37	38
37	39
37	40
37	41
38	39
38	40
38	41
38	42
39	40
39	41
39	42
40	41
40	42
40	112
40	113
41	42
41	43
41	44
41	112
41	113
42	43
42	44
42	45
42	46
42	112
43	44
43	45
43	46
43	108
43	109
43	110
43	111
43	112
43	113
44	45
44	46
44	113
45	46
45	47
46	47
46	48
46	109
47	48
47	49
47	50
47	51
48	49
48	50
48	51
48	52
49	50
49	51
49	52
49	53
50	51
50	52
50	53
51	52
51	53
51	102
51	105
51	106
52	53
52	54
52	55
52	102
53	54
53	55
54	55
54	56
55	56
55	57
55	98
55	99
56	57
56	96
56	97
56	98
56	99
57	58
57	59
57	96
57	97
57	98
58	59
58	60
58	95
58	96
58	97
59	60
59	61
59	93
59	95
59	96
59	97
60	61
61	62
61	63
62	63
62	64
62	92
62	93
63	64
63	65
63	92
64	65
64	66
64	90
64	91
64	92
65	66
65	67
65	90
65	91
65	92
66	67
66	68
66	89
66	90
66	91
67	68
67	88
67	89
67	90
68	69
68	70
68	87
68	88
68	89
69	70
69	71
69	86
69	87
69	88
70	71
70	72
70	86
70	87
70	88
70	104
71	72
71	85
71	86
71	87
72	73
72	74
72	84
72	85
72	86
72	87
72	108
72	111
73	74
73	82
73	83
73	84
73	85
73	111
74	75
74	76
74	82
74	83
74	84
74	111
74	112
74	113
74	114
74	115
75	76
75	77
75	80
75	81
75	82
75	83
75	113
75	114
75	115
76	77
76	78
76	79
76	80
76	81
76	82
76	83
76	114
76	115
76	116
77	78
77	79
77	80
77	114
77	115
77	116
78	79
78	80
79	80
79	81
79	147
80	81
80	82
81	82
81	83
81	146
81	147
82	83
82	84
82	145
82	146
83	84
83	143
83	144
83	145
83	146
84	85
84	86
84	143
84	144
84	145
85	86
85	142
85	143
85	144
86	87
86	88
86	141
86	142
86	143
87	88
87	89
87	139
87	140
87	141
87	142
88	89
88	90
88	139
88	140
88	141
89	90
89	91
89	138
89	139
89	140
90	91
90	137
90	138
90	139
90	179
91	92
91	93
91	134
91	136
91	137
91	138
92	93
92	94
92	134
92	135
92	136
92	137
93	94
93	95
93	96
93	97
93	134
93	135
94	95
94	96
94	133
94	134
94	135
95	96
96	97
96	98
96	132
97	98
97	99
97	132
98	99
98	100
98	102
99	100
99	101
99	102
100	101
100	102
100	103
101	102
101	103
101	104
101	105
102	103
102	104
102	105
102	106
103	104
103	105
103	106
103	107
104	105
104	106
104	107
104	108
105	106
105	107
105	108
105	109
106	107
106	108
106	109
106	110
106	124
107	108
107	109
107	110
107	111
107	124
108	109
108	110
108	111
108	112
109	110
109	111
109	112
110	111
110	112
110	113
110	120
110	124
111	112
111	113
111	120
112	113
113	114
113	115
114	115
115	116
115	117
115	119
115	120
116	117
116	118
116	119
116	120
117	118
117	119
117	120
117	121
117	162
118	119
118	120
118	121
118	122
118	162
118	163
119	120
119	121
119	122
119	123
120	121
120	122
120	123
120	124
121	122
121	123
121	124
121	125
121	139
121	140
121	141
121	162
121	163
121	164
122	123
122	124
122	125
122	126
122	163
122	164
123	124
123	125
123	126
123	127
124	125
124	126
124	127
124	128
125	126
125	127
125	128
125	129
125	137
125	138
125	139
125	164
126	127
126	128
126	129
126	130
127	128
127	129
127	130
127	131
128	129
128	130
128	131
128	132
129	130
129	131
129	132
129	133
129	134
129	137
130	131
130	132
130	133
131	132
131	133
132	133
132	134
133	134
133	135
134	135
134	136
134	137
135	136
135	167
135	168
136	137
136	166
136	167
136	168
136	169
137	138
137	139
137	165
137	166
137	167
137	169
138	139
138	140
138	164
138	165
138	166
138	169
139	140
139	141
139	163
139	164
139	165
140	141
140	142
140	161
140	162
140	163
140	164
141	142
141	143
141	161
141	162
141	163
142	143
142	159
142	160
142	161
142	162
143	144
143	145
143	159
143	160
143	161
144	145
144	146
144	158
144	159
144	160
145	146
145	147
145	148
145	149
146	147
146	148
146	149
146	150
147	148
147	149
147	150
147	151
147	152
148	149
148	150
148	151
148	152
148	153
148	154
148	155
149	150
149	151
149	154
149	155
149	156
150	151
150	154
151	152
151	153
151	154
152	153
152	154
153	154
153	155
154	155
154	156
155	156
155	157
155	158
156	157
156	158
157	158
157	159
158	159
158	160
159	160
159	161
160	161
160	162
161	162
161	163
162	163
163	164
163	165
164	165
164	166
165	166
165	167
165	169
165	170
166	167
166	168
166	169
166	170
167	168
167	169
167	170
167	171
168	169
168	170
168	171
168	172
168	175
169	170
169	171
169	172
169	175
169	176
170	171
170	172
170	176
171	172
171	173
172	173
172	174
172	175
172	176
173	174
173	175
173	176
173	177
174	175
174	176
174	177
174	178
175	176
175	177
175	178
175	179
176	177
176	178
176	179
176	180
177	178
177	179
177	180
177	181
178	179
178	180
178	181
178	182
179	180
179	181
179	182
179	183
180	181
180	182
180	183
180	184
181	182
181	183
181	184
182	183
182	184
183	184
