0	1
0	2
1	2
1	3
2	3
2	4
3	4
3	5
3	7
3	8
4	5
4	6
4	7
4	8
5	6
5	7
5	8
5	9
5	360
6	7
6	8
6	9
6	10
7	8
7	9
7	10
7	11
8	9
8	10
8	11
8	12
9	10
9	11
9	12
9	13
9	362
10	11
10	12
10	13
10	14
11	12
11	13
11	14
11	15
12	13
12	14
12	15
12	16
12	274
12	277
13	14
13	15
13	16
13	17
14	15
14	16
14	17
14	18
15	16
15	17
15	18
15	19
15	273
15	274
16	17
16	18
16	19
16	20
16	270
16	271
16	273
16	274
17	18
17	19
17	20
17	21
17	270
17	366
18	19
18	20
18	21
18	24
19	20
19	21
19	24
19	25
19	265
19	269
19	270
19	273
20	21
20	22
20	25
20	265
20	266
20	270
20	422
20	424
21	22
21	23
21	24
21	25
21	421
21	422
22	23
22	24
22	25
22	26
22	58
22	61
22	62
22	422
23	24
23	25
23	26
23	27
23	61
23	62
23	65
24	25
24	26
24	27
24	28
25	26
25	27
25	28
25	29
25	264
25	265
26	27
26	28
26	29
26	30
26	62
26	65
26	264
27	28
27	29
27	30
27	31
27	65
28	29
28	30
29	30
29	31
29	39
29	40
29	264
30	31
30	32
30	37
30	38
30	39
30	40
31	32
31	33
31	37
31	38
31	39
32	33
32	34
32	36
32	37
32	38
32	69
33	34
33	35
33	36
33	37
34	35
34	36
35	36
35	37
35	45
35	46
36	37
36	38
36	43
36	44
36	45
36	46
37	38
37	39
37	43
37	44
37	45
38	39
38	40
38	41
38	42
38	43
38	44
39	40
39	41
39	42
39	43
40	41
40	42
41	42
41	43
42	43
42	44
43	44
43	45
44	45
44	46
45	46
45	47
46	47
46	48
47	48
47	121
47	122
48	49
48	50
48	121
48	122
48	123
49	50
49	51
49	73
49	122
49	123
50	51
50	52
50	71
50	72
50	73
50	122
50	123
50	124
51	52
51	53
51	72
51	73
51	74
51	75
51	123
51	124
51	125
52	53
52	54
52	74
52	75
52	76
52	124
52	125
52	126
53	54
53	55
53	75
53	76
53	77
53	111
53	125
53	126
53	127
54	55
54	56
54	59
54	63
54	76
54	77
54	78
54	126
54	127
54	128
55	56
55	59
55	77
55	78
55	79
55	127
55	128
55	129
55	132
55	135
55	136
56	57
56	58
56	59
56	78
56	79
56	128
56	129
56	130
56	131
56	132
56	135
57	58
57	59
57	79
57	80
57	129
57	130
57	131
58	59
58	60
58	61
58	62
58	129
59	60
59	61
59	62
59	63
59	77
59	78
59	79
59	127
59	128
59	129
60	61
60	62
60	63
60	64
60	77
60	85
61	62
61	63
61	64
61	65
62	63
62	64
62	65
62	66
62	127
63	64
63	65
63	66
63	67
64	65
64	66
64	67
64	68
64	87
65	66
65	67
65	68
65	69
66	67
66	68
66	69
66	70
67	68
67	69
67	70
67	71
67	72
68	69
68	70
69	70
70	71
70	72
71	72
71	73
72	73
72	74
72	89
73	74
74	75
74	89
74	90
75	76
75	90
75	91
75	114
76	77
76	78
76	90
76	91
76	92
76	110
76	111
77	78
77	79
77	90
77	91
77	92
77	93
78	79
78	92
78	93
78	94
78	95
78	107
78	135
78	136
79	80
79	81
79	83
79	93
79	94
79	95
79	135
80	81
80	82
80	83
80	94
80	95
80	96
80	97
80	135
81	82
81	83
81	84
81	94
81	95
82	83
82	84
83	84
83	85
84	85
84	86
84	94
85	86
85	87
86	87
86	92
87	88
87	89
87	90
87	91
88	89
88	90
89	90
89	91
90	91
90	92
91	92
91	93
92	93
92	94
93	94
93	95
93	107
94	95
94	103
95	96
95	97
95	101
95	103
95	104
95	135
96	97
96	98
96	99
96	100
96	101
96	103
96	104
96	134
96	135
97	98
97	99
97	100
97	131
97	134
97	135
98	99
98	100
98	134
99	100
99	101
99	134
100	101
100	104
100	134
100	135
101	102
101	103
101	104
101	105
102	103
102	104
102	105
102	106
103	104
103	105
103	106
103	107
104	105
104	106
104	107
104	108
104	134
104	135
104	136
104	137
105	106
105	107
105	108
105	109
105	136
105	137
105	138
106	107
106	108
106	109
106	110
107	108
107	109
107	110
107	111
107	136
108	109
108	110
108	111
108	112
108	136
108	137
108	138
109	110
109	111
109	112
109	113
110	111
110	112
110	113
110	114
111	112
111	113
111	114
111	115
112	113
112	114
112	115
112	116
113	114
113	115
113	116
113	117
114	115
114	116
114	117
114	118
115	116
115	117
115	118
115	183
115	184
116	117
116	118
117	118
117	119
118	119
118	120
118	122
118	185
118	186
119	120
119	121
119	122
119	185
119	186
120	121
120	122
120	185
120	186
121	122
121	123
121	186
122	123
122	124
122	186
122	187
123	124
123	125
123	186
123	187
123	188
124	125
124	126
124	187
124	188
124	189
125	126
125	127
125	188
125	189
125	190
126	127
126	128
126	189
126	190
126	191
127	128
127	129
127	190
127	191
127	192
128	129
128	132
128	191
128	192
128	193
129	130
129	131
129	132
129	192
129	193
129	194
130	131
130	132
130	195
130	205
131	132
131	133
131	134
131	135
131	205
132	133
132	134
132	135
132	136
132	205
133	134
133	135
133	136
133	137
133	205
133	206
134	135
134	136
134	137
135	136
135	137
136	137
137	138
137	139
137	173
137	175
138	139
138	140
138	173
138	174
138	175
139	140
139	141
139	143
139	144
139	145
139	172
139	173
139	174
140	141
140	142
140	143
140	172
140	173
140	174
141	142
141	143
142	143
142	144
142	235
143	144
143	145
143	147
143	235
143	236
144	145
144	146
144	147
144	148
145	146
145	147
145	148
145	149
146	147
146	148
146	149
146	150
147	148
147	149
147	150
147	151
147	233
148	149
148	150
148	151
148	152
149	150
149	151
149	152
149	153
150	151
150	152
150	153
150	154
150	232
151	152
151	153
151	154
151	155
151	232
152	153
152	154
152	155
152	156
153	154
153	155
153	156
153	157
154	155
154	156
154	157
154	158
154	228
155	156
155	157
155	158
155	159
155	160
155	165
156	157
156	158
156	159
156	160
157	158
157	159
158	159
158	160
158	226
159	160
159	161
160	161
160	162
160	164
160	165
161	162
161	163
161	164
161	165
162	163
162	164
162	165
162	166
163	164
163	165
163	166
163	167
164	165
164	166
164	167
164	168
164	222
165	166
165	167
165	168
165	169
166	167
166	168
166	169
166	170
166	206
167	168
167	169
167	170
167	171
167	214
167	219
168	169
168	170
168	171
168	172
168	219
169	170
169	171
169	172
169	173
170	171
170	172
170	173
170	176
170	177
170	206
171	172
171	173
171	216
171	251
172	173
172	174
173	174
173	175
173	176
174	175
174	176
174	179
175	176
175	177
175	178
175	179
175	180
175	208
176	177
176	178
176	179
176	180
176	206
176	207
176	208
177	178
177	179
177	206
177	207
177	208
177	209
177	210
177	211
177	212
177	251
177	252
178	179
178	180
178	181
178	182
178	207
178	208
178	209
178	210
178	211
178	212
178	251
178	252
179	180
179	181
179	182
179	183
179	208
179	209
179	251
179	252
180	181
180	182
180	183
180	208
180	209
181	182
181	183
181	184
181	208
181	209
181	259
182	183
182	184
183	184
183	185
184	185
184	186
184	187
184	188
185	186
185	187
186	187
186	188
186	258
187	188
187	189
187	258
187	259
188	189
188	190
188	258
188	259
188	260
189	190
189	191
189	259
189	260
189	261
190	191
190	192
190	260
190	261
190	262
191	192
191	261
191	262
191	263
191	264
192	193
192	194
192	262
192	263
192	264
192	265
193	194
193	195
193	263
193	264
193	265
193	266
194	195
194	196
194	199
194	265
194	266
194	424
195	196
195	197
195	266
195	423
195	424
195	425
196	197
196	198
196	199
196	200
197	198
197	199
197	291
197	327
198	199
198	200
198	291
199	200
199	201
200	201
200	202
200	203
201	202
201	203
201	204
201	207
201	210
202	203
202	204
202	206
202	207
202	210
203	204
203	205
203	206
203	207
204	205
204	206
204	207
205	206
205	207
205	208
206	207
206	208
207	208
207	209
207	210
208	209
208	210
209	210
209	211
210	211
210	212
211	212
211	213
211	252
211	253
211	254
211	255
212	213
212	214
212	251
212	252
212	253
213	214
213	215
213	253
214	215
214	218
215	216
215	217
215	218
215	219
215	250
216	217
216	218
216	219
216	220
216	240
216	243
216	244
217	218
217	219
217	220
217	221
217	244
218	219
218	220
218	221
218	222
219	220
219	221
219	222
219	223
220	221
220	222
220	223
220	224
221	222
221	223
221	224
221	225
222	223
222	224
222	225
222	226
223	224
223	225
223	226
223	227
223	228
223	229
224	225
224	226
224	227
224	228
224	229
225	226
225	227
226	227
226	228
227	228
227	229
228	229
228	230
228	231
228	232
229	230
229	231
229	232
230	231
230	232
231	232
231	233
232	233
232	234
232	236
233	234
233	235
233	236
233	237
234	235
234	236
234	237
234	238
235	236
235	237
235	238
235	239
236	237
236	238
236	239
236	240
237	238
237	239
237	240
237	241
238	239
238	240
238	241
238	242
239	240
239	241
239	242
239	243
240	241
240	242
240	243
240	244
241	242
241	243
241	244
241	245
242	243
242	244
242	245
242	246
242	247
242	248
243	244
243	245
243	246
243	247
243	248
243	249
243	250
244	245
244	246
245	246
245	247
246	247
246	248
246	249
247	248
247	249
248	249
248	250
249	250
249	251
250	251
250	252
251	252
251	253
252	253
252	254
253	254
254	255
254	256
255	256
255	257
256	257
256	258
256	259
257	258
257	259
258	259
258	260
259	260
259	261
260	261
260	262
261	262
261	263
262	263
262	264
263	264
263	265
264	265
264	266
265	266
265	269
266	267
266	268
266	269
266	270
266	424
267	268
267	269
267	270
267	271
267	290
267	326
267	424
267	425
268	269
268	270
268	271
268	272
268	290
269	270
269	271
269	272
269	273
270	271
270	272
270	273
270	274
271	272
271	273
271	274
271	275
271	287
271	324
271	326
272	273
272	274
272	275
272	276
273	274
273	275
273	276
273	277
274	275
274	276
274	277
274	278
275	276
275	277
275	278
275	279
275	285
275	286
276	277
276	278
276	279
276	280
277	278
277	279
277	280
277	281
278	279
278	280
278	281
278	282
278	283
278	285
278	322
279	280
279	281
279	282
279	283
279	284
279	285
280	281
280	282
281	282
281	283
282	283
282	284
283	284
283	285
283	320
283	321
283	322
284	285
284	286
284	320
284	321
284	322
285	286
285	287
285	321
285	322
285	323
286	287
286	288
286	322
286	323
286	324
287	288
287	289
287	323
287	324
287	325
288	289
288	323
288	324
288	325
289	290
289	291
289	292
289	325
289	326
290	291
290	292
290	325
290	326
290	327
291	292
291	293
291	326
291	327
292	293
292	294
292	325
292	326
292	327
292	328
292	329
293	294
293	327
293	328
293	329
294	295
294	296
294	329
294	330
295	296
295	297
295	298
295	299
295	329
295	330
295	331
296	297
296	298
296	299
296	300
296	329
296	330
296	331
296	342
296	343
296	345
296	346
297	298
297	299
297	300
297	301
297	345
297	346
297	349
298	299
298	300
298	301
298	302
299	300
299	301
299	302
299	303
299	346
300	301
300	302
300	303
300	304
300	346
300	347
300	349
300	350
301	302
301	303
301	304
301	305
301	349
301	350
302	303
302	304
302	305
302	306
303	304
303	305
303	306
303	307
304	305
304	306
304	307
304	308
304	350
304	353
304	354
305	306
305	307
305	308
305	309
305	353
306	307
306	308
306	309
306	310
307	308
307	309
307	310
307	311
307	354
308	309
308	310
308	311
308	312
308	353
308	354
309	310
309	311
309	312
309	313
309	314
309	315
310	311
310	312
310	313
310	314
310	315
310	316
310	317
310	318
310	319
311	312
311	313
311	314
311	357
311	432
311	434
311	435
312	313
312	314
312	435
313	314
313	315
314	315
314	316
314	317
314	318
314	319
314	435
315	316
315	317
315	318
316	317
317	318
317	319
318	319
318	320
318	321
319	320
319	321
319	432
319	433
319	434
319	435
320	321
320	432
320	433
320	434
321	322
321	323
321	431
321	432
321	433
322	323
322	324
322	429
322	430
322	431
322	432
323	324
323	325
323	429
323	430
323	431
324	325
324	326
324	428
324	429
324	430
325	326
325	327
325	427
325	428
325	429
326	327
326	328
326	426
326	427
326	428
327	328
327	329
327	425
327	426
327	427
328	329
328	330
328	425
328	426
329	330
329	342
330	331
330	332
330	342
331	332
331	333
331	341
331	342
332	333
332	334
333	334
333	335
333	337
334	335
334	336
335	336
335	337
336	337
336	338
337	338
337	339
337	401
337	402
337	403
338	339
338	340
338	401
338	402
338	403
339	340
339	402
339	403
339	404
339	405
339	406
340	341
340	344
340	371
340	372
340	373
340	402
340	403
340	404
340	405
341	342
341	343
341	344
341	345
341	370
341	371
341	372
342	343
342	344
342	345
342	346
342	370
342	371
343	344
343	345
343	346
343	347
343	363
343	364
343	365
343	370
343	377
343	378
344	345
344	346
344	347
344	348
344	377
344	378
344	404
344	405
345	346
345	347
345	348
345	349
345	399
345	404
346	347
346	348
346	349
346	350
346	363
347	348
347	349
347	350
347	351
347	361
347	362
347	363
347	378
347	379
347	380
348	349
348	350
348	351
348	404
349	350
349	351
350	351
350	352
350	353
350	354
351	352
351	353
351	354
351	355
351	380
351	384
351	385
352	353
352	354
352	355
352	385
353	354
353	355
354	355
354	356
354	357
354	359
354	382
355	356
355	357
355	382
355	383
355	384
355	385
356	357
356	358
356	382
356	383
357	358
357	359
357	382
358	359
358	382
358	432
358	433
358	434
359	360
359	361
359	381
359	382
359	431
359	432
359	433
360	361
360	362
360	380
360	381
360	382
360	430
360	431
360	432
361	362
361	363
361	379
361	380
361	381
361	428
361	429
361	430
361	431
362	363
362	364
362	378
362	379
362	380
362	428
362	429
362	430
363	364
363	377
363	378
363	379
363	427
363	428
363	429
364	365
364	366
364	376
364	377
364	378
364	426
364	427
364	428
365	366
365	367
365	368
365	369
365	370
365	376
365	377
365	425
365	426
365	427
366	367
366	368
366	420
366	422
366	423
366	424
366	425
366	426
367	368
367	369
367	420
367	422
367	423
367	425
368	369
368	370
368	375
368	376
368	417
368	418
368	419
368	420
369	370
369	371
369	373
369	374
369	375
369	376
370	371
370	372
370	373
370	375
370	376
370	377
371	372
371	373
372	373
373	374
373	375
374	375
374	376
375	376
375	377
375	414
375	415
375	416
376	377
376	415
376	416
376	417
377	378
377	414
377	415
378	379
378	380
378	413
378	414
378	415
379	380
379	413
379	414
379	415
380	381
380	384
380	413
381	382
381	383
381	384
382	383
382	384
383	384
383	385
383	386
383	387
384	385
384	386
384	387
384	388
384	411
385	386
385	387
385	388
385	389
386	387
386	388
386	389
386	390
387	388
387	389
387	390
387	391
387	411
388	389
388	390
388	391
388	392
388	393
388	411
389	390
389	391
389	392
389	393
389	394
390	391
390	392
391	392
391	393
392	393
392	394
393	394
393	395
394	395
394	396
394	397
394	398
395	396
395	397
395	398
395	399
396	397
396	398
396	399
396	400
397	398
397	399
397	400
397	401
398	399
398	400
398	401
398	402
398	403
398	404
399	400
399	401
399	402
399	403
399	404
400	401
400	402
401	402
401	403
402	403
402	404
403	404
403	405
403	406
404	405
404	406
404	407
404	408
405	406
405	407
405	408
405	409
406	407
406	408
406	409
406	410
407	408
407	409
407	410
408	409
408	410
408	411
408	412
408	413
408	414
409	410
409	411
409	412
409	413
409	414
410	411
410	412
411	412
411	413
412	413
412	414
413	414
413	415
414	415
414	416
415	416
415	417
416	417
416	418
417	418
417	419
417	420
418	419
418	420
419	420
419	421
420	421
420	422
421	422
422	423
422	424
423	424
423	425
424	425
424	426
425	426
426	427
426	428
427	428
427	429
428	429
428	430
429	430
429	431
430	431
430	432
431	432
431	433
432	433
432	434
433	434
434	435
