0	1
0	2
0	3
0	4
0	18
1	2
1	3
1	4
1	18
1	28
1	29
2	3
2	4
2	28
3	4
3	5
4	5
4	6
4	17
4	18
4	29
4	32
5	6
5	7
5	8
5	32
5	33
6	7
6	8
6	33
6	48
6	51
6	52
7	8
7	9
7	36
7	48
8	9
8	10
8	11
9	10
9	11
10	11
10	12
11	12
11	13
11	16
12	13
12	14
12	15
12	16
13	14
13	15
13	16
13	17
13	51
13	54
13	55
14	15
14	16
14	17
14	55
15	16
15	17
16	17
16	18
17	18
17	19
17	55
18	19
19	20
19	21
19	23
19	25
20	21
20	22
20	23
21	22
21	23
21	59
21	60
22	23
22	24
22	59
22	60
23	24
23	25
23	60
24	25
24	26
24	60
24	128
25	26
25	27
25	63
25	128
25	129
25	130
26	27
26	28
26	29
26	30
26	127
26	128
26	129
27	28
27	29
27	30
27	31
27	127
27	128
27	129
28	29
28	30
28	31
28	32
28	127
28	166
29	30
29	31
29	32
29	33
30	31
30	32
30	33
30	34
30	129
31	32
31	33
31	34
31	35
31	165
31	166
31	169
32	33
32	34
32	35
32	36
33	34
33	35
33	36
33	37
33	49
34	35
34	36
34	37
34	38
34	180
35	36
35	37
35	38
35	39
36	37
36	38
36	39
37	38
37	39
37	40
37	48
38	39
38	40
38	180
38	181
39	40
40	41
40	42
41	42
41	43
42	43
42	44
42	45
43	44
43	45
43	46
44	45
44	46
44	47
45	46
45	47
45	48
46	47
46	48
46	49
46	50
46	186
46	189
46	190
47	48
47	49
47	50
47	51
47	190
48	49
48	50
48	51
48	52
49	50
49	51
49	52
49	53
49	190
50	51
50	52
50	53
50	54
50	190
50	191
50	193
50	194
51	52
51	53
51	54
51	55
51	194
52	53
52	54
52	55
52	56
53	54
53	55
53	56
53	57
53	64
53	191
53	194
54	55
54	56
54	57
54	58
54	194
54	195
54	198
55	56
55	57
55	58
55	59
56	57
56	58
56	59
56	60
56	61
56	63
56	64
57	58
57	59
57	60
57	61
57	64
57	200
58	59
58	60
58	61
58	198
58	200
58	206
59	60
59	61
60	61
60	62
60	63
61	62
61	63
61	64
62	63
62	64
62	65
63	64
63	65
63	66
63	67
63	130
64	65
64	66
64	67
64	68
65	66
65	67
65	68
65	69
65	243
66	67
66	68
66	69
66	70
66	129
66	130
66	133
67	68
67	69
67	70
67	71
67	129
68	69
68	70
68	71
68	72
69	70
69	71
69	72
69	73
69	74
69	75
69	76
70	71
70	72
70	73
70	74
70	133
71	72
71	73
72	73
72	74
72	183
72	184
73	74
73	173
74	75
74	76
75	76
75	82
75	137
76	77
76	78
77	78
77	79
77	80
77	238
77	239
77	240
78	79
78	80
78	81
78	315
78	316
78	317
79	80
79	81
79	316
79	317
79	318
80	81
80	82
81	82
81	83
81	317
82	83
82	84
82	140
83	84
83	85
83	140
84	85
84	86
84	139
84	140
85	86
85	87
85	140
86	87
86	88
86	90
86	91
87	88
87	89
87	90
87	91
88	89
88	90
88	91
88	92
88	175
89	90
89	91
89	92
89	93
90	91
90	92
90	93
90	94
90	152
91	92
91	93
91	94
91	95
91	175
92	93
92	94
92	95
92	96
92	103
92	107
93	94
93	95
93	96
93	97
93	103
94	95
94	96
94	97
94	98
94	152
94	155
94	156
95	96
95	97
95	98
95	99
95	120
95	156
96	97
96	98
96	99
96	100
96	101
96	102
96	103
96	106
97	98
97	99
97	100
97	101
98	99
98	100
98	156
98	159
98	160
99	100
99	101
100	101
101	102
101	103
101	105
101	106
102	103
102	104
102	105
102	106
103	104
103	105
103	106
103	107
104	105
104	106
104	107
104	108
105	106
105	107
105	108
105	109
106	107
106	108
106	109
106	110
106	119
107	108
107	109
107	110
107	111
108	109
108	110
108	111
108	112
109	110
109	111
109	112
109	113
109	119
110	111
110	112
110	113
110	114
110	115
110	116
110	119
111	112
111	113
111	114
111	490
112	113
112	114
112	490
112	497
113	114
113	115
113	496
113	497
114	115
114	116
114	491
114	492
114	493
114	496
114	497
115	116
115	117
115	118
115	492
115	493
116	117
116	118
116	119
116	120
116	171
116	172
117	118
117	119
117	120
117	167
117	168
117	169
117	171
117	172
118	119
118	120
118	121
118	168
119	120
119	121
120	121
120	167
120	168
120	171
121	167
121	168
122	123
122	124
123	124
123	125
123	160
123	161
124	125
124	126
124	161
125	126
125	127
126	127
126	128
126	161
126	163
127	128
127	129
127	131
127	132
127	161
127	162
128	129
128	130
128	131
128	132
129	130
129	131
129	132
129	133
130	131
130	132
130	133
130	134
131	132
131	133
131	134
131	135
132	133
132	134
132	135
132	136
133	134
133	135
133	136
133	137
134	135
134	136
134	137
134	138
135	136
135	137
135	138
135	139
136	137
136	138
136	139
136	140
137	138
137	139
137	140
137	141
138	139
138	140
138	141
138	142
139	140
139	141
139	142
139	151
139	154
140	141
140	142
141	142
141	143
142	143
142	147
142	151
143	144
143	145
143	147
144	145
144	146
144	147
145	146
145	147
146	147
146	148
146	149
147	148
147	149
147	150
147	151
148	149
148	150
148	151
148	152
149	150
149	151
149	152
149	153
150	151
150	152
150	153
150	154
151	152
151	153
151	154
151	155
152	153
152	154
152	155
152	156
153	154
153	155
153	156
153	157
154	155
154	156
154	157
154	158
155	156
155	157
155	158
155	159
156	157
156	158
156	159
156	160
157	158
157	159
157	160
157	161
158	159
158	160
158	161
158	162
159	160
159	161
159	162
159	167
160	161
160	162
161	162
161	163
162	163
162	164
162	166
162	167
163	164
163	165
163	166
164	165
164	166
164	167
165	166
165	167
165	168
165	169
166	167
166	168
166	169
166	170
167	168
167	169
167	170
167	171
168	169
168	170
168	171
168	172
169	170
169	171
169	172
169	173
169	178
170	171
170	172
170	173
170	174
171	172
171	173
171	174
171	175
172	173
172	174
172	175
172	176
172	177
172	178
173	174
173	175
173	176
173	177
173	178
174	175
174	176
175	176
175	177
176	177
176	178
177	178
177	179
178	179
178	180
179	180
179	181
180	181
180	182
181	182
181	183
182	183
182	186
182	187
183	184
183	185
183	186
183	187
184	185
184	186
184	187
184	188
185	186
185	187
185	188
185	189
186	187
186	188
186	189
186	190
187	188
187	189
187	190
187	191
188	189
188	190
188	191
188	192
188	230
189	190
189	191
189	192
189	193
189	227
190	191
190	192
190	193
190	194
191	192
191	193
191	194
191	195
192	193
192	194
192	195
192	196
192	226
192	227
192	229
193	194
193	195
193	196
193	197
193	223
194	195
194	196
194	197
194	198
195	196
195	197
195	198
195	199
195	200
196	197
196	198
196	199
196	210
197	198
197	199
197	208
197	209
197	210
197	211
198	199
198	200
198	208
198	209
198	210
199	200
199	201
200	201
200	202
200	247
200	250
201	202
201	203
202	203
202	204
202	206
203	204
203	205
203	206
204	205
204	206
205	206
205	207
206	207
206	208
207	208
208	209
208	210
209	210
209	211
209	212
210	211
210	212
211	212
211	213
211	214
211	219
212	213
212	214
213	214
213	215
214	215
214	216
214	218
214	219
215	216
215	217
215	218
215	219
216	217
216	218
216	219
216	220
217	218
217	219
217	220
217	221
218	219
218	220
218	221
218	222
219	220
219	221
219	222
219	223
220	221
220	222
220	223
220	224
221	222
221	223
221	224
221	225
222	223
222	224
222	225
222	226
223	224
223	225
223	226
223	227
224	225
224	226
224	227
225	226
225	227
225	228
226	227
226	228
226	229
227	228
227	229
227	230
228	229
228	230
228	231
228	232
229	230
229	231
229	232
229	233
229	251
230	231
230	232
230	233
230	234
230	460
231	232
231	233
231	234
231	235
231	458
231	459
231	460
232	233
232	234
232	235
232	236
232	255
233	234
233	235
233	236
233	237
233	238
234	235
234	236
234	237
234	266
234	267
234	459
234	460
235	236
235	237
235	259
235	260
235	266
235	267
236	237
236	238
236	259
236	260
236	266
237	238
237	239
237	266
237	267
238	239
238	240
238	241
238	242
239	240
239	241
239	242
239	243
240	241
240	242
240	243
241	242
241	243
241	244
241	245
242	243
242	244
242	245
242	246
243	244
243	245
243	246
243	247
244	245
244	246
244	247
244	248
245	246
245	247
245	248
245	249
245	254
245	257
246	247
246	248
246	249
246	250
246	251
246	254
247	248
247	249
247	250
248	249
248	250
249	250
249	251
249	253
249	254
250	251
250	252
250	253
250	254
251	252
251	253
251	254
252	253
252	254
253	254
253	255
253	256
253	257
254	255
254	256
254	257
254	258
255	256
255	257
255	258
255	259
256	257
256	258
257	258
257	259
258	259
259	260
259	261
260	261
260	262
260	394
261	262
261	263
261	264
262	263
262	264
262	302
262	303
262	304
262	342
263	264
263	265
263	302
263	304
263	310
264	265
264	266
265	266
265	267
265	312
265	316
266	267
266	268
266	316
267	268
268	269
268	314
269	270
269	463
269	464
269	465
269	466
270	271
270	272
270	464
270	465
270	466
270	467
270	468
271	272
271	273
271	464
271	465
271	466
271	467
271	468
272	273
272	274
272	467
272	468
272	469
273	274
273	275
273	278
273	279
273	467
273	468
273	469
274	275
274	278
274	473
274	474
275	276
275	277
275	278
275	279
275	469
275	473
275	474
276	277
276	278
276	279
276	280
276	429
277	278
277	279
277	280
277	281
278	279
278	280
278	281
278	282
279	280
279	281
279	282
279	283
280	281
280	282
280	283
280	284
280	427
281	282
281	283
281	284
282	283
282	284
283	284
283	285
283	286
283	287
284	285
284	286
285	286
285	287
286	287
286	288
286	450
286	453
287	288
287	450
287	451
288	289
288	425
288	448
288	449
288	450
288	451
289	290
289	291
289	423
289	424
289	425
289	426
289	448
289	449
289	450
289	451
290	291
290	423
290	424
290	425
290	447
290	448
290	449
291	292
291	293
291	421
291	422
291	423
291	424
291	447
291	448
292	293
292	294
292	421
292	422
292	423
292	439
292	444
292	446
292	447
293	294
293	295
293	444
293	445
293	446
293	447
294	295
294	296
294	444
294	445
295	296
295	297
295	360
295	444
295	445
296	297
296	298
296	346
296	347
296	348
296	349
296	360
296	363
297	298
297	299
297	346
297	347
297	348
298	299
298	300
298	313
298	314
298	345
298	346
298	347
299	300
299	301
299	311
299	312
299	313
299	344
299	345
299	346
299	347
300	301
300	302
300	311
300	312
300	313
300	343
300	344
300	345
301	302
301	303
301	310
301	311
301	312
301	342
301	343
301	344
302	303
302	304
302	309
302	310
302	311
302	341
302	342
302	343
303	304
303	305
303	307
303	308
303	309
303	310
303	340
303	341
303	342
304	305
304	306
304	307
304	308
304	309
304	340
305	306
305	307
305	339
305	340
306	307
306	308
307	308
307	309
308	309
309	310
309	311
309	327
310	311
310	312
310	320
311	312
311	318
311	319
311	320
312	313
312	314
312	316
312	317
312	318
312	319
312	320
313	314
313	315
313	316
313	317
313	318
313	319
314	315
314	316
315	316
315	317
316	317
316	318
317	318
317	319
318	319
318	320
319	320
319	321
319	322
320	321
320	322
320	323
321	322
321	323
321	324
321	369
321	370
321	371
322	323
322	324
322	367
322	368
322	369
322	370
322	371
323	324
323	325
323	326
323	327
323	371
324	325
324	326
324	327
324	328
324	371
324	373
325	326
325	327
325	328
325	329
325	373
326	327
326	328
326	329
326	330
327	328
327	329
327	330
328	329
328	330
328	331
329	330
329	331
329	332
329	333
330	331
330	332
330	333
331	332
331	333
331	334
332	333
332	334
333	334
333	411
333	412
333	413
333	418
334	335
334	336
334	338
334	410
334	411
334	412
335	336
335	337
335	338
335	410
335	411
335	412
336	337
336	338
337	338
337	339
338	339
338	340
338	391
339	340
339	391
340	341
340	390
340	391
340	392
341	342
341	343
341	389
341	390
341	391
342	343
342	344
342	387
342	388
342	389
342	390
343	344
343	345
343	386
343	387
343	388
344	345
344	384
344	385
344	386
344	387
345	346
345	347
345	382
345	383
345	384
345	385
346	347
346	348
346	382
346	383
346	384
347	348
347	349
347	380
347	381
347	382
347	383
348	349
348	350
348	357
348	363
348	380
348	381
348	382
349	350
349	357
349	358
349	359
349	360
349	362
349	363
349	378
349	379
349	380
349	381
350	351
350	352
350	355
350	356
350	357
350	358
350	379
350	380
350	381
350	416
351	352
351	353
351	354
351	355
351	356
351	357
351	358
351	379
352	353
352	354
352	355
352	379
352	416
353	354
353	355
354	355
354	356
355	356
356	357
356	358
357	358
357	359
357	443
358	359
358	360
358	362
359	360
359	361
359	362
359	363
360	361
360	362
360	363
360	364
361	362
361	363
361	364
362	363
362	364
362	365
363	364
363	365
363	366
363	378
364	365
364	366
365	366
365	367
366	367
366	368
366	378
367	368
367	369
367	370
368	369
368	370
369	370
369	371
370	371
370	372
371	372
371	373
372	373
372	374
372	375
373	374
373	375
373	376
374	375
374	376
375	376
375	377
376	377
376	378
376	379
377	378
377	379
378	379
378	380
379	380
380	381
380	382
381	382
381	383
381	416
381	417
381	418
382	383
382	384
382	417
382	418
382	419
383	384
383	385
383	418
383	419
383	420
383	421
384	385
384	386
384	419
384	420
384	421
385	386
385	420
385	421
386	387
386	388
386	403
386	404
386	407
387	388
387	389
387	403
387	404
387	407
388	389
388	394
388	395
388	396
389	390
389	393
389	394
389	395
390	391
390	392
390	393
390	394
391	392
391	393
392	393
392	394
393	394
393	395
394	395
394	396
395	396
395	397
395	398
395	403
396	397
396	398
396	456
396	457
396	458
397	398
397	399
397	456
397	457
397	458
398	399
398	400
398	402
398	403
398	456
399	400
399	401
399	402
399	403
399	451
399	452
399	455
399	456
400	401
400	402
400	403
400	404
400	451
400	452
400	455
400	456
401	402
401	403
401	404
401	405
401	451
401	452
402	403
402	404
402	405
402	406
403	404
403	405
403	406
403	407
404	405
404	406
404	407
404	408
405	406
405	407
405	408
405	409
406	407
406	408
406	409
406	410
407	408
407	409
407	410
407	411
408	409
408	410
408	411
409	410
409	411
410	411
410	412
411	412
411	413
412	413
412	414
413	414
413	415
413	418
413	419
413	420
414	415
414	416
414	417
414	418
414	419
415	416
415	417
415	418
415	419
416	417
416	418
417	418
417	419
418	419
419	420
419	421
420	421
420	422
421	422
421	423
422	423
422	424
423	424
423	425
424	425
424	426
425	426
426	427
426	428
427	428
427	429
428	429
428	430
428	431
428	432
429	430
429	431
429	432
429	433
430	431
430	432
430	433
430	434
431	432
431	433
431	434
431	435
432	433
432	434
432	435
432	436
433	434
433	435
433	436
433	437
434	435
434	436
434	437
434	438
435	436
435	437
435	438
435	439
436	437
436	438
436	439
436	440
436	446
436	447
437	438
437	439
437	440
437	441
438	439
438	440
438	441
438	442
439	440
439	441
439	442
439	443
439	444
439	446
439	447
440	441
440	442
440	443
440	444
440	445
440	446
441	442
441	443
442	443
442	444
443	444
443	445
444	445
444	446
445	446
445	447
445	470
445	471
446	447
446	469
446	470
446	471
447	448
447	468
447	469
447	470
448	449
448	450
448	466
448	467
448	468
449	450
449	451
449	466
449	467
450	451
450	452
450	453
450	454
450	455
451	452
451	453
451	455
452	453
452	454
452	455
453	454
453	455
454	455
454	456
455	456
455	457
456	457
456	458
457	458
457	459
458	459
458	460
458	461
459	460
459	461
459	462
459	463
460	461
460	462
460	463
461	462
461	463
462	463
462	464
462	465
463	464
463	465
464	465
464	466
465	466
465	467
466	467
466	468
467	468
467	469
468	469
468	470
469	470
469	471
470	471
470	472
470	473
470	474
471	472
471	473
471	474
471	475
472	473
472	474
472	475
472	476
472	477
472	478
472	571
473	474
473	475
473	476
473	477
473	478
474	475
474	476
475	476
475	477
475	478
476	477
476	478
477	478
477	479
478	479
478	480
478	569
478	571
479	480
479	481
479	569
479	570
479	571
480	481
480	567
480	568
480	569
480	570
481	482
481	483
481	567
481	568
481	569
481	612
482	483
482	565
482	566
482	567
482	568
482	611
482	612
483	484
483	485
483	504
483	505
483	506
483	565
483	566
483	567
483	611
483	612
484	485
484	486
484	504
484	505
484	506
484	562
484	563
484	564
484	565
484	566
484	608
484	611
485	486
485	487
485	502
485	503
485	504
485	505
485	560
485	562
485	563
485	564
485	565
486	487
486	503
486	504
486	505
486	559
486	560
486	561
486	562
487	488
487	489
487	502
487	503
487	556
487	558
487	559
487	560
488	489
488	490
488	499
488	501
488	502
488	503
488	556
488	557
488	558
488	559
488	560
489	490
489	491
489	499
489	500
489	501
489	502
489	556
489	557
489	558
490	491
490	492
490	498
490	499
490	500
490	501
490	557
491	492
491	495
491	496
491	497
491	498
491	499
491	500
491	501
492	493
492	494
492	495
492	496
492	497
492	500
493	494
493	495
493	496
494	495
494	496
495	496
495	497
495	498
495	499
495	500
496	497
496	498
497	498
497	499
498	499
498	500
498	533
499	500
499	501
499	533
500	501
500	521
501	502
501	519
501	520
501	521
502	503
502	504
502	519
502	520
502	521
503	504
503	505
503	516
503	518
503	519
503	520
503	556
504	505
504	516
504	517
504	518
504	519
505	506
505	507
505	514
505	515
505	516
505	517
506	507
506	508
506	514
506	515
506	516
506	517
506	581
506	611
506	612
506	613
506	614
507	508
507	509
507	513
507	514
507	515
507	609
507	611
507	612
507	613
507	614
508	509
508	510
508	511
508	512
508	513
508	514
508	515
508	613
508	614
509	510
509	511
509	512
509	513
510	511
510	512
511	512
511	513
512	513
512	547
513	514
513	515
513	547
513	548
513	549
514	515
514	516
514	547
514	548
514	549
515	516
515	517
515	548
515	549
515	550
515	580
515	581
516	517
516	518
516	549
516	550
516	579
516	580
516	581
517	518
517	579
517	580
517	581
517	592
517	593
518	519
518	520
518	593
518	594
519	520
519	521
520	521
520	522
520	597
520	598
520	599
521	522
522	523
522	524
522	598
522	599
523	524
523	525
523	598
523	599
523	600
524	525
524	526
524	528
524	529
524	599
524	600
525	526
525	527
525	528
525	529
526	527
526	528
526	529
526	530
527	528
527	529
527	530
527	531
528	529
528	530
528	531
528	532
529	530
529	531
529	532
529	533
530	531
530	532
530	533
530	534
531	532
531	533
531	534
531	535
532	533
532	534
532	535
532	536
533	534
533	535
533	536
533	537
534	535
534	536
534	537
535	536
535	537
535	538
536	537
536	538
536	539
536	540
536	560
537	538
537	539
537	540
538	539
538	540
539	540
539	541
539	560
539	561
540	541
540	542
540	558
540	559
540	560
540	561
541	542
541	543
541	544
541	559
541	560
541	561
542	543
542	559
543	544
543	545
543	559
544	545
544	546
544	548
544	559
545	546
545	547
545	548
546	547
546	548
547	548
547	549
548	549
548	550
549	550
549	551
549	580
550	551
550	552
550	553
550	579
550	580
551	552
551	553
551	578
551	579
551	580
552	553
552	554
552	578
552	579
553	554
553	555
553	578
553	579
554	555
554	556
555	556
555	557
556	557
556	558
556	559
557	558
557	559
558	559
558	560
559	560
559	561
560	561
560	562
561	562
561	563
562	563
562	564
562	608
563	564
563	565
563	607
563	608
564	565
564	566
565	566
565	567
565	602
565	603
565	604
565	606
565	607
565	608
565	611
566	567
566	568
566	601
566	602
566	603
567	568
567	569
567	599
567	600
567	601
567	602
567	603
568	569
568	570
568	597
568	598
568	599
568	600
569	570
569	597
569	598
569	599
569	600
570	571
570	572
570	594
570	595
570	596
570	597
570	598
571	572
571	595
571	596
572	573
572	574
572	594
572	595
573	574
573	592
573	593
573	594
573	595
573	621
574	575
574	576
574	592
574	593
574	594
575	576
575	577
575	590
575	591
575	592
575	593
576	577
576	578
576	579
576	590
576	591
576	592
576	593
577	578
577	579
577	590
577	591
578	579
578	580
579	580
579	581
579	591
579	592
579	593
580	581
580	582
580	583
580	591
581	582
581	583
581	591
581	592
581	614
582	583
582	584
582	585
582	591
582	592
582	614
582	615
582	617
582	618
583	584
583	585
583	586
583	587
583	588
583	589
583	590
583	591
583	592
584	585
584	586
584	587
584	588
584	589
584	591
585	586
585	587
585	615
585	618
586	587
586	588
586	618
587	588
587	589
587	590
587	591
588	589
588	590
589	590
589	591
590	591
590	592
591	592
592	593
593	594
593	595
594	595
594	596
594	597
595	596
595	597
596	597
596	598
597	598
597	599
598	599
598	600
599	600
599	601
600	601
601	602
601	603
602	603
602	604
603	604
603	605
603	606
604	605
604	606
605	606
605	607
606	607
606	608
606	610
606	611
607	608
607	609
607	610
607	611
608	609
608	610
608	611
609	610
609	611
610	611
610	612
611	612
611	613
612	613
612	614
612	616
613	614
613	615
613	616
613	617
614	615
614	616
614	617
614	618
615	616
615	617
615	618
615	619
616	617
616	618
616	619
616	620
617	618
617	619
617	620
617	621
618	619
618	620
618	621
618	622
619	620
619	621
619	622
619	623
620	621
620	622
620	623
620	624
621	622
621	623
621	624
622	623
622	624
622	625
623	624
623	625
624	625
