0	1
0	112
1	2
1	3
1	109
1	110
1	111
1	112
2	3
2	4
2	108
2	109
2	110
2	111
2	112
2	113
2	114
2	166
3	4
3	5
3	113
3	114
3	115
3	164
3	165
3	166
3	167
4	5
4	6
4	47
4	114
4	115
4	116
4	164
4	165
4	166
5	6
5	114
5	115
5	116
5	161
5	163
5	164
5	165
6	7
6	8
6	9
6	47
6	48
6	161
6	162
6	163
6	164
7	8
7	160
7	161
7	162
7	163
8	9
8	10
8	162
8	163
9	10
9	11
9	163
9	164
9	165
10	11
10	12
11	12
11	13
11	15
11	16
12	13
12	14
12	15
12	16
12	89
13	14
13	15
13	16
13	17
14	15
14	16
14	17
14	18
15	16
15	17
15	18
15	19
16	17
16	18
16	19
16	20
17	18
17	19
17	20
17	21
18	19
18	20
18	21
18	22
19	20
19	21
19	22
19	23
20	21
20	22
20	23
21	22
21	23
22	23
22	24
22	25
22	26
23	24
23	25
23	26
23	27
23	74
24	25
24	26
24	27
24	28
24	41
25	26
25	27
25	28
25	29
25	298
25	299
26	27
26	28
26	29
26	30
26	97
26	298
27	28
27	29
27	30
27	31
28	29
28	30
28	31
28	32
28	38
29	30
29	31
29	32
29	33
30	31
30	32
30	33
30	34
31	32
31	33
31	34
31	35
31	36
31	37
31	38
32	33
32	34
32	35
32	36
33	34
33	35
34	35
34	36
35	36
35	37
36	37
36	38
37	38
37	39
38	39
39	40
39	41
39	66
39	67
40	41
40	42
40	66
40	67
41	42
41	64
41	65
41	66
41	67
42	43
42	44
42	64
42	65
42	66
42	170
43	44
43	45
43	62
43	63
43	64
43	65
43	170
44	45
44	46
44	62
44	63
44	64
44	65
44	167
44	168
44	169
44	170
45	46
45	47
45	62
45	63
45	165
45	166
45	167
45	168
45	169
45	170
46	47
46	48
46	60
46	61
46	62
46	63
46	167
47	48
47	49
47	60
47	61
47	62
47	165
48	49
48	50
48	57
48	60
48	61
49	50
49	56
49	57
49	117
49	118
50	51
50	52
50	54
50	55
50	56
50	57
50	117
50	118
50	119
51	52
51	53
51	54
51	55
51	56
51	118
51	119
51	120
51	328
52	53
52	54
52	118
52	119
52	152
52	153
52	154
53	54
53	55
53	154
53	157
54	55
54	56
54	154
54	156
54	157
55	56
55	57
56	57
56	58
57	58
57	59
57	329
58	59
58	77
58	329
59	60
59	61
59	75
59	76
59	77
60	61
60	62
60	75
60	76
60	77
61	62
61	63
61	73
61	74
61	75
61	76
62	63
62	64
62	73
62	74
62	75
63	64
63	65
63	70
63	72
63	73
63	74
63	167
64	65
64	66
64	70
64	71
64	72
64	73
64	74
65	66
65	67
65	68
65	69
65	70
65	71
66	67
66	68
66	69
66	70
66	71
67	68
67	69
68	69
68	70
69	70
69	71
69	106
70	71
70	72
70	102
70	106
71	72
71	99
71	102
71	103
72	73
72	74
72	97
72	98
72	99
72	100
72	102
73	74
73	75
73	97
73	98
73	99
73	100
73	102
74	75
74	76
74	95
74	96
74	97
74	98
75	76
75	77
75	95
75	96
75	97
76	77
76	93
76	94
76	95
76	96
77	78
77	79
77	93
77	94
77	95
77	325
78	79
78	80
78	83
78	84
78	91
78	92
78	93
78	94
79	80
79	83
79	92
79	93
79	94
79	321
79	322
79	323
80	81
80	82
80	83
80	321
80	322
80	323
81	82
81	83
81	84
81	323
82	83
82	84
82	85
83	84
83	85
83	86
83	91
83	92
84	85
84	86
85	86
85	87
86	87
86	88
86	90
86	91
87	88
87	89
87	90
87	91
88	89
88	90
88	91
89	90
89	91
90	91
90	92
91	92
91	93
92	93
92	94
93	94
93	95
94	95
94	96
94	317
94	318
94	321
95	96
95	97
95	317
95	318
96	97
96	98
96	315
96	316
96	317
96	318
97	98
97	315
97	316
97	317
98	99
98	100
98	314
98	315
98	316
99	100
99	101
99	102
99	313
100	101
100	102
101	102
101	103
101	104
101	105
102	103
102	104
102	105
102	106
103	104
103	105
103	106
103	107
104	105
104	106
104	107
105	106
105	107
105	108
105	109
106	107
106	108
106	109
107	108
107	109
108	109
108	110
108	111
109	110
109	111
109	168
110	111
110	112
111	112
111	113
112	113
113	114
114	115
114	128
115	116
115	117
115	126
115	127
115	128
116	117
116	118
116	126
116	127
117	118
117	125
117	126
117	127
118	119
118	124
118	125
118	126
119	120
119	123
119	124
119	125
119	327
119	328
120	121
120	122
120	123
120	124
120	327
120	328
121	122
121	123
121	143
121	327
121	328
122	123
122	137
122	138
122	139
122	143
123	124
123	125
123	136
123	137
123	138
123	327
124	125
124	134
124	135
124	136
124	137
124	327
125	126
125	127
125	132
125	133
125	134
125	135
125	136
126	127
126	128
126	132
126	133
126	134
126	135
127	128
127	129
127	130
127	131
127	132
127	133
128	129
128	130
128	131
128	132
129	130
129	131
130	131
130	132
131	132
131	133
132	133
132	134
132	151
133	134
133	135
134	135
134	136
135	136
135	137
136	137
136	138
137	138
137	139
137	186
138	139
138	140
138	186
138	310
138	327
139	140
139	141
139	143
139	144
139	186
139	187
139	188
139	189
140	141
140	142
140	143
140	144
140	189
141	142
141	143
141	144
141	189
141	229
141	231
142	143
142	144
143	144
143	145
143	146
144	145
144	146
144	188
144	189
144	229
145	146
145	147
145	229
146	147
146	148
147	148
147	149
148	149
148	150
149	150
149	151
150	151
150	152
151	152
151	153
152	153
152	154
153	154
153	155
153	157
154	155
154	156
154	157
154	158
155	156
155	157
155	158
155	159
156	157
156	158
156	159
156	160
157	158
157	159
157	160
157	161
158	159
158	160
158	161
159	160
159	161
160	161
160	162
161	162
161	163
162	163
163	164
164	165
164	166
165	166
165	167
166	167
166	168
166	169
167	168
167	169
168	169
168	170
169	170
171	172
171	173
171	297
171	298
172	173
172	174
172	296
172	297
173	174
173	175
173	295
173	296
173	297
174	175
174	261
174	294
174	295
174	296
175	176
175	177
175	264
175	293
175	294
175	295
176	177
176	178
176	179
176	202
176	264
176	267
176	293
176	294
177	178
177	179
178	179
178	180
178	202
178	205
179	180
179	198
179	199
179	202
179	293
180	181
180	182
180	198
181	182
181	183
181	198
181	312
182	183
183	184
183	185
184	185
184	186
184	309
184	310
184	311
184	312
185	186
185	187
185	188
185	191
185	309
185	310
186	187
186	188
186	310
187	188
188	189
188	190
188	228
188	229
189	190
189	191
189	228
189	229
189	230
189	231
190	191
190	192
190	193
190	194
190	211
190	228
190	231
191	192
191	193
191	194
191	195
191	288
191	289
191	290
191	309
192	193
192	194
192	195
192	196
192	232
192	289
193	194
193	195
193	196
193	197
193	211
193	214
193	215
194	195
194	196
194	197
194	198
194	210
194	211
194	309
195	196
195	197
195	198
195	199
195	271
195	289
195	290
195	291
195	309
196	197
196	198
196	199
196	200
197	198
197	199
197	200
197	201
197	209
197	210
197	211
198	199
198	200
198	201
198	202
199	200
199	201
199	202
199	203
199	269
199	291
200	201
200	202
200	203
200	204
200	209
201	202
201	203
201	204
201	205
201	206
201	207
201	208
201	209
202	203
202	204
202	205
202	206
203	204
203	205
203	267
203	268
203	269
204	205
204	206
205	206
206	207
206	208
207	208
207	209
208	209
208	210
209	210
210	211
210	212
210	213
210	214
211	212
211	213
211	214
211	215
212	213
212	214
212	215
212	216
213	214
213	215
213	216
213	217
214	215
214	216
214	217
214	218
215	216
215	217
215	218
215	219
216	217
216	218
216	219
216	220
217	218
217	219
217	220
218	219
218	220
219	220
219	221
219	222
220	221
220	222
221	222
221	223
222	223
222	224
222	226
222	227
223	224
223	225
223	226
223	227
224	225
224	226
224	227
225	226
225	227
225	228
226	227
226	228
226	229
226	230
227	228
227	229
227	230
228	229
228	230
229	230
229	231
230	231
230	232
231	232
231	233
232	233
232	236
233	234
233	235
233	236
233	237
233	286
234	235
234	236
234	237
234	238
235	236
235	237
235	238
235	239
236	237
236	238
236	239
236	240
237	238
237	239
237	240
237	241
238	239
238	240
238	241
238	242
238	248
239	240
239	241
239	242
239	243
240	241
240	242
240	243
240	244
241	242
241	243
241	244
241	245
241	246
241	247
241	248
242	243
242	244
242	245
242	246
242	247
243	244
243	245
244	245
244	246
245	246
245	247
245	342
245	343
246	247
246	248
246	340
246	341
246	342
246	343
247	248
247	249
247	340
247	341
247	342
247	343
248	249
248	250
248	338
248	339
248	340
248	341
249	250
249	251
249	338
249	339
249	340
250	251
250	252
250	337
250	338
250	339
251	252
251	253
251	336
251	337
251	338
252	253
252	254
252	335
252	336
252	337
253	254
253	255
253	334
253	335
253	336
254	255
254	256
254	322
254	334
254	335
254	336
255	256
255	257
255	259
255	260
256	257
256	258
256	259
256	260
257	258
257	259
257	260
257	261
257	302
257	319
258	259
258	260
258	261
258	262
259	260
259	261
259	262
259	263
260	261
260	262
260	263
260	264
260	294
260	295
261	262
261	263
261	264
261	265
261	294
261	295
262	263
262	264
262	265
262	266
263	264
263	265
263	266
263	267
263	268
264	265
264	266
264	267
264	268
264	294
265	266
265	267
266	267
266	268
267	268
267	269
268	269
268	270
268	340
268	341
269	270
269	271
269	339
269	340
270	271
270	272
270	291
270	292
270	337
270	338
270	339
270	340
271	272
271	273
271	289
271	290
271	291
271	292
271	337
271	338
271	339
272	273
272	274
272	289
272	290
272	291
272	292
272	334
272	336
272	337
272	338
273	274
273	286
273	288
273	289
273	290
273	334
273	335
273	336
273	337
274	275
274	276
274	286
274	287
274	288
274	289
274	332
274	333
274	334
274	335
275	276
275	277
275	285
275	286
275	287
275	288
275	332
275	333
275	334
276	277
276	278
276	279
276	287
276	330
276	331
276	332
276	333
277	278
277	279
277	280
277	281
277	331
277	332
277	333
278	279
278	280
279	280
279	281
280	281
280	282
280	283
281	282
281	283
282	283
282	284
283	284
283	285
284	285
284	286
285	286
285	287
286	287
286	288
287	288
288	289
288	290
289	290
290	291
290	292
290	307
290	308
290	309
291	292
291	293
291	306
291	307
291	308
292	293
292	294
292	305
292	306
292	307
293	294
293	305
293	306
293	307
294	295
294	304
294	305
294	306
295	296
295	303
295	304
295	305
296	297
296	298
296	302
296	303
296	304
297	298
297	299
297	300
297	301
297	302
297	303
298	299
298	300
298	301
298	302
299	300
299	301
300	301
300	302
301	302
301	303
302	303
302	318
302	319
303	304
303	305
303	316
303	317
303	318
303	319
304	305
304	306
304	316
304	317
304	318
304	319
305	306
305	314
305	315
305	316
305	317
306	307
306	308
306	314
306	315
306	316
307	308
307	309
307	314
307	315
308	309
308	310
308	311
309	310
309	311
310	311
311	312
311	313
312	313
313	314
313	315
314	315
314	316
315	316
315	317
316	317
317	318
317	319
318	319
318	320
318	321
319	320
319	321
320	321
320	322
321	322
321	323
322	323
322	324
322	333
322	334
323	324
323	325
323	331
323	332
323	333
323	334
324	325
324	326
324	331
324	332
324	333
325	326
325	330
325	331
325	332
326	327
326	328
326	329
326	330
326	331
327	328
327	329
327	330
328	329
328	330
329	330
329	331
330	331
330	332
331	332
331	333
332	333
332	334
333	334
333	335
334	335
334	336
335	336
336	337
337	338
337	339
338	339
338	340
339	340
339	341
340	341
340	342
341	342
341	343
342	343
342	344
343	344
343	345
344	345
