0	1
1	2
1	3
1	47
2	3
2	4
2	6
2	7
2	44
2	47
2	48
3	4
3	5
3	6
3	7
4	5
4	6
4	7
4	8
5	6
5	7
5	8
5	9
6	7
6	8
6	9
6	10
6	32
7	8
7	9
7	10
8	9
8	10
9	10
9	11
9	12
9	13
10	11
10	12
10	13
10	14
11	12
11	13
11	14
11	15
12	13
12	14
12	15
12	16
13	14
13	15
13	16
13	17
13	24
13	27
13	28
13	29
14	15
14	16
14	17
14	18
14	24
14	55
14	56
15	16
15	17
15	18
15	19
16	17
16	18
16	19
16	20
16	21
16	23
16	24
17	18
17	19
17	20
17	21
17	22
17	23
17	24
17	25
18	19
18	20
18	21
18	56
18	57
19	20
19	21
20	21
20	22
20	23
20	24
21	22
21	23
21	24
21	25
21	60
21	354
22	23
22	24
22	25
22	26
22	354
23	24
23	25
23	26
23	27
23	28
24	25
24	26
24	27
24	28
24	29
25	26
25	27
25	28
25	29
25	30
26	27
26	28
26	29
26	30
26	31
27	28
27	29
27	30
27	31
27	32
28	29
28	30
28	31
28	32
29	30
29	31
29	32
29	33
29	45
30	31
30	32
30	33
30	34
30	35
30	41
31	32
31	33
31	34
31	35
31	36
32	33
32	34
32	35
32	36
32	37
33	34
33	35
33	36
33	37
33	38
33	39
33	40
33	41
34	35
34	36
34	37
34	38
34	39
35	36
35	37
35	38
35	39
36	37
36	38
37	38
37	39
38	39
38	40
39	40
39	41
40	41
40	42
40	43
40	44
41	42
41	43
41	44
41	45
42	43
42	44
42	45
42	46
42	74
42	75
43	44
43	45
43	46
43	47
43	75
43	79
44	45
44	46
44	47
44	48
45	46
45	47
45	48
45	49
45	75
46	47
46	48
46	49
46	50
46	75
46	76
46	79
46	80
47	48
47	49
47	50
47	51
47	80
48	49
48	50
48	51
48	52
49	50
49	51
49	52
49	53
49	61
50	51
50	52
50	53
51	52
51	53
52	53
52	54
52	55
52	56
53	54
53	55
53	56
54	55
54	56
55	56
55	57
56	57
56	58
57	58
57	59
57	60
57	61
58	59
58	60
58	61
58	62
58	105
58	106
59	60
59	61
59	62
59	63
59	106
59	214
60	61
60	62
60	63
60	64
61	62
61	63
61	64
61	65
62	63
62	64
62	65
62	66
62	105
62	106
62	107
62	108
62	109
63	64
63	65
63	66
63	67
63	108
63	109
64	65
64	66
64	67
64	72
65	66
65	67
65	72
65	73
65	75
65	76
66	67
66	68
66	114
66	117
66	118
66	119
67	68
67	69
67	72
67	73
67	114
68	69
68	70
68	72
68	73
69	70
69	71
69	72
69	73
70	71
70	72
70	73
70	74
71	72
71	73
71	74
71	75
72	73
72	74
72	75
72	76
73	74
73	75
73	76
73	77
73	78
74	75
74	76
74	77
74	78
74	79
75	76
75	77
75	78
75	79
75	80
76	77
76	78
76	79
76	80
76	81
77	78
77	79
77	80
77	81
77	82
77	83
77	122
78	79
78	80
78	81
78	82
78	83
78	122
79	80
79	81
79	82
79	83
79	84
80	81
80	82
80	83
80	84
81	82
81	83
81	84
81	85
81	122
81	123
81	127
82	83
82	84
82	85
82	127
83	84
83	85
83	127
84	85
84	86
85	86
85	87
86	87
86	88
87	88
87	89
87	90
87	96
87	128
87	131
88	89
88	90
88	131
89	90
89	91
90	91
90	92
90	94
90	95
90	96
91	92
91	93
91	94
91	95
91	96
92	93
92	94
92	95
92	96
92	97
93	94
93	95
93	96
93	97
93	98
93	99
93	197
93	201
93	202
93	203
94	95
94	96
94	97
94	98
94	99
94	100
95	96
95	97
95	98
95	99
95	100
96	97
96	98
96	99
96	100
96	101
97	98
97	99
97	100
97	101
97	102
98	99
98	100
98	101
98	102
98	103
98	209
98	210
99	100
99	101
99	102
99	103
99	209
99	210
100	101
100	102
100	103
100	104
101	102
101	103
101	104
102	103
102	104
102	105
102	211
103	104
103	105
103	210
103	211
103	212
104	105
105	106
105	107
106	107
106	108
106	109
106	212
106	213
106	214
107	108
107	109
107	110
107	212
107	213
107	214
108	109
108	110
108	111
108	114
108	115
108	213
108	214
109	110
109	111
109	114
109	115
109	213
109	214
110	111
110	112
110	213
110	214
110	217
111	112
111	113
111	114
111	115
112	113
112	114
112	115
112	116
112	273
112	278
112	280
113	114
113	115
113	116
113	117
113	118
114	115
114	116
114	117
114	118
114	119
115	116
115	117
115	118
115	119
115	120
116	117
116	118
116	119
116	120
116	121
117	118
117	119
117	120
117	121
117	122
118	119
118	120
118	121
118	122
119	120
119	121
119	122
119	123
120	121
120	122
120	123
120	124
120	125
120	147
121	122
121	123
121	124
121	125
121	126
121	143
122	123
122	124
122	125
122	126
122	127
123	124
123	125
123	126
123	127
123	128
124	125
124	126
124	127
124	128
124	129
124	139
124	142
124	143
124	147
125	126
125	127
125	128
125	129
125	139
125	142
125	143
125	147
126	127
126	128
126	129
126	130
126	139
127	128
127	129
127	130
127	131
128	129
128	130
128	131
128	132
129	130
129	131
129	132
129	133
129	136
129	138
129	139
129	142
130	131
130	132
130	133
131	132
131	133
132	133
132	134
132	135
133	134
133	135
133	136
134	135
134	136
135	136
135	137
136	137
136	138
136	141
136	142
136	184
137	138
137	141
137	184
137	185
138	139
138	140
138	141
138	142
138	185
139	140
139	141
139	142
139	143
140	141
140	142
140	143
140	144
141	142
141	143
141	144
141	145
141	146
141	183
141	184
141	185
142	143
142	144
142	145
142	146
142	147
143	144
143	145
143	146
143	147
143	148
144	145
144	146
144	147
144	148
144	149
145	146
145	147
145	148
145	149
145	150
146	147
146	148
146	149
146	150
147	148
147	149
147	150
147	151
148	149
148	150
148	151
148	152
149	150
149	151
149	152
149	153
150	151
150	152
150	153
150	154
151	152
151	153
151	154
151	155
152	153
152	154
152	155
152	156
152	277
153	154
153	155
153	156
153	157
154	155
154	156
154	157
154	158
154	203
154	207
154	208
154	209
155	156
155	157
155	158
155	159
155	306
156	157
156	158
156	159
156	163
156	164
156	169
156	170
157	158
157	159
157	169
157	170
157	204
158	159
158	160
158	161
159	160
159	161
159	162
159	163
159	164
159	310
160	161
160	162
160	163
160	164
161	162
161	163
161	164
162	163
162	164
162	165
163	164
163	165
163	166
163	168
163	169
163	170
164	165
164	166
164	168
164	169
164	170
165	166
165	167
165	168
165	169
165	170
166	167
166	168
166	169
166	170
167	168
167	169
167	170
168	169
168	170
168	171
169	170
169	171
169	172
170	171
170	172
171	172
171	173
171	175
171	176
172	173
172	174
172	175
172	176
173	174
173	175
173	176
173	177
173	195
173	198
174	175
174	176
174	177
174	178
175	176
175	177
175	178
175	179
176	177
176	178
176	179
176	180
177	178
177	179
177	180
177	181
177	191
177	194
178	179
178	180
178	181
179	180
179	181
180	181
180	182
180	183
181	182
181	183
181	188
182	183
182	184
182	185
182	186
182	187
182	188
183	184
183	185
183	186
183	187
183	188
184	185
184	186
184	187
184	188
184	189
185	186
185	187
186	187
186	188
187	188
187	189
188	189
188	190
189	190
189	191
189	193
189	194
190	191
190	192
190	193
190	194
191	192
191	193
191	194
191	195
192	193
192	194
192	195
192	196
193	194
193	195
193	196
193	197
194	195
194	196
194	197
194	198
195	196
195	197
195	198
195	199
195	200
196	197
196	198
196	199
196	200
196	201
196	202
197	198
197	199
197	200
197	201
197	202
197	203
198	199
198	200
198	201
198	202
198	203
198	204
199	200
199	201
199	202
199	203
199	204
199	205
200	201
200	202
200	203
200	204
200	205
201	202
201	203
201	204
201	205
201	206
202	203
202	204
202	205
202	206
203	204
203	205
203	206
203	207
203	208
204	205
204	206
204	207
204	208
205	206
205	207
205	208
206	207
206	208
206	209
207	208
207	209
207	210
208	209
208	210
209	210
209	211
210	211
210	212
211	212
211	213
212	213
212	214
213	214
213	215
214	215
214	216
214	217
215	216
216	217
216	218
217	218
217	219
217	351
218	219
218	220
218	321
218	351
218	352
218	353
219	220
219	221
219	222
219	319
219	320
219	321
219	350
219	351
219	352
219	353
220	221
220	222
220	223
220	319
220	320
220	321
220	336
220	345
220	348
220	349
220	350
220	351
221	222
221	223
221	224
221	317
221	318
221	319
221	320
221	345
221	346
221	347
221	348
221	349
221	350
222	223
222	224
222	317
222	318
222	319
222	320
222	345
222	346
222	347
222	348
222	349
222	350
223	224
223	225
223	317
223	318
223	319
223	344
223	345
223	346
223	347
224	225
224	228
224	315
224	316
224	317
224	318
224	346
224	347
225	226
225	227
225	228
225	315
225	316
226	227
226	228
226	315
227	228
227	229
227	230
228	229
228	230
228	231
228	235
228	316
228	342
228	343
229	230
229	231
229	235
229	236
229	316
230	231
230	232
230	233
231	232
231	233
231	234
231	235
231	236
231	340
231	341
231	342
231	343
232	233
232	234
232	235
232	236
232	237
233	234
233	235
233	236
233	237
234	235
234	236
234	237
234	238
234	253
234	339
235	236
235	237
235	238
235	239
236	237
236	238
236	239
236	240
236	241
237	238
237	239
237	240
237	241
237	242
237	253
238	239
238	240
238	241
238	242
238	243
238	253
239	240
239	241
239	242
239	243
240	241
240	242
240	243
240	244
240	245
241	242
241	243
241	244
241	245
242	243
242	244
242	245
243	244
243	245
243	265
244	245
244	246
245	246
245	247
245	248
246	247
246	248
247	248
247	249
248	249
248	250
249	250
249	251
249	252
250	251
250	252
250	253
250	254
250	263
251	252
251	253
251	254
251	255
251	257
251	259
252	253
252	254
252	255
253	254
253	255
254	255
254	256
254	257
254	335
254	338
255	256
255	257
256	257
256	258
256	334
256	338
257	258
257	259
257	331
257	334
258	259
258	260
258	261
259	260
259	261
260	261
260	262
260	288
260	289
260	290
261	262
261	263
261	286
261	287
261	288
261	289
262	263
262	286
262	287
262	288
262	289
263	264
263	265
263	284
263	285
263	286
263	287
264	265
264	266
264	284
264	285
265	266
265	267
265	282
265	283
265	284
265	285
266	267
266	268
266	282
266	283
266	284
267	268
267	269
267	281
267	282
267	283
268	269
268	270
268	271
268	273
268	274
268	275
268	280
268	281
268	282
269	270
269	271
269	272
269	273
269	274
269	275
270	271
270	272
270	273
270	274
270	275
270	276
271	272
271	273
271	274
271	275
271	276
272	273
272	274
272	275
272	276
272	277
273	274
273	275
273	276
273	277
273	278
273	279
273	280
274	275
274	276
274	277
274	278
274	279
274	280
274	281
275	276
275	277
275	278
275	279
275	280
275	281
276	277
276	278
276	279
276	306
276	307
277	278
277	279
277	306
277	307
278	279
278	280
278	307
278	312
279	280
279	281
279	301
279	302
279	303
279	304
279	307
280	281
280	282
280	300
280	301
280	302
281	282
281	300
281	301
281	302
282	283
282	284
282	299
282	300
283	284
283	285
283	297
283	298
283	299
283	300
284	285
284	286
284	297
284	298
284	299
285	286
285	287
285	296
285	297
285	298
286	287
286	288
286	294
286	295
286	296
286	297
287	288
287	289
287	292
287	293
287	294
287	295
287	296
288	289
288	290
288	291
288	292
288	293
288	294
288	295
289	290
289	291
289	292
290	291
290	292
291	292
291	293
292	293
292	294
292	295
292	325
293	294
293	295
293	325
293	326
293	327
293	328
293	331
294	295
294	296
294	322
294	323
294	325
294	328
294	331
295	296
295	322
295	323
295	325
295	328
295	331
296	297
296	298
296	320
296	321
296	322
296	323
296	328
296	331
296	332
297	298
297	299
297	320
297	321
297	322
298	299
298	300
298	318
298	319
298	320
298	321
299	300
299	301
299	318
299	319
299	320
300	301
300	302
300	317
300	318
300	319
301	302
301	303
301	316
301	317
301	318
302	303
302	304
302	315
302	316
302	317
303	304
303	305
303	307
303	308
303	309
303	314
303	315
303	316
304	305
304	306
304	307
304	308
304	309
305	306
305	307
305	308
305	309
306	307
306	308
306	309
306	310
307	308
307	309
307	310
307	311
307	312
308	309
308	310
308	311
308	312
308	313
308	314
309	310
309	311
309	312
309	313
309	314
310	311
310	312
310	313
311	312
311	313
312	313
313	314
313	315
314	315
314	316
315	316
315	317
316	317
317	318
317	319
318	319
318	320
319	320
319	321
320	321
320	322
320	332
320	336
321	322
321	323
321	332
322	323
322	324
322	328
322	329
322	332
323	324
323	325
323	328
324	325
324	326
324	328
324	355
325	326
325	327
325	328
326	327
326	328
327	328
327	329
327	330
327	331
328	329
328	330
328	331
328	332
329	330
329	331
329	332
329	333
329	361
329	364
330	331
330	332
330	333
330	334
330	364
331	332
331	333
331	334
331	335
332	333
332	334
332	335
332	336
333	334
333	335
333	336
333	337
333	364
333	365
333	368
334	335
334	336
334	337
334	338
334	365
334	368
335	336
335	337
335	338
336	337
336	338
336	339
337	338
337	339
337	365
337	368
337	369
338	339
338	340
338	341
339	340
339	341
339	342
339	343
340	341
340	342
340	343
340	344
341	342
341	343
341	344
342	343
342	344
342	345
343	344
343	345
344	345
344	346
344	347
345	346
345	347
345	348
345	349
346	347
346	348
346	349
347	348
347	349
348	349
348	350
348	351
349	350
349	351
350	351
350	352
350	358
350	362
351	352
351	353
351	358
352	353
352	354
352	356
352	357
352	358
353	354
353	355
353	356
353	357
354	355
354	356
355	356
355	357
356	357
356	358
356	360
357	358
357	359
357	360
357	361
358	359
358	360
358	361
358	362
359	360
359	361
359	362
359	363
360	361
360	362
360	363
360	364
361	362
361	363
361	364
361	365
362	363
362	364
362	365
362	366
363	364
363	365
363	366
363	367
364	365
364	366
364	367
364	368
365	366
365	367
365	368
365	369
366	367
366	368
366	369
366	370
366	371
367	368
367	369
367	370
367	371
367	372
368	369
368	370
368	371
368	372
368	373
369	370
369	371
369	372
369	373
369	374
370	371
370	372
370	373
370	374
370	375
371	372
371	373
371	374
371	375
372	373
372	374
372	375
372	376
373	374
373	375
373	376
373	377
374	375
374	376
374	377
374	378
375	376
375	377
375	378
375	379
375	380
376	377
376	378
376	379
377	378
377	379
378	379
378	380
379	380
379	381
380	381
380	382
381	382
381	383
382	383
