0	1
0	2
0	3
0	34
0	35
0	36
1	2
1	3
1	8
2	3
2	4
3	4
3	5
3	7
3	8
4	5
4	6
4	7
4	8
5	6
5	7
5	8
5	9
6	7
6	8
6	9
7	8
7	9
7	10
7	11
7	369
7	370
8	9
8	10
8	11
8	12
9	10
9	11
9	12
9	13
10	11
10	12
10	13
10	14
10	369
11	12
11	13
11	14
11	36
11	37
12	13
12	14
12	36
12	37
12	38
13	14
13	15
14	15
14	16
14	39
14	106
15	16
15	17
15	39
15	40
15	105
15	106
16	17
16	18
16	39
16	40
16	41
16	105
16	106
16	107
16	108
17	18
17	19
17	40
17	41
17	42
17	105
17	107
17	108
17	109
18	19
18	20
18	25
18	41
18	42
18	43
18	108
18	109
18	110
18	111
19	20
19	21
19	42
19	43
19	44
19	109
19	110
19	111
19	112
20	21
20	22
20	25
20	43
20	44
20	110
20	111
20	112
21	22
21	23
21	25
21	26
21	43
21	44
21	68
21	69
22	23
22	24
22	25
22	26
22	56
23	24
23	25
23	26
23	27
23	55
23	56
23	354
24	25
24	26
24	27
24	28
24	111
24	354
24	355
24	358
25	26
25	27
25	28
25	29
25	111
26	27
26	28
26	29
26	30
26	56
26	57
26	58
26	72
27	28
27	29
27	30
27	31
27	354
27	355
27	358
28	29
28	30
28	31
28	32
28	358
29	30
29	31
29	32
29	33
30	31
30	32
30	33
30	34
30	76
31	32
31	33
31	34
31	35
31	359
32	33
32	34
32	35
32	36
32	37
32	362
33	34
33	35
33	36
33	37
33	38
34	35
34	36
35	36
35	37
36	37
36	38
37	38
37	39
38	39
38	40
38	83
38	84
39	40
39	41
39	83
39	84
39	85
40	41
40	42
40	84
40	85
40	86
41	42
41	43
41	85
41	86
41	87
42	43
42	44
42	69
42	86
42	87
42	88
43	44
43	45
43	69
43	87
43	88
43	89
43	90
44	45
44	46
44	68
44	69
44	88
44	89
44	90
44	91
45	46
45	89
45	90
45	91
46	47
46	48
46	67
46	68
47	48
47	49
47	65
47	66
47	67
47	68
48	49
48	50
48	52
48	63
48	64
48	65
48	66
48	67
48	68
49	50
49	51
49	52
49	64
49	65
50	51
50	52
50	53
50	61
50	64
51	52
51	53
51	54
52	53
52	54
52	55
52	56
53	54
53	55
53	56
53	57
53	59
53	60
54	55
54	56
54	350
54	351
55	56
55	57
55	350
55	351
56	57
56	58
56	59
57	58
57	59
58	59
58	60
58	72
58	75
59	60
59	61
59	63
59	71
59	72
60	61
60	62
60	63
61	62
61	63
61	64
62	63
62	64
63	64
63	65
63	66
64	65
64	66
65	66
65	67
66	67
66	68
67	68
67	69
67	70
67	71
67	89
68	69
68	70
68	71
68	72
69	70
69	71
69	72
69	73
69	87
69	88
69	89
70	71
70	72
70	73
70	74
70	87
70	89
71	72
71	73
71	74
71	75
72	73
72	74
72	75
72	76
73	74
73	75
73	76
73	77
73	85
73	87
74	75
74	76
74	77
74	78
75	76
75	77
75	78
76	77
76	78
76	79
76	80
77	78
77	79
77	80
77	81
77	83
78	79
78	80
78	81
79	80
79	81
80	81
80	82
80	83
81	82
81	83
82	83
82	84
83	84
83	85
84	85
84	86
85	86
85	87
86	87
86	88
87	88
87	89
88	89
88	90
89	90
90	91
90	92
91	92
91	93
91	94
92	93
92	94
92	97
93	94
93	95
93	117
93	120
94	95
94	96
94	97
95	96
95	97
95	98
95	486
96	97
96	98
97	98
97	99
97	101
97	102
98	99
98	100
98	101
98	102
98	486
99	100
99	101
99	102
99	103
99	124
99	127
99	128
100	101
100	102
100	103
100	104
101	102
101	103
101	104
102	103
102	104
102	105
102	125
102	128
103	104
103	105
103	128
103	130
104	105
104	106
105	106
105	107
105	108
106	107
106	130
107	108
107	109
107	130
107	131
107	132
108	109
108	110
108	131
108	132
108	133
109	110
109	111
109	132
109	133
109	134
110	111
110	112
110	133
110	134
110	135
111	112
111	135
111	136
112	113
112	114
112	118
113	114
113	115
114	115
114	116
114	117
114	118
115	116
115	117
115	118
115	119
116	117
116	118
116	119
116	120
116	437
117	118
117	119
117	120
117	121
118	119
118	120
118	121
118	122
119	120
119	121
119	122
119	123
119	155
119	156
119	437
120	121
120	122
120	123
120	124
121	122
121	123
121	124
121	125
122	123
122	124
122	125
122	126
122	154
122	155
123	124
123	125
123	126
123	127
123	487
124	125
124	126
124	127
124	128
124	487
125	126
125	127
125	128
125	129
125	130
125	131
125	132
126	127
126	128
126	129
126	130
126	149
127	128
127	129
127	487
127	488
128	129
128	130
129	130
129	131
129	149
130	131
130	132
130	148
131	132
131	133
131	147
131	148
132	133
132	134
132	146
132	147
132	148
133	134
133	135
133	144
133	145
133	146
133	147
133	361
134	135
134	144
134	145
134	146
135	136
135	143
135	144
135	145
136	137
136	142
136	143
136	144
137	138
137	139
137	141
137	142
137	143
137	353
137	354
138	139
138	140
138	141
138	142
138	347
138	348
138	349
139	140
139	141
139	348
139	349
139	350
140	141
140	142
140	353
140	383
141	142
141	353
141	381
141	382
141	383
142	143
142	357
142	380
142	381
143	144
143	145
143	357
143	379
143	380
143	381
144	145
144	357
144	361
144	378
144	379
144	380
145	146
145	147
145	377
145	378
145	379
146	147
146	148
146	377
146	378
147	148
147	149
147	152
147	153
147	154
148	149
148	150
148	151
148	152
149	150
149	151
149	152
150	151
150	152
150	400
151	152
151	399
151	400
152	153
152	154
152	397
152	398
152	399
152	400
153	154
153	155
153	157
153	398
153	399
153	400
153	401
154	155
154	156
154	157
154	400
154	407
155	156
155	157
155	159
156	157
156	158
156	159
156	406
157	158
157	159
157	401
157	404
158	159
158	160
159	160
159	161
160	161
160	162
161	162
161	163
162	163
162	164
163	164
163	165
164	165
164	166
165	166
165	167
166	167
166	168
166	170
167	168
167	169
167	170
167	171
167	504
168	169
168	170
168	171
168	172
169	170
169	171
169	172
169	173
169	174
169	205
169	208
170	171
170	172
170	173
170	174
170	175
171	172
171	173
171	174
171	175
171	180
171	181
171	184
172	173
172	174
172	202
172	203
172	204
172	205
173	174
173	175
173	204
173	205
173	243
174	175
174	176
175	176
175	177
175	180
175	181
176	177
176	180
177	178
177	179
177	180
177	181
178	179
178	180
178	181
178	182
178	326
179	180
179	181
179	182
179	183
180	181
180	182
180	183
180	184
181	182
181	183
181	184
181	185
181	322
181	325
181	326
182	183
182	184
182	185
182	186
182	318
182	322
182	343
183	184
183	185
183	186
183	187
184	185
184	186
184	187
184	188
184	202
184	322
185	186
185	187
185	188
185	189
185	318
185	321
185	322
186	187
186	188
186	189
186	190
186	318
187	188
187	189
187	190
187	191
187	200
187	201
187	202
188	189
188	190
188	191
188	192
188	202
189	190
189	191
189	192
189	193
189	194
190	191
190	192
190	193
190	194
190	195
190	196
191	192
191	193
191	194
191	195
191	196
191	197
191	217
191	218
192	193
192	194
192	217
192	218
192	221
193	194
193	304
193	305
194	195
194	196
194	304
194	305
194	306
195	196
195	197
195	304
196	197
196	198
197	198
197	199
197	200
198	199
198	200
198	201
199	200
199	201
200	201
200	202
201	202
201	203
202	203
202	204
203	204
203	205
203	239
204	205
204	206
204	239
204	243
205	206
205	207
205	208
206	207
206	208
206	213
207	208
207	209
208	209
208	210
208	211
209	210
209	211
210	211
210	212
210	248
210	249
211	212
211	213
211	246
211	248
211	249
212	213
212	214
213	214
214	245
215	216
215	217
215	219
215	220
216	217
216	218
216	219
216	220
217	218
217	219
217	220
217	221
218	219
218	220
218	221
218	222
219	220
219	221
219	222
219	223
220	221
220	222
220	223
220	224
221	222
221	223
221	224
221	225
221	226
221	231
222	223
222	224
222	225
222	226
223	224
223	225
224	225
224	226
224	227
225	226
225	227
226	227
226	228
226	293
227	228
227	229
227	230
227	231
228	229
228	230
228	231
228	232
228	286
228	289
229	230
229	231
229	232
229	233
229	261
230	231
230	232
230	233
230	234
231	232
231	233
231	234
231	235
232	233
232	234
232	235
232	236
233	234
233	235
233	236
233	237
233	238
233	260
233	261
234	235
234	236
234	237
234	238
234	239
235	236
235	237
235	238
235	239
236	237
236	238
236	239
236	240
236	258
236	259
237	238
237	239
237	240
237	241
237	258
237	259
237	260
238	239
238	240
238	241
238	242
239	240
239	241
239	242
239	243
240	241
240	242
240	243
240	244
240	256
240	257
240	258
241	242
241	243
241	244
241	258
242	243
242	244
242	245
243	244
243	245
243	246
244	245
244	246
244	247
245	246
245	247
246	247
246	248
246	249
247	248
247	249
247	250
247	251
248	249
248	250
248	251
249	250
249	251
249	252
250	251
250	252
250	253
250	254
250	255
251	252
251	253
252	253
253	254
253	255
254	255
254	256
255	256
255	257
256	257
256	258
256	328
256	329
257	258
257	259
257	328
257	329
258	259
258	328
259	260
259	261
260	261
260	262
260	263
260	264
261	262
261	263
261	264
261	265
262	263
262	264
262	265
263	264
263	265
263	266
264	265
264	266
264	279
265	266
265	267
265	279
266	267
268	269
269	270
269	271
269	273
270	271
270	272
270	273
270	274
271	272
271	273
271	274
272	273
272	274
272	335
272	336
272	337
273	274
273	275
273	335
273	336
273	337
273	338
274	275
274	276
274	335
275	276
275	277
275	333
275	334
275	335
276	277
276	278
276	280
276	281
277	278
277	279
277	280
277	281
278	279
278	280
278	281
278	282
278	324
279	280
279	281
279	282
279	283
280	281
280	282
280	283
280	284
281	282
281	283
281	284
281	285
281	320
281	324
282	283
282	284
282	285
282	286
282	320
283	284
283	285
283	286
283	287
284	285
284	286
284	287
284	288
284	316
284	320
285	286
285	287
285	288
285	289
285	317
285	320
285	321
286	287
286	288
286	289
286	290
287	288
287	289
287	290
287	291
288	289
288	290
288	291
288	292
288	313
288	316
288	317
289	290
289	291
289	292
289	293
290	291
290	292
290	293
290	294
291	292
291	293
291	294
291	295
291	313
292	293
292	294
292	295
292	296
292	313
293	294
293	295
293	296
293	297
294	295
294	296
294	297
294	298
295	296
295	297
295	298
295	299
296	297
296	298
296	299
296	303
296	304
296	305
297	298
297	299
297	300
298	299
298	300
299	300
299	303
300	301
300	302
300	303
301	302
301	303
302	303
302	304
303	304
303	305
304	305
304	306
305	306
305	307
306	307
306	308
307	308
307	309
307	314
308	309
308	310
308	311
308	314
309	310
309	311
309	315
309	340
309	344
310	311
310	312
311	312
311	313
311	314
311	315
312	313
312	314
312	315
312	316
313	314
313	315
313	316
313	317
314	315
314	316
314	317
314	318
315	316
315	317
315	318
315	319
316	317
316	318
316	319
316	320
317	318
317	319
317	320
317	321
318	319
318	320
318	321
318	322
319	320
319	321
319	322
319	323
319	336
319	339
320	321
320	322
320	323
320	324
321	322
321	323
321	324
321	325
322	323
322	324
322	325
322	326
323	324
323	325
323	326
323	327
323	333
323	334
324	325
324	326
324	327
324	328
325	326
325	327
325	328
325	329
326	327
326	328
326	329
326	330
326	331
326	332
326	333
327	328
327	329
327	330
327	331
327	332
327	333
328	329
328	330
329	330
329	331
330	331
330	332
331	332
331	333
332	333
332	334
333	334
333	335
334	335
334	336
334	338
334	339
335	336
335	337
335	338
335	339
336	337
336	338
336	339
336	340
337	338
337	339
337	340
337	341
338	339
338	340
338	341
338	342
339	340
339	341
339	342
339	343
340	341
340	342
340	343
340	344
341	342
341	343
341	344
341	345
341	346
342	343
342	344
342	345
343	344
343	345
344	345
344	346
345	346
345	347
346	347
346	348
347	348
347	349
348	349
349	350
350	351
350	352
350	353
350	354
351	352
351	353
351	354
351	355
352	353
352	354
352	355
352	356
353	354
353	355
353	356
353	357
354	355
354	356
354	357
354	358
355	356
355	357
355	358
355	359
356	357
356	358
356	359
356	360
357	358
357	359
357	360
357	361
358	359
358	360
358	361
358	362
359	360
359	361
359	362
359	363
360	361
360	362
360	363
360	364
361	362
361	363
361	364
361	365
362	363
362	364
362	365
362	366
363	364
363	365
363	366
363	367
364	365
364	366
364	367
364	368
364	376
365	366
365	367
365	368
365	369
366	367
366	368
366	369
366	370
367	368
367	369
367	370
367	371
367	372
367	373
367	375
367	376
368	369
368	370
368	371
368	372
368	373
369	370
369	371
370	371
370	372
371	372
371	373
372	373
372	374
372	375
372	376
373	374
373	375
373	376
374	375
374	376
375	376
375	377
376	377
377	378
377	379
377	394
377	395
377	396
377	397
378	379
378	380
378	394
378	395
378	396
378	397
379	380
379	381
379	392
379	393
379	394
379	395
380	381
380	382
380	392
380	393
380	394
381	382
381	383
381	391
381	392
381	393
382	383
382	384
382	385
382	391
382	392
383	384
383	385
384	385
384	386
384	391
385	386
385	387
385	389
385	390
385	391
386	387
386	388
386	389
386	390
386	391
387	388
387	389
388	389
388	390
389	390
389	391
390	391
390	392
390	393
391	392
391	393
392	393
392	394
393	394
393	395
394	395
394	396
395	396
395	397
396	397
396	398
397	398
397	399
398	399
398	400
399	400
399	401
400	401
400	402
401	402
401	403
401	404
402	403
402	404
402	408
403	404
403	405
404	405
404	406
404	407
404	408
405	406
405	407
405	408
405	411
405	412
405	413
406	407
406	408
406	411
407	408
407	409
408	409
408	410
408	411
409	410
409	411
410	411
410	412
411	412
411	491
411	492
412	413
412	491
412	492
412	493
413	414
413	415
413	492
413	493
413	494
413	511
414	415
414	416
414	493
414	494
414	495
414	509
414	510
415	416
415	417
415	493
415	494
415	495
415	496
415	507
415	508
415	509
415	510
416	417
416	495
416	496
416	497
416	498
416	507
416	508
416	509
417	418
417	419
417	496
417	497
417	498
417	499
417	506
417	507
417	508
418	419
418	420
418	421
418	422
418	497
418	498
418	499
419	420
419	421
419	422
419	468
419	469
419	470
419	474
419	497
420	421
420	422
420	468
420	469
420	470
421	422
421	423
421	468
422	423
422	424
422	426
422	468
422	469
423	424
423	425
423	426
423	427
423	465
423	466
423	467
423	468
423	469
424	425
424	426
424	427
424	428
424	453
424	464
424	465
424	466
424	467
424	468
424	469
425	426
425	427
425	428
425	429
425	465
425	466
426	427
426	428
426	429
426	430
426	431
427	428
427	429
427	430
427	431
427	432
428	429
428	430
428	431
428	432
428	433
429	430
429	431
429	432
429	433
429	434
430	431
430	432
430	433
430	434
430	435
431	432
431	433
431	434
431	435
431	436
432	433
432	434
432	435
432	436
432	437
432	438
433	434
433	435
433	436
433	437
433	438
433	439
434	435
434	436
434	437
435	436
435	437
436	437
436	438
437	438
437	439
438	439
438	440
438	441
438	484
439	440
439	441
439	484
440	441
440	442
440	456
440	484
441	442
441	443
441	455
441	456
441	482
441	483
441	484
442	443
442	444
442	454
442	455
442	456
442	482
442	483
442	484
443	444
443	445
443	452
443	453
443	454
443	455
443	480
443	481
443	482
443	483
444	445
444	446
444	450
444	451
444	452
444	453
444	454
444	480
444	481
444	482
445	446
445	447
445	450
445	451
445	452
445	479
445	480
445	481
446	447
446	448
446	450
446	479
446	480
446	481
447	448
447	449
447	450
448	449
448	450
449	450
449	451
450	451
450	452
451	452
451	453
452	453
452	454
453	454
453	464
454	455
454	456
454	461
455	456
455	457
455	460
455	461
456	457
456	458
457	458
457	459
457	460
458	459
458	460
459	460
459	461
459	462
460	461
460	462
461	462
461	463
461	464
461	465
462	463
462	464
462	465
463	464
463	465
464	465
464	466
464	467
465	466
465	467
466	467
466	468
467	468
467	469
467	471
468	469
468	470
468	471
469	470
469	471
469	472
469	474
470	471
470	472
470	473
470	474
470	475
471	472
471	473
472	473
472	474
473	474
473	475
474	475
474	478
475	476
475	477
475	478
476	477
476	478
476	495
476	496
476	497
477	478
477	479
477	494
477	495
477	496
478	479
478	480
478	494
478	495
479	480
479	481
479	492
479	493
479	494
479	495
480	481
480	482
480	492
480	493
480	494
481	482
481	483
481	491
481	492
481	493
482	483
482	484
482	490
482	491
482	492
483	484
483	485
483	489
483	490
483	491
484	485
484	486
484	487
484	488
484	489
484	490
485	486
485	487
485	488
485	489
486	487
486	488
487	488
487	489
488	489
488	490
489	490
489	491
490	491
490	492
491	492
491	493
492	493
492	494
493	494
493	495
494	495
494	496
495	496
495	497
496	497
496	498
497	498
498	499
498	500
498	501
499	500
499	501
500	501
500	502
501	502
501	505
501	506
502	503
502	504
502	505
503	504
503	505
504	505
504	506
505	506
505	507
506	507
507	508
507	509
508	509
508	510
509	510
509	511
509	512
510	511
510	512
511	512
511	513
512	513
