0	1
0	2
1	2
1	3
1	4
1	40
2	3
2	4
2	40
2	41
2	42
3	4
3	5
3	39
3	40
3	41
4	5
4	6
4	39
4	40
4	134
5	6
5	37
5	38
5	39
5	40
5	134
5	135
6	7
6	8
6	37
6	38
6	39
6	132
6	133
6	134
6	135
7	8
7	9
7	17
7	36
7	37
7	38
7	132
7	133
7	134
7	135
7	138
8	9
8	17
8	18
8	130
8	131
8	132
8	133
9	10
9	11
9	14
9	16
9	17
9	18
9	130
9	131
9	132
10	11
10	12
10	13
10	14
10	16
10	17
10	110
10	129
10	130
10	131
11	12
11	13
11	14
11	95
11	126
11	127
11	129
11	130
11	131
12	13
12	14
12	126
12	127
13	14
13	15
13	16
14	15
14	16
15	16
15	17
15	29
15	30
16	17
16	27
16	28
16	29
16	30
17	18
17	19
17	27
17	28
17	29
17	30
17	36
18	19
18	20
18	25
18	26
18	27
18	28
18	36
19	20
19	21
19	25
19	26
19	27
19	28
19	35
19	36
20	21
20	22
20	23
20	24
20	25
20	26
20	35
20	36
20	53
21	22
21	23
21	24
21	25
21	35
22	23
22	24
23	24
23	25
23	73
23	74
23	75
24	25
24	26
24	73
24	74
25	26
25	72
25	73
25	74
26	27
26	28
26	115
26	116
26	117
27	28
27	115
27	116
28	29
28	30
29	30
29	31
30	31
30	32
31	32
31	33
31	36
32	33
32	139
33	34
33	35
33	36
33	37
34	35
34	36
34	37
34	54
34	55
35	36
35	37
35	54
35	55
36	37
36	38
37	38
37	39
37	53
37	54
37	135
38	39
38	40
38	51
38	52
38	53
38	54
39	40
39	41
39	51
39	52
39	53
39	54
40	41
40	42
40	49
40	50
40	51
40	52
41	42
41	43
41	49
41	50
41	51
42	43
42	44
42	48
42	49
42	50
43	44
43	45
43	46
43	47
43	48
43	49
44	45
44	46
44	47
44	48
45	46
45	47
46	47
46	48
47	48
48	49
48	84
48	85
48	86
48	87
48	101
49	50
49	51
49	84
49	85
49	86
50	51
50	52
50	62
50	83
50	84
50	85
51	52
51	53
51	62
51	63
52	53
52	54
52	60
52	61
52	62
52	63
53	54
53	55
53	61
53	62
54	55
54	56
55	56
55	57
55	58
56	57
56	58
56	59
57	58
58	59
59	60
59	61
60	61
60	62
60	76
60	77
61	62
61	63
61	74
61	75
61	76
61	77
62	63
62	64
62	74
62	75
62	76
62	77
62	83
63	64
63	73
63	74
63	75
63	83
64	65
64	66
64	72
64	73
64	74
64	75
64	82
64	83
65	66
65	67
65	71
65	72
65	73
65	82
65	83
66	67
66	68
66	69
66	70
66	71
66	72
66	73
67	68
67	69
67	70
68	69
68	70
69	70
69	71
70	71
70	72
70	118
70	119
71	72
71	73
71	117
71	118
71	119
72	73
72	117
72	118
73	74
73	75
74	75
75	76
75	77
76	77
76	78
77	78
77	79
78	79
78	80
79	80
79	81
79	83
80	81
80	82
80	83
81	82
81	83
81	84
81	101
81	102
82	83
82	84
82	100
82	101
82	102
83	84
83	85
84	85
84	100
84	101
85	86
85	87
85	98
85	99
85	100
85	101
86	87
86	88
86	98
86	99
86	100
86	101
87	88
87	89
87	96
87	97
87	98
87	99
88	89
88	90
88	96
88	97
88	98
89	90
89	91
89	95
89	96
89	97
90	91
90	92
90	93
90	94
90	95
90	96
91	92
91	93
91	94
92	93
92	94
93	94
93	95
94	95
94	131
95	96
95	129
95	130
95	131
96	97
96	98
96	129
96	130
96	131
97	98
97	99
97	107
97	128
97	129
97	130
98	99
98	100
98	107
98	108
99	100
99	101
99	104
99	106
99	107
99	108
100	101
100	102
100	103
100	104
100	106
100	107
101	102
101	103
101	104
102	103
102	104
103	104
103	105
103	106
104	105
104	106
104	107
105	106
105	107
105	121
106	107
106	108
106	119
106	120
106	121
107	108
107	109
107	119
107	120
107	121
107	122
107	128
108	109
108	110
108	117
108	118
108	119
108	120
108	128
109	110
109	111
109	117
109	118
109	119
109	120
109	127
109	128
110	111
110	112
110	116
110	117
110	118
110	127
110	128
111	112
111	113
111	114
111	115
111	116
111	117
112	113
112	114
112	115
112	116
113	114
113	115
114	115
114	116
115	116
116	117
116	118
117	118
117	119
118	119
118	120
119	120
120	121
120	122
121	122
121	123
122	123
122	128
123	124
123	125
124	125
124	126
125	126
125	127
125	128
126	127
126	128
126	129
127	128
127	129
128	129
128	130
129	130
130	131
130	132
131	132
131	133
132	133
133	134
133	135
133	137
133	138
134	135
134	136
134	137
134	138
135	136
135	137
135	138
135	139
136	137
136	138
136	139
136	140
137	138
137	139
137	140
137	141
137	184
138	139
138	140
138	141
139	140
139	141
140	141
140	142
140	143
140	182
141	142
141	143
141	182
141	183
141	184
142	143
142	144
142	181
142	182
142	183
143	144
143	145
143	181
143	182
144	145
144	179
144	180
144	181
144	182
144	282
145	146
145	147
145	179
145	180
145	181
145	280
145	281
145	282
145	283
146	147
146	148
146	156
146	178
146	179
146	180
146	280
146	281
146	282
146	283
147	148
147	149
147	156
147	157
147	278
147	279
147	280
147	281
148	149
148	150
148	152
148	153
148	155
148	156
148	157
148	278
148	279
148	280
149	150
149	151
149	152
149	153
149	156
149	275
149	277
149	278
149	279
150	151
150	152
150	153
150	274
150	277
150	278
150	279
151	152
151	153
151	275
152	153
152	154
152	155
152	259
153	154
153	155
154	155
154	156
154	171
154	172
155	156
155	169
155	170
155	171
155	172
156	157
156	158
156	169
156	170
156	171
156	172
156	178
157	158
157	167
157	168
157	169
157	170
157	178
158	159
158	160
158	167
158	168
158	169
158	170
158	177
158	178
159	160
159	161
159	165
159	166
159	167
159	168
159	177
159	178
159	215
160	161
160	164
160	165
160	166
160	167
160	168
161	162
161	163
161	164
161	165
161	177
162	163
162	164
162	197
163	164
163	165
164	165
164	166
165	166
165	167
165	214
165	215
166	167
166	168
166	213
166	214
166	215
167	168
167	213
167	214
167	264
167	265
168	169
168	170
168	262
168	263
168	264
168	265
169	170
169	261
169	262
169	263
169	264
169	265
170	171
170	172
170	261
170	262
171	172
171	173
171	261
172	173
172	174
173	174
173	175
174	175
174	176
174	178
175	176
175	177
175	178
175	179
176	177
176	178
176	179
176	196
176	197
177	178
177	179
177	195
177	196
177	197
178	179
178	180
179	180
179	181
179	195
179	196
180	181
180	182
180	193
180	194
180	195
180	196
181	182
181	183
181	193
181	194
181	195
181	196
182	183
182	184
182	191
182	192
182	193
182	194
183	184
183	185
183	191
183	192
183	193
184	185
184	186
184	190
184	191
184	192
185	186
185	187
185	188
185	189
185	190
185	191
186	187
186	188
186	189
187	188
187	189
188	189
188	190
189	190
190	191
190	227
190	228
190	229
191	192
191	193
191	227
191	228
191	229
192	193
192	194
192	202
192	203
192	226
192	227
192	228
193	194
193	195
193	202
193	203
194	195
194	196
194	200
194	201
194	202
194	203
195	196
195	197
195	198
195	201
195	202
196	197
196	198
196	199
197	198
198	199
198	200
198	201
199	200
199	201
200	201
200	202
200	217
200	218
201	202
201	215
201	216
201	217
201	218
202	203
202	204
202	215
202	216
202	217
202	218
202	226
203	204
203	214
203	215
203	216
203	226
204	205
204	206
204	213
204	214
204	215
204	216
204	225
204	226
205	206
205	207
205	211
205	212
205	213
205	214
205	225
205	226
206	207
206	208
206	209
206	211
206	212
206	213
206	214
207	208
207	209
207	210
207	211
207	212
208	209
208	210
209	210
209	211
209	212
210	211
210	212
211	212
211	213
211	266
211	267
211	268
212	213
212	214
212	266
212	267
213	214
213	265
213	266
213	267
214	215
214	216
215	216
216	217
216	218
217	218
217	219
218	219
218	220
219	220
220	221
220	222
221	222
221	223
222	223
222	224
223	224
223	225
223	226
224	225
224	226
224	227
224	245
224	246
225	226
225	227
225	244
225	245
225	246
226	227
226	228
227	228
227	244
227	245
228	229
228	230
228	242
228	243
228	244
228	245
229	230
229	231
229	242
229	243
229	244
229	245
230	231
230	232
230	240
230	241
230	242
230	243
231	232
231	233
231	240
231	241
231	242
232	233
232	234
232	239
232	240
232	241
233	234
233	235
233	236
233	239
233	240
233	241
234	235
234	236
235	236
235	237
236	237
236	238
236	239
237	238
237	239
238	239
238	240
238	279
238	280
238	281
239	240
239	277
239	278
239	279
239	280
240	241
240	242
240	277
240	278
240	279
241	242
241	243
241	276
241	277
241	278
242	243
242	244
242	251
242	252
243	244
243	245
243	248
243	249
243	250
243	251
243	252
244	245
244	246
244	247
244	248
244	250
244	251
245	246
245	247
245	248
246	247
246	248
247	248
247	249
247	250
248	249
248	250
249	250
249	251
249	269
249	270
250	251
250	252
250	267
250	268
250	269
250	270
251	252
251	253
251	267
251	268
251	269
251	270
251	276
252	253
252	266
252	267
252	268
252	276
253	254
253	255
253	265
253	266
253	267
253	268
253	275
253	276
254	255
254	256
254	257
254	258
254	264
254	265
254	266
254	275
254	276
255	256
255	257
255	258
255	263
255	264
255	265
255	266
256	257
256	258
257	258
257	259
257	275
258	259
258	260
258	263
259	260
259	261
259	263
260	261
260	262
260	263
261	262
261	263
262	263
262	264
263	264
263	265
264	265
264	266
265	266
266	267
266	268
267	268
268	269
268	270
269	270
269	271
270	271
270	272
271	272
271	273
272	273
272	274
272	276
273	274
273	275
273	276
273	277
274	275
274	276
274	277
275	276
275	277
276	277
276	278
277	278
278	279
278	280
279	280
279	281
280	281
281	282
281	283
282	283
