0	1
0	2
1	2
1	3
2	3
2	4
2	5
3	4
3	5
4	5
4	6
4	192
4	193
5	6
5	7
5	192
5	193
6	7
6	8
6	192
6	193
6	194
7	8
7	9
7	193
7	194
7	195
8	9
8	10
8	194
8	195
8	196
9	10
9	11
9	195
9	196
9	197
10	11
10	12
10	196
10	197
10	198
11	12
11	13
11	14
11	35
11	36
11	37
11	197
11	198
12	13
12	34
12	35
12	36
12	198
12	199
12	200
12	426
12	427
12	430
13	14
13	15
13	34
13	35
13	36
13	37
13	198
13	199
13	200
13	201
14	15
14	16
14	36
14	37
14	38
14	182
14	198
14	200
14	201
14	202
15	16
15	17
15	22
15	26
15	37
15	38
15	39
15	201
15	202
15	203
16	17
16	22
16	38
16	39
16	40
16	202
16	203
16	204
16	205
17	18
17	19
17	22
17	38
17	39
17	40
17	203
17	204
17	205
18	19
18	20
18	22
18	23
18	40
18	44
19	20
19	21
19	22
19	23
19	44
19	47
19	48
19	49
19	150
20	21
20	22
20	23
20	24
20	49
20	150
20	409
20	410
21	22
21	23
21	24
21	25
21	204
21	387
21	388
21	409
21	410
21	413
22	23
22	24
22	25
22	26
22	204
22	413
23	24
23	25
23	26
23	27
23	153
23	154
23	157
24	25
24	26
24	27
24	28
24	153
24	410
24	413
24	414
25	26
25	27
25	28
25	29
25	413
25	414
25	416
25	417
26	27
26	28
26	29
26	30
26	36
26	38
26	162
27	28
27	29
27	30
27	31
27	157
27	160
27	162
28	29
28	30
28	31
28	32
28	414
28	417
29	30
29	31
29	32
29	33
29	34
29	36
29	417
30	31
30	32
30	33
30	34
30	35
30	36
30	160
30	161
30	162
31	32
31	33
31	160
32	33
32	34
32	421
33	34
33	35
33	426
34	35
34	36
34	426
35	36
35	162
36	37
36	38
36	162
36	163
37	38
37	39
37	162
37	163
37	164
38	39
38	40
38	163
38	164
38	165
39	40
39	41
39	164
39	165
39	166
39	168
40	41
40	42
40	165
40	166
40	167
40	168
40	169
41	42
41	43
41	166
41	167
41	168
41	169
42	43
42	44
42	46
42	47
42	166
42	167
43	44
43	45
43	46
43	166
43	167
44	45
44	46
44	47
45	46
45	47
45	50
45	150
45	151
46	47
46	48
46	50
47	48
47	49
47	50
48	49
48	50
48	51
48	218
49	50
49	51
49	52
49	146
49	147
49	150
50	51
50	52
50	146
50	147
50	150
51	52
51	53
51	146
51	147
52	53
52	54
52	144
52	145
52	146
52	147
53	54
53	55
53	143
53	144
53	145
53	146
53	257
54	55
54	140
54	143
54	144
54	145
54	257
54	258
54	259
54	403
55	56
55	57
55	138
55	139
55	140
55	145
55	403
56	57
56	58
56	138
56	139
56	140
56	403
56	404
56	406
56	407
57	58
57	59
57	95
57	137
57	138
57	139
57	403
57	404
57	407
58	59
58	60
58	95
58	96
58	99
58	137
58	138
59	60
59	61
59	66
59	67
59	68
59	71
59	96
59	137
60	61
60	62
60	66
60	96
60	137
61	62
61	63
61	64
61	65
61	66
62	63
62	64
62	116
62	117
62	118
63	64
63	119
63	136
64	65
64	66
65	66
66	67
66	68
66	127
67	68
67	69
67	70
67	71
68	69
68	70
68	71
68	72
68	92
68	93
69	70
69	71
69	72
69	73
69	603
70	71
70	72
70	73
70	74
70	127
70	128
70	129
71	72
71	73
71	74
71	75
71	92
72	73
72	74
72	75
72	76
72	88
72	89
72	92
73	74
73	75
73	76
73	77
73	129
74	75
74	76
74	77
74	78
74	124
74	125
74	126
75	76
75	77
75	78
75	79
75	401
76	77
76	78
76	79
76	80
76	81
76	83
76	85
77	78
77	79
77	80
77	81
78	79
78	80
78	124
78	288
78	399
78	400
78	401
79	80
79	81
79	82
79	83
79	396
79	397
79	398
79	399
79	400
79	539
80	81
80	82
80	397
80	398
80	399
80	538
80	539
81	82
81	83
81	397
81	608
82	83
82	84
82	397
82	398
82	572
82	573
82	574
82	593
83	84
83	85
83	394
83	395
83	396
83	397
83	593
84	85
84	86
84	87
84	88
84	394
84	395
84	593
84	594
84	595
85	86
85	87
85	88
85	89
85	594
85	595
85	596
85	597
85	605
86	87
86	88
86	89
86	90
86	366
86	594
86	596
86	597
86	598
87	88
87	89
87	90
87	91
87	366
87	393
87	394
87	395
88	89
88	90
88	91
88	92
88	395
89	90
89	91
89	92
89	93
89	597
89	598
90	91
90	92
90	93
90	94
91	92
91	93
91	94
91	95
91	408
91	411
92	93
92	94
92	95
93	94
93	95
94	95
94	96
94	97
94	98
94	411
95	96
95	97
95	98
95	99
95	407
96	97
96	98
96	99
96	100
97	98
97	99
97	100
97	101
98	99
98	100
98	101
98	102
98	410
98	411
99	100
99	101
99	102
99	103
100	101
100	102
100	103
100	104
101	102
101	103
101	104
101	105
102	103
102	104
102	105
102	106
102	107
103	104
103	105
103	106
103	107
103	108
103	109
104	105
104	106
105	106
105	107
105	152
105	156
106	107
106	108
106	152
107	108
107	109
107	148
107	149
107	152
108	109
108	110
108	141
108	148
109	110
109	111
109	117
109	140
109	141
110	111
110	117
110	118
110	140
110	141
110	142
111	112
111	113
111	115
111	116
111	117
111	118
112	113
112	114
112	115
112	116
112	117
112	118
113	114
113	115
114	115
114	116
115	116
115	117
116	117
116	118
117	118
117	119
117	139
118	119
118	120
118	139
118	140
119	120
119	136
119	137
119	138
119	139
119	140
120	121
120	122
120	136
120	137
120	138
120	139
120	262
120	263
121	122
121	123
121	134
121	135
121	136
121	137
121	138
121	262
121	263
122	123
122	124
122	125
122	138
122	258
122	259
122	262
122	286
122	402
123	124
123	125
123	286
123	287
123	288
123	401
123	402
124	125
124	126
124	286
124	287
124	288
124	401
125	126
125	134
125	135
126	127
126	128
126	129
126	130
126	132
126	133
126	134
126	135
127	128
127	129
127	130
127	131
127	132
127	133
127	134
127	135
128	129
128	130
128	131
128	132
129	130
129	131
130	131
130	132
131	132
131	133
132	133
132	134
133	134
133	135
134	135
134	136
135	136
135	137
136	137
136	138
137	138
137	139
138	139
138	140
138	403
139	140
140	141
140	142
140	143
140	145
141	142
141	143
141	144
141	145
142	143
142	144
142	145
142	327
142	328
142	329
143	144
143	145
143	328
143	329
143	330
143	331
144	145
144	146
144	147
144	148
144	331
145	146
145	147
145	148
145	149
146	147
146	148
146	149
146	150
147	148
147	149
147	150
147	151
148	149
148	150
148	151
148	152
149	150
149	151
149	152
149	153
150	151
150	152
150	153
150	154
151	152
151	153
151	154
151	155
152	153
152	154
152	155
152	156
153	154
153	155
153	156
153	157
154	155
154	156
154	157
154	158
155	156
155	157
155	158
156	157
156	158
156	159
157	158
157	159
157	160
158	159
158	160
159	160
160	161
160	162
161	162
161	163
162	163
162	164
163	164
163	165
164	165
164	166
165	166
165	167
165	168
166	167
166	168
167	168
167	169
167	187
167	188
168	169
168	170
168	185
168	186
168	187
168	188
169	170
169	171
169	185
169	186
169	187
169	188
170	171
170	172
170	183
170	184
170	185
170	186
171	172
171	184
171	185
171	228
171	441
172	173
172	174
172	183
172	184
172	228
172	441
173	174
173	175
173	180
173	182
173	183
173	184
173	228
173	232
174	175
174	176
174	180
174	181
174	182
174	183
174	184
174	437
174	438
175	176
175	177
175	178
175	179
175	180
175	181
176	177
176	178
176	179
176	180
176	181
177	178
177	179
178	179
178	180
178	381
179	180
179	181
179	381
179	382
179	383
180	181
180	182
180	201
180	382
180	383
180	384
181	182
181	197
181	198
181	199
181	200
181	383
181	431
182	183
182	196
182	197
182	198
182	201
183	184
183	185
183	195
183	196
183	197
184	185
184	194
184	195
184	196
184	438
185	186
185	187
185	193
185	194
185	195
186	187
186	188
186	191
186	192
186	193
186	194
187	188
187	189
187	190
187	191
187	192
187	193
188	189
188	190
188	191
188	506
188	507
189	190
189	191
189	506
189	507
190	191
190	192
190	506
191	192
191	505
191	506
192	193
192	194
193	194
193	195
194	195
194	196
195	196
195	197
196	197
196	198
197	198
197	430
198	199
198	200
198	201
198	430
199	200
199	201
199	383
199	430
199	431
200	201
200	202
200	383
200	384
201	202
201	203
201	383
201	384
201	385
202	203
202	204
202	384
202	385
202	386
203	204
203	205
203	225
203	385
203	386
203	387
204	205
204	206
204	386
204	387
204	388
204	390
205	206
205	223
205	224
205	225
205	390
206	207
206	221
206	223
206	388
206	389
206	390
207	208
207	209
207	221
207	222
207	223
207	357
207	358
207	389
207	390
208	209
208	210
208	211
208	221
208	222
208	223
208	358
208	520
209	210
209	211
209	212
209	215
209	217
209	221
209	222
209	355
209	356
209	357
210	211
210	212
210	213
210	215
210	217
210	219
210	221
210	222
211	212
211	464
211	465
211	468
211	520
211	524
212	213
212	214
212	215
212	465
212	466
212	468
212	469
213	214
213	215
213	465
213	466
213	469
214	215
214	253
214	354
214	355
215	216
215	217
215	253
215	354
215	355
215	356
216	217
216	218
216	248
216	253
216	254
216	255
216	354
216	355
216	356
217	218
217	219
217	221
217	356
218	219
218	220
218	221
219	220
219	221
220	221
220	222
221	222
221	223
222	223
222	224
222	516
222	519
222	520
223	224
223	225
223	226
223	227
223	519
223	520
223	523
224	225
224	226
224	227
224	228
224	516
224	519
225	226
225	227
225	228
225	229
226	227
226	228
226	229
226	230
226	361
226	362
226	390
227	228
227	229
227	230
227	231
227	519
227	522
227	523
228	229
228	230
228	231
228	232
229	230
229	231
229	232
229	233
229	234
230	231
230	232
230	233
230	234
230	235
230	236
230	578
230	579
231	232
231	233
231	581
232	233
232	234
233	234
233	235
233	578
234	235
234	236
234	372
234	578
235	236
235	237
235	372
235	576
235	577
235	578
236	237
236	239
236	361
236	362
236	363
236	576
236	577
236	578
237	238
237	239
237	360
237	361
237	362
237	363
237	392
237	574
237	575
237	576
237	577
238	239
238	240
238	241
238	360
238	361
238	574
238	575
238	576
239	240
239	241
239	359
239	360
239	361
239	526
239	527
239	530
240	241
240	242
240	527
240	528
240	530
240	531
241	242
241	243
241	358
241	359
241	360
241	398
241	540
241	541
242	243
242	244
242	357
242	358
242	359
242	540
243	244
243	245
243	355
243	356
243	357
243	358
243	359
243	399
243	540
244	245
244	246
244	290
244	293
244	353
244	354
244	355
244	356
245	246
245	247
245	248
245	289
245	293
245	353
245	354
245	355
245	356
246	247
246	248
246	289
246	292
246	293
246	352
246	353
246	354
247	248
247	249
247	255
247	256
247	351
247	352
247	353
247	354
248	249
248	250
248	253
248	254
248	255
248	256
248	351
248	352
248	353
248	354
249	250
249	251
249	252
249	253
249	254
249	255
249	256
249	350
249	351
249	352
250	251
250	252
250	253
250	350
250	351
250	352
251	252
251	253
252	253
252	254
252	339
253	254
253	255
253	354
254	255
254	256
255	256
255	257
256	257
256	258
256	332
257	258
257	259
257	260
258	259
258	260
258	261
258	262
259	260
259	261
259	262
259	263
260	261
260	262
260	263
260	264
260	265
261	262
261	263
261	264
261	265
261	266
261	285
261	286
262	263
262	264
262	286
263	264
263	265
264	265
264	266
265	266
265	315
265	316
265	317
266	267
266	268
266	274
266	285
266	315
266	316
266	317
267	268
267	269
267	274
267	285
267	314
267	315
267	316
268	269
268	270
268	272
268	273
268	274
268	275
268	313
268	314
268	315
269	270
269	271
269	272
269	273
269	274
269	275
269	304
269	305
269	306
269	313
269	314
270	271
270	272
270	304
270	305
270	306
271	272
271	273
271	304
272	273
272	274
273	274
273	275
274	275
274	276
274	277
275	276
275	277
275	278
275	279
276	277
276	278
276	279
276	280
276	281
276	284
276	285
277	278
277	279
277	280
277	281
277	284
278	279
278	280
278	281
279	280
279	281
279	295
280	281
280	282
280	283
280	284
280	287
280	613
281	282
281	283
281	284
282	283
282	284
282	613
283	284
283	285
283	286
283	287
283	613
284	285
284	286
284	287
285	286
285	287
286	287
286	288
287	288
287	289
287	291
287	292
287	613
288	289
288	290
288	291
288	292
288	401
289	290
289	291
289	292
289	293
290	291
290	292
290	293
290	294
290	399
290	539
290	540
291	292
291	293
291	294
291	295
292	293
292	294
292	295
292	296
293	294
293	295
293	296
293	297
293	353
294	295
294	296
294	297
294	298
294	474
295	296
295	297
295	298
295	299
296	297
296	298
296	299
296	300
297	298
297	299
297	300
297	301
298	299
298	300
298	301
298	302
299	300
299	301
299	302
299	303
299	304
299	305
300	301
300	302
300	303
300	304
300	305
300	310
300	311
300	312
301	302
301	303
302	303
302	304
303	304
303	305
304	305
304	306
304	310
305	306
305	310
305	311
305	312
305	313
306	307
306	308
306	310
306	311
306	312
306	313
307	308
307	309
307	310
307	311
307	312
308	309
308	310
309	310
309	311
310	311
310	312
311	312
312	313
312	350
312	351
312	352
313	314
313	315
313	350
313	351
313	352
314	315
314	316
314	348
314	349
314	350
314	351
315	316
315	317
315	348
315	349
315	350
315	351
316	317
316	318
316	348
316	349
317	318
317	319
317	320
317	344
317	345
317	348
318	319
318	320
318	344
318	345
318	346
318	347
318	348
319	320
319	321
320	321
320	322
320	324
321	322
321	323
321	324
321	325
322	323
322	324
322	325
322	326
322	345
323	324
323	325
323	326
323	327
324	325
324	326
324	327
324	328
325	326
325	327
325	328
325	329
325	330
326	327
326	328
326	329
326	330
327	328
327	329
327	330
328	329
328	330
329	330
329	331
329	332
329	333
330	331
330	332
330	333
330	334
331	332
331	333
331	334
331	335
332	333
332	334
332	335
332	336
333	334
333	335
333	336
333	337
333	344
334	335
334	336
334	337
334	338
335	336
335	337
335	338
335	339
336	337
336	338
336	339
336	340
336	341
336	342
336	349
337	338
337	339
337	340
337	341
337	342
337	343
338	339
338	340
338	341
339	340
339	341
340	341
340	342
341	342
341	343
342	343
342	344
342	347
342	349
343	344
343	345
343	346
343	347
344	345
344	346
344	347
344	348
344	349
345	346
345	347
346	347
347	348
347	349
348	349
348	350
349	350
349	351
350	351
351	352
352	353
352	354
353	354
353	355
354	355
354	356
355	356
355	357
356	357
357	358
357	359
358	359
358	360
358	389
359	360
359	361
359	392
359	396
359	397
359	398
359	399
359	400
360	361
360	391
360	392
361	362
361	363
361	390
361	391
361	392
362	363
362	364
362	370
362	386
362	390
362	391
362	392
363	364
363	370
363	371
363	391
363	392
363	393
364	365
364	366
364	368
364	369
364	370
364	371
364	386
364	391
364	392
364	393
365	366
365	367
365	368
365	369
365	370
365	371
365	393
366	367
366	368
366	393
367	368
367	369
367	415
367	416
367	419
368	369
368	370
368	385
368	386
368	387
368	393
368	412
368	415
368	416
369	370
369	371
369	380
369	384
369	385
369	386
370	371
370	372
370	380
370	381
370	384
370	385
370	386
371	372
371	373
371	378
371	379
371	380
371	381
372	373
372	374
372	378
372	379
372	380
372	381
373	374
373	375
373	376
373	377
373	378
373	379
374	375
374	376
374	377
374	378
375	376
375	377
376	377
376	378
377	378
377	379
378	379
378	380
379	380
379	381
380	381
380	382
381	382
381	383
381	384
382	383
382	384
383	384
383	385
384	385
384	386
385	386
385	387
385	416
386	387
386	390
386	391
387	388
387	389
387	390
387	391
387	409
387	412
387	413
388	389
388	390
388	391
388	408
388	409
388	412
389	390
389	391
390	391
391	392
391	393
392	393
392	394
393	394
393	395
394	395
394	396
394	397
395	396
395	397
396	397
396	398
396	399
396	400
397	398
397	399
398	399
398	400
398	538
398	539
398	540
399	400
399	401
399	539
399	540
400	401
400	402
401	402
401	403
401	404
402	403
402	404
403	404
403	405
403	406
403	407
404	405
404	406
404	407
404	408
405	406
405	407
405	408
405	409
406	407
406	408
406	409
406	410
407	408
407	409
407	410
407	411
408	409
408	410
408	411
408	412
409	410
409	411
409	412
409	413
410	411
410	412
410	413
410	414
411	412
411	413
411	414
411	415
412	413
412	414
412	415
412	416
413	414
413	415
413	416
413	417
414	415
414	416
414	417
414	418
415	416
415	417
415	418
415	419
416	417
416	418
416	419
416	420
417	418
417	419
417	420
417	421
418	419
418	420
418	421
418	422
419	420
419	421
419	422
419	423
420	421
420	422
420	423
420	424
421	422
421	423
421	424
421	425
422	423
422	424
423	424
424	425
424	426
425	426
425	427
425	428
426	427
426	428
427	428
427	429
428	429
428	430
429	430
429	431
430	431
430	432
431	432
431	433
432	433
432	434
433	434
433	435
433	437
434	435
434	436
434	437
435	436
435	437
436	437
436	438
436	439
437	438
437	439
438	439
438	440
438	441
438	442
439	440
439	441
439	442
439	443
440	441
440	442
440	443
440	444
441	442
441	443
441	444
441	445
442	443
442	444
442	445
442	446
443	444
443	445
443	446
443	447
444	445
444	446
444	447
444	448
445	446
445	447
445	448
445	449
446	447
446	448
446	449
446	450
447	448
447	449
447	450
447	451
448	449
448	450
448	451
448	500
448	511
448	514
449	450
449	451
449	500
449	503
449	511
450	451
450	452
450	500
450	503
451	452
451	453
451	498
451	499
451	500
452	453
452	454
452	498
452	499
452	500
453	454
453	455
453	497
453	498
453	499
454	455
454	456
454	497
454	498
454	499
455	456
455	457
455	459
455	460
455	497
455	498
455	499
456	457
456	458
456	459
456	460
456	498
456	499
456	500
457	458
457	459
457	460
457	461
457	498
457	499
457	500
457	514
458	459
458	460
458	461
458	462
459	460
459	461
459	462
459	463
460	461
460	462
460	463
460	464
460	491
461	462
461	463
461	464
461	465
461	517
462	463
462	464
462	465
462	466
463	464
463	465
463	466
463	467
464	465
464	466
464	467
464	468
464	488
464	491
465	466
465	467
465	468
465	469
466	467
466	468
466	469
466	470
467	468
467	469
467	470
467	471
467	484
468	469
468	470
468	471
468	472
468	484
469	470
469	471
469	472
469	473
470	471
470	472
470	473
471	472
471	473
471	480
471	481
471	484
472	473
472	476
472	481
472	528
473	474
473	475
473	476
474	475
474	476
474	542
475	476
475	542
475	543
475	544
476	477
476	480
476	481
476	542
476	543
476	544
477	478
477	479
477	480
477	481
477	543
477	544
477	545
478	479
478	480
478	481
478	482
478	532
479	480
479	481
479	482
479	483
480	481
480	482
480	483
480	484
481	482
481	483
481	484
481	485
481	528
481	532
482	483
482	484
482	485
482	486
482	532
483	484
483	485
483	486
483	487
484	485
484	486
484	487
484	488
485	486
485	487
485	488
485	489
485	528
485	529
486	487
486	488
486	489
486	490
487	488
487	489
487	490
487	491
488	489
488	490
488	491
488	492
488	525
489	490
489	491
489	492
489	493
489	584
490	491
490	492
490	493
490	494
491	492
491	493
491	494
491	495
492	493
492	494
492	495
492	521
492	584
493	494
493	495
493	496
494	495
494	496
494	497
495	496
495	497
495	498
496	497
496	498
497	498
497	499
498	499
498	500
499	500
499	501
500	501
500	502
500	510
500	511
501	502
501	503
502	503
502	504
502	508
502	510
503	504
503	505
504	505
504	506
504	508
505	506
505	507
505	508
506	507
506	508
507	508
507	509
508	509
508	510
508	511
508	512
509	510
509	511
509	512
509	513
510	511
510	512
510	513
510	514
511	512
511	513
511	514
511	515
512	513
512	514
512	515
512	516
513	514
513	515
513	516
513	517
514	515
514	516
514	517
514	518
515	516
515	517
515	518
515	519
516	517
516	518
516	519
516	520
517	518
517	519
517	520
517	521
518	519
518	520
518	521
518	522
519	520
519	521
519	522
519	523
520	521
520	522
520	523
520	524
521	522
521	523
521	524
521	525
522	523
522	524
522	525
522	526
523	524
523	525
523	526
523	527
524	525
524	526
524	527
524	528
525	526
525	527
525	528
525	529
526	527
526	528
526	529
526	530
526	577
526	586
527	528
527	529
527	530
527	531
528	529
528	530
528	531
528	532
529	530
529	531
529	532
529	533
529	586
530	531
530	532
530	533
530	534
530	575
530	577
531	532
531	533
531	534
532	533
532	534
533	534
533	535
534	535
534	536
535	536
535	543
535	546
536	537
536	538
536	543
536	546
536	547
536	548
536	549
536	550
536	571
537	538
537	539
537	541
537	542
537	543
537	546
537	547
537	548
537	549
538	539
538	540
538	541
538	542
538	549
539	540
539	541
540	541
540	542
541	542
541	543
542	543
542	544
542	547
543	544
543	545
543	546
543	547
544	545
544	546
544	547
545	546
545	547
546	547
546	548
547	548
547	549
548	549
548	550
549	550
549	551
550	551
550	570
550	571
550	572
551	552
551	553
551	554
551	570
551	571
551	572
552	553
552	554
552	564
552	565
552	566
552	570
552	572
553	554
553	555
553	564
553	565
554	555
554	556
554	557
555	556
555	557
555	559
555	608
555	609
555	610
556	557
556	609
556	610
557	558
557	559
558	559
558	560
559	560
559	561
559	562
560	561
560	562
561	562
561	563
562	563
562	564
563	564
563	565
564	565
564	566
565	566
565	567
565	569
565	570
566	567
566	568
566	569
566	570
567	568
567	569
567	570
568	569
568	570
569	570
570	571
570	572
571	572
571	573
572	573
572	593
573	574
573	575
573	590
573	591
573	592
573	593
574	575
574	576
574	590
574	591
574	592
574	593
575	576
575	577
575	588
575	589
575	590
575	591
576	577
576	578
576	588
576	589
576	590
577	578
577	579
577	586
577	587
577	588
577	589
578	579
578	580
578	586
578	587
578	588
579	580
579	581
579	584
579	585
579	586
579	587
580	581
580	582
580	583
580	584
580	585
580	586
581	582
581	583
581	584
582	583
582	584
583	584
583	585
584	585
584	586
585	586
585	587
586	587
586	588
587	588
588	589
588	590
589	590
590	591
590	592
591	592
591	593
592	593
592	594
593	594
593	595
594	595
594	596
595	596
595	597
595	605
596	597
596	598
596	605
597	598
597	599
597	600
597	603
597	605
598	599
598	600
599	600
599	601
599	602
599	603
600	601
600	602
600	603
600	604
600	605
601	602
601	603
601	604
602	603
602	604
603	604
603	605
604	605
604	606
605	606
605	607
606	607
606	608
607	608
607	609
608	609
609	610
609	611
610	611
610	612
611	612
612	613
