0	1
0	2
0	4
0	5
1	2
1	3
1	4
1	5
2	3
2	4
2	5
2	6
2	224
3	4
3	5
3	6
3	7
4	5
4	6
4	7
4	8
5	6
5	7
5	8
5	9
6	7
6	8
6	9
6	10
6	223
6	252
7	8
7	9
7	10
7	11
8	9
8	10
8	11
8	12
9	10
9	11
9	12
9	13
10	11
10	12
10	13
10	14
10	248
11	12
11	13
11	14
12	13
12	14
13	14
13	15
13	16
13	17
13	247
13	248
14	15
14	16
14	17
14	18
15	16
15	17
15	18
15	19
16	17
16	18
16	19
16	20
17	18
17	19
17	20
18	19
18	20
19	20
19	21
20	21
20	22
20	24
20	25
21	22
21	23
21	24
21	25
22	23
22	24
22	25
22	26
23	24
23	25
23	26
23	27
24	25
24	26
24	27
24	28
25	26
25	27
25	28
25	29
26	27
26	28
26	29
26	30
27	28
27	29
27	30
27	31
28	29
28	30
28	31
28	32
29	30
29	31
29	32
29	33
30	31
30	32
30	33
30	34
30	35
31	32
31	33
31	34
31	122
31	123
31	124
32	33
32	34
33	34
33	35
34	35
34	36
34	120
34	121
34	122
35	36
35	37
35	120
35	121
35	122
36	37
36	38
36	120
36	121
37	38
37	39
37	118
37	119
37	120
38	39
38	40
38	41
38	42
39	40
39	41
39	42
39	43
39	76
40	41
40	42
40	43
40	44
41	42
41	43
41	44
41	45
42	43
42	44
42	45
42	46
43	44
43	45
43	46
44	45
44	46
45	46
45	47
46	47
46	48
46	50
46	51
47	48
47	49
47	50
47	51
48	49
48	50
48	51
48	52
49	50
49	51
49	52
49	53
50	51
50	52
50	53
50	54
51	52
51	53
51	54
51	55
51	80
52	53
52	54
52	55
52	56
53	54
53	55
53	56
53	57
54	55
54	56
54	57
54	77
55	56
55	57
55	77
55	80
55	81
56	57
56	58
57	58
57	59
58	59
58	60
58	61
59	60
59	61
59	62
59	70
60	61
60	62
60	70
61	62
61	63
61	100
61	101
61	102
61	103
62	63
62	64
62	65
62	103
63	64
63	65
63	390
64	65
64	66
64	388
64	389
64	390
65	66
65	67
65	69
65	70
66	67
66	68
66	69
66	70
67	68
67	69
67	70
67	71
68	69
68	70
68	71
68	72
69	70
69	71
69	72
69	73
70	71
70	72
70	73
70	74
71	72
71	73
71	74
71	75
72	73
72	74
72	75
72	76
73	74
73	75
73	76
73	77
74	75
74	76
74	77
74	78
75	76
75	77
75	78
75	79
76	77
76	78
76	79
76	80
77	78
77	79
77	80
77	81
78	79
78	80
78	81
78	82
79	80
79	81
79	82
80	81
80	82
81	82
81	83
81	84
82	83
82	84
83	84
83	85
84	85
84	86
84	88
84	89
85	86
85	87
85	88
85	89
86	87
86	88
86	89
86	90
87	88
87	89
87	90
87	91
88	89
88	90
88	91
88	92
89	90
89	91
89	92
89	93
90	91
90	92
90	93
90	94
91	92
91	93
91	94
92	93
92	94
92	95
93	94
93	95
93	96
94	95
94	96
94	97
95	96
95	97
95	98
95	99
96	97
96	98
96	99
97	98
97	99
98	99
98	100
99	100
99	101
100	101
100	102
101	102
101	103
102	103
102	104
102	465
102	466
103	104
103	105
103	107
103	108
104	105
104	106
104	107
104	108
105	106
105	107
105	108
105	109
106	107
106	108
106	109
106	110
107	108
107	109
107	110
107	111
108	109
108	110
108	111
108	112
109	110
109	111
109	112
109	113
110	111
110	112
110	113
110	114
111	112
111	113
111	114
111	115
112	113
112	114
112	115
112	385
112	386
113	114
113	115
113	116
113	385
114	115
114	116
114	117
114	118
115	116
115	117
115	118
115	119
116	117
116	118
116	119
116	385
117	118
117	119
118	119
118	120
119	120
119	121
120	121
120	122
121	122
121	123
122	123
122	124
122	125
122	126
123	124
123	125
123	126
123	127
123	147
124	125
124	126
124	127
124	128
124	217
124	218
125	126
125	127
125	128
125	129
126	127
126	128
126	129
126	130
127	128
127	129
127	130
127	131
127	132
127	134
127	216
127	217
128	129
128	130
128	131
128	132
128	216
128	217
128	324
128	369
129	130
129	131
129	369
129	370
130	131
130	132
130	133
130	134
130	369
130	370
130	373
131	132
131	133
131	216
131	323
131	324
131	369
132	133
132	134
132	216
133	134
133	135
133	136
134	135
134	136
134	148
135	136
135	137
136	137
136	138
136	373
137	138
137	139
138	139
138	372
138	373
138	384
139	140
139	141
139	143
139	144
139	384
140	141
140	142
140	143
140	144
141	142
141	143
141	144
141	145
142	143
142	144
142	145
142	146
143	144
143	145
143	146
143	147
144	145
144	146
144	147
144	148
145	146
145	147
145	148
145	149
146	147
146	148
146	149
146	150
147	148
147	149
147	150
147	151
148	149
148	150
148	151
148	152
149	150
149	151
149	152
149	153
150	151
150	152
150	153
150	154
151	152
151	153
151	154
151	155
152	153
152	154
152	155
152	156
153	154
153	155
153	156
153	157
154	155
154	156
154	157
154	158
155	156
155	157
155	158
155	257
156	157
156	158
156	159
157	158
157	159
158	159
158	160
158	245
158	246
158	247
158	257
159	160
159	161
159	245
160	161
160	162
160	245
160	246
160	247
161	162
161	163
161	242
161	243
161	244
161	245
161	246
162	163
162	166
162	167
162	242
162	243
162	244
162	245
162	246
163	164
163	165
163	166
163	167
163	242
163	243
164	165
164	166
164	167
164	242
165	166
165	167
166	167
166	168
166	169
166	170
167	168
167	169
167	170
167	239
167	240
167	241
167	242
168	169
168	170
168	239
169	170
170	171
170	172
171	172
171	173
171	237
171	238
171	239
172	173
172	221
172	222
172	223
172	224
172	237
172	238
172	239
173	174
173	175
173	221
173	222
173	223
173	224
173	225
173	236
173	237
173	238
174	175
174	176
174	221
174	222
174	235
174	236
174	237
175	176
175	228
175	232
175	234
175	235
175	236
176	177
176	178
176	232
176	233
176	234
176	235
177	178
177	179
177	180
177	231
177	232
177	233
177	234
178	179
178	180
178	181
178	182
178	186
178	233
178	234
179	180
179	181
179	182
179	183
179	186
180	181
180	182
180	183
181	182
181	183
181	325
181	326
181	406
182	183
182	184
182	185
182	186
182	406
182	407
183	184
183	185
183	186
183	187
183	406
183	407
183	408
184	185
184	186
184	187
184	408
185	186
185	187
185	188
185	189
186	187
186	188
186	189
187	188
187	189
188	189
188	190
188	191
188	192
189	190
189	191
189	198
189	199
189	202
189	203
190	191
190	192
190	195
190	197
190	198
190	199
191	192
191	193
191	194
191	195
191	197
191	198
191	199
192	193
192	194
192	195
193	194
193	195
194	195
194	196
194	197
195	196
195	197
196	197
196	275
196	276
197	198
197	199
197	275
197	276
198	199
198	200
198	276
199	200
199	201
199	202
199	203
200	201
200	202
200	203
200	204
201	202
201	203
201	204
201	205
202	203
202	204
202	205
202	206
203	204
203	205
203	206
203	207
204	205
204	206
204	207
204	208
205	206
205	207
205	208
206	207
206	208
206	209
206	210
207	208
207	209
207	210
207	267
208	209
208	210
209	210
209	211
209	328
209	329
209	332
210	211
210	212
210	264
210	328
210	329
211	212
211	263
211	264
211	328
212	213
212	262
212	263
212	264
212	327
212	328
213	214
213	215
213	261
213	262
213	263
213	324
213	325
213	326
213	327
213	328
214	215
214	216
214	259
214	260
214	261
214	262
214	287
214	323
214	324
214	325
214	327
215	216
215	217
215	218
215	219
215	258
215	259
215	260
215	261
215	324
215	325
216	217
216	218
216	258
216	259
216	323
216	324
217	218
217	219
217	258
217	259
218	219
218	220
218	255
218	256
218	257
218	258
219	220
219	221
219	255
219	256
220	221
220	253
220	254
220	255
220	256
221	222
221	223
221	253
221	254
221	255
222	223
222	224
222	225
222	252
222	253
222	254
223	224
223	225
223	252
223	253
223	254
224	225
224	226
225	226
225	227
226	227
226	228
227	228
227	229
228	229
228	230
228	232
228	233
229	230
229	231
229	232
230	231
230	232
231	232
231	233
232	233
232	234
233	234
233	235
233	277
233	278
234	235
234	236
234	277
234	278
234	279
235	236
235	237
235	277
235	278
235	279
235	280
236	237
236	238
236	279
236	280
236	281
237	238
237	239
237	280
237	281
237	282
238	239
238	240
238	281
238	282
238	283
239	240
239	241
239	282
239	283
239	284
240	241
240	242
240	244
240	283
240	284
241	242
241	243
241	244
241	284
241	285
242	243
242	244
243	244
243	245
244	245
244	246
245	246
245	256
245	257
246	247
246	248
246	254
246	255
246	256
246	257
247	248
247	249
247	254
247	255
247	256
248	249
248	250
248	253
248	254
248	255
249	250
249	251
249	252
249	253
249	254
249	255
250	251
250	252
250	253
251	252
251	253
252	253
253	254
253	255
254	255
254	256
255	256
255	257
256	257
256	258
257	258
257	259
258	259
258	260
259	260
259	261
259	287
260	261
260	262
260	284
260	285
260	286
260	287
261	262
261	263
261	284
261	285
261	286
261	287
261	290
262	263
262	264
262	282
262	283
262	284
262	285
263	264
263	265
263	282
263	283
263	284
263	285
264	265
264	266
264	281
264	282
264	283
265	266
265	281
265	282
265	283
266	267
266	268
266	280
266	281
267	268
267	279
267	280
267	281
268	269
268	270
268	278
268	279
269	270
269	276
269	277
269	278
269	279
270	271
270	272
270	276
270	277
270	278
270	279
271	272
271	273
271	274
271	275
271	276
271	277
272	273
272	274
272	275
272	276
272	277
273	274
273	275
274	275
274	276
275	276
275	277
276	277
276	278
277	278
277	279
278	279
278	280
279	280
279	281
280	281
280	282
281	282
282	283
282	284
283	284
283	285
284	285
285	286
285	287
286	287
286	288
286	289
287	288
287	289
287	290
287	291
288	289
288	290
288	291
288	292
289	290
289	291
289	292
289	293
290	291
290	292
290	293
290	294
291	292
291	293
291	294
291	295
292	293
292	294
292	295
292	296
293	294
293	295
293	296
293	297
294	295
294	296
294	297
294	298
295	296
295	297
295	298
295	299
296	297
296	298
296	299
296	300
297	298
297	299
297	300
297	301
298	299
298	300
298	301
298	302
298	318
298	319
298	320
299	300
299	301
299	302
299	303
300	301
300	302
300	303
300	304
301	302
301	303
301	304
301	305
302	303
302	304
302	305
302	306
302	316
302	317
302	318
303	304
303	305
303	306
303	307
303	313
304	305
304	306
304	307
304	308
305	306
305	307
305	308
305	309
306	307
306	308
306	309
306	310
306	311
306	312
306	313
306	315
307	308
307	309
307	310
307	311
307	313
308	309
308	310
309	310
309	311
309	351
310	311
310	312
311	312
311	313
311	315
312	313
312	314
312	315
313	314
313	315
314	315
314	316
315	316
315	317
316	317
316	318
317	318
317	319
317	362
317	363
317	364
318	319
318	320
318	363
318	364
318	365
319	320
319	321
319	363
319	364
319	365
319	366
320	321
320	322
320	331
320	365
320	366
320	367
321	322
321	323
321	365
321	366
321	367
321	368
322	323
322	324
322	327
322	367
322	368
322	369
323	324
323	327
323	368
323	369
324	325
324	326
324	327
324	368
325	326
325	327
326	327
326	328
326	329
326	330
327	328
327	329
327	330
327	331
328	329
328	330
328	331
328	332
329	330
329	331
329	332
329	333
330	331
330	332
330	333
330	334
330	366
330	367
330	405
331	332
331	333
331	334
332	333
332	334
332	335
332	336
333	334
333	335
333	336
333	337
334	335
334	336
334	337
334	338
334	366
335	336
335	337
335	338
335	339
336	337
336	338
336	339
336	340
337	338
337	339
337	340
337	341
337	415
337	416
338	339
338	340
338	341
338	342
339	340
339	341
339	342
339	343
340	341
340	342
340	343
340	344
340	416
341	342
341	343
341	344
341	345
341	416
341	420
342	343
342	344
342	345
342	347
343	344
343	345
344	345
344	346
344	480
345	346
345	347
345	349
345	350
345	480
346	347
346	348
346	349
346	350
347	348
347	349
347	350
347	351
348	349
348	350
348	351
348	352
348	509
349	350
349	351
349	352
349	353
349	505
349	509
350	351
350	352
350	353
350	354
351	352
351	353
351	354
351	355
352	353
352	354
352	355
352	356
352	508
352	509
353	354
353	355
353	356
353	357
353	426
353	427
353	430
354	355
354	356
354	357
354	358
355	356
355	357
355	358
355	359
356	357
356	358
356	359
356	360
356	430
357	358
357	359
357	360
357	361
357	362
357	399
357	400
358	359
358	360
358	361
358	362
359	360
359	361
360	361
360	362
360	398
360	399
361	362
361	363
362	363
362	398
362	399
362	400
363	364
363	365
363	399
363	400
363	401
364	365
364	366
364	400
364	401
364	402
365	366
365	367
365	401
365	402
365	403
366	367
366	402
366	403
366	404
367	368
367	369
367	403
367	404
367	405
368	369
368	370
368	404
368	405
368	406
369	370
369	371
369	373
370	371
370	372
370	373
370	389
371	372
371	373
371	374
371	388
371	389
371	390
372	373
372	374
372	377
372	378
372	387
372	388
372	389
373	374
373	375
373	378
374	375
374	376
374	377
374	378
375	376
375	377
375	378
375	379
376	377
376	378
376	379
376	398
376	400
377	378
377	379
377	380
377	381
377	395
378	379
378	380
378	381
378	382
378	387
379	380
379	381
379	382
380	381
380	382
380	397
381	382
381	383
381	386
381	387
382	383
382	384
383	384
383	385
383	386
383	387
384	385
384	386
384	387
385	386
385	387
386	387
386	388
387	388
388	389
388	390
389	390
390	391
390	392
391	392
391	403
391	404
391	407
391	408
391	409
392	393
392	402
392	403
392	404
392	418
392	422
393	394
393	395
393	401
393	402
393	403
393	422
394	395
394	396
394	400
394	401
394	402
394	422
394	425
394	426
395	396
395	397
395	398
395	399
395	400
395	401
396	397
396	398
396	399
396	400
397	398
397	399
398	399
398	400
399	400
400	401
400	402
401	402
401	403
401	422
402	403
402	404
403	404
403	405
403	419
404	405
404	406
404	407
405	406
405	407
406	407
406	408
407	408
407	409
408	409
408	410
409	410
409	411
409	412
410	411
410	412
411	412
411	413
412	413
412	414
412	417
412	418
413	414
413	417
414	415
414	416
414	417
415	416
415	417
415	418
415	419
416	417
416	418
416	419
416	420
417	418
417	419
417	420
417	421
417	477
418	419
418	420
418	421
418	422
419	420
419	421
419	422
419	423
420	421
420	422
420	423
420	424
420	477
421	422
421	423
421	424
421	425
421	473
421	474
421	476
421	477
422	423
422	424
422	425
422	426
422	473
423	424
423	425
423	426
423	427
424	425
424	426
424	427
424	428
424	473
424	476
424	477
425	426
425	427
425	428
425	429
425	473
426	427
426	428
426	429
426	430
427	428
427	429
427	430
427	431
428	429
428	430
428	431
428	432
428	442
428	443
428	444
429	430
429	431
429	432
429	433
429	441
429	442
429	443
430	431
430	432
430	433
430	434
431	432
431	433
431	434
431	435
431	443
431	504
431	508
432	433
432	434
432	435
432	436
432	440
432	441
432	442
432	443
433	434
433	435
433	436
433	437
433	440
433	441
433	442
434	435
434	436
434	437
435	436
435	437
436	437
436	438
436	439
436	440
437	438
437	439
437	440
438	439
438	440
439	440
439	441
440	441
441	442
441	443
442	443
442	444
442	445
443	444
443	445
443	446
444	445
444	446
444	449
444	450
444	468
444	469
445	446
445	447
445	449
445	450
446	447
446	448
446	449
446	450
447	448
447	449
447	450
447	451
448	449
448	450
448	451
448	452
449	450
449	451
449	452
449	453
450	451
450	452
450	453
450	454
450	468
451	452
451	453
451	454
451	455
452	453
452	454
452	455
452	456
452	496
452	497
453	454
453	455
453	456
453	457
453	468
454	455
454	456
454	457
455	456
455	457
456	457
456	458
456	459
456	494
457	458
457	459
457	464
457	465
457	471
458	459
458	460
458	462
458	464
458	465
459	460
459	493
459	494
460	461
460	462
460	464
461	462
461	463
461	464
462	463
462	464
462	465
463	464
463	465
463	466
464	465
464	466
464	470
464	471
464	474
465	466
465	467
465	471
466	467
466	470
467	468
467	469
467	470
467	471
468	469
468	470
468	471
468	472
469	470
469	471
469	472
469	473
470	471
470	472
470	473
470	474
471	472
471	473
471	474
471	475
472	473
472	474
472	475
472	476
473	474
473	475
473	476
473	477
474	475
474	476
474	477
474	478
475	476
475	477
475	478
475	479
475	490
476	477
476	478
476	479
476	480
477	478
477	479
477	480
477	481
478	479
478	480
478	481
478	486
478	487
478	490
479	480
479	481
479	486
479	487
479	490
480	481
480	482
480	487
481	482
481	483
481	484
481	486
481	487
482	483
482	484
483	484
483	485
483	486
484	485
484	486
484	487
484	488
485	486
485	487
485	488
485	489
486	487
486	488
486	489
486	490
487	488
487	489
487	490
487	491
488	489
488	490
488	491
488	492
489	490
489	491
489	492
489	493
490	491
490	492
490	493
490	494
490	495
490	498
491	492
491	493
491	494
491	495
491	498
492	493
492	494
492	495
493	494
493	495
494	495
494	496
494	497
494	498
495	496
495	497
495	498
495	499
496	497
496	498
496	499
496	500
497	498
497	499
497	500
497	501
498	499
498	500
498	501
498	502
499	500
499	501
499	502
499	503
500	501
500	502
500	503
500	504
501	502
501	503
501	504
501	505
502	503
502	504
502	505
502	506
503	504
503	505
503	506
503	507
504	505
504	506
504	507
504	508
505	506
505	507
505	508
505	509
506	507
506	508
506	509
506	510
507	508
507	509
507	510
507	511
508	509
508	510
508	511
509	510
509	511
510	511
510	512
511	512
511	513
512	513
