0	1
0	2
0	4
0	5
0	28
0	29
1	2
1	3
1	4
2	3
2	4
3	4
3	5
3	17
3	18
3	19
4	5
4	15
4	16
4	17
4	18
5	6
5	7
5	15
5	16
5	17
6	7
6	14
6	15
6	16
7	8
7	9
7	13
7	14
7	15
7	16
8	9
8	10
8	11
8	12
8	13
8	14
9	10
9	11
9	12
9	13
10	11
10	12
11	12
11	13
12	13
12	14
13	14
14	15
14	16
14	24
14	25
14	26
15	16
15	17
15	23
15	24
15	25
15	26
15	27
16	17
16	18
16	21
16	22
16	23
16	24
17	18
17	19
17	20
17	21
17	22
17	23
18	19
18	20
18	21
19	20
19	21
19	115
19	116
19	119
20	21
20	22
20	116
20	119
20	120
20	126
20	127
20	129
21	22
21	23
21	126
21	127
21	128
21	129
22	23
22	24
22	126
22	127
23	24
23	127
24	25
24	26
25	26
25	27
26	27
26	28
27	28
27	29
28	29
30	31
30	32
30	118
31	32
31	33
31	34
31	118
32	33
32	105
33	34
33	103
33	104
33	105
34	35
34	36
34	103
34	104
34	105
34	118
34	142
35	36
35	101
35	102
35	103
35	104
35	140
35	141
35	142
36	37
36	38
36	100
36	101
36	102
36	103
36	138
36	139
36	140
36	141
36	142
37	38
37	99
37	100
37	101
37	138
37	139
37	140
38	39
38	40
38	86
38	99
38	100
38	136
38	137
38	138
38	139
39	40
39	41
39	86
39	90
39	99
39	136
39	137
39	138
40	41
40	42
40	90
40	91
40	92
40	134
40	135
40	136
40	137
41	42
41	43
41	64
41	68
41	90
41	91
41	134
41	135
41	136
42	43
42	46
42	49
42	57
42	64
42	91
42	133
42	134
42	135
43	44
43	45
43	46
43	49
43	57
43	58
43	59
43	60
43	61
43	64
43	134
44	45
44	46
44	49
44	57
44	58
44	59
44	60
44	61
45	46
45	47
45	49
46	47
46	48
46	49
46	132
46	133
46	134
47	48
47	49
47	132
47	133
48	49
48	50
48	133
49	50
49	56
49	57
50	51
50	54
50	55
50	56
50	57
51	52
51	53
51	54
51	55
51	91
51	92
52	53
52	54
52	91
52	93
53	54
53	55
53	91
54	55
54	56
54	57
55	56
55	57
56	57
56	58
57	58
57	59
58	59
58	60
59	60
59	61
59	63
59	64
60	61
60	62
60	63
60	64
61	62
61	63
61	64
61	65
62	63
62	64
62	65
62	66
63	64
63	65
63	66
63	67
64	65
64	66
64	67
64	68
65	66
65	67
65	68
65	69
65	135
66	67
66	68
66	69
66	70
67	68
67	69
67	70
67	71
68	69
68	70
68	71
68	72
68	128
69	70
69	71
69	72
69	73
70	71
70	72
70	73
70	74
71	72
71	73
71	74
71	75
72	73
72	74
72	75
72	76
73	74
73	75
73	76
73	77
74	75
74	76
74	77
74	78
74	79
74	80
75	76
75	77
75	78
75	79
75	80
75	81
75	82
76	77
76	78
77	78
77	79
78	79
78	80
78	81
79	80
79	81
80	81
80	82
80	85
81	82
81	83
81	84
81	85
82	83
82	84
82	85
82	86
83	84
83	85
83	86
83	87
83	98
83	99
84	85
84	86
84	87
84	88
84	98
85	86
85	87
85	88
85	89
86	87
86	88
86	89
86	90
86	95
86	98
86	99
87	88
87	89
87	90
87	95
87	96
87	98
87	99
88	89
88	90
89	90
89	91
90	91
90	92
90	95
91	92
91	93
92	93
92	94
92	95
93	94
93	95
93	96
94	95
94	96
94	97
94	98
94	99
94	100
94	101
95	96
95	97
95	98
95	99
96	97
96	98
96	99
97	98
97	99
97	100
98	99
98	100
99	100
99	101
100	101
100	102
101	102
101	103
102	103
102	104
103	104
104	105
104	106
104	108
105	106
105	107
105	108
106	107
106	108
106	114
107	108
107	109
108	109
108	110
109	110
109	111
109	113
109	114
110	111
110	112
110	113
110	114
110	131
111	112
111	113
111	114
111	115
112	113
112	114
112	115
112	116
112	129
112	130
112	131
113	114
113	115
113	116
113	117
113	129
113	131
114	115
114	116
114	117
114	118
115	116
115	117
115	118
115	119
116	117
116	118
116	119
116	120
116	126
117	118
117	119
117	120
117	138
117	140
118	119
118	120
119	120
119	121
120	121
120	122
120	124
120	140
121	122
121	123
121	124
121	140
122	123
122	124
122	140
122	141
122	142
123	124
123	125
123	139
123	140
123	141
124	125
124	126
124	139
124	140
125	126
125	127
125	138
125	139
125	140
126	127
126	128
126	137
126	138
126	139
127	128
127	129
127	137
128	129
128	130
128	135
128	136
128	137
129	130
129	131
129	135
129	136
129	137
130	131
130	134
130	135
130	136
131	132
131	133
131	134
131	135
132	133
132	134
133	134
134	135
134	136
135	136
136	137
136	138
137	138
137	139
138	139
138	140
139	140
139	141
140	141
140	142
141	142
