0	1
0	2
1	2
1	3
2	3
2	4
3	4
3	5
3	7
4	5
4	6
4	7
5	6
5	7
5	8
5	9
5	10
6	7
6	8
6	9
6	10
7	8
7	9
7	10
7	367
7	368
7	486
7	487
8	9
8	10
8	11
8	368
8	486
8	487
9	10
9	11
9	368
9	486
9	487
10	11
10	12
10	48
10	368
11	12
11	13
11	47
11	48
11	49
11	368
11	369
11	370
12	13
12	14
12	47
12	48
12	49
12	50
12	51
12	369
12	370
12	371
13	14
13	15
13	47
13	49
13	50
13	51
13	370
13	371
13	372
13	373
14	15
14	16
14	50
14	51
14	52
14	370
14	371
14	372
14	373
15	16
15	17
15	20
15	50
15	51
15	52
15	53
15	372
15	373
16	17
16	18
16	19
16	20
16	52
16	53
17	18
17	19
17	20
17	29
17	30
17	52
17	53
18	19
18	20
18	28
18	29
18	30
19	20
19	21
19	28
19	29
19	426
19	427
19	428
19	429
20	21
20	22
20	29
20	34
20	428
20	429
21	22
21	23
21	29
21	30
21	33
21	34
21	439
21	440
22	23
22	24
22	25
22	27
22	28
22	29
22	30
22	33
22	439
22	440
23	24
23	25
23	30
23	32
23	33
23	440
24	25
24	26
25	26
25	27
25	440
25	441
25	442
26	27
26	28
26	442
26	443
27	28
27	29
27	440
27	442
27	443
27	444
27	445
28	29
28	30
28	444
28	445
29	30
29	33
29	78
30	31
30	32
30	33
30	34
30	77
30	78
30	79
31	32
31	33
31	34
31	35
31	78
31	79
31	83
31	84
31	87
32	33
32	34
32	35
32	36
32	83
33	34
33	35
33	36
33	37
34	35
34	36
34	37
34	38
35	36
35	37
35	38
35	87
36	37
36	38
37	38
37	39
37	40
37	41
38	39
38	40
38	41
38	42
38	43
39	40
39	41
39	42
39	43
39	44
40	41
40	42
40	43
40	44
40	45
41	42
41	43
41	44
41	45
41	46
41	47
42	43
42	44
42	45
42	46
42	47
43	44
43	45
43	46
43	47
44	45
44	46
45	46
45	47
45	472
46	47
46	48
46	472
46	476
47	48
47	49
48	49
48	97
48	98
49	50
49	51
49	97
49	98
49	99
50	51
50	52
50	98
50	99
50	100
51	52
51	53
51	99
51	100
51	101
52	53
52	54
52	100
52	101
52	102
53	54
53	55
53	101
53	102
54	55
54	56
54	64
54	65
54	101
54	102
55	56
55	64
55	73
55	74
55	75
56	57
56	58
56	64
56	67
56	69
56	70
56	72
56	73
56	74
56	75
57	58
57	67
57	68
57	69
57	70
57	72
57	73
57	74
57	75
57	76
58	59
58	60
58	64
58	66
58	67
58	68
58	75
59	60
59	61
59	66
60	61
60	62
60	63
60	64
60	66
61	62
61	63
61	66
62	63
62	64
62	65
62	66
62	393
63	64
63	65
64	65
64	66
64	67
65	66
65	67
65	104
66	67
66	68
66	108
66	109
66	171
67	68
67	69
67	70
67	108
67	109
67	112
68	69
68	70
68	108
68	109
68	111
68	112
69	70
69	71
69	72
69	112
70	71
70	72
70	188
71	72
71	73
71	74
72	73
72	74
72	75
72	81
73	74
73	75
73	76
73	79
73	80
73	81
74	75
74	76
74	79
74	80
74	81
75	76
75	77
75	78
75	79
76	77
76	78
76	79
76	80
77	78
77	79
78	79
79	80
79	83
80	81
80	82
80	83
80	84
81	82
81	83
81	84
81	85
82	83
82	84
82	85
82	86
83	84
83	85
83	86
83	87
84	85
84	86
84	87
84	88
84	89
85	86
85	87
85	88
85	89
85	90
86	87
86	88
86	89
86	90
86	91
87	88
87	89
87	90
87	91
87	92
88	89
88	90
88	91
88	92
88	93
89	90
89	91
89	92
89	93
90	91
90	92
90	93
90	94
91	92
91	93
91	94
91	95
92	93
92	94
92	95
92	96
92	97
92	98
93	94
93	95
93	96
93	97
93	98
94	95
94	96
95	96
95	97
96	97
96	98
97	98
97	99
98	99
98	100
98	198
99	100
99	101
99	197
99	198
99	199
100	101
100	102
100	197
100	198
100	199
100	200
100	201
101	102
101	103
101	199
101	200
101	201
102	103
102	104
102	200
102	201
102	202
102	203
103	104
103	105
103	200
103	201
103	202
103	203
104	105
104	106
104	107
104	202
104	203
105	106
105	107
105	108
105	174
106	107
106	173
106	174
106	204
106	205
106	207
106	208
107	108
107	171
107	172
107	173
107	174
108	109
108	110
108	112
108	171
108	172
108	173
108	174
109	110
109	111
109	112
109	170
109	171
109	172
110	111
110	112
110	115
110	170
110	171
110	172
111	112
111	113
111	115
111	116
112	113
112	114
112	115
112	116
113	114
113	115
113	116
113	117
114	115
114	116
114	117
114	118
114	126
115	116
115	117
115	118
115	119
116	117
116	118
116	119
116	120
117	118
117	119
117	120
117	124
117	126
118	119
118	120
118	121
118	124
118	126
118	127
118	129
119	120
119	121
119	127
120	121
120	124
120	158
121	122
121	123
121	124
121	159
122	123
122	124
122	127
123	124
123	125
123	127
124	125
124	126
124	127
125	126
125	127
126	127
126	128
126	129
127	128
127	129
127	130
128	129
128	130
128	131
128	175
128	178
129	130
129	174
129	175
129	178
129	181
130	131
130	132
130	173
130	174
130	175
131	132
131	133
131	163
131	164
131	173
131	175
132	133
132	161
132	162
132	163
132	164
133	134
133	135
133	141
133	161
133	162
133	163
134	135
134	136
134	141
134	161
134	162
135	136
135	137
135	138
135	139
135	140
135	141
135	161
135	162
136	137
136	138
136	139
136	140
136	141
137	138
137	139
138	139
139	140
139	141
140	141
140	142
140	143
140	153
141	142
142	143
142	144
142	214
142	215
142	216
143	144
143	145
143	216
143	217
144	145
144	146
144	151
144	152
144	217
145	146
145	147
145	150
145	151
145	152
146	147
146	148
146	149
146	150
146	151
146	152
146	165
146	166
146	167
147	148
147	149
147	166
147	167
148	149
148	167
148	168
148	393
148	394
148	397
149	150
149	151
149	397
149	398
149	400
149	401
150	151
150	152
150	401
151	152
151	153
152	153
152	154
152	164
152	165
152	166
153	154
153	155
153	162
153	163
153	164
153	165
154	155
154	156
154	162
154	163
154	164
154	169
155	156
155	157
155	160
155	161
155	162
155	163
156	157
156	158
156	159
156	160
156	161
156	162
157	158
157	159
157	160
158	159
158	160
159	160
159	161
160	161
160	162
161	162
161	163
162	163
162	164
163	164
163	165
163	172
164	165
164	166
164	172
164	173
165	166
165	167
165	168
165	169
165	171
165	172
165	173
166	167
166	168
166	173
167	168
167	169
167	171
168	169
168	170
168	171
169	170
169	171
169	172
170	171
170	172
171	172
171	173
172	173
172	174
173	174
173	175
174	175
174	176
175	176
175	177
175	178
176	177
176	178
176	181
176	182
176	208
176	209
177	178
177	179
178	179
178	180
178	181
178	182
179	180
179	181
179	182
179	183
180	181
180	182
180	183
180	184
181	182
181	183
181	184
181	185
182	183
182	184
182	185
182	186
183	184
183	185
183	186
183	187
184	185
184	186
184	187
184	188
185	186
185	187
185	188
185	189
186	187
186	188
186	189
186	190
186	243
186	247
187	188
187	189
187	190
187	191
188	189
188	190
188	191
188	192
189	190
189	191
189	192
189	193
190	191
190	192
190	193
190	194
190	247
191	192
191	193
191	194
191	195
192	193
192	194
192	195
192	197
193	194
193	195
193	196
193	197
194	195
194	196
195	196
195	197
196	197
196	198
197	198
197	199
198	199
198	253
198	254
199	200
199	201
199	253
199	254
199	255
200	201
200	202
200	254
200	255
200	256
201	202
201	203
201	255
201	256
201	257
202	203
202	204
202	205
202	256
202	257
202	258
203	204
203	205
203	257
203	258
204	205
204	206
204	207
204	258
204	259
204	260
204	261
205	206
205	207
205	208
205	257
205	258
205	259
206	207
206	208
206	231
206	259
206	260
206	261
206	263
207	208
207	209
207	230
207	231
208	209
208	210
208	236
209	210
209	211
209	233
209	234
209	235
209	236
210	211
210	212
210	233
211	212
211	213
211	214
211	233
211	234
212	213
212	214
213	214
213	215
214	215
214	216
215	216
215	217
216	217
216	218
217	218
217	219
217	221
217	222
217	223
218	219
218	220
218	221
218	222
218	223
219	220
219	221
219	222
219	223
219	224
220	221
220	222
220	223
220	224
221	222
221	223
221	224
221	225
221	226
221	229
222	223
222	224
222	225
222	226
223	224
223	225
223	226
224	225
224	226
225	226
225	227
225	228
225	295
226	227
226	228
226	229
226	230
227	228
227	229
227	230
227	231
227	262
228	229
228	230
228	231
228	262
228	263
228	264
229	230
229	231
229	232
230	231
230	232
230	233
231	232
231	233
231	262
231	263
232	233
232	234
233	234
233	235
233	236
234	235
234	236
235	236
235	237
235	238
235	239
236	237
236	238
236	239
236	240
237	238
237	239
237	240
237	241
238	239
238	240
238	241
238	242
239	240
239	241
239	242
239	243
240	241
240	242
240	243
240	244
240	278
241	242
241	243
241	244
241	245
241	277
241	278
242	243
242	244
242	245
242	246
243	244
243	245
243	246
243	247
243	248
244	245
244	246
244	247
244	248
244	249
244	277
244	278
245	246
245	247
245	248
245	249
246	247
246	248
246	249
247	248
247	249
247	250
248	249
248	250
248	251
249	250
249	251
250	251
251	252
251	253
252	253
252	254
253	254
253	255
254	255
254	256
254	280
255	256
255	257
255	279
255	280
255	281
256	257
256	258
256	279
256	280
256	281
256	282
256	283
257	258
257	259
257	279
257	281
257	282
257	283
258	259
258	260
258	261
258	282
258	283
258	284
259	260
259	261
259	262
259	263
259	282
259	283
259	284
260	261
260	262
260	263
260	284
260	285
260	286
261	262
261	263
261	284
261	285
261	286
262	263
262	264
263	264
263	265
263	267
264	265
264	266
264	267
265	266
265	267
265	268
266	267
266	268
266	269
266	319
267	268
267	269
267	270
268	269
268	270
268	271
268	272
268	319
269	270
269	271
269	272
269	273
269	319
269	320
269	324
270	271
270	272
270	273
271	272
271	273
271	278
271	279
272	273
272	274
272	278
272	279
272	280
272	281
272	282
272	324
272	325
273	274
273	275
273	276
273	323
273	324
274	275
274	276
274	277
274	280
274	323
274	324
275	276
275	277
276	277
276	278
277	278
277	279
278	279
279	280
279	281
280	281
280	325
281	282
281	283
281	325
281	326
281	327
282	283
282	284
282	325
282	326
282	327
283	284
283	285
283	286
283	326
283	327
284	285
284	286
284	287
285	286
285	287
285	288
285	289
285	290
286	287
286	288
286	289
286	290
287	288
287	289
287	290
287	291
287	312
288	289
288	290
288	291
288	309
288	312
288	313
289	290
289	291
289	330
290	291
290	292
290	293
291	292
291	293
292	293
292	294
292	300
292	301
292	302
292	303
292	304
293	294
293	295
293	297
293	299
293	300
293	301
293	302
294	295
294	296
294	297
294	298
294	299
294	300
294	301
294	302
295	296
295	297
296	297
296	298
296	299
297	298
297	299
298	299
298	300
298	301
298	416
298	417
298	420
299	300
299	301
299	302
299	416
299	417
300	301
300	302
300	303
301	302
301	303
302	303
302	304
303	304
304	305
304	308
305	306
305	307
305	308
305	309
305	498
306	307
306	308
306	309
306	310
306	498
306	499
307	308
307	309
307	310
307	311
307	495
307	496
307	497
307	498
308	309
308	310
308	311
308	312
309	310
309	311
309	312
309	313
310	311
310	312
310	313
310	314
310	495
311	312
311	313
311	314
311	315
311	495
312	313
312	314
312	315
312	316
313	314
313	315
313	316
313	317
314	315
314	316
314	317
314	318
315	316
315	317
315	318
315	319
316	317
316	318
316	319
317	318
317	319
317	320
318	319
318	320
318	321
319	320
319	321
320	321
320	322
320	323
320	324
320	325
320	326
321	322
321	323
321	324
322	323
322	324
323	324
323	325
324	325
325	326
325	327
325	367
326	327
326	328
326	367
326	368
327	328
327	329
327	367
327	368
327	369
328	329
328	361
328	364
328	367
328	368
328	369
328	370
329	330
329	331
329	361
329	369
329	370
329	371
330	331
330	338
331	332
331	335
331	337
331	338
331	372
332	333
332	334
332	335
332	372
332	425
333	334
333	335
333	422
333	425
333	426
334	335
334	422
335	336
335	337
335	420
335	421
335	422
335	425
336	337
336	338
336	341
336	381
336	419
336	420
336	421
336	422
336	424
336	425
337	338
337	339
337	340
337	341
337	380
337	381
337	424
337	425
338	339
338	340
338	341
338	342
338	343
338	375
339	340
339	341
339	342
339	343
339	344
339	345
339	350
339	353
339	354
339	378
339	380
340	341
340	342
340	343
340	344
340	345
340	380
340	381
341	342
341	343
342	343
343	344
343	345
343	353
343	354
344	345
344	346
344	349
344	350
344	353
345	346
345	347
345	349
345	350
345	380
346	347
346	348
346	349
346	350
347	348
347	349
347	350
348	349
348	350
349	350
349	351
349	352
349	353
350	351
350	352
350	353
350	354
350	378
351	352
351	353
351	354
351	355
351	378
351	467
352	353
352	354
352	355
352	356
352	541
352	558
353	354
353	355
353	356
353	357
353	558
354	355
354	356
354	357
354	358
354	378
354	467
355	356
355	357
355	358
355	359
355	467
355	470
355	540
356	357
356	358
356	359
356	360
356	516
356	558
356	559
356	560
356	561
357	358
357	359
357	360
357	361
358	359
358	360
358	361
358	362
358	471
359	360
359	361
359	362
359	363
359	475
359	560
359	561
360	361
360	362
360	363
360	364
361	362
361	363
361	364
361	369
362	363
362	364
362	369
362	475
362	476
362	479
363	364
363	365
363	366
363	485
363	486
364	365
364	366
364	367
365	366
365	367
365	486
365	487
365	488
365	490
366	367
366	486
366	487
366	488
366	490
367	368
367	369
367	486
368	369
368	370
369	370
369	371
370	371
370	372
371	372
371	373
371	375
372	373
372	374
372	375
373	374
373	375
374	375
374	376
374	377
374	378
374	379
374	429
375	376
375	377
375	378
375	379
376	377
376	378
376	467
376	468
376	471
377	378
377	379
377	455
377	456
377	457
377	460
377	467
377	468
378	379
378	380
378	467
379	380
379	455
380	381
380	382
381	382
381	383
381	424
382	383
382	384
382	424
382	449
383	384
383	385
384	385
384	386
384	389
384	418
385	386
385	389
386	387
386	388
386	389
386	414
387	388
387	389
387	390
387	414
388	389
388	390
389	390
389	391
390	391
390	392
390	423
391	392
391	393
392	393
392	394
392	395
392	423
393	394
393	395
393	396
393	397
394	395
394	396
394	397
394	398
395	396
395	397
395	398
395	399
396	397
396	398
396	399
396	400
397	398
397	399
397	400
397	401
398	399
398	400
398	401
398	402
399	400
399	401
399	402
399	403
399	404
400	401
400	402
400	403
400	404
401	402
401	403
401	404
401	405
402	403
402	404
402	405
402	406
402	407
402	408
403	404
403	405
403	406
403	407
403	408
403	409
403	410
404	405
404	406
405	406
405	407
406	407
406	408
406	409
407	408
408	409
408	410
408	412
408	413
409	410
409	411
409	412
409	413
410	411
410	412
410	413
410	414
411	412
411	413
411	414
411	415
412	413
412	414
412	415
412	416
413	414
413	415
413	416
413	417
414	415
414	416
414	417
414	418
415	416
415	417
415	418
416	417
416	418
416	419
417	418
417	419
417	420
417	421
418	419
418	420
418	421
419	420
419	421
420	421
420	422
421	422
421	423
421	424
422	423
422	424
422	425
422	426
423	424
423	425
423	426
423	427
424	425
424	426
424	427
425	426
425	427
426	427
426	428
427	428
427	429
427	446
427	447
427	448
427	449
428	429
428	430
428	439
428	448
429	430
429	431
429	439
430	431
430	432
430	437
430	438
430	439
430	452
430	455
430	456
430	457
431	432
431	437
431	438
431	439
431	456
431	457
431	458
432	433
432	434
432	437
432	438
432	456
432	457
432	458
432	459
433	434
433	435
433	437
433	438
433	452
433	453
433	456
434	435
434	436
434	437
434	438
435	436
435	437
435	438
436	437
436	438
436	439
436	440
436	448
437	438
437	439
437	452
438	439
438	440
439	440
440	441
440	442
440	443
440	444
441	442
442	443
442	444
443	444
443	445
444	445
444	446
444	447
445	446
445	447
446	447
446	448
447	448
447	449
448	449
448	450
449	450
449	451
449	452
450	451
450	452
450	453
451	452
451	453
451	454
451	455
452	453
452	454
452	455
452	456
453	454
453	455
453	456
454	455
454	456
455	456
456	457
456	458
456	459
456	460
457	458
457	459
457	460
457	461
458	459
458	460
458	461
458	462
459	460
459	461
459	462
459	463
460	461
460	462
460	463
460	466
460	467
460	468
461	462
461	463
461	468
461	469
462	463
462	464
463	464
463	465
463	466
464	465
464	466
464	469
465	466
465	467
465	469
466	467
466	468
466	469
466	470
467	468
467	469
467	470
467	471
468	469
468	470
468	471
468	472
469	470
469	471
469	472
469	473
469	474
470	471
470	472
470	473
470	474
470	475
471	472
471	473
471	474
471	475
471	476
472	473
472	474
472	475
472	476
472	477
473	474
473	475
473	476
473	477
473	478
474	475
474	476
474	477
474	478
475	476
475	477
475	478
475	479
476	477
476	478
476	479
476	480
477	478
477	479
477	480
477	481
478	479
478	480
478	481
478	482
479	480
479	481
479	482
479	485
479	486
480	481
480	482
481	482
481	483
482	483
482	484
482	485
483	484
483	485
483	486
483	487
483	488
484	485
484	486
484	487
484	488
484	505
484	506
484	507
485	486
485	487
485	488
485	505
486	487
486	488
487	488
487	489
488	489
488	490
488	505
488	506
488	507
489	490
489	491
489	505
489	506
489	507
490	491
490	492
490	503
490	504
490	505
491	492
491	493
491	503
491	504
491	505
492	493
492	494
492	495
492	502
492	503
492	504
493	494
493	495
493	502
493	503
494	495
494	496
494	497
495	496
495	497
496	497
496	498
497	498
497	499
497	500
498	499
498	500
499	500
499	501
499	517
499	518
499	519
500	501
500	502
500	515
500	516
500	517
500	518
501	502
501	503
501	515
501	516
501	517
502	503
502	514
502	515
502	516
503	504
503	505
503	513
503	514
503	515
504	505
504	506
504	511
504	512
504	513
504	514
505	506
505	511
505	512
505	513
506	507
506	508
506	509
506	510
506	511
506	512
507	508
507	509
507	510
507	511
508	509
508	510
509	510
509	511
510	511
510	512
511	512
511	513
511	565
511	566
512	513
512	514
512	563
512	564
512	565
512	566
513	514
513	515
513	563
513	564
513	565
513	566
514	515
514	516
514	562
514	563
514	564
515	516
515	517
515	560
515	561
515	562
515	563
516	517
516	518
516	558
516	559
516	560
516	561
516	562
517	518
517	519
517	555
517	557
517	558
517	559
517	560
517	561
518	519
518	520
518	558
519	520
519	521
519	557
519	558
520	521
520	557
520	558
521	522
521	523
521	556
521	557
522	523
522	555
522	556
522	557
523	524
523	525
523	554
523	555
523	556
524	525
524	526
524	553
524	554
524	555
525	526
525	527
525	552
525	553
525	554
526	527
526	528
526	551
526	552
526	553
527	528
527	529
527	531
527	532
527	551
527	552
528	529
528	530
528	531
529	530
529	531
530	531
530	532
531	532
531	551
531	566
531	567
532	533
532	534
532	549
532	550
532	551
532	566
532	567
533	534
533	535
533	548
533	549
533	550
533	551
533	564
533	565
533	566
533	567
534	535
534	548
534	549
534	565
534	566
534	567
535	536
535	537
535	548
535	564
535	565
535	566
536	537
536	538
536	545
536	563
536	564
536	565
537	538
537	563
537	564
538	539
538	562
538	563
539	540
539	541
539	542
539	560
539	561
539	562
539	563
540	541
540	542
540	559
540	560
540	561
540	562
541	542
541	543
541	556
541	558
541	559
542	543
542	544
542	556
542	559
543	544
544	545
544	546
545	546
545	547
546	547
546	548
546	550
546	553
547	548
547	549
547	550
548	549
548	550
549	550
549	551
550	551
550	552
551	552
552	553
553	554
553	555
554	555
554	556
555	556
555	557
555	559
556	557
556	558
556	559
557	558
557	559
558	559
558	560
558	561
559	560
559	561
559	562
560	561
560	562
561	562
562	563
562	564
563	564
564	565
564	566
565	566
566	567
