0	1
0	2
1	2
1	3
2	3
2	4
2	43
3	4
3	5
3	43
4	5
4	6
4	37
4	42
4	43
4	46
5	6
5	7
5	37
5	46
6	7
6	8
6	12
6	46
6	50
7	8
7	9
7	10
8	9
8	10
9	10
10	11
10	12
10	50
11	12
11	13
11	50
11	53
11	54
12	13
12	14
12	50
12	53
12	63
12	64
13	14
13	15
13	63
13	64
13	65
14	15
14	16
14	64
14	65
14	66
15	16
15	19
15	20
15	64
15	65
15	66
16	17
16	18
16	19
16	20
16	66
16	71
17	18
17	19
17	20
17	71
17	73
17	74
18	19
18	20
19	20
19	21
19	22
19	23
20	21
20	22
20	23
20	24
21	22
21	23
21	24
21	25
21	94
22	23
22	24
22	25
22	26
23	24
23	25
23	26
23	27
24	25
24	26
24	27
24	30
24	89
24	92
24	93
24	94
25	26
25	27
25	92
25	93
26	27
26	28
26	92
27	28
27	29
27	30
27	92
28	29
28	30
28	90
28	91
28	92
29	30
29	31
29	61
29	62
29	89
29	90
29	91
30	31
30	32
30	61
30	62
30	63
30	88
30	89
30	90
31	32
31	33
31	62
31	63
31	64
31	86
31	87
31	88
31	89
32	33
32	34
32	63
32	64
32	65
32	86
32	87
32	88
33	34
33	35
33	64
33	65
33	66
33	84
33	85
33	86
33	87
34	35
34	65
34	66
34	67
34	68
34	83
34	84
34	85
34	86
35	36
35	37
35	42
35	66
35	67
35	68
35	83
35	84
35	85
36	37
36	38
36	39
36	67
36	68
36	69
36	83
37	38
37	39
38	39
38	40
39	40
39	41
39	42
39	43
39	83
40	41
40	42
40	43
40	44
41	42
41	43
41	44
41	45
42	43
42	44
42	45
42	46
42	83
42	84
43	44
43	45
43	46
44	45
44	46
45	46
45	47
45	48
45	49
45	104
46	47
46	48
46	49
46	50
47	48
47	49
47	50
47	51
48	49
48	50
48	51
48	52
48	105
48	106
49	50
49	51
49	52
49	53
49	106
50	51
50	52
50	53
50	54
51	52
51	53
51	54
51	55
51	106
52	53
52	54
52	55
52	56
52	106
52	107
52	109
52	110
53	54
53	55
53	56
53	57
53	62
53	63
54	55
54	56
54	57
55	56
55	57
55	58
56	57
56	58
56	59
56	61
56	110
57	58
57	59
57	60
57	61
57	62
58	59
58	60
59	60
59	61
60	61
60	62
61	62
61	63
62	63
62	64
63	64
64	65
64	66
65	66
65	67
66	67
66	68
67	68
67	69
67	70
67	71
68	69
68	70
68	71
68	72
68	75
69	70
69	71
69	72
70	71
70	72
71	72
71	73
71	74
71	75
72	73
72	74
72	75
72	76
73	74
73	75
73	76
73	77
74	75
74	76
74	77
74	78
75	76
75	77
75	78
75	79
75	80
76	77
76	78
76	79
76	80
77	78
77	79
78	79
78	80
79	80
79	81
80	81
80	82
80	85
81	82
82	83
82	84
82	85
83	84
83	85
84	85
84	86
85	86
85	87
86	87
86	88
86	99
86	100
87	88
87	89
87	97
87	98
87	99
87	100
88	89
88	90
88	97
88	98
88	99
89	90
89	91
89	92
89	93
89	94
89	96
89	97
89	98
90	91
90	92
90	93
90	96
90	97
91	92
91	93
92	93
92	94
93	94
93	95
93	96
94	95
94	96
94	97
95	96
95	97
96	97
96	98
97	98
97	99
98	99
98	100
99	100
99	101
100	101
100	102
101	102
102	103
102	104
102	225
103	104
103	105
103	108
104	105
104	106
104	108
104	109
105	106
105	107
105	108
105	109
106	107
106	108
106	109
106	110
107	108
107	109
107	110
107	111
108	109
108	110
108	111
108	112
109	110
109	111
109	112
109	113
110	111
110	112
110	113
110	114
111	112
111	113
111	114
111	115
112	113
112	114
112	115
112	116
113	114
113	115
113	116
113	117
114	115
114	116
114	117
115	116
115	117
115	118
116	117
116	118
117	118
117	119
118	119
118	120
119	120
119	121
119	122
120	121
120	122
120	159
120	160
120	163
120	168
121	122
121	123
121	159
121	168
121	169
121	170
122	123
122	124
122	168
122	169
122	170
123	124
123	169
123	170
123	171
124	125
124	126
124	127
124	170
124	171
125	126
125	127
125	171
125	172
126	127
126	128
126	129
126	130
127	128
127	129
127	130
127	131
127	171
128	129
128	130
128	131
128	132
129	130
129	131
129	132
129	133
130	131
130	132
130	133
130	134
131	132
131	133
131	134
132	133
132	134
133	134
133	135
134	135
134	136
135	136
135	137
136	137
136	138
136	185
137	138
137	185
138	139
138	140
138	165
138	166
138	167
138	185
139	140
139	141
139	166
139	167
139	182
139	183
139	184
139	185
139	215
140	141
140	142
140	166
140	167
140	168
140	182
140	183
140	184
141	142
141	143
141	166
141	167
141	168
141	169
141	181
141	182
141	183
142	143
142	144
142	168
142	169
142	170
142	180
142	181
142	182
143	144
143	169
143	170
143	171
143	179
143	180
143	181
144	145
144	146
144	147
144	170
144	171
144	172
144	173
144	178
144	179
144	180
145	146
145	147
145	171
145	172
145	173
145	174
145	175
145	176
145	177
145	178
145	179
146	147
146	148
146	172
146	173
146	174
146	175
146	176
146	177
146	178
147	148
147	149
147	151
147	152
147	172
147	178
148	149
148	150
148	151
148	152
149	150
149	151
149	152
149	153
150	151
150	152
150	153
150	154
150	202
151	152
151	153
151	154
151	155
151	202
152	153
152	154
152	155
152	156
153	154
153	155
153	156
153	157
154	155
154	156
154	157
154	158
154	202
154	204
155	156
155	157
155	158
155	159
156	157
156	158
156	159
156	160
157	158
157	159
157	160
157	161
158	159
158	160
158	161
158	162
159	160
159	161
159	162
159	163
159	168
160	161
160	162
160	163
161	162
161	163
162	163
162	164
162	165
162	166
163	164
163	165
163	166
163	167
164	165
164	166
165	166
166	167
166	168
167	168
167	169
168	169
168	170
169	170
169	171
170	171
170	172
171	172
171	173
172	173
172	174
173	174
173	175
173	176
174	175
174	176
175	176
175	177
176	177
176	178
177	178
177	179
178	179
178	180
179	180
179	181
179	193
180	181
180	193
180	194
181	182
181	183
181	191
181	192
181	193
181	194
182	183
182	184
182	191
182	192
182	193
182	215
183	184
183	185
183	187
183	188
183	190
183	191
183	192
184	185
184	186
184	187
184	188
184	217
185	186
185	187
185	188
185	217
186	187
186	188
187	188
187	189
187	190
188	189
188	190
188	191
189	190
189	191
190	191
190	192
191	192
191	193
192	193
192	194
193	194
193	195
194	195
194	196
195	196
195	197
196	197
196	198
197	198
197	199
197	200
197	201
198	199
198	200
198	201
198	202
199	200
199	201
199	202
200	201
200	202
200	203
200	206
201	202
201	203
201	204
201	206
201	207
202	203
202	204
202	207
203	204
203	205
203	206
203	207
204	205
204	206
204	207
204	208
205	206
205	207
205	208
205	209
206	207
206	208
206	209
206	210
207	208
207	209
207	210
207	211
208	209
208	210
208	211
208	212
209	210
209	211
209	212
209	213
210	211
210	212
210	213
210	214
211	212
211	213
211	214
211	215
212	213
212	214
212	215
212	232
212	233
213	214
213	215
213	216
213	233
213	264
214	215
214	216
215	216
215	217
216	217
216	218
217	218
217	219
217	220
218	219
218	220
218	256
218	259
218	260
218	268
219	220
219	221
219	255
219	256
219	259
219	268
219	269
219	270
220	221
220	222
220	269
220	270
221	222
221	223
221	269
221	270
221	271
222	223
222	226
222	227
222	269
222	270
222	271
223	224
223	225
223	226
223	227
224	225
224	226
224	227
225	226
225	227
226	227
226	228
226	229
227	228
227	229
227	230
227	231
228	229
228	230
228	231
228	232
229	230
229	231
229	232
229	233
230	231
230	232
230	233
231	232
231	233
231	234
232	233
232	234
233	234
233	235
234	235
235	236
235	237
235	265
235	266
235	267
236	237
236	238
236	266
236	267
236	294
236	295
236	296
236	297
237	238
237	239
237	266
237	267
237	268
237	294
237	295
237	296
238	239
238	240
238	267
238	268
238	269
238	293
238	294
238	295
239	240
239	241
239	268
239	269
239	270
239	271
239	292
239	293
239	294
240	241
240	242
240	269
240	270
240	271
240	290
240	291
240	292
240	293
241	242
241	243
241	270
241	271
241	272
241	273
241	289
241	290
241	291
241	292
242	243
242	244
242	247
242	248
242	271
242	272
242	273
242	289
242	290
243	244
243	272
243	273
243	274
243	289
243	290
244	245
244	246
244	247
244	248
245	246
245	247
245	248
245	249
246	247
246	248
246	249
246	250
247	248
247	249
247	250
248	249
248	250
248	251
248	252
249	250
249	251
249	252
250	251
250	252
251	252
251	253
251	254
251	255
252	253
252	254
252	255
252	256
253	254
253	255
253	256
253	257
254	255
254	256
254	257
254	258
255	256
255	257
255	258
255	259
255	268
256	257
256	258
256	259
256	260
257	258
257	259
257	260
257	261
258	259
258	260
258	261
258	262
259	260
259	261
259	262
259	263
259	267
259	268
260	261
260	262
260	263
261	262
261	263
262	263
262	264
262	265
262	266
263	264
263	265
263	266
263	267
264	265
264	266
265	266
266	267
267	268
267	269
268	269
269	270
269	271
270	271
270	272
271	272
271	273
271	276
272	273
272	274
272	275
272	276
273	274
273	275
273	276
273	277
274	275
274	276
274	277
275	276
275	277
276	277
276	278
276	279
277	278
277	279
277	280
277	287
278	279
278	280
278	281
279	280
279	281
279	282
279	283
280	281
280	282
280	283
280	284
280	285
280	286
280	287
281	282
281	283
281	284
281	285
281	286
282	283
282	284
283	284
283	285
283	295
283	302
284	285
284	286
284	302
284	342
284	344
285	286
285	287
286	287
286	288
287	288
287	289
288	289
288	290
288	291
289	290
289	291
289	320
290	291
290	320
290	321
291	292
291	293
291	322
292	293
292	304
292	305
293	294
293	295
293	303
293	304
293	305
294	295
294	296
294	302
294	303
294	304
295	296
295	297
295	300
295	301
295	302
295	303
296	297
296	298
296	299
296	300
296	301
296	302
297	298
297	299
297	300
297	301
298	299
298	300
299	300
299	301
300	301
300	302
301	302
301	303
301	341
302	303
302	304
302	341
302	342
303	304
303	340
303	341
303	342
304	305
304	306
305	306
305	307
306	307
307	308
307	309
308	309
308	310
308	312
308	313
309	310
309	311
309	312
309	313
310	311
310	312
310	313
310	314
311	312
311	313
311	314
311	315
312	313
312	314
312	315
312	316
313	314
313	315
313	316
314	315
314	316
315	316
315	317
316	317
316	318
317	318
318	319
318	320
319	320
319	321
320	321
320	322
321	322
321	323
322	323
322	324
323	324
323	325
323	326
323	327
324	325
324	326
324	327
324	328
325	326
325	327
325	328
325	329
326	327
326	328
326	329
326	330
327	328
327	329
327	330
327	331
328	329
328	330
328	331
328	332
329	330
329	331
329	332
329	333
330	331
330	332
330	333
330	334
331	332
331	333
331	334
331	335
332	333
332	334
332	335
332	336
333	334
333	335
333	336
333	337
333	338
333	339
334	335
334	336
334	337
334	338
334	339
335	336
335	337
336	337
336	338
337	338
337	339
338	339
338	340
339	340
339	341
340	341
340	342
341	342
341	343
342	343
342	344
343	344
343	345
343	361
343	419
344	345
344	361
344	417
344	418
344	419
345	346
345	347
345	360
345	361
345	362
345	417
345	418
345	419
346	347
346	348
346	360
346	417
346	418
347	348
347	349
348	349
348	350
348	360
349	350
349	351
350	351
350	352
351	352
352	353
352	354
353	354
353	355
354	355
354	356
354	357
355	356
355	357
355	398
355	399
355	402
356	357
356	358
356	395
356	398
356	410
356	411
356	412
357	358
357	359
357	410
357	411
357	412
358	359
358	360
358	411
358	412
358	413
359	360
359	361
359	363
359	364
359	411
359	412
359	413
360	361
360	362
360	363
360	364
360	413
360	418
361	362
361	363
361	364
361	418
361	419
361	420
362	363
362	364
363	364
363	365
363	366
363	367
364	365
364	366
364	367
364	368
365	366
365	367
365	368
365	369
366	367
366	368
366	369
366	370
367	368
367	369
367	370
368	369
368	370
368	375
368	434
369	370
369	371
369	434
369	436
369	437
370	371
370	372
370	373
370	436
370	437
371	372
371	373
371	436
371	437
372	373
372	407
372	436
373	374
373	375
373	407
373	408
373	409
373	435
373	436
374	375
374	376
374	407
374	408
374	409
374	434
374	435
374	436
374	462
374	463
375	376
375	377
375	408
375	409
375	410
375	433
375	434
375	435
376	377
376	378
376	409
376	410
376	411
376	431
376	432
376	433
376	434
377	378
377	379
377	410
377	411
377	412
377	431
377	432
377	433
378	379
378	380
378	411
378	412
378	413
378	429
378	430
378	431
378	432
379	380
379	412
379	413
379	414
379	415
379	428
379	429
379	430
379	431
380	381
380	382
380	387
380	413
380	414
380	415
380	428
380	429
380	430
381	382
381	383
381	384
381	414
381	415
381	416
381	428
382	383
382	384
383	384
383	385
384	385
384	386
384	387
384	388
385	386
385	387
385	388
385	389
386	387
386	388
386	389
386	390
386	429
387	388
387	389
387	390
387	391
387	428
387	429
388	389
388	390
388	391
389	390
389	391
390	391
390	392
390	393
390	394
391	392
391	393
391	394
391	395
392	393
392	394
392	395
392	396
393	394
393	395
393	396
393	397
393	451
394	395
394	396
394	397
394	398
395	396
395	397
395	398
395	399
396	397
396	398
396	399
396	400
397	398
397	399
397	400
397	401
397	451
398	399
398	400
398	401
398	402
398	410
399	400
399	401
399	402
399	403
400	401
400	402
400	403
400	404
400	472
401	402
401	403
401	404
401	405
401	408
402	403
402	404
402	405
402	406
403	404
403	405
404	405
405	406
405	407
405	408
406	407
406	408
407	408
407	464
408	409
408	410
409	410
409	411
410	411
411	412
411	413
412	413
412	414
413	414
413	415
414	415
414	416
414	417
414	418
415	416
415	417
415	418
415	419
416	417
416	418
417	418
418	419
418	420
419	420
419	421
420	421
420	422
420	423
421	422
421	423
422	423
422	424
423	424
423	425
424	425
424	426
425	426
425	427
425	430
426	427
427	428
427	429
427	430
428	429
428	430
429	430
429	431
430	431
430	432
431	432
431	433
431	444
431	445
432	433
432	434
432	443
432	444
432	445
433	434
433	435
433	441
433	443
433	444
434	435
434	436
434	441
435	436
435	439
435	441
435	462
435	463
436	437
436	438
436	439
436	463
437	438
437	439
438	439
438	440
439	440
439	441
440	441
440	442
441	442
441	443
442	443
442	444
443	444
443	445
444	445
444	446
445	446
445	447
446	447
447	448
447	449
447	453
448	449
448	450
448	453
449	450
449	451
449	453
449	454
450	451
450	452
450	453
450	454
451	452
451	453
451	454
451	455
452	453
452	454
452	455
452	456
452	469
453	454
453	455
453	456
453	457
454	455
454	456
454	457
454	458
455	456
455	457
455	458
455	459
455	467
455	468
455	469
456	457
456	458
456	459
456	460
457	458
457	459
457	460
457	461
458	459
458	460
458	461
458	462
458	466
459	460
459	461
459	462
459	465
459	466
459	467
459	468
460	461
460	462
460	465
461	462
461	463
462	463
462	464
462	465
462	466
463	464
463	465
464	465
464	466
465	466
465	467
466	467
466	468
467	468
467	469
467	470
467	471
468	469
468	470
468	471
468	472
469	470
469	471
469	472
469	473
470	471
470	472
470	473
470	474
471	472
471	473
471	474
471	475
472	473
472	474
472	475
472	476
473	474
473	475
473	476
473	477
474	475
474	476
474	477
474	478
475	476
475	477
475	478
475	479
476	477
476	478
476	479
476	480
477	478
477	479
477	480
477	482
478	479
478	480
478	481
478	482
479	480
479	481
479	482
480	481
480	482
481	482
