0	1
0	97
0	98
1	2
1	3
1	95
1	96
1	97
1	98
2	3
2	4
2	95
2	96
2	97
3	4
3	5
3	94
3	95
3	96
4	5
4	94
4	95
4	96
5	6
5	7
5	93
5	94
6	7
6	91
6	92
6	93
6	94
7	8
7	9
7	91
7	92
7	93
8	9
8	10
8	89
8	90
8	91
8	92
9	10
9	11
9	60
9	64
9	89
9	90
9	91
9	92
10	11
10	12
10	64
10	74
10	87
10	89
10	90
11	12
11	13
11	14
11	64
11	65
11	67
11	68
11	71
12	13
12	14
12	64
12	65
12	68
13	14
13	15
13	68
14	15
14	16
15	16
15	17
15	19
15	71
15	87
16	17
16	18
16	19
17	18
17	19
18	19
18	20
19	20
19	21
20	21
20	22
21	22
21	23
21	72
21	83
21	84
21	85
22	23
22	24
22	72
22	83
22	186
22	187
23	24
23	25
23	82
23	190
24	25
24	26
24	28
24	81
24	82
24	190
24	195
25	26
25	27
25	28
25	29
25	189
25	190
25	193
25	194
25	195
26	27
26	28
26	29
26	30
26	193
26	194
26	195
26	196
27	28
27	29
27	30
27	31
27	193
27	284
27	285
28	29
28	30
28	31
28	157
28	158
28	283
28	284
29	30
29	31
29	80
29	157
29	199
29	201
30	31
30	32
30	201
30	202
31	32
31	33
31	156
31	157
31	201
31	202
32	33
32	34
32	156
32	157
32	201
32	202
32	203
33	34
33	35
33	132
33	155
33	156
33	157
34	35
34	36
34	122
34	123
34	130
34	132
34	155
34	156
35	36
35	37
35	122
35	123
35	153
35	154
35	155
35	156
36	37
36	38
36	122
36	153
36	154
36	155
36	156
37	38
37	39
37	122
37	152
37	153
37	154
37	364
37	365
38	39
38	151
38	152
38	153
38	363
38	364
39	40
39	41
39	149
39	150
39	151
39	152
39	362
39	363
39	364
40	41
40	42
40	149
40	150
40	151
40	359
40	361
40	362
40	363
41	42
41	43
41	148
41	149
41	150
41	359
41	360
41	361
41	362
42	43
42	44
42	147
42	148
42	149
42	358
42	359
42	360
43	44
43	45
43	147
43	148
43	360
44	45
44	46
44	145
44	146
44	147
45	46
45	47
45	48
45	356
45	357
46	47
46	48
47	48
48	49
48	50
48	356
49	50
49	51
50	51
50	52
50	54
50	55
51	52
51	53
51	54
51	55
52	53
52	54
52	55
52	56
52	142
53	54
53	55
53	56
53	57
54	55
54	56
54	57
54	58
55	56
55	57
55	58
55	59
56	57
56	58
56	59
56	60
57	58
57	59
57	60
57	61
58	59
58	60
58	61
58	62
58	175
59	60
59	61
59	62
59	63
59	175
60	61
60	62
60	63
60	64
61	62
61	63
61	64
61	65
62	63
62	64
62	65
62	66
62	171
62	174
62	175
63	64
63	65
63	66
63	67
63	171
64	65
64	66
64	67
65	66
65	67
65	68
66	67
66	68
66	69
66	70
66	171
66	174
67	68
67	69
67	70
67	71
68	69
68	70
68	71
69	70
69	71
70	71
70	72
70	73
70	184
71	72
71	73
71	74
71	85
72	73
72	74
72	75
72	85
73	74
73	75
73	135
73	136
74	75
74	76
74	85
74	87
74	88
74	89
74	90
75	76
75	77
75	83
75	84
75	85
75	86
75	87
75	88
75	89
76	77
76	78
76	83
76	84
76	85
76	88
76	133
76	134
76	135
77	78
77	79
77	82
77	83
77	84
77	133
77	134
77	135
78	79
78	80
78	81
78	82
78	83
78	84
78	133
79	80
79	81
79	82
80	81
80	82
80	199
80	200
80	201
81	82
82	83
82	84
83	84
83	85
84	85
84	86
85	86
85	87
86	87
86	88
87	88
87	89
88	89
89	90
89	91
90	91
90	92
90	136
90	137
91	92
91	93
91	137
91	138
92	93
92	94
92	137
92	138
92	139
93	94
93	95
93	119
93	138
93	139
93	140
94	95
94	139
94	140
94	141
95	96
95	97
95	140
95	141
95	142
96	97
96	98
96	141
96	142
96	143
97	98
97	99
97	141
97	142
97	143
98	99
98	143
98	144
99	100
99	101
99	103
99	104
99	143
99	144
100	101
100	102
100	103
100	104
100	143
100	144
100	145
101	102
101	103
101	104
101	105
101	143
101	145
101	147
102	103
102	104
102	105
102	106
102	411
103	104
103	105
103	106
104	105
104	106
105	106
105	107
105	108
105	409
105	410
105	411
106	107
106	108
106	408
106	409
106	410
106	411
107	108
107	109
107	408
107	409
108	109
108	110
108	111
108	408
108	409
109	110
109	111
109	408
110	111
110	112
110	113
111	112
111	113
111	114
111	212
111	213
111	365
112	113
112	114
112	115
112	365
112	366
113	114
113	115
113	116
114	115
114	116
114	117
114	365
115	116
115	117
115	118
115	365
116	117
116	118
117	118
117	119
117	139
117	141
117	149
117	151
118	119
118	120
118	139
118	151
118	152
118	153
119	120
119	137
119	138
119	139
119	151
120	121
120	122
121	122
121	123
121	128
121	129
121	130
122	123
122	130
122	153
123	124
123	125
123	130
124	125
124	126
124	129
124	130
124	206
125	126
125	127
125	206
126	127
126	128
126	129
127	128
127	129
128	129
128	130
129	130
129	131
130	131
130	132
131	132
131	133
131	134
132	133
132	134
133	134
133	135
134	135
134	136
134	155
135	136
135	154
135	155
135	158
136	137
136	138
136	153
136	154
136	155
137	138
137	152
137	153
137	154
138	139
138	140
138	151
138	152
138	153
139	140
139	141
139	150
139	151
139	152
140	141
140	142
140	148
140	149
140	150
140	151
141	142
141	143
141	148
141	149
141	150
142	143
142	144
142	146
142	147
142	148
142	149
143	144
143	145
143	146
143	147
143	148
144	145
144	146
145	146
145	147
146	147
146	148
147	148
148	149
148	150
149	150
149	151
150	151
150	152
151	152
151	153
152	153
152	154
153	154
153	155
154	155
154	156
154	159
155	156
155	157
155	158
155	159
156	157
156	158
156	159
156	160
157	158
157	159
158	159
158	283
158	284
159	160
159	161
159	163
159	164
159	282
159	283
159	284
160	161
160	162
160	163
160	164
160	283
160	284
160	285
161	162
161	163
161	164
161	165
161	344
162	163
162	164
162	165
162	166
163	164
163	165
163	166
163	167
163	282
163	283
164	165
164	166
164	167
164	168
165	166
165	167
165	168
165	169
165	347
166	167
166	168
166	169
166	170
166	184
166	280
167	168
167	169
167	170
167	171
168	169
168	170
168	171
168	172
169	170
169	171
169	172
169	173
169	352
170	171
170	172
170	173
170	174
170	181
170	182
171	172
171	173
171	174
171	175
172	173
172	174
172	175
172	176
172	352
172	353
172	354
173	174
173	175
173	176
173	177
173	178
173	181
173	354
174	175
174	176
174	177
174	178
175	176
175	177
175	354
175	355
176	177
176	178
176	354
176	355
177	178
177	179
178	179
178	180
179	180
179	181
180	181
180	182
181	182
181	183
182	183
182	184
183	184
183	185
184	185
184	186
184	280
184	281
184	282
185	186
185	187
185	188
185	280
185	281
185	282
186	187
186	188
186	189
186	281
186	282
187	188
187	189
187	190
187	191
188	189
188	190
188	191
188	192
188	281
189	190
189	191
189	192
189	193
189	281
189	282
189	283
190	191
190	192
190	193
190	194
190	195
191	192
191	193
191	194
192	193
192	194
193	194
193	195
194	195
194	196
195	196
195	197
196	197
196	198
196	199
197	198
197	199
198	199
198	200
199	200
199	201
200	201
200	202
201	202
201	203
202	203
202	204
203	204
203	205
204	205
204	206
205	206
205	207
206	207
206	208
206	368
206	369
207	208
207	209
207	210
207	368
207	369
207	370
208	209
208	210
209	210
209	211
209	391
209	392
210	211
210	212
210	368
210	369
210	370
210	389
210	390
210	391
210	392
211	212
211	213
211	389
211	390
211	391
211	392
212	213
212	214
212	366
212	387
212	388
212	389
212	390
213	214
213	215
213	387
213	388
213	389
213	406
214	215
214	216
214	385
214	386
214	387
214	388
214	406
214	407
215	216
215	217
215	385
215	386
215	387
215	405
215	406
215	407
216	217
216	218
216	384
216	385
216	386
216	405
216	406
216	407
217	218
217	219
217	221
217	222
217	383
217	384
217	385
217	405
218	219
218	220
218	221
218	222
218	382
218	383
218	384
219	220
219	221
219	222
219	223
219	382
219	383
220	221
220	222
220	223
220	224
221	222
221	223
221	224
221	225
222	223
222	224
222	225
222	226
222	235
222	383
223	224
223	225
223	226
223	227
224	225
224	226
224	227
224	228
225	226
225	227
225	228
225	229
225	238
226	227
226	228
226	229
226	233
226	238
227	228
227	229
227	230
228	229
228	230
229	230
229	302
231	232
231	233
232	233
232	234
233	234
233	235
233	237
233	238
234	235
234	236
234	237
234	238
235	236
235	237
235	238
235	239
236	237
236	238
236	239
236	240
237	238
237	239
237	240
237	241
237	305
238	239
238	240
238	241
238	242
239	240
239	241
239	242
239	243
240	241
240	242
240	243
240	244
241	242
241	243
241	244
241	245
241	301
241	302
241	304
241	305
242	243
242	244
242	245
242	246
242	301
243	244
243	245
243	246
243	247
244	245
244	246
244	247
244	248
245	246
245	247
245	248
245	249
245	301
246	247
246	248
246	249
246	250
246	398
247	248
247	249
247	250
247	251
248	249
248	250
248	251
248	252
249	250
249	251
249	252
249	253
250	251
250	252
250	253
250	254
250	394
250	397
250	398
251	252
251	253
251	254
251	255
251	336
252	253
252	254
252	255
252	256
252	257
253	254
253	255
253	256
254	255
254	256
255	256
255	257
256	257
256	258
257	258
257	259
257	295
258	259
258	260
258	295
259	260
259	294
259	295
260	261
260	262
260	292
260	293
260	294
260	295
260	337
261	262
261	292
261	293
261	294
261	295
261	337
261	338
262	263
262	264
262	290
262	291
262	292
262	293
262	337
262	338
262	339
263	264
263	265
263	290
263	291
263	292
263	338
263	339
263	340
264	265
264	266
264	288
264	289
264	290
264	291
264	339
264	340
264	341
265	266
265	267
265	288
265	289
265	290
265	340
265	341
265	342
266	267
266	286
266	287
266	288
266	289
266	341
266	342
267	268
267	269
267	286
267	287
267	288
267	342
267	343
268	269
268	270
268	271
268	285
268	286
268	287
269	270
269	271
269	272
269	273
269	285
269	286
269	287
270	271
270	272
270	273
270	276
270	277
270	278
270	279
270	285
271	272
271	273
271	276
271	277
272	273
272	274
272	276
272	314
273	274
273	275
273	276
273	277
274	275
274	276
275	276
275	277
276	277
276	278
277	278
277	279
278	279
278	280
278	281
279	280
279	281
280	281
280	282
281	282
281	283
282	283
283	284
283	285
284	285
284	286
285	286
286	287
287	288
287	289
288	289
288	290
288	326
289	290
289	291
289	311
289	312
290	291
290	292
290	311
291	292
291	307
291	308
291	311
292	293
292	294
292	307
293	294
293	295
293	297
294	295
294	296
294	297
295	296
295	297
296	297
296	298
297	298
297	299
298	299
299	300
299	301
299	303
300	301
300	302
300	303
301	302
301	303
301	304
302	303
302	304
302	305
303	304
303	305
303	306
304	305
304	306
304	307
304	308
305	306
305	307
305	308
305	309
306	307
306	308
306	309
306	310
307	308
307	309
307	310
307	311
308	309
308	310
308	311
308	312
309	310
309	311
309	312
310	311
310	312
310	313
311	312
311	313
312	313
312	314
313	314
313	315
314	315
315	316
315	317
316	317
316	318
317	318
317	319
317	321
317	322
318	319
318	320
318	321
318	322
319	320
319	321
319	322
319	323
320	321
320	322
320	323
320	324
321	322
321	323
321	324
321	325
322	323
322	324
322	325
322	326
323	324
323	325
323	326
323	327
324	325
324	326
324	327
324	328
325	326
325	327
325	328
325	329
326	327
326	328
326	329
326	330
327	328
327	329
327	330
327	331
328	329
328	330
328	331
329	330
329	331
329	332
329	333
330	331
330	332
330	333
331	332
331	333
332	333
332	334
333	334
333	335
333	337
334	335
334	336
334	337
335	336
335	337
335	338
336	337
336	338
337	338
337	339
338	339
338	340
339	340
339	371
339	372
340	341
340	342
340	371
340	372
340	373
341	342
341	343
341	372
341	373
341	374
341	375
342	343
342	344
342	373
342	374
342	375
343	344
343	345
343	374
343	375
343	376
344	345
344	346
344	347
344	375
344	376
345	346
345	347
345	375
345	376
345	377
346	347
346	348
346	377
347	348
347	349
348	349
348	350
348	351
348	352
349	350
349	351
349	352
350	351
350	352
350	358
350	359
350	379
351	352
351	353
351	358
352	353
352	354
352	358
352	359
353	354
353	355
353	356
353	357
353	358
354	355
354	356
354	357
355	356
355	357
356	357
357	358
357	359
358	359
358	360
359	360
359	361
360	361
361	362
361	363
361	410
362	363
363	364
364	365
364	366
365	366
365	367
366	367
366	368
366	389
367	368
367	369
368	369
368	370
369	370
369	371
369	372
369	389
370	371
370	372
370	389
370	390
370	391
371	372
371	373
371	388
371	389
371	390
372	373
372	388
372	389
373	374
373	375
373	386
373	387
373	388
373	389
374	375
374	376
374	386
374	387
374	388
375	376
375	384
375	385
375	386
375	387
376	377
376	378
376	384
376	385
376	386
377	378
377	379
377	381
377	383
377	384
377	385
378	379
378	380
378	381
378	382
378	383
378	384
378	385
379	380
379	381
380	381
380	382
381	382
381	383
382	383
383	384
384	385
384	386
385	386
385	387
386	387
386	388
387	388
387	389
388	389
388	390
389	390
390	391
390	392
390	394
390	395
391	392
391	393
391	394
391	395
392	393
392	394
392	395
392	396
393	394
393	395
393	396
393	397
394	395
394	396
394	397
394	398
395	396
395	397
395	398
396	397
396	398
397	398
397	399
398	399
398	400
398	402
398	403
399	400
399	401
399	402
399	403
400	401
400	402
400	403
400	404
401	402
401	403
401	404
402	403
402	404
402	405
403	404
403	405
403	406
404	405
404	406
405	406
405	407
406	407
406	408
407	408
407	409
408	409
408	410
409	410
409	411
409	412
410	411
410	412
411	412
