0	1
0	2
1	2
1	3
1	4
1	5
2	3
2	4
2	5
2	6
2	150
3	4
3	5
3	6
3	7
4	5
4	6
4	7
4	8
5	6
5	7
5	8
5	9
6	7
6	8
6	9
6	10
7	8
7	9
7	10
7	11
8	9
8	10
8	11
8	12
9	10
9	11
9	12
9	13
9	138
10	11
10	12
10	13
10	14
10	38
10	39
10	41
10	42
11	12
11	13
11	14
11	15
11	42
12	13
12	14
12	15
12	16
13	14
13	15
13	16
13	17
13	39
13	42
14	15
14	16
14	17
14	18
14	42
14	43
15	16
15	17
15	18
16	17
16	18
17	18
17	19
17	20
17	122
18	19
18	20
19	20
19	21
20	21
20	22
20	46
20	120
20	121
21	22
21	23
21	46
21	47
21	120
21	121
21	122
22	23
22	24
22	46
22	47
22	48
22	120
22	121
22	122
22	123
22	124
23	24
23	47
23	48
23	49
23	120
23	122
23	123
23	124
24	25
24	26
24	36
24	48
24	49
24	50
24	123
24	124
24	125
25	26
25	27
25	49
25	50
25	51
26	27
26	28
26	32
26	33
26	49
26	50
26	51
27	28
27	29
27	32
27	51
28	29
28	30
28	32
28	33
28	65
29	30
29	31
29	32
29	33
29	160
30	31
30	32
30	33
30	34
30	160
30	161
31	32
31	33
31	34
31	35
31	126
31	147
32	33
32	34
32	35
32	36
32	125
32	126
33	34
33	35
33	36
33	37
34	35
34	36
34	37
34	38
34	151
35	36
35	37
35	38
35	39
35	125
35	126
35	138
35	139
36	37
36	38
36	39
36	40
37	38
37	39
37	40
37	41
38	39
38	40
38	41
38	42
39	40
39	41
39	42
39	43
39	47
40	41
40	42
40	43
40	44
40	47
40	75
41	42
41	43
41	44
42	43
42	44
43	44
43	45
43	46
43	47
44	45
44	46
44	47
45	46
45	47
45	48
45	75
45	76
46	47
46	48
47	48
47	49
47	76
48	49
48	50
48	76
48	77
49	50
49	51
49	76
49	77
49	78
50	51
50	52
50	77
50	78
50	79
51	52
51	53
51	78
51	79
51	80
52	53
52	54
52	79
52	80
52	81
52	82
53	54
53	55
53	62
53	80
53	81
53	82
53	83
54	55
54	56
54	57
54	82
54	83
54	86
55	56
55	57
55	83
56	57
56	58
56	169
56	170
56	171
56	172
56	184
57	58
57	59
57	61
57	170
57	171
58	59
58	60
58	61
58	188
59	60
59	61
59	188
59	192
60	61
60	62
60	63
60	64
61	62
61	63
61	64
61	65
62	63
62	64
62	65
62	66
63	64
63	65
63	66
63	67
64	65
64	66
64	67
64	68
65	66
65	67
65	68
65	69
66	67
66	68
66	69
66	70
66	71
67	68
67	69
67	70
67	71
67	72
68	69
68	70
68	71
68	72
68	73
69	70
69	71
69	72
69	73
69	74
69	75
70	71
70	72
70	73
70	74
70	75
70	76
70	77
71	72
71	73
71	74
72	73
72	74
73	74
73	75
74	75
74	76
75	76
75	77
76	77
76	78
77	78
77	79
78	79
78	80
79	80
79	81
80	81
80	82
81	82
81	83
82	83
82	84
82	85
82	86
83	84
83	85
83	86
83	87
84	85
84	86
84	87
84	88
85	86
85	87
85	88
85	89
86	87
86	88
86	89
86	90
86	103
86	106
87	88
87	89
87	90
87	91
87	180
88	89
88	90
88	91
89	90
89	91
90	91
90	92
90	93
90	99
90	179
91	92
91	93
91	178
92	93
92	94
92	178
93	94
93	95
93	99
93	178
94	95
94	96
94	177
94	178
95	96
95	97
95	98
95	99
95	177
96	97
96	98
96	99
96	100
96	286
97	98
97	99
97	100
97	101
98	99
98	100
98	101
98	102
99	100
99	101
99	102
99	103
100	101
100	102
100	103
100	104
100	169
101	102
101	103
101	104
101	105
102	103
102	104
102	105
102	106
103	104
103	105
103	106
103	107
103	169
104	105
104	106
104	107
104	108
105	106
105	107
105	108
105	109
106	107
106	108
106	109
106	110
107	108
107	109
107	110
107	111
108	109
108	110
108	111
108	112
109	110
109	111
109	112
109	113
110	111
110	112
110	113
110	114
111	112
111	113
111	114
111	115
112	113
112	114
112	115
112	116
112	131
113	114
113	115
113	116
113	117
114	115
114	116
114	117
114	118
115	116
115	117
115	118
115	119
116	117
116	118
116	119
117	118
117	119
118	119
118	120
119	120
119	121
120	121
120	122
121	122
121	123
121	133
121	134
122	123
122	124
122	133
122	134
122	135
122	136
123	124
123	125
123	133
123	134
123	135
123	136
124	125
124	126
124	135
124	136
124	137
125	126
125	127
125	136
125	137
126	127
126	128
126	137
126	138
126	139
127	128
127	129
127	137
127	139
127	140
128	129
128	130
128	139
128	140
128	141
128	142
128	143
129	130
129	140
129	141
129	142
129	143
130	143
130	144
131	132
131	133
132	133
133	134
133	135
134	135
134	136
135	136
135	137
136	137
136	138
137	138
137	139
137	140
138	139
138	140
139	140
139	141
139	142
140	141
140	142
141	142
141	143
142	143
142	144
142	146
142	147
143	144
143	145
143	146
143	147
144	145
144	146
144	147
144	148
145	146
145	147
145	148
145	149
146	147
146	148
146	149
146	150
147	148
147	149
147	150
147	151
148	149
148	150
148	151
148	152
148	161
149	150
149	151
149	152
149	153
150	151
150	152
150	153
150	154
151	152
151	153
151	154
151	155
151	156
151	161
152	153
152	154
152	155
152	156
152	161
153	154
153	155
154	155
154	156
155	156
155	157
156	157
156	158
156	160
156	161
157	158
157	159
157	160
157	161
158	159
158	160
158	161
158	162
159	160
159	161
159	162
159	163
160	161
160	162
160	163
161	162
161	163
162	163
162	164
163	164
163	165
164	165
164	166
164	206
164	207
165	166
165	167
165	207
166	167
166	168
166	170
167	168
167	169
167	170
168	169
168	170
169	170
169	171
169	172
169	173
170	171
170	172
170	173
171	172
171	173
171	174
171	175
171	184
172	173
172	174
172	175
172	179
173	174
173	175
173	176
173	286
174	175
174	176
174	210
174	211
174	212
175	176
175	177
175	179
175	183
175	211
175	212
175	213
176	177
176	178
176	212
176	213
176	214
177	178
177	179
178	179
178	180
179	180
179	181
179	183
179	184
180	181
180	182
180	183
180	184
181	182
181	183
181	184
181	185
182	183
182	184
182	185
182	186
183	184
183	185
183	186
183	187
184	185
184	186
184	187
184	188
185	186
185	187
185	188
185	189
186	187
186	188
186	189
186	190
187	188
187	189
187	190
187	191
187	210
187	211
187	212
188	189
188	190
188	191
188	192
189	190
189	191
189	192
189	193
190	191
190	192
190	193
190	194
190	210
190	261
191	192
191	193
191	194
191	195
191	209
191	210
192	193
192	194
192	195
192	196
193	194
193	195
193	196
193	197
193	257
193	261
194	195
194	196
194	197
194	198
194	208
194	209
194	210
194	257
195	196
195	197
195	198
195	199
195	208
195	209
196	197
196	198
196	199
196	200
197	198
197	199
197	200
197	201
197	253
197	257
198	199
198	200
198	201
198	202
198	203
199	200
199	201
199	202
199	203
200	201
200	202
201	202
201	203
202	203
202	204
203	204
203	205
204	205
204	206
205	206
205	207
205	208
205	235
205	236
205	237
206	207
206	236
206	237
206	238
207	208
207	209
207	235
207	236
208	209
208	234
208	235
208	236
209	210
209	211
209	233
209	234
209	235
210	211
210	212
210	231
210	232
210	233
210	234
211	212
211	213
211	231
211	232
211	233
212	213
212	214
212	230
212	231
212	232
213	214
213	215
213	230
213	231
213	232
214	215
214	216
214	229
214	230
215	216
215	217
215	229
215	230
216	217
216	218
216	227
216	228
216	229
216	230
217	218
217	219
217	227
217	228
217	229
217	269
218	219
218	225
218	226
218	227
218	228
219	220
219	221
219	225
219	226
219	227
219	228
219	269
220	221
220	222
220	223
220	224
220	225
220	226
221	222
221	223
221	224
221	225
221	226
222	223
222	224
223	224
224	225
224	226
225	226
226	227
226	228
227	228
228	229
228	230
228	267
228	268
228	269
229	230
229	231
229	267
229	268
229	269
229	270
230	231
230	232
230	268
230	269
230	270
230	271
231	232
231	233
231	270
231	271
231	272
232	233
232	234
232	271
232	272
232	273
232	274
233	234
233	235
233	272
233	273
233	274
234	235
234	236
234	273
234	274
235	236
235	246
235	247
236	237
236	238
236	244
236	245
236	246
236	247
237	238
237	244
237	245
237	246
237	247
238	239
238	240
238	241
238	243
238	244
238	245
239	240
239	241
240	241
240	242
241	242
241	243
241	244
242	243
242	244
243	244
243	278
243	279
244	245
244	246
244	277
244	278
245	246
245	247
245	277
245	278
246	247
246	248
246	274
246	275
246	276
246	277
247	248
247	249
248	249
248	250
249	250
249	251
249	253
249	254
250	251
250	252
250	253
250	254
251	252
251	253
251	254
251	255
252	253
252	254
252	255
252	256
253	254
253	255
253	256
253	257
254	255
254	256
254	257
254	258
255	256
255	257
255	258
255	259
256	257
256	258
256	259
256	260
257	258
257	259
257	260
257	261
258	259
258	260
258	261
258	262
258	271
259	260
259	261
259	262
259	263
260	261
260	262
260	263
260	264
261	262
261	263
261	264
261	265
261	268
262	263
262	264
262	265
262	266
262	268
262	269
262	270
263	264
263	265
263	266
264	265
264	266
265	266
265	267
265	268
266	267
266	268
267	268
267	269
268	269
268	270
269	270
270	271
270	272
271	272
271	273
272	273
272	274
273	274
273	275
274	275
274	276
275	276
275	277
276	277
276	278
276	281
277	278
277	279
277	280
277	281
278	279
278	280
278	281
278	282
278	283
279	280
279	281
279	282
280	281
280	282
281	282
281	283
282	283
282	284
282	285
283	284
283	285
284	285
284	286
285	286
