0	1
0	2
1	2
1	41
1	42
1	152
2	3
2	4
2	38
2	41
2	42
3	4
3	5
3	36
3	37
3	38
3	41
4	5
5	6
5	7
5	36
6	7
6	36
6	121
7	8
7	9
7	10
7	35
7	36
8	9
8	10
9	10
9	11
10	11
10	12
10	36
10	38
11	12
11	13
11	14
11	15
11	38
12	13
12	14
12	15
12	38
13	14
13	15
14	15
14	16
14	17
14	18
15	16
15	17
15	18
15	19
16	17
16	18
16	19
16	20
17	18
17	19
17	20
17	21
18	19
18	20
18	21
18	22
19	20
19	21
19	22
20	21
20	22
21	22
21	23
22	23
22	24
23	24
23	25
23	26
23	257
24	25
24	26
24	257
25	26
26	27
26	28
26	178
26	179
26	180
27	28
27	29
27	178
27	179
27	180
28	29
28	30
28	47
28	48
28	179
28	180
29	30
29	31
29	45
29	47
29	48
29	49
29	179
29	180
29	181
30	31
30	32
30	48
30	49
30	50
30	180
30	181
30	182
31	32
31	33
31	34
31	49
31	50
31	51
31	181
31	182
31	183
32	33
32	34
32	50
32	51
32	52
32	168
32	171
32	183
33	34
33	35
33	51
33	52
33	168
33	183
33	184
33	185
34	35
34	36
34	37
34	50
34	51
34	52
35	36
35	37
35	52
36	37
36	38
37	38
37	39
37	40
37	41
38	39
38	40
38	41
38	42
39	40
39	41
39	42
39	43
40	41
40	42
40	43
40	44
41	42
41	43
41	44
42	43
42	44
43	44
43	45
44	45
44	46
45	46
45	47
45	48
46	47
46	48
46	159
46	160
47	48
47	159
47	160
47	161
48	49
48	50
48	160
48	161
48	162
49	50
49	51
49	161
49	162
49	163
50	51
50	162
50	163
50	164
51	52
51	163
51	164
51	165
51	168
51	171
52	53
52	54
52	58
52	164
52	165
52	166
52	168
53	54
53	55
53	165
53	166
53	167
54	55
54	56
54	57
54	58
55	56
55	57
55	58
55	59
55	165
56	57
56	58
56	59
56	60
57	58
57	59
57	60
57	61
58	59
58	60
58	61
58	62
58	165
59	60
59	61
59	62
59	63
59	108
60	61
60	62
60	63
60	64
60	108
61	62
61	63
61	64
61	65
62	63
62	64
62	65
62	66
63	64
63	65
63	66
63	67
63	68
63	105
64	65
64	66
64	67
64	68
64	149
64	153
65	66
65	67
65	68
65	153
65	156
65	157
66	67
66	68
67	68
67	69
67	70
67	71
67	105
68	69
68	70
68	71
68	72
68	149
68	150
68	153
69	70
69	71
69	72
69	73
70	71
70	72
70	73
70	74
71	72
71	73
71	74
71	75
71	105
71	109
72	73
72	74
72	75
72	76
72	146
73	74
73	75
73	76
73	77
74	75
74	76
74	77
74	78
74	109
75	76
75	77
75	78
75	79
75	109
75	113
75	144
76	77
76	78
76	79
76	80
76	144
77	78
77	79
77	80
77	81
78	79
78	80
78	81
78	82
78	113
79	80
79	81
79	82
79	143
80	81
80	82
81	82
81	83
81	86
82	83
82	86
82	87
83	84
83	85
83	86
83	87
84	85
84	86
84	87
84	88
84	135
85	86
85	87
85	88
85	89
86	87
86	88
86	89
86	90
87	88
87	89
87	90
87	91
88	89
88	90
88	91
88	92
89	90
89	91
89	92
89	93
90	91
90	92
90	93
91	92
91	93
91	94
91	131
92	93
92	94
92	95
92	96
93	94
93	95
93	96
93	97
93	98
93	99
94	95
94	96
94	97
94	98
94	99
94	130
95	96
95	97
95	130
96	97
96	98
97	98
97	99
97	100
97	101
98	99
98	100
98	101
98	102
99	100
99	101
99	102
100	101
100	102
101	102
101	103
102	103
102	104
102	106
102	107
103	104
103	105
103	106
103	107
104	105
104	106
104	107
104	108
105	106
105	107
105	108
105	109
106	107
106	108
106	109
106	110
107	108
107	109
107	110
107	111
108	109
108	110
108	111
108	112
109	110
109	111
109	112
109	113
110	111
110	112
110	113
110	114
111	112
111	113
111	114
111	115
112	113
112	114
112	115
112	116
113	114
113	115
113	116
113	117
114	115
114	116
114	117
114	118
115	116
115	117
115	118
115	121
115	122
115	123
116	117
116	118
116	121
116	143
117	118
117	119
117	121
117	135
117	136
117	139
118	119
118	120
118	121
118	133
118	134
118	135
118	136
119	120
119	121
119	122
119	133
119	134
119	135
119	136
120	121
120	122
121	122
121	123
122	123
122	124
123	124
124	125
124	131
124	132
124	133
125	126
125	127
125	129
125	130
125	131
125	132
126	127
126	128
126	129
126	130
126	131
126	132
127	128
127	129
128	129
128	130
129	130
129	131
130	131
130	132
131	132
131	133
132	133
132	134
133	134
133	135
134	135
134	136
135	136
136	137
136	138
136	139
137	138
137	139
138	139
138	140
139	140
139	141
140	141
140	142
140	143
141	142
141	143
142	143
142	144
143	144
143	145
144	145
144	146
145	146
145	147
145	148
145	149
146	147
146	148
146	149
146	150
147	148
147	149
147	150
147	151
148	149
148	150
148	151
148	152
149	150
149	151
149	152
149	153
150	151
150	152
150	153
150	154
151	152
151	153
151	154
151	155
152	153
152	154
152	155
152	156
153	154
153	155
153	156
153	157
154	155
154	156
154	157
154	158
155	156
155	157
155	158
155	159
156	157
156	158
156	159
156	161
157	158
157	159
158	159
159	160
159	161
160	161
160	162
161	162
161	163
162	163
162	164
163	164
164	165
164	166
164	171
165	166
166	167
166	168
167	168
167	169
167	170
168	169
168	170
168	171
168	172
169	170
169	171
169	172
170	171
170	172
170	173
171	172
171	173
172	173
172	174
172	175
173	174
173	175
174	175
174	176
175	176
175	179
176	177
176	178
176	179
176	219
177	178
177	179
177	217
177	218
177	219
178	179
178	180
178	218
178	219
178	220
179	180
179	181
179	219
179	220
180	181
180	182
180	219
180	220
180	221
181	182
181	183
181	220
181	221
181	222
182	183
182	184
182	221
182	222
182	223
183	184
183	185
183	222
183	223
183	224
184	185
184	186
184	223
184	224
184	225
185	186
185	187
186	187
186	188
186	199
187	188
187	189
187	225
187	226
188	189
188	190
188	225
188	226
188	228
189	190
190	228
191	192
191	193
192	193
192	194
193	194
194	195
194	196
195	196
196	197
196	198
196	199
197	198
197	199
198	199
198	200
199	200
199	201
199	203
200	201
200	202
200	203
200	204
201	202
201	203
201	204
201	205
202	203
202	204
202	205
202	206
203	204
203	205
203	206
203	207
204	205
204	206
204	207
204	208
205	206
205	207
205	208
205	209
206	207
206	208
206	209
206	210
207	208
207	209
207	210
207	211
208	209
208	210
208	211
208	212
209	210
209	211
209	212
209	213
210	211
210	212
210	213
210	214
211	212
211	213
211	214
211	215
212	213
212	214
212	215
212	216
213	214
213	215
213	216
213	217
214	215
214	216
214	217
214	218
214	219
215	216
215	217
215	218
215	219
215	220
215	221
215	254
216	217
216	218
217	218
217	219
218	219
218	220
219	220
219	221
220	221
220	222
220	254
221	222
221	223
221	253
221	254
222	223
222	251
222	252
222	253
223	224
223	225
223	251
223	252
223	253
224	225
224	250
224	251
224	252
225	226
225	227
225	249
225	250
225	251
226	227
226	228
226	249
226	250
227	228
227	229
227	231
227	247
227	248
227	249
227	250
228	229
228	230
228	231
228	232
229	230
229	231
229	232
229	233
230	231
230	232
230	233
230	234
231	232
231	233
231	234
231	235
232	233
232	234
232	235
232	236
233	234
233	235
233	236
234	235
234	236
235	236
235	237
235	238
236	237
236	238
237	238
238	239
238	240
238	252
238	253
238	254
239	240
239	241
239	252
239	253
239	254
239	255
240	241
240	242
240	250
240	251
240	252
240	253
241	242
241	243
241	250
241	251
241	252
242	243
242	247
242	249
242	250
242	251
243	244
243	247
243	248
243	249
243	250
244	245
244	246
244	247
244	248
245	246
245	247
246	247
246	248
247	248
247	249
248	249
249	250
250	251
250	252
251	252
251	253
252	253
253	254
253	255
254	255
255	256
255	257
256	257
