0	1
0	2
0	20
1	2
1	20
1	35
2	3
2	4
2	18
2	19
2	20
2	35
3	4
3	5
3	18
3	19
3	20
3	34
3	35
3	72
3	73
4	5
4	6
4	17
4	18
4	19
4	72
4	73
4	74
5	6
5	7
5	16
5	17
5	18
5	19
5	73
5	74
5	75
6	7
6	8
6	15
6	16
6	17
6	74
6	75
6	76
7	8
7	9
7	13
7	14
7	15
7	16
7	75
7	76
7	77
8	9
8	12
8	13
8	14
8	76
8	77
8	78
9	10
9	11
9	12
9	13
9	77
9	78
9	79
9	80
9	81
10	11
10	12
10	79
11	12
12	13
12	14
13	14
13	15
14	15
14	81
14	82
15	16
15	17
16	17
17	18
17	19
18	19
18	20
19	20
19	21
19	51
19	52
19	53
20	21
20	34
20	52
20	53
21	22
21	23
21	32
21	33
21	34
21	51
21	52
22	23
22	24
22	32
22	33
22	34
22	49
22	50
22	51
22	52
23	24
23	30
23	31
23	32
23	33
23	49
23	50
23	51
24	25
24	26
24	30
24	31
24	32
24	48
24	49
24	50
25	26
25	27
25	29
25	30
25	31
25	44
25	45
25	47
26	27
26	28
26	29
26	30
26	31
26	42
26	43
26	44
26	45
27	28
27	29
27	43
27	44
27	45
28	29
29	30
29	31
30	31
30	32
31	32
31	33
32	33
32	34
33	34
33	35
33	37
34	35
34	36
34	37
35	36
35	37
35	71
35	72
36	37
36	38
36	71
36	72
37	38
37	39
37	70
37	71
38	39
38	40
38	70
38	71
39	40
39	69
39	70
39	71
40	41
40	42
40	68
40	69
40	70
41	42
41	66
41	67
41	68
41	69
42	43
42	44
42	66
42	67
42	68
43	44
43	45
43	65
43	66
43	67
44	45
44	46
44	64
44	65
44	66
44	67
45	46
45	47
45	63
45	64
46	47
46	62
46	63
46	64
46	120
46	121
47	48
47	49
47	61
47	62
47	63
47	124
48	49
48	50
48	59
48	60
48	61
48	62
48	128
49	50
49	51
49	59
49	60
49	61
49	62
50	51
50	52
50	57
50	58
50	59
50	60
51	52
51	53
51	57
51	58
51	59
52	53
52	54
52	55
52	56
52	57
52	58
53	54
53	55
53	56
53	57
54	55
54	56
55	56
55	57
56	57
56	58
57	58
57	59
58	59
58	60
59	60
59	61
59	83
59	84
59	128
59	131
59	132
60	61
60	62
60	81
60	82
60	83
60	84
60	128
61	62
61	63
61	81
61	82
61	83
61	84
61	124
61	125
61	128
62	63
62	64
62	78
62	80
62	81
62	82
63	64
63	65
63	78
63	79
63	80
63	81
63	121
64	65
64	66
64	78
64	79
65	66
65	77
65	78
65	79
66	67
66	68
66	76
66	77
66	78
67	68
67	69
67	75
67	76
67	77
68	69
68	70
68	74
68	75
68	76
69	70
69	71
69	73
69	74
69	75
70	71
70	72
70	73
70	74
71	72
71	73
72	73
73	74
73	75
74	75
74	76
75	76
75	77
76	77
76	78
77	78
77	79
78	79
78	80
78	81
79	80
79	81
80	81
81	82
81	83
82	83
82	84
82	86
82	87
83	84
83	85
83	86
83	87
84	85
84	86
84	87
84	128
84	129
84	131
84	132
85	86
85	87
85	129
85	132
86	87
86	88
87	88
87	89
87	125
87	129
88	89
88	90
88	91
88	92
89	90
89	91
89	92
89	93
89	126
90	91
90	92
90	93
90	94
91	92
91	93
91	94
91	95
92	93
92	94
92	95
92	96
92	122
92	125
92	126
93	94
93	95
93	96
93	97
93	122
94	95
94	96
94	97
94	98
95	96
95	97
95	98
95	99
95	122
96	97
96	98
96	99
96	100
96	119
96	122
96	123
97	98
97	99
97	100
97	101
98	99
98	100
98	101
98	102
99	100
99	101
99	102
99	103
99	115
99	118
99	119
100	101
100	102
100	103
100	104
100	119
101	102
101	103
101	104
101	105
102	103
102	104
102	105
102	110
102	115
103	104
103	105
103	112
103	115
104	105
104	106
105	106
105	107
106	107
106	108
107	108
107	109
107	110
108	109
108	110
109	110
109	111
110	111
110	112
111	112
111	113
111	114
111	115
112	113
112	114
112	115
112	116
113	114
113	115
113	116
113	117
114	115
114	116
114	117
114	118
115	116
115	117
115	118
115	119
116	117
116	118
116	119
116	120
117	118
117	119
117	120
117	121
118	119
118	120
118	121
118	122
119	120
119	121
119	122
119	123
120	121
120	122
120	123
120	124
121	122
121	123
121	124
121	125
122	123
122	124
122	125
122	126
123	124
123	125
123	126
123	127
124	125
124	126
124	127
124	128
125	126
125	127
125	128
125	129
126	127
126	128
126	129
126	130
127	128
127	129
127	130
128	129
128	130
128	131
129	130
129	131
129	132
130	131
130	132
131	132
