0	1
0	2
0	3
0	4
1	2
1	3
1	4
1	132
1	133
2	3
2	4
2	5
3	4
3	5
4	5
4	6
4	81
4	130
4	132
5	6
5	7
5	79
5	80
5	81
6	7
6	8
6	38
6	79
6	80
6	81
7	8
7	9
7	77
7	78
7	79
7	80
8	9
8	10
8	77
8	78
8	79
9	10
9	76
9	77
9	78
10	11
10	12
10	75
10	76
10	77
11	12
11	13
11	73
11	74
11	75
11	76
12	13
12	14
12	16
12	23
12	70
12	71
12	72
12	73
12	74
12	75
13	14
13	15
13	16
13	17
13	72
13	73
14	15
14	16
14	17
14	72
15	16
15	17
16	17
16	23
16	24
16	26
17	18
17	19
17	21
17	22
17	23
17	24
17	72
18	19
18	20
18	21
18	22
18	23
18	24
19	20
19	21
20	21
20	22
21	22
21	23
21	71
21	72
22	23
22	24
22	70
22	71
22	72
23	24
23	26
23	27
23	70
23	71
23	72
24	25
24	26
24	27
25	26
25	27
25	28
25	29
25	175
25	178
25	179
26	27
26	28
26	29
26	30
27	28
27	29
27	30
27	31
28	29
28	30
28	31
28	32
28	175
29	30
29	31
29	32
29	33
29	175
30	31
30	32
30	33
30	34
31	32
31	33
31	34
31	35
32	33
32	34
32	35
32	36
33	34
33	35
33	36
33	37
34	35
34	36
34	37
34	38
35	36
35	37
35	38
35	39
35	80
36	37
36	38
36	39
36	40
36	41
36	46
37	38
37	39
37	40
37	41
37	42
38	39
38	40
38	41
38	42
38	43
39	40
39	41
39	42
39	43
39	44
39	45
39	46
40	41
40	42
40	43
40	44
40	45
40	46
41	42
41	43
41	44
41	45
41	46
42	43
42	44
43	44
43	45
44	45
44	46
44	49
44	126
45	46
45	47
45	49
45	50
45	125
45	126
45	127
46	47
46	48
46	49
46	50
47	48
47	49
47	50
47	51
47	56
47	57
48	49
48	50
48	51
48	52
49	50
49	51
49	52
50	51
50	52
50	53
50	54
50	55
50	56
51	52
51	53
51	54
51	55
51	56
52	53
52	54
53	54
53	55
54	55
54	56
54	114
54	115
55	56
55	113
55	114
55	115
56	57
56	58
56	59
56	113
56	114
56	115
57	58
57	59
57	60
57	111
57	112
57	113
58	59
58	60
58	61
58	111
58	112
59	60
59	61
59	111
59	112
60	61
60	62
60	110
60	111
60	112
61	62
61	110
61	111
61	112
61	200
61	201
62	63
62	64
62	109
62	110
62	141
62	200
62	201
63	64
63	65
63	108
63	109
63	110
63	141
63	199
63	200
64	65
64	66
64	107
64	108
64	109
64	141
64	198
64	199
65	66
65	67
65	106
65	107
65	108
65	197
65	198
65	199
66	67
66	105
66	106
66	107
66	196
66	197
66	198
67	68
67	69
67	104
67	105
67	106
67	196
67	197
68	69
68	104
68	105
68	196
69	70
69	104
70	71
70	72
70	74
70	76
70	98
71	72
71	73
71	74
72	73
72	74
73	74
73	75
74	75
74	76
74	99
75	76
75	77
75	98
75	99
76	77
76	97
76	98
76	99
77	78
77	79
77	96
77	97
77	98
78	79
78	80
78	94
78	95
78	96
78	97
79	80
79	94
79	95
79	96
80	81
80	93
80	94
80	95
81	82
81	83
81	92
81	93
81	94
81	132
82	83
82	84
82	91
82	92
82	93
82	130
82	131
82	132
83	84
83	91
83	92
83	93
83	131
83	132
83	133
84	85
84	86
84	90
84	91
84	131
85	86
85	87
85	89
85	90
85	91
85	128
86	87
86	88
86	89
86	90
87	88
87	89
88	89
88	112
88	120
88	121
89	90
89	91
89	110
89	111
89	112
90	91
90	92
90	110
90	111
90	112
91	92
91	93
91	109
91	110
91	111
92	93
92	108
92	109
92	110
93	94
93	107
93	108
93	109
93	136
94	95
94	96
94	106
94	107
94	108
95	96
95	97
95	103
95	105
95	106
95	107
96	97
96	98
96	103
96	104
96	105
96	106
97	98
97	99
97	101
97	102
97	103
97	104
98	99
98	100
98	101
98	102
98	103
98	104
99	100
99	101
100	101
100	102
101	102
101	103
102	103
102	104
103	104
103	105
104	105
105	106
106	107
106	136
106	138
107	108
107	109
108	109
108	110
108	140
109	110
109	111
110	111
110	112
111	112
112	113
113	114
113	115
113	118
113	119
113	120
113	121
114	115
114	116
114	117
114	118
114	119
114	120
114	121
115	116
115	117
115	118
116	117
116	118
117	118
117	119
118	119
118	120
119	120
119	121
120	121
122	123
122	124
122	125
123	124
123	125
123	128
124	125
124	126
125	126
125	127
126	127
126	128
126	129
127	128
127	129
127	130
128	129
128	130
128	131
129	130
129	131
130	131
130	132
131	132
132	133
132	134
133	134
133	135
134	135
134	136
135	136
135	137
136	137
136	138
137	138
137	139
138	139
138	140
139	140
139	141
140	141
140	142
141	142
141	199
142	143
142	144
142	145
143	144
143	145
143	146
144	145
144	146
145	146
145	147
145	237
145	238
146	147
146	148
147	148
147	149
147	215
147	216
147	224
147	225
147	226
148	149
148	150
148	151
148	216
149	150
149	151
149	152
149	214
149	215
149	216
150	151
150	152
150	153
150	214
151	152
151	153
151	214
152	153
152	154
152	214
153	154
153	155
153	212
153	213
153	214
154	155
154	213
154	214
155	156
155	157
155	158
155	212
155	213
156	157
156	158
156	210
156	211
156	212
156	213
157	158
157	210
157	211
157	212
157	213
158	159
158	160
158	210
158	211
158	212
159	160
159	161
159	208
159	209
159	210
159	211
160	161
160	164
160	206
160	207
160	208
160	209
160	210
161	162
161	163
161	164
161	165
161	207
161	208
162	163
162	164
162	165
162	207
163	164
163	165
164	165
164	166
164	172
164	173
164	176
165	166
165	167
165	169
165	170
165	171
165	172
165	173
165	207
166	167
166	168
166	169
166	170
166	171
166	172
166	173
167	168
167	169
168	169
168	170
168	171
169	170
169	171
169	172
169	206
170	171
170	172
170	173
170	204
170	205
170	206
170	207
171	172
171	173
171	204
171	205
171	206
172	173
172	174
172	176
172	204
172	205
172	206
173	174
173	175
173	176
173	177
174	175
174	176
174	177
174	178
175	176
175	177
175	178
175	179
176	177
176	178
176	179
176	180
177	178
177	179
177	180
177	181
178	179
178	180
178	181
178	182
179	180
179	181
179	182
179	183
180	181
180	182
180	183
180	184
181	182
181	183
181	184
182	183
182	184
182	185
183	184
183	185
184	185
184	186
185	186
185	187
185	189
186	187
186	188
186	189
187	188
187	189
187	190
187	191
188	189
188	190
188	191
188	192
189	190
189	191
189	192
189	193
190	191
190	192
190	193
190	194
191	192
191	193
192	193
193	194
193	195
193	242
193	243
194	195
194	196
194	242
194	243
195	196
195	197
195	198
195	240
195	241
195	242
195	243
196	197
196	198
196	241
196	242
196	243
197	198
197	199
197	240
197	241
198	199
198	239
198	240
198	241
199	200
199	238
199	239
199	240
200	201
200	202
200	236
200	237
200	238
201	202
201	203
201	235
201	236
201	237
202	203
202	234
202	235
202	236
203	204
203	205
203	234
203	235
203	236
204	205
204	206
204	235
205	206
205	209
205	229
205	235
206	207
206	208
206	209
207	208
207	209
208	209
208	210
209	210
209	211
209	229
209	230
210	211
210	212
210	229
210	230
211	212
211	213
211	227
211	228
211	229
211	230
212	213
212	214
212	227
212	228
212	229
212	231
213	214
213	215
213	225
213	226
213	227
213	228
214	215
214	225
214	226
214	227
215	216
215	217
215	223
215	224
215	225
215	226
216	217
216	218
216	223
216	224
216	225
217	218
217	219
217	220
217	222
217	223
217	224
218	219
218	222
218	223
219	220
219	221
219	222
220	221
220	222
221	222
221	223
221	241
221	242
221	243
222	223
222	224
222	240
222	241
222	242
223	224
223	225
223	239
223	240
223	241
224	225
224	226
224	238
224	239
224	240
225	226
225	227
225	237
225	238
225	239
226	227
226	228
226	234
226	236
226	237
226	238
227	228
227	229
227	234
227	235
227	236
227	237
228	229
228	230
228	231
228	232
228	233
228	234
228	235
229	230
229	231
229	232
229	233
229	234
229	235
230	231
230	232
230	233
231	232
231	233
232	233
232	234
233	234
233	235
234	235
234	236
235	236
236	237
236	238
237	238
238	239
238	240
239	240
239	241
240	241
240	242
241	242
241	243
242	243
