0	1
0	2
1	2
1	3
2	3
2	4
2	109
3	4
3	5
3	105
3	109
4	5
4	6
4	102
4	105
4	106
5	6
5	7
5	8
5	9
5	102
6	7
6	8
6	9
6	10
6	48
6	102
7	8
7	9
7	10
7	48
8	9
8	10
8	11
9	10
9	11
9	12
9	13
10	11
10	12
10	13
10	14
10	44
11	12
11	13
11	14
11	15
12	13
12	14
12	15
12	16
13	14
13	15
13	16
14	15
14	16
14	17
14	40
15	16
15	17
15	18
16	17
16	18
16	19
17	18
17	19
17	33
18	19
18	20
19	20
19	21
20	21
20	22
21	22
21	23
21	90
21	91
22	23
22	24
22	89
22	90
23	24
23	25
23	26
23	88
23	89
23	90
24	25
24	88
24	89
24	90
25	26
25	27
25	88
26	27
27	28
27	29
28	29
28	30
28	31
28	32
29	30
29	31
29	32
29	33
30	31
30	32
30	33
30	34
31	32
31	33
31	34
31	35
32	33
32	34
32	35
32	36
33	34
33	35
33	36
33	37
34	35
34	36
34	37
34	38
35	36
35	37
35	38
35	39
36	37
36	38
36	39
36	40
36	82
37	38
37	39
37	40
37	41
38	39
38	40
38	41
38	42
39	40
39	41
39	42
39	43
39	78
39	82
40	41
40	42
40	43
40	44
41	42
41	43
41	44
41	45
41	46
42	43
42	44
42	45
42	46
42	47
43	44
43	45
43	46
43	47
43	48
43	75
44	45
44	46
44	47
44	48
44	49
45	46
45	47
45	48
45	49
45	50
46	47
46	48
46	49
46	50
47	48
47	49
47	50
47	53
47	75
48	49
48	50
48	53
48	54
49	50
49	51
49	53
49	54
50	51
50	52
50	53
50	54
51	52
51	53
51	54
51	55
52	53
52	54
52	55
52	56
52	68
53	54
53	55
53	56
54	55
54	56
55	56
55	57
55	58
56	57
56	58
56	59
57	58
57	59
58	59
58	60
59	60
59	64
59	65
60	61
60	62
60	63
60	64
60	65
60	118
60	121
61	62
61	63
61	64
61	65
61	66
61	118
61	121
61	122
62	63
62	64
62	65
62	66
62	67
62	122
63	64
63	65
63	66
63	67
63	122
64	65
64	66
64	67
64	68
65	66
65	67
65	68
65	69
65	118
66	67
66	68
66	69
66	70
66	115
66	118
67	68
67	69
67	70
67	71
68	69
68	70
68	71
68	72
69	70
69	71
69	72
69	73
69	110
69	114
69	115
70	71
70	72
70	73
70	74
71	72
71	73
71	74
71	75
72	73
72	74
72	75
72	76
72	110
73	74
73	75
73	76
73	77
73	107
73	110
74	75
74	76
74	77
74	78
75	76
75	77
75	78
75	79
76	77
76	78
76	79
76	80
76	103
76	106
76	107
77	78
77	79
77	80
77	81
78	79
78	80
78	81
78	82
79	80
79	81
79	82
79	83
79	103
80	81
80	82
80	83
80	84
80	103
80	242
81	82
81	83
81	84
81	85
81	241
81	242
82	83
82	84
82	85
82	86
83	84
83	85
83	86
83	87
83	96
83	99
83	100
84	85
84	86
84	87
84	88
84	242
84	243
85	86
85	87
85	88
85	89
86	87
86	88
86	89
86	90
86	91
86	96
87	88
87	89
87	90
87	91
88	89
88	90
89	90
89	91
90	91
90	92
91	92
91	93
91	95
91	96
92	93
92	94
92	95
92	96
93	94
93	95
93	96
93	97
93	152
93	273
93	276
94	95
94	96
94	97
94	98
95	96
95	97
95	98
95	99
96	97
96	98
96	99
96	100
97	98
97	99
97	100
97	101
97	152
98	99
98	100
98	101
98	102
99	100
99	101
99	102
99	103
100	101
100	102
100	103
100	104
101	102
101	103
101	104
101	105
102	103
102	104
102	105
102	106
103	104
103	105
103	106
103	107
104	105
104	106
104	107
104	108
104	146
105	106
105	107
105	108
105	109
106	107
106	108
106	109
106	110
107	108
107	109
107	110
107	111
107	112
107	165
108	109
108	110
108	111
108	112
108	113
108	161
108	164
108	165
109	110
109	111
109	112
109	113
109	114
110	111
110	112
110	113
110	114
110	115
111	112
111	113
111	114
111	115
111	116
111	131
111	164
111	165
112	113
112	114
112	115
112	116
112	131
112	164
112	165
113	114
113	115
113	116
113	117
114	115
114	116
114	117
114	118
115	116
115	117
115	118
115	119
116	117
116	118
116	119
116	120
117	118
117	119
117	120
117	121
118	119
118	120
118	121
118	122
119	120
119	121
119	122
119	123
120	121
120	122
120	123
120	124
121	122
121	123
121	124
121	125
122	123
122	124
122	125
122	126
123	124
123	125
123	126
124	125
124	126
125	126
127	128
127	129
128	129
128	130
129	130
129	131
129	133
130	131
130	132
130	133
130	165
130	166
130	167
131	132
131	133
131	165
131	166
132	133
132	134
132	138
132	139
132	165
132	166
133	134
133	135
133	136
133	138
133	139
133	140
133	166
134	135
134	136
134	138
134	139
134	140
134	143
134	169
134	170
135	136
135	140
135	192
136	137
136	138
136	139
136	140
137	138
137	139
137	140
138	139
138	140
138	141
138	142
139	140
139	141
139	142
140	141
140	142
140	143
140	144
141	142
141	143
141	144
141	145
141	239
141	242
141	243
142	143
142	144
142	145
142	146
142	242
143	144
143	145
143	146
143	147
144	145
144	146
144	147
144	148
144	174
145	146
145	147
145	148
145	242
145	243
146	147
146	148
146	149
147	148
147	149
147	150
147	158
147	177
147	178
148	149
148	150
148	151
148	177
148	248
148	251
149	150
149	151
149	152
149	153
149	154
149	155
149	157
149	158
150	151
150	152
150	153
150	154
150	155
150	251
151	152
151	153
151	251
151	254
151	273
151	274
151	277
152	153
152	154
152	273
152	277
153	154
153	155
153	277
153	280
153	281
154	155
154	156
154	157
155	156
155	157
155	158
155	181
156	157
156	158
156	159
157	158
157	159
157	160
157	161
158	159
158	160
158	161
158	162
158	178
158	181
159	160
159	161
159	162
159	163
159	181
159	182
160	161
160	162
160	163
160	164
161	162
161	163
161	164
161	165
161	166
162	163
162	164
162	165
162	166
162	167
162	168
163	164
163	165
163	166
163	167
163	168
164	165
164	166
164	167
165	166
165	167
166	167
166	168
166	169
167	168
167	169
168	169
168	170
169	170
169	171
170	171
170	172
170	174
170	175
171	172
171	173
171	174
171	175
171	188
171	190
171	191
171	192
172	173
172	174
172	175
172	176
172	187
172	188
172	189
172	190
172	191
173	174
173	175
173	176
173	177
174	175
174	176
174	177
174	178
175	176
175	177
175	178
175	179
175	187
175	188
176	177
176	178
176	179
176	187
177	178
177	179
177	252
178	179
178	180
178	181
178	182
179	180
179	181
179	182
179	183
179	184
180	181
180	182
180	183
181	182
181	183
182	183
182	184
183	184
183	185
184	185
184	186
184	187
185	186
185	187
186	187
186	188
187	188
187	189
188	189
188	190
189	190
189	191
190	191
190	192
191	192
191	193
191	194
191	197
191	198
192	193
192	194
193	194
193	195
193	196
193	197
193	237
194	195
194	196
194	197
194	198
195	196
195	197
195	198
195	236
195	237
196	197
196	198
196	199
196	219
196	236
196	237
197	198
197	199
197	200
198	199
198	200
198	201
199	200
199	201
199	215
200	201
200	202
200	203
200	204
201	202
201	203
201	204
201	205
202	203
202	204
202	205
202	206
203	204
203	205
203	206
203	211
203	212
204	205
204	206
205	206
207	208
207	209
207	258
208	209
208	210
208	211
208	258
209	210
209	211
209	212
209	258
209	259
209	260
210	211
210	212
210	213
210	262
211	212
211	213
212	213
212	214
212	215
212	216
213	214
213	215
213	216
213	217
213	262
213	263
214	215
214	216
214	217
214	218
215	216
215	217
215	218
215	219
216	217
216	218
216	219
216	220
216	221
216	266
217	218
217	219
217	220
217	221
217	222
218	219
218	220
218	221
218	222
218	223
219	220
219	221
219	222
219	223
220	221
220	222
220	223
220	224
220	268
221	222
221	223
221	224
221	225
222	223
222	224
222	225
223	224
223	225
223	226
223	231
224	225
224	226
225	226
225	227
226	227
226	228
226	230
226	231
227	228
227	229
227	230
227	231
228	229
228	230
228	231
228	232
229	230
229	231
229	232
229	233
230	231
230	232
230	233
230	234
231	232
231	233
231	234
232	233
232	234
232	235
233	234
233	235
234	235
234	236
235	236
235	237
236	237
236	238
237	238
237	239
238	239
238	240
238	244
239	240
239	241
239	242
239	243
239	244
240	241
240	242
240	243
240	244
241	242
241	243
241	244
242	243
242	244
243	244
243	245
243	246
244	245
244	246
245	246
245	247
245	268
246	247
246	268
246	269
247	248
247	249
247	250
247	268
247	269
248	249
248	250
248	251
248	252
249	250
249	251
249	252
249	253
250	251
250	252
250	253
250	254
250	269
250	270
250	271
250	274
251	252
251	253
251	254
251	255
252	253
252	254
252	255
252	256
253	254
253	255
253	256
253	257
253	258
253	260
253	274
254	255
254	256
254	257
254	274
254	278
255	256
255	257
256	257
256	258
257	258
257	259
258	259
258	260
259	260
259	261
260	261
260	262
260	263
260	264
261	262
261	263
261	264
262	263
262	264
262	265
263	264
263	265
263	266
263	269
264	265
264	266
264	269
264	271
265	266
265	267
266	267
266	268
266	269
267	268
267	269
268	269
268	270
269	270
269	271
270	271
270	272
270	273
270	274
271	272
271	273
271	274
271	275
272	273
272	274
272	275
272	276
273	274
273	275
273	276
273	277
274	275
274	276
274	277
274	278
275	276
275	277
275	278
275	279
276	277
276	278
276	279
276	280
277	278
277	279
277	280
277	281
278	279
278	280
278	281
278	282
279	280
279	281
279	282
280	281
280	282
281	282
