0	1
0	2
1	2
1	3
1	51
2	3
2	31
2	32
2	49
3	4
3	5
3	6
3	31
3	32
4	5
4	56
5	6
5	7
5	56
5	57
5	58
5	59
6	7
6	8
6	9
6	21
6	23
6	56
6	57
6	58
6	59
7	8
7	9
7	23
7	58
7	59
7	60
8	9
8	10
8	21
8	22
8	23
9	10
9	11
9	19
9	20
9	21
9	22
9	55
10	11
10	19
10	20
10	21
11	12
11	13
11	17
11	18
11	19
11	20
12	13
12	14
12	17
12	18
12	19
13	14
13	17
14	15
14	16
14	17
15	16
15	17
16	17
16	18
16	52
16	53
16	54
17	18
17	19
17	52
17	53
17	54
18	19
18	51
18	52
18	53
19	20
19	21
19	50
19	51
19	52
19	55
20	21
20	22
20	49
20	50
20	51
21	22
21	23
21	47
22	23
22	24
22	46
23	24
23	25
23	46
24	25
24	26
24	44
24	45
24	46
25	26
25	27
25	28
25	45
25	46
26	27
26	28
27	28
27	29
28	29
28	30
28	32
28	35
28	47
29	30
29	31
29	32
30	31
30	32
31	32
31	33
32	33
32	34
32	47
32	49
33	34
33	49
34	35
34	36
34	47
34	48
34	49
35	36
35	45
35	46
35	47
35	48
36	37
36	38
36	45
36	46
36	47
36	48
37	38
37	40
37	41
37	42
37	43
37	44
37	45
37	46
38	39
38	40
38	41
38	42
38	44
38	45
38	46
39	40
39	41
40	41
40	42
41	42
41	43
41	44
42	43
42	44
43	44
43	45
44	45
44	46
45	46
46	47
46	48
47	48
47	49
48	49
48	50
49	50
49	51
50	51
50	52
51	52
51	53
52	53
53	54
53	55
54	55
54	56
55	56
55	57
56	57
56	58
57	58
57	59
58	59
58	60
59	60
59	61
59	90
60	61
60	62
60	90
60	110
61	62
61	63
61	88
61	90
61	91
61	108
62	63
62	64
62	65
62	88
62	91
63	64
63	88
64	65
64	66
64	115
64	116
64	117
64	118
65	66
65	67
65	68
65	80
65	82
65	115
65	116
65	117
65	118
66	67
66	68
66	82
66	117
66	118
66	119
67	68
67	69
67	80
67	81
67	82
68	69
68	70
68	78
68	79
68	80
68	81
69	70
69	78
69	79
69	80
70	71
70	72
70	76
70	77
70	78
70	79
71	72
71	73
71	76
71	77
71	78
72	73
72	74
72	76
73	74
73	75
73	76
74	75
74	76
75	76
75	77
75	111
75	112
75	113
76	77
76	78
76	111
76	112
76	113
76	114
77	78
77	109
77	110
77	111
77	112
78	79
78	80
78	109
78	110
78	111
78	114
79	80
79	81
79	107
79	108
79	109
79	110
80	81
80	82
80	106
81	82
81	83
81	105
82	83
82	84
82	105
83	84
83	97
83	103
83	104
83	105
84	85
84	86
84	87
84	103
84	104
84	105
85	86
85	87
85	102
85	103
85	104
86	87
86	88
86	104
87	88
87	89
87	91
87	94
87	104
87	105
87	106
88	89
88	90
88	91
89	90
89	91
90	91
90	92
91	92
91	93
91	94
91	106
91	108
92	93
92	94
92	108
93	94
93	95
93	106
93	107
93	108
94	95
94	104
94	105
94	106
94	107
95	96
95	97
95	104
95	105
95	106
96	97
96	98
96	101
96	103
96	104
96	105
97	98
97	99
97	100
97	101
97	103
97	104
97	105
98	99
98	100
98	101
99	100
99	101
100	101
100	102
100	103
101	102
101	103
102	103
103	104
104	105
104	106
105	106
105	107
106	107
106	108
107	108
107	109
108	109
108	110
109	110
110	111
110	112
111	112
112	113
112	114
113	114
113	115
114	115
114	116
115	116
115	117
116	117
116	118
117	118
117	119
118	119
