0	1
1	2
1	3
1	168
2	3
2	4
2	168
2	169
3	4
4	5
4	6
4	7
5	6
5	7
6	7
6	8
6	9
7	8
7	9
7	149
7	153
8	9
8	10
8	149
8	150
9	10
9	11
10	11
10	12
10	13
11	12
11	13
11	14
11	73
12	13
12	14
13	14
13	15
14	15
14	16
15	16
15	17
15	18
16	17
16	18
16	72
16	73
17	18
17	19
18	19
18	41
18	42
18	71
18	72
19	20
19	21
19	40
19	41
19	42
19	69
19	70
19	71
19	72
20	21
20	22
20	38
20	39
20	40
20	41
20	69
20	70
20	71
20	72
21	22
21	23
21	36
21	37
21	38
21	39
21	40
21	68
21	69
21	70
22	23
22	37
22	38
22	68
22	69
22	70
22	77
23	24
23	25
23	36
23	37
23	68
23	175
24	25
24	26
24	35
24	36
24	37
25	26
25	27
25	34
25	35
25	36
26	27
26	28
26	34
26	35
27	28
27	29
27	32
27	33
27	34
28	29
28	32
28	181
28	182
29	30
29	31
29	32
29	181
29	182
30	31
30	32
31	32
31	33
31	62
31	63
32	33
32	34
32	62
32	63
32	64
33	34
33	35
33	61
33	62
33	63
33	64
34	35
35	36
35	37
35	39
36	37
36	38
36	39
37	38
37	39
38	39
38	40
39	40
39	41
40	41
40	57
41	42
41	43
41	55
41	56
41	57
42	43
42	44
42	55
42	56
42	57
43	44
43	45
43	53
43	54
43	55
43	56
44	45
44	54
44	55
45	46
45	53
45	54
46	47
46	48
46	50
46	52
46	53
46	54
47	48
47	49
47	50
47	51
47	52
47	53
47	183
47	184
48	49
48	50
49	50
49	51
50	51
50	52
50	53
51	52
51	53
51	65
51	66
52	53
52	54
52	63
52	64
52	65
52	66
52	183
53	54
53	55
53	63
53	64
53	65
53	66
54	55
54	62
54	63
54	64
55	56
55	57
55	61
55	62
55	63
55	64
56	57
56	58
56	60
56	61
56	62
57	58
57	59
57	60
57	61
58	59
58	60
59	60
60	61
60	62
61	62
62	63
62	64
63	64
63	183
64	65
64	66
65	66
65	67
65	68
65	178
66	67
66	68
66	69
67	68
67	69
68	69
69	70
70	71
70	72
70	74
70	76
70	77
71	72
71	73
71	74
72	73
72	74
72	77
73	74
73	75
74	75
74	76
74	77
75	76
75	77
75	78
75	81
76	77
76	78
76	81
76	83
77	78
77	79
78	79
78	80
78	81
79	80
79	81
79	169
80	81
80	82
80	102
80	103
80	104
80	169
80	170
81	82
81	83
81	103
81	104
81	105
82	83
82	84
82	85
82	103
82	104
82	105
82	172
83	84
83	85
83	105
83	106
84	85
84	86
84	105
84	106
84	107
84	108
85	86
85	87
85	89
85	90
85	105
85	106
85	107
86	87
86	88
86	89
86	90
86	107
86	447
87	88
87	89
87	90
87	91
88	89
88	90
88	91
88	92
88	447
89	90
89	91
89	92
89	93
89	295
90	91
90	92
90	93
90	94
90	117
91	92
91	93
91	94
91	95
91	124
91	291
92	93
92	94
92	95
92	291
92	292
92	295
93	94
93	95
93	173
94	95
94	96
94	97
94	101
94	119
94	124
94	170
95	96
96	97
97	98
97	99
97	101
98	99
98	100
98	101
99	100
99	101
99	119
99	120
99	121
100	101
100	102
100	118
100	119
100	120
100	164
100	165
100	166
100	167
100	168
101	102
101	118
101	119
101	166
101	167
101	168
101	169
101	170
102	103
102	117
102	118
102	119
102	166
102	168
102	169
102	170
103	104
103	105
103	116
103	117
103	118
103	169
103	170
104	105
104	114
104	115
104	116
104	117
105	106
105	107
105	114
105	115
105	116
106	107
106	108
106	111
106	112
106	113
106	114
106	115
107	108
107	109
107	110
107	111
107	112
107	113
107	114
108	109
108	110
108	111
109	110
109	111
110	111
110	112
110	113
111	112
111	113
112	113
112	114
113	114
113	115
114	115
114	128
114	129
115	116
115	117
115	126
115	127
115	128
115	129
116	117
116	118
116	126
116	127
116	128
117	118
117	119
117	124
117	125
117	126
117	127
118	119
118	120
118	124
118	125
118	126
119	120
119	121
119	122
119	123
119	124
119	125
120	121
120	122
120	123
120	124
121	122
121	123
122	123
122	124
123	124
123	125
124	125
124	126
125	126
125	127
126	127
126	128
127	128
127	129
128	129
128	130
128	139
129	130
129	131
129	137
129	138
129	139
130	131
130	132
130	137
130	138
130	139
131	132
131	133
131	135
131	136
131	137
131	138
132	133
132	134
132	135
132	136
132	137
133	134
133	135
134	135
134	136
135	136
135	137
136	137
136	138
136	144
136	145
136	146
137	138
137	144
137	145
137	146
137	147
137	148
137	151
138	139
138	140
138	141
138	143
138	144
138	145
138	151
139	140
139	141
139	161
140	141
140	142
140	143
140	160
140	161
141	142
141	143
141	144
142	143
142	144
143	144
143	145
144	145
145	146
145	147
145	150
145	151
146	147
147	148
147	149
147	150
147	151
148	149
148	150
148	151
148	152
149	150
149	151
149	152
149	153
150	151
150	152
150	153
150	154
151	152
151	153
151	154
151	155
152	153
152	154
152	155
152	156
153	154
153	155
153	156
153	157
154	155
154	156
154	157
154	158
155	156
155	157
155	158
155	159
155	160
155	165
155	166
156	157
156	158
156	165
156	166
156	167
157	158
157	159
157	165
158	159
158	160
158	165
159	160
159	161
159	162
159	163
159	164
159	165
160	161
160	162
161	162
161	163
162	163
162	164
162	165
163	164
164	165
164	166
165	166
165	167
166	167
166	168
167	168
167	169
168	169
168	170
169	170
169	171
170	171
170	172
171	172
171	173
172	173
172	174
173	174
173	327
174	175
174	176
175	176
175	177
176	177
176	178
177	178
177	179
177	249
178	179
178	180
179	180
179	181
179	247
179	253
180	181
180	182
180	254
180	255
181	182
181	255
182	183
182	184
182	187
183	184
183	185
184	185
184	186
184	187
185	186
185	187
186	187
186	188
187	188
187	189
188	189
188	190
188	256
188	257
189	190
189	256
189	257
189	258
190	191
190	192
190	256
190	257
190	258
191	192
191	193
191	194
191	258
192	193
192	194
192	195
192	258
193	194
193	195
194	195
194	196
194	214
194	215
194	216
195	196
195	197
195	212
195	213
195	214
195	215
196	197
196	198
196	212
196	213
196	214
196	215
197	198
197	210
197	211
197	212
197	213
198	199
198	200
198	210
198	211
198	212
199	200
199	201
199	210
199	211
200	201
200	202
200	203
200	204
200	209
200	210
200	211
201	202
201	203
201	204
201	209
201	210
201	211
202	203
202	204
202	205
202	206
203	204
203	205
204	205
204	206
204	207
204	208
205	206
205	207
206	207
206	208
206	209
207	208
207	209
208	209
208	210
208	224
208	225
208	226
209	210
209	211
209	222
209	223
209	224
209	225
210	211
210	212
210	222
210	223
210	224
211	212
211	221
211	222
211	223
212	213
212	214
212	220
212	221
212	222
212	223
213	214
213	215
213	218
213	219
213	220
213	221
214	215
214	216
214	217
214	218
214	219
214	220
214	221
215	216
215	217
215	218
215	219
216	217
216	218
217	218
217	219
218	219
218	220
219	220
219	221
220	221
220	270
221	222
221	223
221	267
221	268
221	269
221	270
222	223
222	224
222	267
222	268
222	269
222	270
223	224
223	225
223	265
223	266
223	267
223	268
224	225
224	226
224	265
224	266
224	267
225	226
225	227
225	263
225	264
225	265
225	266
226	227
226	228
226	236
226	263
226	264
226	265
227	228
227	229
227	230
228	229
228	230
228	231
229	230
229	231
230	231
230	232
231	232
231	233
232	233
232	234
232	235
232	236
233	234
233	235
233	236
233	237
234	235
234	236
234	237
234	238
235	236
235	237
235	238
235	239
236	237
236	238
236	239
236	240
237	238
237	239
237	240
237	241
238	239
238	240
238	241
238	242
239	240
239	241
239	242
239	243
239	335
239	336
240	241
240	242
240	243
240	244
240	266
241	242
241	243
241	244
241	245
242	243
242	244
242	245
242	246
243	244
243	245
243	246
243	254
244	245
244	246
244	254
245	246
245	247
246	247
246	248
247	248
248	249
248	250
248	251
248	303
249	250
249	251
250	251
250	252
250	299
250	300
250	303
250	330
250	331
250	332
251	252
251	253
251	303
251	331
251	332
251	333
251	334
252	253
252	254
252	269
252	331
252	332
252	333
252	334
253	254
253	255
253	268
253	269
254	255
254	256
254	267
254	268
254	269
255	256
255	267
255	268
255	269
256	257
256	266
256	267
256	268
257	258
257	259
257	265
257	266
257	267
258	259
258	260
258	264
258	265
258	266
259	260
259	261
259	262
259	264
259	265
260	261
261	262
261	263
261	264
262	263
262	264
263	264
263	265
264	265
265	266
265	267
266	267
266	268
267	268
268	269
268	270
269	270
269	271
270	271
270	272
271	272
271	273
271	274
271	323
271	324
271	325
272	273
272	274
272	324
272	325
273	274
273	275
273	324
273	325
274	275
274	276
274	323
274	324
275	276
275	277
275	278
275	279
275	319
275	320
275	321
275	322
275	323
275	324
276	277
276	278
276	279
276	280
276	319
276	320
276	322
276	323
276	324
277	278
277	279
277	280
277	281
277	319
277	320
277	389
278	279
278	280
278	281
278	282
279	280
279	281
279	282
279	283
280	281
280	282
280	283
280	388
280	389
281	282
281	283
281	388
281	389
282	283
282	284
283	284
283	285
283	288
284	285
284	286
284	287
284	288
285	286
285	287
285	288
285	289
286	287
286	288
286	289
287	288
287	289
288	289
288	290
288	292
288	293
289	290
289	291
289	292
289	293
290	291
290	292
290	293
290	294
290	455
290	456
291	292
291	293
291	294
291	295
291	455
291	456
292	293
292	294
292	295
292	296
293	294
293	295
293	296
293	297
293	385
294	295
294	296
294	297
294	298
295	296
295	297
295	298
295	299
296	297
296	298
296	299
296	300
296	328
296	330
297	298
297	299
297	300
297	301
297	382
298	299
298	300
298	301
298	302
298	443
298	446
299	300
299	301
299	302
299	303
299	330
300	301
300	302
300	303
300	304
300	330
300	331
300	332
301	302
301	303
301	304
301	305
301	439
301	442
301	443
302	303
302	304
302	305
302	306
302	443
303	304
303	305
303	306
303	307
303	332
304	305
304	306
304	307
304	308
304	439
305	306
305	307
305	308
305	309
305	439
305	440
306	307
306	308
306	309
306	310
307	308
307	309
307	310
307	311
307	312
307	313
308	309
308	310
308	311
308	312
308	371
308	439
309	310
309	311
310	311
310	312
311	312
311	313
311	339
311	340
311	341
311	342
312	313
312	314
312	337
312	338
312	339
312	340
313	314
313	315
313	337
313	338
313	339
313	340
313	370
313	371
313	374
314	315
314	316
314	317
314	336
314	337
314	338
314	374
315	316
315	317
315	374
316	317
316	318
317	318
317	321
317	374
317	377
317	378
318	319
318	320
318	321
318	322
318	377
318	381
319	320
319	321
319	322
319	381
319	384
320	321
320	322
321	322
321	323
321	332
321	333
322	323
322	324
322	330
322	331
322	332
322	333
323	324
323	325
323	330
323	331
323	332
323	333
324	325
324	328
324	329
324	330
324	331
325	326
325	327
325	328
325	329
325	330
326	327
326	328
326	329
327	328
327	329
328	329
328	330
329	330
329	331
330	331
330	332
331	332
331	333
332	333
332	334
333	334
333	335
334	335
334	336
334	337
335	336
335	337
336	337
336	338
337	338
337	339
338	339
338	340
339	340
339	341
340	341
340	342
340	344
340	345
341	342
341	343
341	344
342	343
342	344
343	344
344	345
345	346
345	347
345	368
345	369
345	370
346	347
346	348
346	368
346	369
346	370
347	348
347	349
347	367
347	368
347	369
348	349
348	350
348	367
348	368
349	350
349	351
349	352
350	351
350	352
351	352
351	353
352	353
352	354
353	354
354	355
354	356
354	359
355	356
355	357
355	358
355	359
356	357
356	358
356	359
356	398
357	358
357	359
357	392
358	359
358	360
358	377
358	380
359	360
359	361
359	363
359	364
359	377
360	361
360	362
360	363
360	364
360	373
360	376
361	362
361	363
361	364
361	365
361	402
362	363
362	364
362	365
362	366
362	367
362	368
363	364
363	365
363	366
363	367
363	368
363	369
364	365
364	366
364	367
365	366
365	367
366	367
366	368
367	368
367	369
368	369
369	370
369	373
370	371
370	372
370	373
370	374
371	372
371	373
371	374
371	375
372	373
372	374
372	375
372	376
372	433
372	436
373	374
373	375
373	376
373	377
373	433
374	375
374	376
374	377
374	378
375	376
375	377
375	378
375	379
375	428
375	439
376	377
376	378
376	379
376	380
376	428
376	429
377	378
377	379
377	380
377	381
378	379
378	380
378	381
378	382
379	380
379	381
379	382
379	383
379	425
379	428
379	429
380	381
380	382
380	383
380	384
381	382
381	383
381	384
381	385
382	383
382	384
382	385
382	386
382	425
383	384
383	385
383	386
383	387
384	385
384	386
384	387
384	388
384	389
384	390
385	386
385	387
385	388
385	389
386	387
386	388
386	414
386	417
387	388
387	389
387	390
387	414
388	389
388	390
389	390
389	391
390	391
390	392
391	392
391	393
391	394
392	393
392	394
393	394
393	395
393	396
393	411
394	395
394	396
395	396
395	397
396	397
396	398
396	400
397	398
397	399
397	400
397	401
398	399
398	400
398	401
399	400
399	401
400	401
400	402
400	403
400	404
401	402
401	403
401	404
401	405
402	403
402	404
402	405
402	406
403	404
403	405
403	406
403	407
404	405
404	406
404	407
404	408
404	409
405	406
405	407
405	408
405	409
405	410
406	407
406	408
407	408
407	409
408	409
408	410
409	410
410	411
410	412
411	412
411	413
412	413
412	414
413	414
413	415
413	417
413	422
414	415
414	416
414	417
415	416
415	417
416	417
416	418
416	459
416	462
416	463
417	418
417	419
417	421
417	422
417	459
417	462
418	419
418	420
418	421
418	422
418	458
418	459
418	462
419	420
419	421
419	422
419	423
420	421
420	422
420	423
420	424
421	422
421	423
421	424
421	425
422	423
422	424
422	425
422	426
423	424
423	425
423	426
423	427
424	425
424	426
424	427
424	428
425	426
425	427
425	428
425	429
426	427
426	428
426	429
426	430
427	428
427	429
427	430
427	436
427	437
428	429
428	430
428	436
428	437
429	430
429	431
429	436
430	431
430	432
430	433
430	435
430	436
431	432
431	433
432	433
432	434
432	435
432	436
433	434
433	435
433	436
434	435
434	436
435	436
435	437
436	437
436	438
437	438
437	439
437	441
437	442
438	439
438	440
438	441
438	442
439	440
439	441
439	442
439	443
440	441
440	442
440	443
440	444
441	442
441	443
441	444
441	445
442	443
442	444
442	445
442	446
443	444
443	445
443	446
443	447
444	445
444	446
444	447
444	448
445	446
445	447
445	448
445	449
446	447
446	448
446	449
447	448
447	449
448	449
448	450
448	451
449	450
449	451
450	451
450	452
450	453
450	454
450	455
451	452
451	453
452	453
452	454
453	454
453	455
453	457
454	455
454	456
454	457
454	458
455	456
455	457
455	458
455	459
456	457
456	458
456	459
456	460
457	458
457	459
457	460
457	461
458	459
458	460
458	461
458	462
459	460
459	461
459	462
459	463
460	461
460	462
460	463
460	464
461	462
461	463
461	464
462	463
462	464
463	464
