0	1
0	2
0	29
1	2
1	3
1	4
1	5
1	6
1	29
2	3
2	4
2	5
2	29
2	30
2	31
3	4
3	5
3	29
3	30
3	31
3	32
3	392
4	5
4	6
4	7
4	8
4	25
4	26
4	29
4	392
4	393
5	6
5	7
5	8
5	9
5	10
5	11
6	7
6	8
6	9
6	10
6	11
6	24
7	8
7	9
7	10
7	11
7	12
7	20
7	24
7	25
8	9
8	10
8	11
8	12
8	20
8	396
8	397
9	10
9	11
9	12
9	13
10	11
10	12
10	13
11	12
11	13
12	13
12	14
12	18
12	19
12	20
13	14
13	18
13	19
14	15
14	16
14	17
14	18
14	19
14	20
15	16
15	17
15	18
15	19
15	20
15	21
15	22
16	17
16	18
16	19
16	20
16	21
16	22
17	18
17	19
17	20
17	21
17	22
17	23
18	19
18	20
18	21
18	22
18	23
18	24
19	20
19	21
19	22
19	23
19	24
20	21
20	22
20	23
20	24
20	25
21	22
21	23
21	24
21	25
22	23
22	24
22	25
23	24
23	25
24	25
24	26
25	26
25	27
25	393
26	27
26	28
26	29
27	28
27	29
28	29
28	30
29	30
29	31
30	31
30	32
31	32
31	33
31	388
31	389
31	392
32	33
32	34
33	34
33	35
33	512
33	513
34	35
34	36
34	458
34	513
35	36
35	37
35	384
35	387
35	388
36	37
36	38
36	458
36	476
36	477
36	478
37	38
37	39
37	361
37	362
37	387
37	476
37	477
38	39
38	40
38	64
38	361
38	362
38	363
38	473
38	474
38	476
39	40
39	41
39	62
39	63
39	64
39	65
39	362
39	363
39	364
40	41
40	42
40	63
40	64
40	65
40	66
40	67
40	362
40	363
40	364
40	365
41	42
41	43
41	63
41	65
41	66
41	67
41	364
41	365
41	366
41	369
42	43
42	44
42	66
42	67
42	68
42	69
42	365
42	366
42	369
42	370
43	44
43	47
43	48
43	66
43	67
43	68
43	69
43	369
43	370
44	45
44	46
44	47
44	48
44	370
44	371
45	46
45	47
45	48
45	370
45	371
46	47
46	48
46	369
46	370
46	371
46	372
47	48
47	49
47	53
47	54
47	369
47	370
47	375
48	49
48	50
48	53
48	54
48	82
48	85
49	50
49	51
49	52
49	53
49	54
49	85
50	51
50	52
50	53
50	54
50	55
50	85
50	86
50	88
50	89
51	52
51	53
51	54
51	55
51	56
52	53
52	54
52	55
52	56
53	54
53	55
53	56
53	57
53	58
54	55
54	56
54	57
54	58
54	59
54	86
54	89
55	56
55	57
55	58
55	59
55	60
55	89
55	90
56	57
56	58
56	59
56	60
56	61
57	58
57	59
57	60
57	61
57	62
57	63
57	376
58	59
58	60
58	61
58	62
58	63
58	376
59	60
59	61
59	62
59	63
59	64
60	61
60	62
61	62
61	63
61	376
61	380
61	381
62	63
62	64
62	380
62	381
62	384
63	64
63	65
63	380
64	65
64	66
64	103
64	104
64	473
65	66
65	67
65	103
65	104
65	105
65	106
66	67
66	68
66	69
66	104
66	105
66	106
67	68
67	69
67	70
67	105
67	106
67	107
67	108
68	69
68	70
68	71
68	79
68	106
68	107
68	108
69	70
69	71
69	79
69	106
69	107
69	108
70	71
70	72
70	73
70	107
70	108
70	109
71	72
71	73
71	74
71	107
71	108
71	109
71	110
72	73
72	109
72	110
73	74
74	75
74	76
74	78
74	79
75	76
75	77
75	78
75	79
76	77
76	78
76	79
76	80
77	78
77	79
77	80
77	81
78	79
78	80
78	81
78	82
79	80
79	81
79	82
79	83
80	81
80	82
80	83
80	84
81	82
81	83
81	84
81	85
82	83
82	84
82	85
82	86
83	84
83	85
83	86
83	87
84	85
84	86
84	87
84	88
85	86
85	87
85	88
85	89
86	87
86	88
86	89
86	90
87	88
87	89
87	90
87	91
88	89
88	90
88	91
88	92
89	90
89	91
89	92
90	91
90	92
90	93
90	103
91	92
91	93
91	94
92	93
92	94
93	94
93	95
93	96
93	100
94	95
94	96
94	97
94	100
95	96
95	97
96	97
96	98
96	99
96	100
97	98
97	99
97	100
98	99
98	100
98	505
98	506
99	100
99	101
99	506
100	101
100	102
101	102
101	103
102	103
102	104
102	469
102	470
103	104
103	105
103	470
104	105
104	106
104	238
104	470
104	471
105	106
105	107
105	237
105	238
105	239
106	107
106	108
106	237
106	238
106	239
106	240
106	241
107	108
107	109
107	232
107	237
107	239
107	240
107	241
108	109
108	110
108	240
108	241
108	242
109	110
109	111
109	224
109	241
109	242
109	243
110	111
110	112
110	113
110	224
110	243
111	112
111	113
111	219
111	220
111	221
111	224
111	243
111	244
112	113
112	114
112	217
112	218
112	219
112	244
113	114
113	115
114	115
114	158
114	159
114	207
114	208
115	116
115	117
115	157
115	158
115	205
115	206
115	207
115	208
116	117
116	118
116	156
116	157
116	158
116	204
116	205
116	206
116	207
117	118
117	119
117	147
117	148
117	150
117	156
117	157
117	204
117	205
118	119
118	120
118	147
118	148
118	149
118	150
118	204
118	205
119	120
119	121
119	126
119	148
119	149
119	150
119	151
119	203
119	204
120	121
120	122
120	148
120	149
120	150
120	151
121	122
121	123
122	123
122	124
123	124
123	125
124	125
124	126
124	127
125	126
125	127
126	127
126	128
126	201
126	202
126	203
127	128
127	129
127	151
127	152
127	201
127	202
127	203
128	129
128	130
128	152
128	200
128	201
128	202
129	130
129	131
129	152
129	196
129	199
129	200
129	201
129	202
130	131
130	132
130	133
130	196
130	199
130	200
131	132
131	133
131	196
131	197
131	198
131	199
132	133
132	134
132	135
132	195
132	196
132	197
133	134
133	135
133	136
133	195
133	196
134	135
134	136
134	137
134	138
134	194
134	195
134	196
135	136
135	137
135	138
135	194
135	195
135	196
136	137
136	138
136	139
136	152
136	153
136	154
136	193
136	194
136	195
136	196
137	138
137	139
137	140
137	153
137	154
137	155
137	192
137	193
137	194
138	139
138	140
138	153
138	154
138	155
138	192
138	193
138	194
139	140
139	141
139	154
139	155
139	156
139	191
139	192
139	193
140	141
140	142
140	143
140	154
140	155
140	156
140	157
140	190
140	191
140	192
141	142
141	143
141	144
141	156
141	157
141	158
141	160
141	190
141	191
142	143
142	144
142	156
142	157
142	158
142	160
142	190
142	191
143	144
143	145
143	146
144	145
144	146
144	147
145	146
145	147
146	147
146	148
146	149
146	150
146	156
147	148
147	149
147	150
147	156
148	149
148	150
149	150
149	151
150	151
150	154
150	155
150	156
151	152
151	153
151	154
151	155
152	153
152	154
153	154
153	155
154	155
154	156
155	156
155	157
156	157
157	158
157	159
158	159
158	160
159	160
159	161
159	162
160	161
160	162
161	162
161	163
161	164
162	163
162	164
162	165
162	166
162	167
163	164
163	165
163	166
163	167
163	190
163	191
164	165
164	166
164	167
165	166
165	167
165	168
165	213
165	214
165	215
166	167
166	168
166	171
166	213
167	168
167	171
167	213
168	169
168	170
168	171
168	184
169	170
169	171
169	184
169	185
169	186
169	187
170	171
170	172
170	183
170	184
170	185
171	172
171	173
171	183
171	184
171	212
172	173
172	174
172	181
172	182
172	183
172	184
172	210
173	174
173	175
173	181
173	182
173	183
173	209
173	210
174	175
174	178
174	180
174	181
174	182
174	208
174	209
174	210
175	176
175	177
175	178
175	179
175	180
175	181
175	206
175	207
175	208
175	209
176	177
176	178
176	179
176	180
176	206
176	207
176	208
177	178
177	179
177	207
178	179
178	180
178	181
178	301
179	180
179	181
180	181
180	182
180	198
180	199
180	200
181	182
181	183
181	196
181	197
181	198
181	199
182	183
182	184
182	194
182	195
182	196
182	197
182	198
183	184
183	185
183	194
183	195
183	196
183	197
184	185
184	186
184	192
184	193
184	194
184	195
185	186
185	193
185	194
185	195
186	187
186	188
186	192
186	193
186	194
187	188
187	189
187	191
187	192
187	193
188	189
188	190
188	191
188	192
189	190
189	191
190	191
191	192
191	193
192	193
192	194
193	194
194	195
194	196
195	196
195	197
196	197
196	198
196	199
197	198
197	199
198	199
198	200
199	200
200	201
200	202
201	202
201	203
202	203
202	204
203	204
203	205
203	206
204	205
204	206
205	206
205	207
206	207
206	208
207	208
207	209
208	209
208	210
209	210
209	211
209	302
210	211
210	212
210	213
211	212
211	213
211	302
212	213
213	214
213	215
214	215
214	216
215	216
215	217
216	217
216	218
217	218
217	219
218	219
218	220
218	221
219	220
219	221
219	245
219	251
220	221
220	222
220	224
220	225
220	256
221	222
221	223
221	224
221	225
222	223
222	224
222	225
222	226
222	227
223	224
223	225
223	226
223	227
223	228
224	225
224	226
224	227
224	228
224	229
225	226
225	227
225	228
225	229
225	230
225	259
226	227
226	228
226	229
226	230
226	231
227	228
227	229
227	230
227	231
228	229
228	230
228	231
228	232
229	230
229	231
229	232
229	233
229	260
230	231
230	232
230	233
230	234
230	260
231	232
231	233
231	234
231	235
232	233
232	234
232	235
232	236
232	237
233	234
233	235
233	236
233	237
233	260
233	264
234	235
234	236
235	236
235	237
236	237
236	238
237	238
237	239
238	239
238	267
238	268
238	467
238	470
238	471
239	240
239	241
239	267
239	268
239	269
240	241
240	242
240	268
240	269
240	270
241	242
241	243
241	269
241	270
241	271
241	272
242	243
242	244
242	245
242	269
242	270
242	271
242	272
243	244
243	245
243	271
243	272
244	245
244	246
244	247
244	272
244	273
244	274
244	275
245	246
245	247
245	248
245	251
245	252
245	271
245	272
245	273
245	278
246	247
246	248
246	251
246	277
246	278
246	281
247	248
247	251
247	277
247	278
247	281
248	249
248	250
248	251
248	278
248	281
248	284
248	285
249	250
249	251
249	252
249	253
249	284
249	285
249	288
250	251
250	252
250	253
250	254
250	255
251	252
251	253
251	254
251	255
251	256
252	253
252	254
252	255
252	256
252	257
252	288
252	289
253	254
253	255
253	256
253	257
253	258
254	255
254	256
254	257
254	258
254	259
255	256
255	257
255	258
255	259
256	257
256	258
256	259
256	260
257	258
257	259
257	260
257	261
258	259
258	260
258	261
259	260
259	261
260	261
260	262
260	263
260	264
260	265
261	262
261	263
261	264
261	265
262	263
262	264
262	265
263	264
263	265
264	265
264	266
264	267
265	266
265	267
266	267
266	268
267	268
267	269
268	269
268	270
268	290
269	270
269	271
269	289
269	290
269	291
270	271
270	272
270	289
270	290
270	291
270	292
270	293
271	272
271	273
271	289
271	291
271	292
271	293
272	273
272	274
272	292
272	293
272	294
272	295
273	274
273	275
273	278
273	279
273	293
273	294
273	295
274	275
274	278
274	294
274	295
274	296
274	298
274	299
275	276
275	277
275	278
275	279
275	299
275	302
276	277
276	278
276	279
276	280
276	302
276	303
277	278
277	279
277	280
277	281
278	279
278	280
278	281
278	282
279	280
279	281
279	282
280	281
280	282
281	282
281	283
281	284
281	285
282	283
282	284
282	285
282	286
283	284
283	285
283	286
283	287
284	285
284	286
284	287
284	288
285	286
285	287
285	288
285	289
286	287
286	288
286	289
286	291
286	292
287	288
287	289
288	289
289	290
289	291
290	291
290	324
291	292
291	324
291	325
291	326
292	293
292	294
292	325
292	326
292	327
293	294
293	295
293	326
293	327
293	328
293	329
294	295
294	296
294	312
294	327
294	328
294	329
295	296
295	297
295	298
295	299
295	329
295	330
296	297
296	298
296	299
296	300
296	308
296	329
296	330
297	298
297	299
297	300
297	301
297	330
298	299
298	300
298	301
298	302
299	300
299	301
299	302
299	303
299	308
300	301
300	302
300	303
300	304
300	305
300	308
301	302
301	303
301	304
301	305
302	303
302	304
303	304
303	305
304	305
304	306
304	307
305	306
305	307
305	308
306	307
306	308
307	308
307	309
307	310
307	311
308	309
308	310
308	311
308	312
309	310
309	311
309	312
309	313
310	311
310	312
310	313
310	314
311	312
311	313
311	314
311	315
312	313
312	314
312	315
312	316
313	314
313	315
313	316
313	317
313	358
314	315
314	316
314	317
314	318
315	316
315	317
315	318
315	319
316	317
316	318
316	319
316	320
316	326
316	358
316	359
316	360
317	318
317	319
317	320
317	321
318	319
318	320
318	321
318	322
319	320
319	321
319	322
319	323
319	324
319	325
319	326
320	321
320	322
320	323
320	324
320	359
320	452
321	322
321	323
321	405
321	409
322	323
322	324
323	324
323	325
323	452
324	325
324	326
325	326
325	327
325	361
325	474
325	475
326	327
326	328
326	360
326	361
326	362
327	328
327	329
327	360
327	361
327	362
327	363
328	329
328	355
328	360
328	362
328	363
328	364
329	330
329	332
329	363
329	364
329	365
330	331
330	332
330	364
330	365
330	366
331	332
331	333
331	334
332	333
332	334
332	348
332	351
332	352
332	365
333	334
333	335
333	336
333	344
333	348
333	368
333	379
334	335
334	336
334	337
334	368
335	336
335	337
335	338
335	339
335	340
335	344
335	345
336	337
336	338
336	339
336	340
336	341
336	342
336	343
336	344
336	368
336	374
336	379
337	338
337	339
337	340
337	367
337	368
337	372
337	373
337	374
338	339
338	340
338	341
338	372
338	373
339	340
339	372
339	373
340	341
340	342
340	343
341	342
341	343
341	344
341	374
341	377
341	378
342	343
342	344
342	345
343	344
343	345
344	345
344	346
344	348
344	349
345	346
345	347
345	348
345	349
346	347
346	348
346	349
346	350
347	348
347	349
347	350
347	351
348	349
348	350
348	351
348	352
349	350
349	351
349	352
349	353
350	351
350	352
350	353
350	354
351	352
351	353
351	354
351	355
352	353
352	354
352	355
352	356
352	386
353	354
353	355
353	356
353	357
353	386
353	387
353	390
354	355
354	356
354	357
354	358
355	356
355	357
355	358
355	359
355	360
356	357
356	358
356	359
356	360
356	387
356	390
356	391
357	358
357	359
357	390
357	391
357	394
357	395
358	359
358	360
359	360
359	361
360	361
360	362
360	363
361	362
361	474
361	475
361	476
362	363
362	364
362	474
362	476
363	364
364	365
364	366
365	366
365	367
365	368
365	369
366	367
366	368
366	369
366	370
367	368
367	369
367	370
367	371
367	372
368	369
368	370
368	371
368	372
368	374
368	375
368	379
369	370
369	371
369	372
369	375
370	371
370	372
371	372
371	373
372	373
372	374
372	375
373	374
373	375
374	375
374	376
374	377
374	378
374	379
375	376
375	377
375	378
375	379
375	380
376	377
376	378
376	379
376	380
376	381
377	378
377	379
377	380
377	381
377	382
378	379
378	380
378	381
378	382
379	380
379	381
379	382
379	383
380	381
380	382
380	383
380	384
381	382
381	383
381	384
381	385
382	383
382	384
382	385
382	386
383	384
383	385
383	386
383	387
384	385
384	386
384	387
384	388
385	386
385	387
385	388
385	389
386	387
386	388
386	389
386	390
387	388
387	389
387	390
387	391
388	389
388	390
388	391
388	392
389	390
389	391
389	392
389	393
390	391
390	392
390	393
390	394
390	395
391	392
391	393
391	394
391	395
392	393
392	394
392	395
393	394
393	395
393	396
394	395
394	396
394	397
395	396
395	397
396	397
396	398
396	399
396	400
396	401
397	398
397	399
397	400
397	401
397	402
398	399
398	400
398	401
398	402
398	403
399	400
399	401
399	402
399	403
400	401
400	402
400	403
400	404
401	402
401	403
401	404
401	405
402	403
402	404
402	405
402	406
402	453
402	454
403	404
403	405
403	406
403	407
403	408
404	405
404	406
404	407
404	408
404	409
405	406
405	407
405	408
405	409
405	410
405	453
406	407
406	408
406	409
406	410
406	411
407	408
407	409
407	410
407	411
408	409
408	410
408	411
409	410
409	411
410	411
410	412
410	413
411	412
411	413
412	413
412	414
413	414
413	415
414	415
414	416
415	416
415	417
415	418
415	419
416	417
416	418
416	419
416	420
417	418
417	419
417	420
417	421
417	446
417	533
418	419
418	420
418	421
418	422
418	449
419	420
419	421
419	422
419	423
420	421
420	422
420	423
420	424
420	535
421	422
421	423
421	424
421	425
421	449
421	450
422	423
422	424
422	425
422	426
422	427
422	453
423	424
423	425
423	426
423	427
423	428
424	425
424	426
424	427
424	428
424	429
424	522
424	537
424	538
425	426
425	427
425	428
425	429
425	430
425	450
425	453
425	455
426	427
426	428
426	429
426	430
426	431
427	428
427	429
427	430
427	431
428	429
428	430
428	431
428	432
429	430
429	431
429	432
429	433
429	434
429	455
429	522
430	431
430	432
430	433
430	434
431	432
431	433
432	433
432	434
433	434
433	435
434	435
434	436
434	457
434	519
434	520
434	521
434	522
435	436
435	457
435	513
435	514
435	518
435	519
435	520
435	521
436	437
436	438
436	457
436	458
436	459
436	460
436	521
436	522
437	438
437	439
437	457
437	458
437	459
437	460
437	521
437	522
437	523
438	439
438	440
438	459
438	460
438	461
438	503
438	522
438	523
438	524
439	440
439	441
439	447
439	459
439	460
439	461
439	462
439	523
439	524
439	525
440	441
440	461
440	462
440	463
440	524
440	525
441	442
441	443
441	444
441	446
441	447
441	461
441	462
441	463
442	443
442	444
442	463
442	464
442	465
442	468
443	444
443	445
443	468
444	445
444	446
444	447
444	448
444	468
444	472
445	446
445	447
445	448
445	449
446	447
446	448
446	449
446	450
446	533
446	534
447	448
447	449
447	450
447	451
447	461
448	449
448	450
448	451
448	452
448	475
449	450
449	451
449	452
449	453
450	451
450	452
450	453
451	452
451	453
451	454
451	455
451	475
451	476
451	477
451	478
452	453
452	454
453	454
453	455
454	455
454	456
455	456
455	457
456	457
456	458
457	458
457	459
458	459
458	460
458	477
458	478
458	479
459	460
459	461
459	477
459	478
459	479
460	461
460	462
460	478
460	479
460	480
460	481
460	503
461	462
461	463
461	478
461	479
461	480
461	481
462	463
462	480
462	481
462	482
462	483
462	498
462	503
463	464
463	465
463	469
463	481
463	482
463	483
464	465
464	466
464	482
464	483
464	484
465	466
465	467
465	468
465	469
466	467
466	468
466	469
466	470
466	482
467	468
467	469
467	470
467	471
468	469
468	470
468	471
468	472
469	470
469	471
469	472
469	480
469	481
469	482
470	471
470	472
470	473
471	472
471	473
471	474
472	473
472	474
472	475
472	478
472	480
473	474
473	475
473	478
474	475
474	476
475	476
475	477
475	478
476	477
476	478
477	478
477	479
478	479
478	480
479	480
479	481
480	481
480	482
481	482
481	483
482	483
482	484
483	484
483	485
484	485
484	486
485	486
485	487
486	487
486	488
487	488
487	489
487	494
488	489
488	490
488	491
488	493
488	494
489	490
489	491
490	491
490	492
490	493
490	494
491	492
491	493
491	494
491	495
491	528
491	529
492	493
492	494
492	495
492	496
493	494
493	495
493	496
493	497
494	495
494	496
494	497
494	498
495	496
495	497
495	498
495	499
496	497
496	498
496	499
496	500
496	501
497	498
497	499
497	500
497	501
497	502
498	499
498	500
498	501
498	502
498	503
499	500
499	501
499	502
499	503
499	504
500	501
500	502
500	503
500	504
500	505
501	502
501	503
501	504
501	505
502	503
502	504
502	505
502	506
503	504
503	505
503	506
503	507
504	505
504	506
504	507
504	508
504	509
504	544
505	506
505	507
505	508
505	509
505	510
506	507
506	508
506	509
506	510
506	511
507	508
507	509
507	510
507	511
507	512
507	513
507	514
508	509
508	510
508	511
508	512
508	513
508	514
508	515
509	510
509	511
509	512
509	513
509	514
509	515
510	511
510	512
511	512
511	513
512	513
512	514
513	514
514	515
514	518
515	516
515	517
515	518
515	544
516	517
516	518
516	544
516	545
517	518
517	519
517	520
517	543
517	544
517	545
518	519
518	520
518	521
518	543
518	544
519	520
519	521
519	540
519	541
519	542
519	543
519	544
520	521
520	540
520	541
520	542
520	543
520	544
521	522
521	523
521	540
521	541
521	542
521	543
521	544
522	523
522	524
522	537
522	538
522	539
522	540
522	541
522	542
523	524
523	525
523	537
523	538
523	539
523	540
523	541
523	542
524	525
524	534
524	536
524	537
524	538
524	539
525	526
525	527
525	534
525	535
525	536
525	537
525	538
526	527
526	528
526	529
526	531
526	533
526	534
526	535
526	536
527	528
527	531
527	535
527	536
528	529
528	530
528	531
529	530
529	531
530	531
530	532
531	532
531	533
532	533
533	534
533	535
534	535
534	536
535	536
535	537
535	538
536	537
536	538
536	539
537	538
537	539
538	539
539	540
539	541
539	542
540	541
540	542
541	542
542	543
542	544
543	544
543	545
544	545
