0	1
0	2
0	32
1	2
2	3
2	4
2	6
3	4
3	5
3	6
4	5
4	6
4	7
4	8
4	28
4	31
5	6
5	7
5	8
5	24
5	28
6	7
6	8
7	8
7	9
8	9
8	10
8	27
9	10
9	11
9	49
10	11
10	12
11	12
11	13
11	14
11	19
11	49
12	13
12	14
13	14
13	15
13	52
14	15
14	16
14	19
14	52
15	16
15	17
15	19
15	52
16	17
16	18
16	19
16	20
16	48
16	52
16	53
16	54
16	55
17	18
17	19
17	20
17	21
17	53
17	54
17	55
17	74
17	77
17	78
18	19
18	20
18	21
18	22
18	48
18	54
18	55
18	56
18	74
19	20
19	21
19	22
19	48
20	21
20	22
21	22
21	23
21	70
21	73
21	74
22	23
22	24
22	26
22	27
22	70
23	24
23	25
23	26
23	27
24	25
24	26
24	27
24	28
25	26
25	27
25	28
25	29
26	27
26	28
26	29
26	30
26	69
26	70
27	28
27	29
27	30
27	31
28	29
28	30
28	31
29	30
29	31
30	31
30	32
30	33
30	41
30	67
31	32
31	33
31	41
31	42
32	33
32	34
33	34
33	35
33	40
34	35
34	36
34	38
34	39
34	40
35	36
35	37
35	38
35	39
35	40
35	62
35	63
35	66
36	37
36	38
37	38
37	39
38	39
38	40
39	40
39	43
39	59
39	113
40	41
40	42
40	43
40	44
41	42
41	43
41	44
41	45
41	67
42	43
42	44
42	45
42	46
43	44
43	45
43	46
44	45
44	46
44	56
44	57
44	58
44	59
45	46
45	47
45	48
45	49
45	55
45	56
45	57
46	47
46	48
46	49
46	50
46	56
46	172
46	173
47	48
47	49
47	50
47	51
47	55
47	56
47	169
47	172
47	173
48	49
48	50
48	51
48	52
48	54
48	55
48	56
49	50
49	51
49	52
49	55
50	51
50	52
50	172
51	52
51	169
53	54
53	55
54	55
54	56
54	78
54	248
54	249
55	56
56	57
56	58
56	247
57	58
57	59
57	173
57	246
57	247
57	248
58	59
58	60
58	61
58	63
58	64
58	110
58	246
58	247
59	60
59	63
59	109
59	110
59	111
59	112
59	113
59	246
60	61
60	62
60	63
60	109
60	110
61	62
61	63
61	64
61	236
61	244
62	63
62	64
62	65
62	66
63	64
63	65
63	66
63	67
64	65
64	66
64	67
64	68
64	71
65	66
65	67
65	68
66	67
66	68
67	68
67	69
67	70
67	71
68	69
68	70
68	71
68	72
69	70
69	71
69	72
69	73
70	71
70	72
70	73
70	74
71	72
71	73
71	74
71	75
72	73
72	74
72	75
72	76
72	83
72	84
72	85
73	74
73	75
73	76
73	77
74	75
74	76
74	77
74	78
75	76
75	77
75	78
75	79
75	82
75	83
75	248
76	77
76	78
76	79
76	80
76	81
76	82
76	83
77	78
77	79
77	80
77	81
78	79
78	80
78	249
79	80
79	81
79	82
79	304
79	306
80	81
80	82
81	82
81	83
82	83
82	84
82	87
82	306
82	307
83	84
83	85
83	86
83	87
84	85
84	86
84	87
84	88
84	240
84	241
85	86
85	87
86	87
87	88
87	89
87	240
88	89
88	90
88	239
88	240
89	90
89	91
89	239
89	240
89	241
89	242
89	252
89	306
89	307
90	91
90	92
90	307
90	309
91	92
91	93
91	253
91	309
91	310
92	93
92	94
92	309
92	310
92	311
93	94
93	95
93	218
93	310
93	311
94	95
94	96
94	97
94	218
94	311
95	96
95	97
95	214
95	215
95	218
95	311
96	97
97	311
98	99
98	100
98	206
98	207
98	208
98	213
98	257
98	258
98	259
99	100
99	206
99	207
99	208
99	213
99	214
99	217
99	255
99	256
99	257
99	258
100	101
100	102
100	204
100	205
100	206
100	207
100	255
100	256
100	257
101	102
101	103
101	204
101	205
101	206
101	253
101	254
101	255
101	256
102	103
102	104
102	201
102	203
102	204
102	205
102	245
102	254
103	104
103	105
103	201
103	202
103	203
103	204
103	235
103	243
103	245
104	105
104	106
104	201
104	202
104	203
104	235
104	236
104	244
104	245
105	106
105	107
105	108
105	202
105	233
105	234
105	235
105	236
106	107
106	108
106	233
106	234
106	235
106	236
107	108
107	109
108	109
108	110
108	118
109	110
109	111
109	113
109	114
109	118
110	111
110	112
110	113
110	114
110	201
110	202
110	246
111	112
111	113
111	114
111	175
111	198
111	200
111	201
111	202
111	246
112	113
112	114
112	173
112	174
112	175
113	114
113	115
113	174
114	115
114	116
114	118
114	119
115	116
115	117
115	118
115	119
116	117
116	118
116	119
116	120
117	118
117	119
117	120
117	121
118	119
118	120
118	121
118	122
119	120
119	121
119	122
119	123
119	182
119	198
120	121
120	122
120	123
120	124
120	182
121	122
121	123
121	124
121	125
122	123
122	124
122	125
122	126
122	202
123	124
123	125
123	126
123	127
123	182
123	197
123	198
124	125
124	126
124	127
124	128
125	126
125	127
125	128
125	129
126	127
126	128
126	129
126	130
127	128
127	129
127	130
127	131
127	141
128	129
128	130
128	131
129	130
129	131
129	132
129	224
129	227
129	228
130	131
130	132
130	133
130	224
131	132
131	133
132	133
132	134
132	227
133	134
133	137
133	138
134	135
134	136
134	137
134	138
135	136
135	137
135	138
136	137
136	138
136	188
137	138
137	139
137	188
137	193
137	220
138	139
138	188
139	140
139	141
139	186
139	187
139	188
139	189
140	141
140	142
140	186
140	187
140	188
141	142
141	143
141	184
141	185
141	186
141	187
142	143
142	144
142	184
142	185
142	186
143	144
143	145
143	146
143	147
143	182
143	183
143	184
143	185
144	145
144	146
144	147
144	180
144	183
144	184
145	146
145	147
145	180
145	181
146	147
146	148
147	148
147	149
147	151
147	152
148	149
148	150
148	151
148	152
149	150
149	151
149	152
149	153
150	151
150	152
150	153
150	154
151	152
151	153
151	154
151	155
152	153
152	154
152	155
152	156
153	154
153	155
153	156
153	157
154	155
154	156
154	157
154	158
155	156
155	157
155	158
155	159
155	160
155	161
156	157
156	158
156	159
156	160
156	161
156	162
156	163
157	158
157	159
158	159
158	160
159	160
159	161
160	161
161	162
161	163
161	185
162	163
162	164
163	164
163	165
164	165
164	166
165	166
165	167
165	170
165	171
165	176
166	167
166	168
166	171
167	168
167	169
167	170
167	171
168	169
168	170
168	171
168	172
169	170
169	171
169	172
169	173
170	171
170	172
170	173
170	174
170	175
170	176
171	172
171	173
171	174
171	175
171	176
172	173
172	174
173	174
173	175
174	175
174	176
174	177
175	176
175	177
175	200
176	177
176	178
176	179
177	178
177	179
178	179
178	180
178	181
179	180
179	181
180	181
180	182
180	183
181	182
181	183
182	183
182	184
182	198
183	184
183	197
183	198
183	199
184	185
184	186
184	196
184	197
185	186
185	187
185	195
185	196
185	197
186	187
186	194
186	195
186	196
187	188
187	189
187	191
187	193
187	194
187	195
188	189
188	190
188	191
188	192
188	193
188	194
189	190
189	191
190	191
190	192
191	192
191	193
191	194
192	193
192	194
192	207
192	208
193	194
193	195
193	206
193	207
193	208
194	195
194	196
194	205
194	206
194	207
195	196
195	197
195	203
195	204
195	205
195	206
196	197
196	198
196	199
196	203
196	204
196	205
197	198
197	199
197	202
197	203
197	204
198	199
198	200
198	201
198	202
198	203
199	200
199	201
199	202
200	201
201	202
201	203
201	204
201	245
201	246
202	203
203	204
203	205
204	205
204	206
205	206
205	207
205	221
206	207
206	208
206	217
207	208
207	213
207	214
207	216
207	217
208	213
209	210
209	211
209	212
209	213
210	211
210	212
210	213
210	214
210	318
211	212
211	213
211	214
211	215
212	213
212	214
212	215
212	216
213	214
213	215
213	216
213	217
214	215
214	216
214	217
214	218
215	216
215	217
215	218
215	219
216	217
216	218
216	219
216	220
217	218
217	219
217	220
217	221
218	219
218	220
218	221
218	222
219	220
219	221
219	222
219	223
220	221
220	222
220	223
220	224
221	222
221	223
221	224
221	225
222	223
222	224
222	225
222	226
223	224
223	225
223	226
223	227
224	225
224	226
224	227
224	228
225	226
225	227
225	228
225	229
226	227
226	228
226	229
226	230
227	228
227	229
227	230
228	229
228	230
228	231
228	233
229	230
229	231
229	232
229	233
229	234
230	231
230	232
231	232
231	233
232	233
232	234
233	234
233	235
234	235
234	236
235	236
235	237
236	237
236	243
236	244
237	238
237	239
237	241
237	242
237	243
237	244
238	239
238	240
238	241
238	242
238	243
239	240
239	241
239	242
240	241
240	242
241	242
241	243
241	244
241	251
241	252
242	243
242	244
242	251
242	252
242	253
243	244
243	245
243	251
243	252
243	253
243	254
244	245
244	246
244	251
245	246
245	247
245	248
245	250
245	251
246	247
246	248
247	248
247	249
247	250
248	249
248	250
248	251
249	250
249	251
250	251
250	252
250	254
250	305
251	252
251	253
251	254
251	305
251	306
252	253
252	254
252	305
252	306
252	307
253	254
253	255
253	305
253	306
253	309
253	310
254	255
254	256
254	305
255	256
255	257
255	305
255	310
256	257
256	258
256	301
256	302
257	258
257	301
257	302
257	314
257	317
258	259
258	260
258	299
258	300
258	301
258	302
258	317
259	260
259	261
259	299
259	300
259	301
260	261
260	262
260	286
260	297
260	298
260	299
260	300
261	262
261	263
261	297
261	298
261	299
261	300
262	263
262	264
262	296
262	297
262	298
263	264
263	265
263	266
263	267
263	296
263	297
264	265
264	266
264	267
264	268
264	296
265	266
265	267
265	268
265	269
266	267
266	268
266	269
266	272
267	268
267	269
267	272
268	269
268	270
269	270
269	271
269	272
270	271
270	272
271	272
271	273
271	274
271	275
272	273
272	274
272	275
272	276
273	274
273	275
273	276
273	277
274	275
274	276
274	277
274	278
275	276
275	277
275	278
275	279
276	277
276	278
276	279
276	280
276	281
276	282
277	278
277	279
277	280
277	281
278	279
278	280
279	280
279	281
280	281
280	282
280	302
280	303
280	304
281	282
281	283
281	300
281	301
281	302
281	303
282	283
282	284
282	300
282	301
282	302
282	303
283	284
283	298
283	299
283	300
284	285
284	286
284	288
284	289
284	292
284	293
284	298
284	299
284	300
285	286
285	287
285	288
285	289
285	291
285	292
285	293
285	294
285	298
285	299
286	287
286	288
286	291
286	292
286	293
286	294
286	297
286	298
286	299
287	288
287	291
288	289
288	290
288	291
288	299
289	290
289	291
290	291
291	292
291	293
292	293
292	294
293	294
293	295
293	296
293	297
293	298
294	295
294	296
294	297
295	296
295	297
296	297
296	298
297	298
297	299
298	299
298	300
299	300
299	301
300	301
301	302
301	303
301	317
302	303
302	304
302	313
302	316
302	317
303	304
303	305
304	305
304	306
305	306
305	307
305	308
306	307
306	308
307	308
307	309
308	309
308	310
308	312
308	313
309	310
309	311
309	312
309	313
310	311
310	312
310	313
310	314
311	312
311	313
311	314
311	315
312	313
312	314
312	315
312	316
313	314
313	315
313	316
313	317
314	315
314	316
314	317
314	318
315	316
315	317
315	318
315	319
316	317
316	318
316	319
317	318
317	319
317	320
318	319
318	320
319	320
