0	1
0	2
0	4
0	5
0	162
0	163
1	2
1	3
1	4
1	5
1	160
1	161
1	162
1	163
2	3
2	4
2	5
2	6
2	152
2	161
2	162
2	163
3	4
3	5
3	6
3	7
3	21
4	5
4	6
4	7
4	8
5	6
5	7
5	8
5	9
6	7
6	8
6	9
6	10
6	17
6	21
7	8
7	9
7	10
7	17
8	9
8	10
9	10
9	11
9	12
10	11
10	12
10	15
10	17
11	12
11	13
11	14
11	15
12	13
12	14
12	15
12	145
12	147
13	14
13	15
13	16
13	17
13	20
13	129
13	145
14	15
14	16
15	16
15	17
16	17
16	18
16	19
16	20
17	18
17	19
17	20
17	21
18	19
18	20
18	21
18	22
19	20
19	21
19	22
19	23
20	21
20	22
20	23
20	24
21	22
21	23
21	24
21	25
22	23
22	24
22	25
22	26
22	56
23	24
23	25
23	26
23	27
24	25
24	26
24	27
24	28
25	26
25	27
25	28
25	29
26	27
26	28
26	29
26	30
26	52
26	53
26	56
27	28
27	29
27	30
27	31
27	49
28	29
28	30
28	31
28	32
29	30
29	31
29	32
29	33
29	52
30	31
30	32
30	33
30	34
30	48
30	49
30	52
31	32
31	33
31	34
31	35
31	134
32	33
32	34
32	35
32	36
33	34
33	35
33	36
33	37
34	35
34	36
34	37
34	38
34	45
35	36
35	37
35	38
35	39
35	136
36	37
36	38
36	39
37	38
37	39
38	39
40	41
40	42
40	43
40	44
41	42
41	43
41	44
41	45
42	43
42	44
42	45
42	46
42	86
42	87
42	90
43	44
43	45
43	46
43	47
44	45
44	46
44	47
44	48
45	46
45	47
45	48
45	49
45	86
45	87
46	47
46	48
46	49
46	50
46	66
46	86
47	48
47	49
47	50
47	51
48	49
48	50
48	51
48	52
49	50
49	51
49	52
49	53
50	51
50	52
50	53
50	54
51	52
51	53
51	54
51	55
52	53
52	54
52	55
52	56
53	54
53	55
53	56
53	59
54	55
54	56
54	57
54	59
54	73
55	56
55	57
56	57
56	58
57	58
57	59
57	76
58	59
58	60
58	79
58	81
59	60
59	61
59	76
59	79
59	80
59	81
59	82
60	61
60	72
60	73
60	76
60	77
60	78
60	79
60	80
60	81
60	82
60	116
61	62
61	71
61	72
61	73
61	82
61	83
61	116
62	63
62	64
62	70
62	71
62	72
62	82
62	83
62	84
63	64
63	70
63	71
63	83
63	84
64	65
64	66
64	67
64	84
64	85
65	66
65	67
65	85
65	247
66	67
66	68
67	68
67	69
68	69
68	70
69	70
69	71
70	71
70	72
70	118
71	72
71	73
72	73
72	74
72	115
72	116
73	74
73	75
73	76
74	75
74	76
74	77
75	76
75	77
76	77
76	78
76	79
77	78
77	79
77	112
77	113
77	114
77	115
78	79
78	80
78	112
78	113
79	80
79	81
79	112
80	81
80	82
80	107
80	108
80	112
81	82
81	83
81	105
81	106
81	107
81	108
82	83
82	84
82	105
82	106
82	107
82	108
83	84
83	103
83	104
83	105
83	106
84	103
84	104
84	105
84	247
85	86
85	87
85	88
85	101
85	102
85	103
85	247
85	248
86	87
86	88
86	101
86	102
87	88
87	89
87	90
87	99
87	100
87	101
88	89
88	90
88	99
88	100
88	101
88	215
89	90
89	91
89	92
89	99
89	100
89	215
90	91
90	92
90	93
90	99
91	92
91	93
91	94
92	93
92	94
92	95
92	96
92	97
92	98
92	99
93	94
93	95
93	96
93	97
93	99
94	95
94	96
95	96
95	97
96	97
96	98
97	98
97	99
98	99
98	100
98	135
98	136
98	137
98	215
98	218
99	100
99	135
99	136
99	137
99	215
99	217
99	218
100	101
100	102
100	133
100	134
100	135
100	136
100	217
101	102
101	103
101	133
101	134
101	135
102	103
102	132
102	133
102	134
102	248
103	104
103	105
103	131
103	132
103	133
103	251
104	105
104	106
104	128
104	130
104	131
104	132
104	251
105	106
105	128
105	129
105	130
105	131
106	107
106	108
106	127
106	128
106	129
107	108
107	109
107	129
108	109
108	110
108	120
109	110
109	111
109	120
110	111
110	112
110	116
110	120
111	112
111	113
111	114
112	113
112	114
113	114
113	115
114	115
114	116
115	116
115	117
116	117
116	120
117	118
117	119
117	120
118	119
118	120
118	121
118	122
119	120
119	121
119	122
120	121
120	122
120	123
121	122
121	123
122	123
122	124
122	274
122	277
123	124
123	125
123	127
123	274
124	125
124	126
124	127
124	270
124	271
124	272
124	273
124	274
125	126
125	127
125	128
125	250
125	270
125	271
126	127
126	128
126	270
126	271
127	128
127	129
128	129
128	130
129	130
129	145
130	131
130	144
130	145
130	146
131	132
131	143
131	144
131	145
131	251
131	253
131	254
132	133
132	142
132	143
132	144
132	251
132	254
133	134
133	135
133	141
133	142
133	143
134	135
134	136
134	140
134	141
134	142
135	136
135	137
135	140
135	141
135	217
135	218
136	137
136	139
136	140
137	138
137	139
137	140
138	139
138	140
139	140
140	153
140	154
141	142
141	143
141	151
141	152
141	153
142	143
142	149
142	150
142	151
142	152
143	144
143	149
143	150
143	151
144	145
144	146
144	147
144	148
144	149
144	150
144	254
145	146
145	147
146	147
146	148
146	257
147	148
147	149
148	149
148	150
148	167
148	257
148	258
149	150
149	151
149	166
149	167
149	254
149	257
149	258
150	151
150	152
150	165
150	166
150	167
151	152
151	153
151	163
151	164
151	165
151	166
152	153
152	154
152	161
152	162
152	163
152	164
152	165
153	154
153	155
153	161
153	162
153	163
153	164
154	155
154	156
154	160
154	161
154	162
155	156
155	157
155	158
155	159
155	160
155	161
156	157
156	158
156	159
157	158
157	159
158	159
158	160
159	160
160	161
160	162
161	162
161	163
162	163
162	164
163	164
163	165
163	166
164	165
164	166
165	166
165	167
166	167
167	168
168	169
168	170
168	224
168	258
168	259
169	170
169	171
169	224
169	225
169	227
169	258
169	259
169	260
169	287
170	171
170	172
170	173
170	226
170	227
171	172
172	173
172	174
172	227
172	287
173	174
173	175
173	227
173	228
173	287
174	175
174	176
174	205
174	208
174	209
174	227
174	228
175	176
175	177
175	208
175	209
175	210
175	211
175	227
175	228
175	229
176	177
176	178
176	208
176	209
176	210
176	211
176	228
176	229
176	230
177	178
177	210
177	211
177	212
177	229
177	230
177	231
178	179
178	180
178	212
178	230
178	231
178	232
179	180
179	181
179	182
179	212
180	181
180	182
180	183
181	182
181	183
182	183
182	184
182	185
182	186
183	184
183	185
183	186
183	191
184	185
184	186
185	186
185	187
185	235
185	236
186	187
186	188
186	190
186	191
186	233
186	234
186	235
186	303
187	188
187	189
187	190
187	191
187	302
187	303
188	189
188	190
188	191
188	192
188	300
188	301
188	302
188	303
189	190
189	191
189	192
189	193
189	296
189	297
189	299
189	300
189	301
190	191
190	192
190	193
190	194
190	293
190	296
190	297
191	192
191	193
191	194
191	195
192	193
192	194
192	195
192	196
192	296
193	194
193	195
193	196
193	197
193	293
193	296
194	195
194	196
194	197
194	198
195	196
195	197
195	198
195	199
196	197
196	198
196	199
197	198
197	199
197	206
197	207
197	208
198	199
198	200
198	206
198	207
198	208
199	200
199	201
199	206
199	207
200	201
200	202
200	206
200	207
201	202
201	203
201	204
201	205
201	206
201	207
202	203
202	204
202	205
202	206
203	204
203	205
204	205
204	206
205	206
205	207
205	208
206	207
206	208
207	208
207	209
208	209
208	210
209	210
209	211
210	211
210	212
211	212
211	213
212	213
212	214
212	219
213	214
213	215
213	218
213	219
214	215
214	216
215	216
215	217
215	218
215	219
216	217
216	218
216	219
216	220
217	218
217	219
217	220
217	221
218	219
218	220
218	221
218	222
219	220
219	221
219	222
219	223
220	221
220	222
220	223
220	224
220	230
221	222
221	223
221	224
221	225
222	223
222	224
222	225
222	226
223	224
223	225
223	226
223	227
223	228
223	229
223	286
224	225
224	226
224	227
224	286
225	226
225	227
226	227
226	228
227	228
227	287
228	229
228	230
228	286
228	287
229	230
229	231
229	284
229	285
229	286
229	287
229	290
230	231
230	232
230	284
230	285
230	286
231	232
231	233
231	283
231	284
231	285
232	233
232	234
232	241
232	282
232	283
232	284
233	234
233	235
233	241
233	282
233	283
234	235
234	238
234	239
234	240
234	241
234	242
234	282
235	236
235	237
235	238
235	239
235	241
236	237
236	238
236	239
237	238
237	239
238	239
238	240
238	241
238	242
239	240
239	241
240	241
240	242
240	280
240	281
240	282
241	242
241	243
241	280
241	281
241	282
242	243
242	244
242	280
242	281
242	282
243	244
243	245
243	248
243	249
243	280
243	281
243	282
244	245
244	246
244	247
244	248
244	249
244	278
244	279
244	280
244	281
245	246
245	247
245	248
245	249
245	250
245	279
245	280
245	281
246	247
246	248
246	249
246	250
246	277
247	248
247	249
247	250
248	249
248	250
248	251
249	250
249	251
249	252
249	283
250	251
250	252
250	253
250	269
250	270
251	252
251	253
251	254
252	253
252	254
252	255
252	256
252	262
252	269
252	270
253	254
253	255
253	256
253	257
254	255
254	256
254	257
254	258
255	256
255	257
255	258
255	259
255	260
255	261
255	262
255	286
256	257
256	258
256	259
256	260
256	261
257	258
257	259
258	259
258	260
259	260
260	261
260	262
260	286
260	287
260	288
261	262
261	263
261	285
261	286
261	287
261	288
261	290
262	263
262	268
262	269
262	284
262	285
262	286
263	264
263	265
263	266
263	267
263	268
263	269
263	283
263	284
263	285
264	265
264	266
264	267
264	268
264	269
264	281
264	282
264	283
264	284
265	266
265	267
265	282
265	283
265	284
265	293
265	294
265	297
266	267
266	294
267	268
267	269
268	269
268	270
268	271
268	272
269	270
269	271
269	272
270	271
270	272
271	272
271	273
272	273
272	274
273	274
273	275
274	275
274	276
275	276
275	279
276	277
276	278
276	279
277	278
277	279
278	279
278	280
279	280
279	281
280	281
281	282
281	283
282	283
283	284
283	285
284	285
284	290
285	286
285	290
286	287
286	288
286	290
287	288
287	289
287	290
288	289
288	290
288	291
289	290
289	291
289	292
290	291
290	292
290	293
290	294
291	292
291	293
291	294
291	295
292	293
292	294
292	295
292	296
293	294
293	295
293	296
293	297
294	295
294	296
294	297
294	298
295	296
295	297
295	298
295	299
296	297
296	298
296	299
296	300
297	298
297	299
297	300
297	301
298	299
298	300
298	301
299	300
299	301
300	301
300	302
301	302
301	303
302	303
