0	1
0	2
0	17
0	18
0	19
1	2
1	3
1	13
1	14
1	15
1	16
1	17
1	18
1	19
2	3
2	4
2	13
2	14
2	15
2	16
2	17
2	18
2	19
3	4
3	5
3	11
3	12
3	13
3	14
3	15
3	16
4	5
4	6
4	11
4	12
4	13
4	14
4	47
5	6
5	10
5	11
5	12
6	7
6	8
6	9
6	10
6	11
6	70
7	8
7	9
7	10
7	71
7	72
7	73
7	92
8	9
8	10
8	73
8	92
9	10
10	11
10	12
10	33
11	12
11	13
11	14
11	31
12	13
12	14
12	15
12	16
12	29
12	30
12	31
12	47
13	14
13	15
13	16
13	17
13	29
13	30
13	31
13	47
14	15
14	16
14	17
14	29
14	30
14	31
14	47
15	16
15	17
15	18
15	19
15	27
15	28
15	29
15	30
15	45
15	47
16	17
16	18
16	19
16	27
16	28
16	29
16	30
16	45
16	47
17	18
17	19
17	20
17	21
17	27
17	28
17	29
18	19
18	20
19	20
20	21
20	22
20	27
21	22
21	23
21	25
21	26
21	27
22	23
22	24
22	25
22	26
22	27
23	24
23	25
24	25
24	26
25	26
25	27
26	27
26	28
26	41
26	42
26	43
27	28
27	29
27	41
27	42
27	43
27	44
27	45
28	29
28	30
28	40
28	41
28	42
29	30
29	31
29	39
29	40
29	41
29	51
30	31
30	38
30	39
30	40
31	32
31	33
31	37
31	38
31	39
32	33
32	34
32	35
32	36
32	37
32	38
33	34
33	35
33	36
33	37
34	35
34	36
35	36
35	37
36	37
36	38
36	56
37	38
37	39
37	53
38	39
38	51
38	52
38	53
39	40
39	51
39	52
39	53
40	41
40	42
40	50
40	51
40	52
41	42
41	50
42	43
42	44
42	48
42	49
42	50
43	44
43	45
44	45
44	46
44	48
45	46
45	47
46	47
46	48
47	48
47	49
48	49
48	66
48	67
48	68
48	70
49	50
49	51
49	65
49	66
49	67
49	68
50	51
50	52
50	63
50	64
50	65
50	66
51	52
51	63
51	64
51	65
52	53
52	62
52	63
52	64
53	54
53	55
53	56
53	61
53	62
53	63
54	55
54	56
54	57
54	59
54	60
54	61
54	62
55	56
55	57
55	59
55	60
55	61
55	62
56	57
56	58
56	59
56	60
56	61
57	58
57	59
58	59
58	60
59	60
59	61
59	80
60	61
60	62
60	77
60	78
60	79
60	80
61	62
61	63
61	77
61	78
61	79
61	80
61	82
62	63
62	64
62	76
62	77
62	78
63	64
63	65
63	75
63	76
63	77
64	65
64	66
64	73
64	74
64	75
64	76
65	66
65	67
65	73
65	74
65	75
66	67
66	68
66	70
66	72
66	73
66	74
67	68
67	69
67	70
67	71
67	72
67	73
68	69
68	70
69	70
69	71
70	71
70	72
71	72
71	93
71	94
72	73
72	74
72	92
72	93
72	94
73	74
73	75
73	91
73	92
73	93
74	75
74	76
74	89
74	90
74	91
74	92
75	76
75	77
75	89
75	90
75	91
76	77
76	78
76	87
76	88
76	89
76	90
77	78
77	85
77	86
77	87
77	88
77	89
78	79
78	80
78	82
78	83
78	84
78	85
78	86
79	80
79	81
79	82
79	83
79	84
79	85
79	86
80	81
80	82
81	82
81	83
82	83
82	84
83	84
83	85
84	85
84	86
84	107
85	86
85	87
85	88
85	103
85	107
86	87
86	88
86	102
86	103
86	107
87	88
87	89
87	90
87	101
87	102
87	103
88	89
88	90
88	101
88	102
88	103
89	90
89	91
89	100
89	101
89	102
90	91
90	92
90	98
90	99
90	100
90	101
91	92
91	93
91	98
91	99
91	100
92	93
92	94
92	96
92	97
92	98
92	99
93	94
93	95
93	96
93	97
93	98
94	95
94	96
95	96
95	97
96	97
96	98
96	119
97	98
97	99
97	117
97	118
97	119
98	99
98	100
98	116
98	117
98	118
99	100
99	101
99	113
99	114
99	115
99	116
99	117
100	101
100	102
100	113
100	114
100	115
100	116
101	102
101	103
101	109
101	112
101	113
101	114
101	115
102	103
102	104
102	109
102	110
102	111
102	112
102	113
103	104
103	105
103	107
103	108
103	109
103	110
103	111
103	112
104	105
104	106
104	107
104	108
104	109
104	110
104	111
105	106
105	107
106	107
106	108
107	108
107	109
108	109
108	110
108	111
109	110
109	111
109	112
109	129
110	111
110	112
110	127
110	128
110	129
110	130
111	112
111	127
111	128
111	129
111	130
112	113
112	114
112	115
112	126
112	127
112	128
112	129
113	114
113	115
113	116
113	125
113	126
113	127
114	115
114	116
114	117
114	123
114	124
114	125
114	126
115	116
115	117
115	123
115	124
115	125
115	126
116	117
116	118
116	123
116	124
116	125
117	118
117	119
117	121
117	122
117	123
117	124
118	119
118	120
118	121
118	122
118	123
119	120
119	121
120	121
120	122
121	122
121	123
122	123
122	140
122	141
122	142
122	143
123	124
123	125
123	139
123	140
123	141
123	142
124	125
124	126
124	138
124	139
124	140
125	126
125	127
125	137
125	138
125	139
126	127
126	129
126	135
126	136
126	137
126	138
127	128
127	129
127	135
127	136
127	137
128	129
128	130
128	135
128	136
129	130
129	131
129	133
129	134
129	135
130	131
130	132
130	133
130	134
130	135
131	132
131	133
132	133
132	134
132	153
133	134
133	135
133	152
133	153
134	135
134	151
134	152
134	153
135	136
135	137
135	150
135	151
135	152
136	137
136	149
136	150
136	151
137	138
137	139
137	148
137	149
137	150
137	151
137	156
138	139
138	140
138	146
138	147
138	148
138	149
139	140
139	141
139	142
139	146
139	147
139	148
140	141
140	142
140	143
140	145
140	146
140	147
141	142
141	143
141	144
141	145
141	146
142	143
142	144
142	145
142	146
143	144
143	145
144	145
144	247
144	248
145	146
145	147
145	247
145	248
145	249
146	147
146	148
147	148
147	149
147	158
147	159
148	149
148	158
148	159
149	150
149	157
149	158
149	159
150	151
150	152
150	156
150	157
150	158
151	152
151	153
151	155
151	156
151	157
152	153
152	154
152	155
152	156
153	154
153	155
153	173
154	155
154	172
154	173
155	156
155	157
155	170
155	171
155	172
155	173
156	157
156	158
156	170
156	171
156	172
157	158
157	159
157	168
157	169
157	170
157	171
158	159
158	168
158	169
158	170
159	160
159	161
159	166
159	167
159	168
159	169
160	161
160	162
160	166
160	167
160	168
161	162
161	163
161	165
161	166
161	167
162	163
162	164
162	165
162	166
162	253
162	254
162	257
162	258
163	164
163	165
164	165
164	166
164	184
164	185
164	186
165	166
165	167
165	182
165	183
165	184
165	185
165	257
166	167
166	168
166	182
166	183
166	184
167	168
167	169
167	180
167	181
167	182
167	183
168	169
168	170
168	179
168	180
168	181
168	182
169	170
169	171
169	178
169	179
169	180
169	181
170	171
170	172
170	177
170	178
170	179
171	172
171	173
171	175
171	176
171	177
171	178
172	173
172	174
172	175
172	176
172	177
173	174
173	175
174	175
174	176
175	176
175	177
176	177
176	178
177	178
177	179
178	179
178	180
178	181
179	180
179	181
179	197
179	205
180	181
180	182
180	183
180	195
180	197
181	182
181	183
181	195
181	197
182	183
182	184
182	194
182	195
183	184
183	185
183	194
184	185
184	186
184	192
184	193
184	194
185	186
185	187
186	187
186	188
186	192
187	188
187	189
188	189
188	190
188	191
188	192
189	190
189	191
189	192
189	210
190	191
190	192
190	210
191	192
191	193
191	209
191	210
192	193
192	194
192	209
193	194
193	195
193	207
193	208
193	209
194	195
194	207
194	208
194	209
195	196
195	197
195	205
195	206
195	207
195	208
196	197
196	198
196	205
196	206
196	207
197	198
197	199
197	204
197	205
197	206
198	199
198	200
198	201
198	202
198	203
198	204
198	205
199	200
199	201
199	202
199	203
199	204
200	201
200	202
200	203
201	202
201	203
201	204
202	203
202	204
202	205
202	218
202	219
202	220
203	204
203	205
203	218
203	219
203	220
204	205
204	206
204	216
204	217
204	218
204	219
205	206
205	207
205	216
205	217
205	218
206	207
206	208
206	213
206	215
206	216
206	217
207	208
207	209
207	213
207	214
207	215
207	216
208	209
208	210
208	211
208	212
208	213
208	214
209	210
209	211
209	212
209	213
209	214
210	211
210	212
211	212
211	213
212	213
212	214
212	236
213	214
213	215
213	232
213	236
213	237
214	215
214	230
214	231
214	232
214	236
215	216
215	217
215	227
215	228
215	229
215	230
215	231
215	232
216	217
216	218
216	227
216	228
216	229
216	230
216	231
217	218
217	219
217	225
217	226
217	227
217	228
217	229
218	219
218	220
218	225
218	226
218	227
218	228
219	220
219	221
219	223
219	224
219	225
219	226
220	221
220	222
220	223
220	224
220	225
221	222
221	223
222	223
222	224
223	224
223	225
224	225
224	226
225	226
225	227
225	228
225	245
225	246
226	227
226	228
226	229
226	243
226	244
226	245
226	246
227	228
227	229
227	230
227	231
227	243
227	244
227	245
228	229
228	230
228	231
228	243
228	244
228	245
229	230
229	231
229	232
229	242
229	243
229	244
230	231
230	232
230	233
230	239
230	240
231	232
231	233
231	239
231	240
232	233
232	234
232	236
232	237
232	238
232	239
232	240
233	234
233	235
233	236
233	237
233	238
233	239
233	240
234	235
234	236
235	236
235	237
235	238
236	237
236	238
237	238
237	239
238	239
238	240
239	240
239	241
240	241
240	242
241	242
242	243
242	244
243	244
243	245
244	245
244	246
245	246
245	247
246	247
246	248
246	251
246	252
247	248
247	251
248	249
248	250
248	251
249	250
249	251
249	252
249	253
249	254
250	251
250	252
250	253
250	254
250	255
251	252
251	253
251	254
251	255
251	256
252	253
252	254
252	255
252	256
252	257
253	254
253	255
253	256
253	257
253	258
254	255
254	256
254	257
254	258
255	256
255	257
255	258
256	257
256	258
257	258
