0	1
0	2
1	2
1	119
2	3
2	119
2	120
2	121
3	4
3	5
3	44
3	118
3	119
3	120
3	121
3	122
4	5
4	43
4	44
4	45
4	120
4	121
4	122
4	123
5	6
5	7
5	43
5	44
5	45
5	46
5	122
5	123
5	124
6	7
6	8
6	43
6	45
6	46
6	47
6	123
6	124
6	125
7	8
7	9
7	46
7	47
7	48
7	49
7	124
7	125
7	126
8	9
8	10
8	34
8	47
8	48
8	49
8	125
8	126
8	127
9	10
9	11
9	48
9	49
9	50
9	126
9	127
9	129
9	130
9	134
10	11
10	12
10	13
10	48
10	49
10	50
10	129
10	130
11	12
11	13
11	50
11	129
11	130
11	131
12	13
12	14
12	15
13	14
13	15
13	76
13	79
13	80
14	15
14	16
14	76
14	79
14	80
15	16
15	31
15	32
15	79
15	80
16	17
16	18
16	31
16	32
17	18
17	19
17	31
17	169
18	19
18	29
18	30
18	31
18	169
18	170
19	20
19	21
19	29
19	30
19	31
19	165
19	168
19	169
19	170
19	172
20	21
20	22
20	27
20	28
20	29
20	30
20	170
20	172
20	173
20	174
21	22
21	27
21	28
21	29
21	36
21	173
21	174
21	175
21	176
22	23
22	24
22	25
22	26
22	27
22	28
22	173
22	174
22	175
22	176
23	24
23	25
23	26
23	27
23	40
23	175
23	176
24	25
24	26
25	26
25	27
26	27
27	28
27	29
28	29
28	30
28	36
29	30
29	36
29	170
30	31
30	32
30	33
30	35
30	36
31	32
31	33
32	33
32	34
32	35
33	34
33	35
33	36
33	37
33	128
34	35
34	36
34	37
34	38
34	126
35	36
35	37
35	38
35	39
36	37
36	38
36	39
36	40
37	38
37	39
37	40
37	41
38	39
38	40
38	41
38	42
38	43
39	40
39	41
39	42
39	43
40	41
40	42
41	42
41	43
42	43
42	44
43	44
43	45
44	45
45	46
45	47
46	47
46	48
46	84
46	85
47	48
47	49
47	84
47	85
47	86
48	49
48	50
48	85
48	86
48	87
49	50
49	51
49	86
49	87
49	88
50	51
50	52
50	87
50	88
50	89
51	52
51	53
51	54
51	88
51	89
51	90
51	91
52	53
52	54
52	55
52	69
52	88
52	89
52	90
52	91
53	54
53	55
53	56
53	91
53	93
53	96
54	55
54	56
54	57
55	56
55	57
55	58
55	59
55	60
55	68
55	72
56	57
56	58
56	59
56	60
57	58
57	59
58	59
58	60
59	60
59	61
60	61
60	62
60	68
60	71
60	72
61	62
61	63
61	68
62	63
62	64
62	65
62	68
62	253
63	64
63	67
64	65
64	66
64	67
64	68
64	253
65	66
65	67
65	68
65	69
65	250
65	251
65	252
65	253
66	67
66	68
66	69
66	70
67	68
67	69
67	70
67	71
68	69
68	70
68	71
68	72
69	70
69	71
69	72
69	73
69	88
70	71
70	72
70	73
70	74
71	72
71	73
71	74
71	75
72	73
72	74
72	75
72	76
73	74
73	75
73	76
73	77
73	86
74	75
74	76
74	77
74	78
75	76
75	77
75	78
75	79
76	77
76	78
76	79
76	80
77	78
77	79
77	80
77	81
77	82
77	83
78	79
78	80
78	81
79	80
79	81
80	81
80	82
81	82
81	83
82	83
82	84
83	84
83	85
84	85
84	86
85	86
85	87
86	87
86	88
87	88
87	89
88	89
89	90
89	91
89	103
89	106
89	107
90	91
90	102
90	103
90	262
91	92
91	93
91	98
91	100
91	103
92	93
92	96
92	97
92	98
92	99
92	100
93	94
93	95
93	96
93	97
94	95
94	96
95	96
95	97
95	258
95	259
95	260
96	97
96	98
96	259
96	260
96	261
96	262
97	98
97	259
97	260
97	261
97	262
98	99
98	100
98	261
98	262
98	263
99	100
99	101
99	102
100	101
100	102
100	103
101	102
101	103
101	104
101	105
101	266
102	103
102	104
102	105
102	106
102	264
102	265
102	266
103	104
103	105
103	106
103	107
104	105
104	106
104	107
104	108
104	136
104	137
104	140
105	106
105	107
105	108
105	109
105	140
105	265
105	266
105	269
106	107
106	108
106	109
106	110
107	108
107	109
107	110
107	111
107	137
107	140
107	141
108	109
108	110
108	111
108	112
108	140
108	141
108	143
108	144
108	269
109	110
109	111
109	112
109	113
109	269
110	111
110	112
110	113
110	114
111	112
111	113
111	114
111	115
111	141
111	144
112	113
112	114
112	115
112	116
112	144
112	145
112	148
113	114
113	115
113	116
113	117
114	115
114	116
114	117
114	118
115	116
115	117
115	118
115	119
115	120
116	117
116	118
116	119
117	118
117	119
118	119
118	120
119	120
119	121
120	121
120	122
121	122
121	123
121	155
121	156
121	157
122	123
122	124
122	156
122	157
122	158
123	124
123	125
123	157
123	158
123	159
124	125
124	126
124	158
124	159
124	160
124	161
125	126
125	127
125	138
125	159
125	160
125	161
126	127
126	128
126	160
126	161
126	162
127	128
127	129
127	130
127	134
127	161
127	162
128	129
128	130
128	162
128	163
128	164
129	130
129	131
130	131
130	132
130	134
131	132
131	133
131	134
132	133
133	134
133	135
133	136
134	135
134	136
134	137
134	138
135	136
135	137
135	138
135	139
136	137
136	138
136	139
136	140
137	138
137	139
137	140
137	141
138	139
138	140
138	141
138	142
139	140
139	141
139	142
139	143
140	141
140	142
140	143
140	144
141	142
141	143
141	144
141	145
142	143
142	144
142	145
142	146
143	144
143	145
143	146
143	147
143	193
144	145
144	146
144	147
144	148
145	146
145	147
145	148
145	149
146	147
146	148
146	149
146	150
146	184
146	189
146	190
146	192
146	193
147	148
147	149
147	150
147	151
147	189
147	190
147	193
147	273
147	276
147	277
148	149
148	150
148	151
148	152
149	150
149	151
149	152
149	153
149	154
149	155
149	156
149	184
149	185
149	186
149	189
150	151
150	152
150	153
150	154
150	186
150	187
150	189
150	190
150	277
151	152
151	153
151	276
151	277
151	280
152	153
152	154
153	154
153	186
154	155
154	156
154	185
154	186
155	156
155	157
155	183
155	184
155	185
155	186
156	157
156	158
156	183
156	184
156	185
157	158
157	159
157	182
157	183
157	184
158	159
158	160
158	181
158	182
158	183
159	160
159	161
159	178
159	180
159	181
159	182
160	161
160	162
160	178
160	179
160	180
160	181
161	162
161	176
161	177
161	178
161	179
162	163
162	176
162	177
163	164
163	165
163	174
163	175
163	176
163	177
164	165
164	166
164	174
165	166
165	167
165	168
165	174
166	167
166	168
167	168
167	169
168	169
168	172
169	170
169	171
169	172
170	171
170	172
171	172
171	173
172	173
172	174
173	174
173	175
174	175
174	176
175	176
175	177
176	177
176	178
177	178
177	179
178	179
178	180
179	180
179	181
180	181
180	182
181	182
182	183
182	184
183	184
183	185
184	185
184	186
184	188
184	189
185	186
185	187
185	188
185	189
186	187
186	188
186	189
186	190
186	296
186	297
187	188
187	189
187	190
187	191
187	296
187	297
187	298
188	189
188	190
188	191
188	192
189	190
189	191
189	192
189	193
190	191
190	192
190	193
190	194
190	277
191	192
191	193
191	194
191	195
191	224
192	193
192	194
192	195
192	196
193	194
193	195
193	196
193	197
193	273
193	274
194	195
194	196
194	197
194	198
194	220
194	224
194	274
195	196
195	197
195	198
195	199
196	197
196	198
196	199
196	270
197	198
197	199
197	200
197	217
197	220
197	270
198	199
198	200
198	217
199	200
199	201
200	201
200	202
200	204
201	202
201	203
201	204
202	203
202	204
202	213
203	204
203	205
203	206
203	213
204	205
204	206
205	206
205	207
205	208
205	212
205	213
205	216
205	267
206	207
206	208
206	212
206	213
207	208
207	209
207	210
207	212
208	209
208	212
209	210
209	211
209	212
210	211
210	212
211	212
211	213
211	214
211	215
212	213
212	214
212	215
212	216
213	214
213	215
213	216
214	215
214	216
214	217
214	218
215	216
215	217
215	218
215	219
216	217
216	218
216	219
216	220
217	218
217	219
217	220
217	221
218	219
218	220
218	221
218	222
218	365
219	220
219	221
219	222
219	223
220	221
220	222
220	223
220	224
220	274
221	222
221	223
221	224
221	225
222	223
222	224
222	225
222	226
222	227
222	365
223	224
223	225
223	226
223	227
224	225
224	226
225	226
225	227
225	298
226	227
226	228
226	298
226	302
227	228
227	229
227	230
227	231
227	335
228	229
228	230
228	231
228	232
228	281
229	230
229	231
229	232
229	233
229	285
229	353
230	231
230	232
230	233
230	234
231	232
231	233
231	234
231	278
231	281
232	233
232	234
232	235
232	281
232	282
232	283
232	284
233	234
233	235
234	235
234	236
235	236
235	237
236	237
236	238
236	239
236	240
236	275
237	238
237	239
237	240
237	241
238	239
238	240
238	241
238	242
239	240
239	241
239	242
239	243
240	241
240	242
240	243
240	244
240	272
240	275
240	276
241	242
241	243
241	244
241	245
242	243
242	244
242	245
242	246
243	244
243	245
243	246
243	247
243	268
243	272
244	245
244	246
244	247
244	248
245	246
245	247
245	248
245	249
246	247
246	248
246	249
247	248
247	249
248	249
248	250
249	250
249	251
250	251
250	252
251	252
251	253
251	262
251	263
251	264
252	253
252	254
252	262
252	263
252	264
253	254
253	255
253	260
253	261
253	262
253	263
254	255
254	256
254	260
254	261
254	262
255	256
255	257
255	259
255	260
255	261
256	257
256	258
256	259
256	260
257	258
257	259
258	259
259	260
259	261
260	261
260	262
261	262
261	263
262	263
262	264
263	264
263	265
264	265
264	266
265	266
265	268
266	267
266	268
267	268
267	269
267	270
267	271
268	269
268	270
268	271
268	272
269	270
269	271
269	272
269	273
270	271
270	272
270	273
270	274
271	272
271	273
271	274
271	275
272	273
272	274
272	275
272	276
273	274
273	275
273	276
273	277
274	275
274	276
274	277
274	278
275	276
275	277
275	278
275	279
276	277
276	278
276	279
277	278
277	279
277	280
278	279
278	280
278	281
279	280
279	281
279	282
280	281
280	282
281	282
281	283
282	283
283	284
283	285
284	285
284	286
285	286
285	287
285	289
285	290
285	351
285	352
286	287
286	288
286	289
286	290
286	349
286	350
286	351
286	352
287	288
287	289
287	290
287	291
287	310
287	350
287	351
288	289
288	290
288	291
288	292
289	290
289	291
289	292
289	293
290	291
290	292
290	293
290	294
291	292
291	293
291	294
291	295
291	307
292	293
292	294
292	295
292	296
293	294
293	295
293	296
293	297
293	298
294	295
294	296
294	297
294	298
294	303
294	306
295	296
295	297
295	298
295	303
296	297
296	298
297	298
297	299
298	299
298	300
298	302
298	303
299	300
299	301
299	302
299	303
300	301
300	302
300	303
300	304
301	302
301	303
301	304
301	305
302	303
302	304
302	305
302	306
302	334
303	304
303	305
303	306
303	307
304	305
304	306
304	307
304	308
305	306
305	307
305	308
305	309
305	333
305	334
306	307
306	308
306	309
306	310
306	334
307	308
307	309
307	310
307	311
308	309
308	310
308	311
308	312
309	310
309	311
309	312
309	313
310	311
310	312
310	313
310	314
311	312
311	313
311	314
311	315
312	313
312	314
312	315
313	314
313	315
313	316
314	315
314	316
315	316
315	317
316	317
317	318
318	319
318	320
318	344
318	345
319	320
319	321
319	344
319	345
319	346
320	321
320	322
320	344
321	322
321	323
321	342
321	343
321	344
322	323
322	324
322	326
322	342
322	343
322	344
323	324
323	325
323	326
323	338
323	339
323	340
323	341
323	342
323	343
324	325
324	326
324	327
324	338
324	339
324	341
324	342
324	343
325	326
325	327
325	338
325	339
326	327
328	329
328	330
328	331
328	332
329	330
329	331
329	332
329	333
329	337
330	331
330	332
330	333
330	334
330	335
330	336
330	337
331	332
331	333
331	334
331	335
332	333
332	334
333	334
333	335
333	336
333	337
334	335
334	336
335	336
335	337
336	337
336	338
336	341
337	338
337	339
337	340
337	341
338	339
338	340
338	341
339	340
339	341
340	341
340	342
340	354
340	357
341	342
341	343
341	352
341	353
341	354
342	343
342	344
342	352
342	353
342	354
342	355
343	344
343	350
343	351
343	352
343	353
344	345
344	346
344	350
344	351
344	352
345	346
345	347
345	349
345	350
345	351
346	347
346	348
346	349
346	350
347	348
347	349
348	349
349	350
349	351
350	351
351	352
351	353
352	353
353	354
353	355
354	355
354	356
354	357
354	358
355	356
355	357
355	358
356	357
356	358
357	358
357	359
357	360
357	361
358	359
358	360
358	361
358	362
359	360
359	361
359	362
359	363
360	361
360	362
360	363
360	364
361	362
361	363
361	364
361	365
362	363
362	364
362	365
363	364
363	365
364	365
