0	1
0	2
0	46
1	2
1	3
1	44
1	45
1	46
2	3
2	4
2	22
2	44
2	45
2	46
2	47
3	4
3	43
3	44
3	45
4	5
4	6
4	21
4	42
4	43
4	44
5	6
5	7
5	41
5	42
5	43
6	7
6	8
6	14
6	40
6	41
6	42
7	8
7	9
7	40
7	41
8	9
8	38
8	39
8	40
9	10
9	11
9	13
9	14
9	37
9	38
10	11
10	12
10	13
10	14
10	36
10	37
10	38
11	12
11	13
11	14
11	15
11	33
11	34
11	36
11	37
11	38
12	13
12	14
12	15
12	16
12	30
12	33
12	34
13	14
13	15
13	16
13	17
14	15
14	16
14	17
14	18
14	38
15	16
15	17
15	18
15	19
15	26
16	17
16	18
16	19
16	26
17	18
17	19
17	20
17	21
18	19
18	20
18	21
18	22
19	20
19	21
19	22
19	23
19	24
19	25
19	26
20	21
20	22
20	23
20	24
21	22
21	23
22	23
22	24
22	47
23	24
24	25
24	26
24	67
24	68
25	26
25	27
25	67
25	68
25	69
26	27
26	28
26	68
26	69
26	70
27	28
27	69
27	70
27	71
27	406
27	407
28	29
28	30
28	70
28	71
28	72
28	407
29	30
29	31
29	32
29	33
29	407
30	31
30	32
30	33
30	34
30	477
31	32
31	33
31	34
32	33
32	34
32	35
32	73
33	34
33	35
33	36
34	35
34	36
35	36
35	37
36	37
37	38
37	39
38	39
38	40
38	54
38	55
39	40
39	41
39	54
39	55
39	56
40	41
40	42
40	54
41	42
41	43
41	54
42	43
43	44
43	45
44	45
45	46
45	47
45	49
45	50
46	47
46	48
46	49
46	50
47	48
47	49
47	50
47	51
48	49
48	50
48	51
48	52
49	50
49	51
49	52
49	53
50	51
50	52
50	53
50	54
51	52
51	53
51	54
51	55
52	53
52	54
52	55
52	56
53	54
53	55
53	56
54	55
54	56
55	56
55	57
55	58
55	60
56	57
56	58
57	58
57	59
58	59
58	60
59	60
59	61
59	73
60	61
60	62
60	71
60	72
60	73
60	74
61	62
61	63
61	71
61	72
61	73
62	63
62	64
62	69
62	70
62	71
62	72
63	64
63	65
63	69
63	70
63	71
64	65
64	66
64	68
64	69
64	70
65	66
65	67
65	68
65	69
66	67
66	68
67	68
68	69
69	70
69	71
70	71
70	72
71	72
71	73
72	73
72	74
73	74
75	76
75	77
75	85
75	86
75	87
76	77
76	78
76	180
77	78
77	79
77	80
77	85
77	109
77	110
77	180
77	181
78	79
78	80
78	110
78	111
78	180
79	80
79	81
79	111
80	81
80	82
80	111
81	82
81	111
82	83
82	84
82	111
82	615
82	622
83	84
83	85
83	108
83	109
83	111
83	112
83	614
83	615
83	622
83	623
83	624
84	85
84	86
84	107
84	109
84	564
84	565
84	614
84	615
85	86
85	87
85	107
85	109
86	87
86	97
87	88
87	89
87	95
87	96
87	97
88	89
88	90
88	95
88	96
88	97
89	90
89	91
89	92
89	93
89	94
89	95
89	96
90	91
90	92
90	93
91	92
91	93
91	192
92	93
92	94
92	192
92	470
93	94
93	95
94	95
94	96
95	96
96	97
96	98
96	100
96	101
97	98
97	99
97	100
97	101
98	99
98	100
98	101
99	100
99	101
99	557
99	558
99	559
100	101
100	102
101	102
101	103
102	103
102	510
102	511
102	512
102	522
102	523
102	524
103	104
103	105
103	524
104	105
104	106
104	185
104	186
104	187
105	106
105	107
105	184
105	185
105	186
106	107
106	108
106	183
106	184
106	185
107	108
107	109
107	182
107	183
107	184
108	109
108	112
108	181
108	182
108	183
109	110
109	111
109	112
109	113
109	181
109	182
110	111
110	112
110	113
110	114
110	180
110	181
111	112
111	113
111	114
111	115
112	113
112	114
112	115
112	116
113	114
113	115
113	116
113	117
113	118
114	115
114	116
114	117
114	118
115	116
115	117
116	117
116	118
116	716
117	118
117	119
118	119
118	120
118	123
118	124
119	120
119	123
119	175
119	176
119	177
120	121
120	122
120	123
120	124
120	173
120	174
120	175
120	176
121	122
121	123
121	124
121	125
121	172
121	173
121	174
121	175
121	176
122	123
122	124
122	125
122	126
122	172
122	173
123	124
123	125
123	126
123	127
124	125
124	126
124	127
124	128
125	126
125	127
125	128
125	131
125	133
126	127
126	128
126	133
127	128
127	129
128	129
128	130
128	131
129	130
129	131
129	625
129	626
129	627
129	650
130	131
130	132
130	145
130	626
130	627
130	628
131	132
131	133
131	143
131	144
131	145
132	133
132	134
132	143
132	144
132	644
133	134
133	135
133	141
133	142
133	143
133	144
134	135
134	141
134	142
134	143
134	727
134	728
135	136
135	137
135	140
135	141
135	142
135	727
135	728
135	736
136	137
136	140
136	141
136	299
136	300
136	728
136	731
137	138
137	139
137	140
137	141
137	297
137	298
137	299
137	300
137	301
138	139
138	140
138	296
138	297
139	140
139	296
139	327
140	141
140	172
141	142
141	143
141	172
142	143
142	144
142	149
143	144
143	145
143	149
143	150
144	145
144	146
144	147
144	148
144	149
144	150
144	644
145	146
145	147
145	148
145	149
145	150
145	199
145	200
146	147
146	148
146	199
146	606
146	630
147	148
147	199
147	606
147	632
147	641
147	644
148	149
148	150
148	198
148	199
149	150
149	151
149	199
150	151
150	152
150	197
150	199
150	200
150	201
151	152
151	153
151	163
151	196
151	197
152	153
152	154
152	159
152	160
152	196
152	197
152	201
152	202
153	154
153	155
153	159
153	160
153	171
153	201
153	202
153	203
154	155
154	156
154	157
154	158
154	159
154	160
154	202
154	203
154	204
155	156
155	157
155	158
155	159
155	203
155	204
155	205
156	157
156	158
156	203
156	204
156	205
156	206
157	158
157	159
157	203
158	159
158	160
159	160
159	161
159	193
160	161
160	162
161	162
161	163
162	163
162	164
162	357
162	388
163	164
163	165
164	165
164	166
164	167
164	168
165	166
165	167
165	168
166	167
166	168
167	168
167	169
168	169
168	170
168	329
169	170
169	171
169	329
169	330
169	357
169	358
169	359
170	171
170	172
170	173
170	174
170	329
170	330
170	331
170	357
171	172
171	173
171	174
172	173
172	174
173	174
173	175
174	175
174	176
175	176
175	177
176	177
176	178
176	179
177	178
177	179
177	250
178	179
178	206
178	207
178	248
178	269
179	180
179	181
179	204
179	205
179	206
179	207
180	181
180	205
180	206
180	207
181	182
181	183
181	204
181	205
182	183
182	184
182	203
182	204
182	205
183	184
183	185
183	202
183	203
183	204
184	185
184	186
184	200
184	201
184	202
184	203
185	186
185	187
185	200
185	201
185	202
186	187
186	188
186	199
186	200
186	201
187	188
187	189
187	198
187	199
187	200
187	551
188	189
188	190
188	198
188	199
188	200
188	526
188	527
188	528
188	550
188	551
189	190
189	191
189	192
189	193
189	201
189	526
189	527
189	528
190	191
190	192
190	193
190	194
190	195
190	196
190	506
190	527
190	528
191	192
191	193
191	194
191	485
191	486
191	506
191	508
192	193
192	194
193	194
193	195
193	196
194	195
194	196
194	488
195	196
195	528
195	529
195	530
196	197
196	528
196	529
196	530
197	198
197	199
197	528
197	529
197	530
198	199
198	200
198	528
198	549
199	200
200	201
200	202
201	202
201	203
202	203
202	204
203	204
203	205
204	205
204	206
205	206
205	207
206	207
206	208
207	208
207	209
208	209
208	210
208	246
209	210
209	211
209	234
209	235
209	244
209	245
209	246
210	211
210	212
210	213
210	234
210	235
210	244
211	212
211	213
211	235
211	236
211	244
212	213
212	214
212	235
212	236
213	214
213	215
213	234
213	235
213	236
214	215
214	233
214	234
214	235
214	751
215	216
215	232
215	233
215	234
215	750
215	751
216	217
216	218
216	231
216	232
216	233
216	748
216	749
216	750
216	751
217	218
217	219
217	230
217	231
217	232
217	748
217	749
217	750
218	219
218	220
218	229
218	230
218	231
218	746
218	747
218	748
218	749
219	220
219	228
219	229
219	230
219	746
219	747
219	748
220	221
220	222
220	227
220	228
220	229
220	744
220	745
220	746
220	747
221	222
221	226
221	227
221	228
221	744
221	745
221	746
222	223
222	224
222	225
222	226
222	227
222	743
222	744
222	745
223	224
223	225
223	226
223	742
223	743
223	744
224	225
224	226
224	254
224	255
224	256
224	257
225	226
225	227
225	254
225	255
226	227
226	228
226	253
226	254
226	255
227	228
227	252
227	253
227	254
228	229
228	251
228	252
228	253
229	230
229	250
229	251
229	252
230	231
230	232
230	249
230	250
230	251
231	232
231	233
231	248
231	249
231	250
232	233
232	234
232	247
232	248
232	249
233	234
233	246
233	247
233	248
234	235
234	245
234	246
234	247
235	236
235	237
235	244
235	245
235	246
236	237
236	238
236	241
236	243
236	244
236	245
237	238
237	239
237	241
237	243
237	244
237	245
238	239
238	240
238	241
238	242
238	243
239	240
239	241
240	241
240	242
241	242
241	243
241	244
242	243
242	244
242	274
242	275
243	244
243	245
243	273
243	274
243	275
244	245
244	272
244	273
244	274
245	246
245	247
245	271
245	272
245	273
246	247
246	248
246	270
246	271
246	272
247	248
247	249
247	269
247	270
247	271
248	249
248	250
248	268
248	269
248	270
249	250
249	267
249	268
249	269
250	251
250	252
250	266
250	267
250	268
251	252
251	253
251	265
251	266
251	267
252	253
252	254
252	264
252	265
252	266
253	254
253	263
253	264
253	265
254	255
254	256
254	262
254	263
254	264
255	256
255	261
255	262
255	263
256	257
256	258
256	261
256	262
257	258
257	259
257	317
258	259
258	260
258	261
258	316
258	317
258	318
258	319
259	260
259	261
259	317
259	318
259	319
259	443
260	261
260	262
260	295
260	323
260	443
260	444
261	262
261	294
261	295
261	296
262	263
262	264
262	293
262	294
262	295
263	264
263	265
263	292
263	293
263	294
264	265
264	266
264	291
264	292
264	293
265	266
265	267
265	290
265	291
265	292
266	267
266	289
266	290
267	268
267	288
267	289
267	290
268	269
268	287
268	288
268	289
269	270
269	271
269	286
269	287
269	288
270	271
270	285
270	286
270	287
271	272
271	273
271	284
271	285
271	286
272	273
272	274
272	283
272	284
272	285
273	274
273	275
273	282
273	283
273	284
274	275
274	276
274	281
274	282
274	283
275	276
275	277
275	278
275	280
275	281
275	282
276	277
276	278
276	280
276	281
277	278
277	279
277	280
278	279
278	280
279	280
279	281
279	340
279	341
280	281
280	282
280	339
280	340
280	341
281	282
281	283
281	338
281	339
281	340
282	283
282	284
282	337
282	338
282	339
283	284
283	285
283	336
283	337
283	338
284	285
284	335
284	336
284	337
285	286
285	334
285	335
285	336
286	287
286	333
286	334
286	335
287	288
287	332
287	333
287	334
288	289
288	331
288	332
288	333
289	290
289	291
289	330
289	331
289	332
290	291
290	292
290	329
290	330
290	331
291	292
291	293
291	328
291	329
291	330
292	293
292	294
292	328
292	329
293	294
293	295
293	296
293	326
293	327
293	328
294	295
294	296
294	323
294	324
294	325
294	326
295	296
295	297
295	321
295	322
295	323
295	324
295	325
295	326
296	297
296	298
296	321
296	325
296	326
296	327
297	298
297	299
297	300
297	301
297	319
297	320
297	321
297	365
298	299
298	300
298	321
298	365
299	300
299	301
299	731
299	732
299	734
300	301
300	302
300	734
300	735
300	736
301	302
301	318
301	319
301	320
301	734
301	735
301	736
302	303
302	304
302	319
302	320
302	734
302	735
303	304
303	305
303	367
303	368
303	369
303	370
303	733
303	734
303	735
304	305
304	306
304	311
304	312
304	733
304	734
304	735
305	306
305	307
305	309
305	310
305	311
305	312
305	369
305	370
306	307
306	308
306	309
306	310
306	311
306	312
306	369
306	370
306	371
306	372
307	308
307	309
307	369
307	370
307	371
307	372
307	373
308	309
308	310
308	684
309	310
309	311
309	682
309	684
309	685
310	311
311	312
311	313
312	313
312	314
313	314
314	315
314	316
314	318
315	316
315	317
315	318
316	317
316	318
316	737
317	318
317	319
318	319
318	320
319	320
319	321
320	321
320	322
320	365
320	366
321	322
321	323
321	325
321	364
321	365
321	366
321	444
322	323
322	324
322	325
322	364
322	365
322	444
322	445
322	446
323	324
323	325
323	444
323	445
324	325
324	326
324	448
325	326
325	362
325	363
325	364
326	327
326	328
326	361
326	362
326	363
327	328
327	329
327	360
327	361
327	362
327	363
328	329
328	330
328	359
328	360
328	361
329	330
329	331
329	358
329	359
329	360
330	331
330	357
330	358
330	359
331	332
331	356
331	357
331	358
332	333
332	355
332	356
333	334
333	335
333	354
333	355
333	356
334	335
334	353
334	354
334	355
335	336
335	337
335	352
335	353
335	354
336	337
336	338
336	351
336	352
336	353
337	338
337	339
337	350
337	351
337	352
338	339
338	340
338	349
338	350
338	351
339	340
339	341
339	348
339	349
339	350
340	341
340	342
340	347
340	348
340	349
341	342
341	343
341	346
341	347
341	348
342	343
342	344
342	345
342	346
342	347
343	344
343	345
343	346
344	345
344	346
345	346
345	347
345	399
346	347
346	348
346	398
346	399
347	348
347	349
347	397
347	398
347	399
348	349
348	396
348	397
348	398
349	350
349	351
349	395
349	396
349	397
350	351
350	352
350	394
350	395
350	396
351	352
351	353
351	393
351	394
351	395
352	353
352	392
352	393
352	394
353	354
353	355
353	391
353	392
353	393
354	355
354	390
354	391
354	392
355	356
355	357
355	389
355	390
355	391
356	357
356	358
356	388
356	389
356	390
357	358
357	387
357	388
357	389
358	359
358	386
358	387
358	388
359	360
359	361
359	385
359	386
359	387
360	361
360	362
360	384
360	385
360	386
361	362
361	363
361	383
361	384
361	385
362	363
362	382
362	383
362	384
363	364
363	365
363	381
363	382
363	383
364	365
364	379
364	380
364	381
364	382
365	366
365	367
365	379
365	380
365	381
366	367
366	368
366	378
366	379
366	380
367	368
367	369
367	378
367	379
367	380
368	369
368	370
369	370
369	371
370	371
370	372
370	377
371	372
371	373
371	375
371	376
371	377
371	439
372	373
372	374
372	375
372	376
372	377
373	374
373	375
374	375
374	376
375	376
375	377
375	438
375	439
376	377
376	436
376	437
376	438
376	439
377	378
377	435
377	436
377	439
378	379
378	380
378	434
378	435
378	436
379	380
379	381
379	434
379	435
380	381
380	382
381	382
382	383
382	384
382	426
382	427
383	384
383	385
383	425
383	426
383	427
384	385
384	386
384	424
384	425
384	426
385	386
385	423
385	424
385	425
386	387
386	422
386	423
386	424
387	388
387	389
387	421
387	422
387	423
388	389
388	390
388	419
388	420
388	421
388	422
389	390
389	391
389	419
389	420
389	421
390	391
390	392
390	418
390	419
390	420
391	392
391	417
391	418
391	419
392	393
392	394
392	416
392	417
392	418
393	394
393	395
393	415
393	416
393	417
394	395
394	396
394	414
394	415
394	416
395	396
395	413
395	414
395	415
396	397
396	398
396	412
396	413
396	414
397	398
397	411
397	412
397	413
398	399
398	410
398	411
398	412
399	400
399	409
399	410
399	411
400	401
400	407
400	408
400	409
400	410
401	402
401	403
401	407
401	408
401	409
402	403
402	404
402	405
402	406
402	407
402	408
403	404
403	405
403	406
404	405
404	406
405	406
405	407
406	407
406	408
406	474
407	408
407	409
407	474
408	409
408	410
408	472
408	473
408	474
409	410
409	471
409	472
410	411
410	412
410	470
410	471
410	472
411	412
411	413
411	469
411	470
411	471
412	413
412	468
412	469
412	470
413	414
413	467
413	468
413	469
414	415
414	466
414	467
414	468
415	416
415	417
415	465
415	466
415	467
416	417
416	464
416	465
416	466
417	418
417	419
417	463
417	464
417	465
418	419
418	462
418	463
418	464
419	420
419	421
419	461
419	462
419	463
420	421
420	422
420	460
420	461
420	462
421	422
421	423
421	459
421	460
421	461
422	423
422	458
422	459
422	460
423	424
423	425
423	457
423	458
423	459
424	425
424	426
424	454
424	456
424	457
424	458
425	426
425	427
425	454
425	455
425	456
425	457
426	427
426	428
426	451
426	453
426	454
426	455
427	428
427	429
427	455
428	429
428	430
428	452
428	455
429	430
429	431
429	450
429	451
429	452
430	431
430	432
430	450
430	451
430	452
431	432
431	433
432	433
432	434
432	449
433	434
433	435
434	435
434	436
435	436
435	437
436	437
436	438
437	438
437	439
438	439
438	440
438	441
438	442
439	440
439	441
439	442
440	441
440	442
441	442
441	443
442	443
442	444
442	445
443	444
443	445
444	445
444	446
445	446
446	447
446	448
447	448
447	449
448	449
449	450
449	451
450	451
450	452
451	452
451	453
452	453
452	454
453	454
453	455
454	455
454	456
455	456
455	457
456	457
456	458
457	458
457	459
458	459
458	460
459	460
459	461
459	494
459	495
460	461
460	462
460	493
460	494
461	462
461	463
461	492
461	493
461	494
462	463
462	464
462	491
462	492
462	493
463	464
463	465
463	490
463	491
463	492
464	465
464	466
464	489
464	490
464	491
465	466
465	488
465	489
465	490
466	467
466	468
466	486
466	487
466	488
466	489
467	468
467	486
467	487
467	488
468	469
468	470
468	485
468	486
468	487
469	470
469	471
469	484
469	485
469	486
470	471
470	472
470	483
470	484
470	485
471	472
471	473
471	482
471	483
471	484
472	473
472	474
472	480
472	481
472	482
472	483
473	474
473	475
473	480
473	481
473	482
474	475
474	476
474	479
474	480
474	481
475	476
475	479
475	480
476	477
476	478
476	479
476	480
477	478
477	479
478	479
478	513
478	514
479	480
479	481
479	512
479	513
479	514
480	481
480	482
480	511
480	512
480	513
481	482
481	483
481	510
481	511
481	512
482	483
482	484
482	509
482	510
482	511
483	484
483	508
483	509
483	510
484	485
484	507
484	508
484	509
485	486
485	506
485	507
485	508
486	487
486	488
486	505
486	506
486	507
487	488
487	503
487	504
487	505
487	506
488	489
488	490
488	502
488	503
488	504
488	505
489	490
489	491
489	501
489	502
489	503
489	504
490	491
490	492
490	500
490	501
490	502
491	492
491	493
491	499
491	500
491	501
492	493
492	494
492	498
492	499
492	500
493	494
493	498
494	495
494	496
494	498
495	496
495	497
496	497
496	498
496	534
497	498
497	499
498	499
498	500
499	500
499	501
500	501
500	502
501	502
501	503
501	504
502	503
502	504
503	504
503	505
504	505
504	506
505	506
505	507
506	507
506	508
506	527
506	528
507	508
507	509
507	526
507	527
508	509
508	510
508	525
508	526
509	510
509	524
509	525
509	526
510	511
510	523
510	524
510	525
511	512
511	513
511	522
511	523
511	524
512	513
512	514
512	520
512	521
512	522
512	523
513	514
513	515
513	520
513	521
513	522
514	515
514	516
514	519
514	520
514	521
515	516
515	519
515	520
516	517
516	518
516	519
517	518
517	519
518	519
518	520
518	558
518	559
518	560
519	520
519	556
519	557
519	558
519	559
520	521
520	522
520	556
520	557
520	558
521	522
521	555
521	556
521	557
522	523
522	524
522	554
522	555
522	556
523	524
523	553
523	554
523	555
524	525
524	526
524	552
524	553
524	554
525	526
525	551
525	552
525	553
526	527
526	550
526	551
527	528
527	549
527	550
527	551
528	529
528	548
528	549
528	550
529	530
529	531
529	546
529	547
529	548
529	549
530	531
530	532
530	546
530	547
530	548
531	532
531	533
531	545
531	546
531	547
532	533
532	534
532	536
532	544
532	545
532	546
532	547
533	534
533	535
533	536
534	535
534	536
535	536
535	537
536	537
536	543
536	544
536	580
536	599
537	538
537	539
537	541
537	542
537	543
537	544
537	598
537	599
538	539
538	540
538	541
538	542
538	543
538	544
538	598
538	599
538	600
539	540
539	541
539	598
540	541
540	542
541	542
541	543
541	594
541	595
542	543
542	544
543	544
543	545
544	545
544	546
544	601
545	546
545	547
545	578
546	547
546	548
546	578
547	548
547	577
547	578
547	579
548	549
548	576
548	577
548	578
549	550
549	551
549	574
549	575
549	576
549	577
550	551
550	552
550	574
550	575
550	576
551	552
551	553
551	572
551	573
551	574
551	575
552	553
552	554
552	572
552	573
552	574
553	554
553	555
553	570
553	571
553	572
553	573
554	555
554	570
554	571
554	572
555	556
555	557
555	569
555	570
555	571
556	557
556	558
556	568
556	569
556	570
557	558
557	567
557	568
557	569
558	559
558	560
558	566
558	567
558	568
559	560
559	562
559	563
559	565
559	566
559	567
560	561
560	562
560	563
560	564
560	565
560	566
561	562
561	563
561	564
561	565
562	563
562	564
563	564
563	565
563	566
564	565
564	615
564	616
565	566
565	567
565	614
565	615
565	616
566	567
566	568
566	613
566	614
566	615
567	568
567	612
567	613
567	614
568	569
568	570
568	611
568	612
568	613
569	570
569	610
569	611
569	612
570	571
570	572
570	609
570	610
570	611
571	572
571	608
571	609
571	610
572	573
572	574
572	607
572	608
572	609
573	574
573	575
573	606
573	607
573	608
574	575
574	576
574	605
574	606
574	607
575	576
575	577
575	604
575	605
575	606
576	577
576	578
576	579
576	603
576	604
576	605
577	578
577	579
577	602
577	603
577	604
578	579
578	580
578	601
578	602
578	603
579	580
579	581
579	601
579	602
579	603
580	581
580	599
580	600
580	601
580	602
581	582
581	583
581	599
581	600
581	601
581	602
582	583
582	584
582	598
582	599
582	600
583	584
583	585
583	586
583	587
583	598
583	599
583	600
584	585
584	586
584	587
584	588
585	586
585	587
585	588
586	587
586	588
586	589
586	590
587	588
587	589
587	590
587	597
587	598
588	589
588	590
589	590
589	591
590	591
590	592
590	596
591	592
591	593
592	593
592	594
592	595
593	594
593	595
594	595
595	596
595	597
595	598
596	597
596	598
597	598
598	599
599	600
599	601
600	601
600	602
601	602
602	603
602	604
602	635
603	604
603	634
603	635
604	605
604	606
604	633
604	634
604	635
605	606
605	607
605	632
605	633
605	634
606	607
606	608
606	630
606	631
606	632
606	633
607	608
607	630
607	631
607	632
608	609
608	629
608	630
608	631
609	610
609	628
609	629
609	630
610	611
610	612
610	627
610	628
610	629
611	612
611	626
611	627
611	628
612	613
612	625
612	626
612	627
613	614
613	624
613	625
613	626
614	615
614	623
614	624
614	625
615	616
615	617
615	622
615	623
615	624
616	617
616	618
616	619
616	621
616	622
616	623
617	618
617	621
617	622
617	623
618	619
618	620
618	621
619	620
619	621
620	621
620	622
620	655
620	656
621	622
621	623
621	654
621	655
621	656
622	623
622	653
622	654
622	655
623	624
623	625
623	652
623	653
623	654
624	625
624	651
624	652
624	653
625	626
625	650
625	651
625	652
626	627
626	628
626	649
626	650
626	651
627	628
627	629
627	648
627	649
627	650
628	629
628	630
628	647
628	648
628	649
629	630
629	646
629	647
629	648
630	631
630	632
630	646
630	647
631	632
631	633
631	646
632	633
632	639
632	640
633	634
633	635
633	637
633	638
633	639
633	640
634	635
634	636
634	637
634	638
634	639
634	640
635	636
635	637
636	637
636	638
637	638
637	639
638	639
638	640
639	640
639	641
639	642
640	641
640	642
641	642
641	643
641	644
642	643
642	644
642	645
642	676
642	677
642	678
643	644
643	645
643	676
643	677
643	678
644	645
644	646
644	676
645	646
645	647
645	648
645	673
645	674
645	675
645	676
646	647
646	648
646	674
647	648
647	673
647	674
648	649
648	650
648	672
648	673
648	674
649	650
649	651
649	671
649	672
649	673
650	651
650	652
650	670
650	671
650	672
651	652
651	653
651	669
651	670
651	671
652	653
652	668
652	669
652	670
653	654
653	667
653	668
653	669
654	655
654	656
654	666
654	667
654	668
655	656
655	657
655	665
655	666
655	667
656	657
656	658
656	662
656	664
656	665
656	666
657	658
657	661
657	662
657	664
657	665
658	659
658	660
658	661
658	662
659	660
659	661
659	662
660	661
660	662
661	662
661	663
661	664
662	663
662	664
663	664
663	665
663	705
663	706
664	665
664	666
664	704
664	705
664	706
665	666
665	667
665	703
665	704
665	705
666	667
666	702
666	703
666	704
667	668
667	701
667	702
667	703
668	669
668	700
668	701
668	702
669	670
669	671
669	699
669	700
669	701
670	671
670	672
670	697
670	698
670	699
670	700
671	672
671	673
671	697
671	698
671	699
672	673
672	696
672	697
672	698
673	674
673	675
673	695
673	696
674	675
674	676
674	695
675	676
675	677
675	693
675	694
675	695
676	677
676	692
676	693
676	694
677	678
677	679
677	691
677	692
677	693
678	679
678	680
678	690
678	691
678	692
678	729
678	730
679	680
679	688
679	689
679	690
679	691
679	730
680	681
680	682
680	688
680	689
680	690
680	730
680	733
681	682
681	683
681	687
681	688
681	689
682	683
682	684
682	685
682	686
682	687
682	688
682	689
683	684
683	685
683	686
683	687
684	685
684	686
685	686
685	687
686	687
687	688
687	689
688	689
688	690
689	690
689	691
690	691
690	692
691	692
692	693
692	694
693	694
693	695
694	695
694	696
695	696
696	697
696	698
697	698
697	699
698	699
698	700
698	719
699	700
699	701
699	718
699	719
699	720
700	701
700	717
700	718
700	719
700	720
701	702
701	716
701	717
701	718
702	703
702	704
702	715
702	716
702	717
703	704
703	714
703	715
703	716
704	705
704	706
704	713
704	714
704	715
705	706
705	707
705	712
705	713
705	714
706	707
706	708
706	709
706	711
706	712
706	713
707	708
707	709
707	711
707	712
708	709
708	710
708	711
709	710
709	711
710	711
710	712
710	749
710	750
711	712
711	748
711	749
712	713
712	714
712	747
712	748
712	749
713	714
713	746
713	747
713	748
714	715
714	716
714	745
714	746
714	747
715	716
715	717
715	744
715	745
715	746
716	717
716	718
716	743
716	744
716	745
717	718
717	719
717	720
717	742
717	743
717	744
718	719
718	720
718	741
718	742
718	743
719	720
719	721
719	722
719	723
719	740
719	741
719	742
720	721
720	722
720	741
721	722
721	723
722	723
722	724
722	740
722	741
723	724
723	725
723	740
724	725
724	738
724	740
725	726
725	727
725	737
725	738
726	727
726	728
726	736
726	737
726	738
727	728
727	736
727	737
727	738
728	729
728	730
728	731
728	735
728	736
729	730
729	731
729	733
729	734
729	735
729	736
730	731
730	732
730	733
730	734
731	732
731	733
731	734
732	733
732	734
733	734
734	735
735	736
735	737
736	737
736	738
737	738
737	739
738	739
738	740
739	740
739	741
740	741
740	742
741	742
742	743
742	744
743	744
743	745
744	745
744	746
745	746
746	747
746	748
747	748
747	749
748	749
748	750
749	750
749	751
750	751
