0	1
0	2
0	3
0	4
1	2
1	3
1	4
1	5
2	3
2	4
2	5
2	6
3	4
3	5
3	6
3	7
4	5
4	6
4	7
4	8
5	6
5	7
5	8
5	9
5	45
6	7
6	8
6	9
6	10
6	11
7	8
7	9
7	10
7	11
7	12
8	9
8	10
8	11
8	12
8	13
8	35
9	10
9	11
9	12
9	13
9	14
10	11
10	12
10	13
10	14
10	15
11	12
11	13
11	14
11	15
12	13
12	14
12	15
12	16
12	31
13	14
13	15
13	16
13	17
13	31
14	15
14	16
14	17
14	18
14	56
14	100
14	101
14	102
15	16
15	17
15	18
15	19
15	100
15	101
16	17
16	18
16	19
16	20
16	21
16	26
17	18
17	19
17	20
17	21
17	22
17	23
17	26
17	105
18	19
18	20
18	21
18	22
18	100
18	101
18	104
18	105
19	20
19	21
19	22
20	21
20	22
20	23
20	25
20	26
21	22
21	23
21	25
21	26
22	23
22	24
22	25
22	26
22	109
23	24
23	25
23	26
23	109
24	25
24	26
25	26
25	27
26	27
26	28
26	30
27	28
27	29
27	30
27	31
28	29
28	30
28	31
28	32
28	39
28	49
29	30
29	31
29	32
29	33
29	38
29	39
30	31
30	32
30	33
30	34
31	32
31	33
31	34
31	35
32	33
32	34
32	35
32	36
32	37
32	38
32	39
32	42
33	34
33	35
33	36
33	37
33	38
34	35
34	36
35	36
35	37
36	37
37	38
37	39
37	41
38	39
38	40
38	41
39	40
39	41
39	42
39	43
40	41
40	42
40	43
40	44
41	42
41	43
41	44
42	43
42	44
42	45
42	46
43	44
43	45
43	46
43	47
43	48
44	45
44	46
45	46
46	47
46	48
46	52
47	48
47	52
48	49
48	50
48	51
48	52
49	50
49	51
49	52
49	53
50	51
50	52
50	53
50	54
51	52
51	53
51	54
52	53
52	54
52	55
53	54
53	55
53	56
53	57
54	55
54	56
54	57
54	58
55	56
55	57
55	58
55	59
56	57
56	58
56	59
56	60
56	102
57	58
57	59
57	60
57	61
57	102
58	59
58	60
58	61
58	62
59	60
59	61
59	62
59	63
60	61
60	62
60	63
60	64
60	98
60	102
61	62
61	63
61	64
61	65
62	63
62	64
62	65
62	66
63	64
63	65
63	66
63	67
64	65
64	66
64	67
64	68
65	66
65	67
65	68
65	69
66	67
66	68
66	69
66	70
67	68
67	69
67	70
67	71
68	69
68	70
68	71
68	72
68	73
68	86
69	70
69	71
69	72
69	73
69	74
70	71
70	72
70	73
70	74
70	75
71	72
71	73
71	74
71	75
71	82
71	85
71	86
72	73
72	74
72	75
72	82
73	74
73	75
73	82
74	75
74	76
75	76
75	77
76	77
76	78
77	78
77	79
77	81
77	82
78	79
78	80
78	81
78	82
79	80
79	81
79	82
79	83
79	138
79	141
79	142
79	147
80	81
80	82
80	83
80	84
80	147
81	82
81	83
81	84
81	85
82	83
82	84
82	85
82	86
83	84
83	85
83	86
83	87
83	138
84	85
84	86
84	87
84	88
84	189
85	86
85	87
85	88
85	89
86	87
86	88
86	89
86	90
87	88
87	89
87	90
87	91
87	185
88	89
88	90
88	91
88	92
88	93
88	185
89	90
89	91
89	92
89	93
89	94
90	91
90	92
90	93
90	94
90	95
90	166
91	92
91	93
91	94
91	95
91	96
91	181
91	185
92	93
92	94
92	95
92	96
92	97
92	181
93	94
93	95
93	96
93	97
93	181
94	95
94	96
94	97
94	98
94	99
95	96
95	97
95	98
95	99
95	103
95	170
96	97
96	98
96	99
96	175
96	181
97	98
97	99
98	99
98	100
98	101
98	102
98	103
99	100
99	101
99	102
99	103
99	104
99	170
100	101
100	102
100	103
100	104
100	105
101	102
101	103
101	104
101	105
102	103
102	104
102	105
102	106
103	104
103	105
103	106
103	107
103	167
103	170
104	105
104	106
104	107
104	108
104	170
105	106
105	107
105	108
105	109
105	110
106	107
106	108
106	109
106	110
107	108
107	109
107	167
108	109
108	110
109	110
109	111
110	111
110	112
110	113
111	112
111	113
111	114
112	113
112	114
112	115
113	114
113	115
113	116
113	120
114	115
114	116
114	120
114	121
115	116
115	117
115	118
116	117
116	118
116	119
116	120
117	118
117	119
117	120
117	121
118	119
118	120
118	121
119	120
119	121
120	121
120	122
120	123
121	122
121	123
121	124
121	125
121	126
122	123
122	124
122	125
122	126
122	127
123	124
123	125
123	126
123	127
123	128
124	125
124	126
124	127
124	128
124	129
125	126
125	127
125	128
125	129
126	127
126	128
126	129
126	130
127	128
127	129
127	130
127	131
128	129
128	130
128	131
128	132
129	130
129	131
129	132
129	133
129	134
130	131
130	132
130	133
130	134
130	135
131	132
131	133
131	134
131	135
131	136
132	133
132	134
132	135
132	136
133	134
133	135
133	136
133	137
134	135
134	136
134	137
135	136
135	137
135	138
136	137
136	138
136	139
136	158
137	138
137	139
137	140
137	141
138	139
138	140
138	141
138	142
139	140
139	141
139	142
139	143
139	154
140	141
140	142
140	143
140	144
140	154
141	142
141	143
141	144
141	145
142	143
142	144
142	145
142	146
142	147
142	148
143	144
143	145
143	146
143	147
143	148
143	149
143	150
144	145
144	146
145	146
145	147
146	147
146	148
146	149
147	148
147	149
148	149
148	150
149	150
149	151
149	152
150	151
150	152
151	152
151	153
152	153
152	154
153	154
153	155
153	156
153	157
154	155
154	156
154	157
154	158
155	156
155	157
155	158
155	159
156	157
156	158
156	159
156	160
157	158
157	159
157	160
157	161
158	159
158	160
158	161
158	162
159	160
159	161
159	162
159	163
159	164
160	161
160	162
160	163
160	164
160	165
161	162
161	163
161	164
161	165
161	166
162	163
162	164
162	165
162	166
163	164
163	165
163	166
164	165
164	166
165	166
165	167
165	168
166	167
166	168
167	168
167	169
167	170
168	169
168	170
168	171
169	170
169	171
169	172
169	173
170	171
170	172
170	173
171	172
171	173
172	173
172	174
173	174
173	175
174	175
174	176
174	177
175	176
175	177
176	177
176	178
177	178
177	179
177	180
178	179
178	180
179	180
179	181
179	183
180	181
180	182
180	183
180	184
181	182
181	183
181	184
181	185
182	183
182	184
182	185
182	186
183	184
183	185
183	186
183	187
184	185
184	186
184	187
184	188
185	186
185	187
185	188
185	189
186	187
186	188
186	189
186	190
187	188
187	189
187	190
187	191
188	189
188	190
188	191
188	192
189	190
189	191
189	192
189	193
190	191
190	192
190	193
190	194
190	195
191	192
191	193
191	194
191	195
191	196
192	193
192	194
192	195
193	194
193	195
194	195
195	196
195	197
196	197
196	198
197	198
197	199
198	199
