0	1
0	2
0	5
0	6
0	225
1	2
1	5
1	200
2	3
2	4
2	5
2	6
2	199
2	200
2	244
3	4
3	5
3	6
3	7
3	198
3	199
3	200
3	201
4	5
4	6
4	7
4	8
5	6
5	7
5	8
5	9
6	7
6	8
6	9
6	10
7	8
7	9
7	10
7	11
8	9
8	10
8	11
8	12
9	10
9	11
9	12
9	13
10	11
10	12
10	13
10	14
10	15
10	16
11	12
11	13
11	14
11	15
11	16
11	17
12	13
12	14
13	14
13	15
14	15
14	16
15	16
15	42
15	43
16	17
16	18
16	42
16	43
16	44
17	18
17	19
17	42
17	43
17	44
17	45
18	19
18	20
18	44
18	45
18	46
19	20
19	21
19	45
19	46
19	47
20	21
20	22
20	46
20	47
20	48
21	22
21	23
21	48
22	23
22	24
22	48
22	49
22	50
23	24
23	25
23	28
23	29
23	48
23	49
23	50
24	25
24	26
24	28
24	29
24	49
24	50
25	26
25	27
25	28
25	29
25	49
25	50
25	124
25	126
26	27
26	28
26	29
26	126
26	127
27	28
27	29
27	30
27	31
27	126
27	127
27	128
28	29
28	30
28	31
28	32
29	30
29	31
29	32
29	33
30	31
30	32
30	33
30	34
30	127
30	297
31	32
31	33
31	34
31	35
32	33
32	34
32	35
32	36
33	34
33	35
33	36
33	37
33	58
34	35
34	36
34	37
34	38
35	36
35	37
35	38
35	39
36	37
36	38
36	39
36	40
36	41
37	38
37	39
37	40
37	41
37	58
37	61
38	39
38	40
38	302
39	40
39	41
40	41
40	42
40	62
41	42
41	43
42	43
42	44
43	44
43	45
43	57
43	58
43	59
43	61
44	45
44	46
44	56
44	57
44	58
45	46
45	47
45	54
45	55
45	56
45	57
46	47
46	48
46	49
46	54
46	55
46	56
47	48
47	49
47	54
47	55
48	49
48	50
48	54
49	50
49	51
49	52
49	54
50	51
50	52
51	52
52	53
52	122
52	124
53	54
54	55
54	56
54	292
54	293
55	56
55	57
55	124
55	292
55	293
55	294
55	295
56	57
56	292
56	293
56	294
56	295
57	58
57	59
57	294
57	295
57	296
58	59
58	60
58	61
58	296
58	304
59	60
59	61
60	61
60	62
60	65
60	66
60	304
60	308
61	62
61	304
61	307
62	63
62	64
62	65
62	66
62	307
63	64
63	65
63	66
63	67
63	73
63	307
63	308
63	311
64	65
64	66
64	67
64	71
64	72
64	73
65	66
65	67
65	68
66	67
66	68
66	308
66	311
67	68
67	70
67	71
67	72
67	73
67	76
68	69
68	201
68	202
69	70
69	71
69	224
69	225
70	71
70	72
70	75
71	72
71	73
72	73
72	74
72	75
73	74
73	75
73	76
73	311
74	75
74	76
74	77
75	76
75	77
75	78
76	77
76	78
76	79
76	80
76	314
76	315
77	78
77	79
77	80
77	81
77	314
77	315
77	318
78	79
78	80
78	81
78	82
79	80
79	81
79	82
79	83
79	315
80	81
80	82
80	83
80	84
80	315
80	316
80	318
80	319
81	82
81	83
81	84
81	85
81	318
81	319
82	83
82	84
82	85
82	86
83	84
83	85
83	86
83	87
83	211
84	85
84	86
84	87
84	319
85	86
85	87
85	88
86	87
86	88
86	89
86	212
87	88
87	89
87	212
87	214
88	89
88	90
89	90
90	91
90	92
91	92
91	93
91	95
91	96
92	93
92	94
92	95
92	96
93	94
93	95
93	96
94	95
94	96
95	96
95	97
95	98
96	97
96	98
97	98
99	100
99	101
99	219
99	228
100	101
100	102
100	218
100	219
100	228
100	229
100	230
100	231
101	102
101	103
101	228
101	229
101	230
101	231
102	103
102	104
102	230
102	231
102	232
103	104
103	105
103	106
103	230
103	231
103	232
104	105
104	106
104	232
105	106
106	107
106	108
106	109
106	232
106	243
106	244
107	108
107	109
107	110
107	243
107	244
107	288
108	109
108	110
108	243
108	244
108	245
108	246
108	247
108	248
108	286
108	287
108	288
109	110
109	111
109	112
109	286
109	287
109	288
110	111
110	112
110	287
110	288
110	289
111	112
111	286
111	287
111	288
111	289
112	113
112	114
112	285
112	286
112	287
113	114
113	117
113	118
113	284
113	285
113	286
114	115
114	116
114	117
114	118
114	283
114	284
114	285
115	116
115	117
115	118
115	283
115	284
116	117
116	118
117	118
117	119
118	119
118	120
118	164
118	283
118	284
118	285
119	120
119	121
119	122
119	163
119	164
120	121
120	122
120	123
120	163
120	164
121	122
121	123
121	163
122	123
122	124
123	124
123	125
124	125
125	134
125	135
125	136
126	127
126	128
126	131
126	133
126	134
126	135
127	128
127	131
127	297
128	129
128	130
128	131
128	265
129	130
129	131
130	131
130	132
131	132
131	133
131	263
131	264
131	265
132	133
132	262
132	263
132	264
133	134
133	135
133	159
133	160
134	135
134	136
134	159
134	160
135	136
135	137
135	157
135	158
135	159
135	160
136	137
136	138
136	157
136	158
136	159
136	295
137	138
137	139
137	157
137	158
137	295
137	296
137	297
138	139
138	140
138	155
138	197
138	294
138	295
138	296
139	140
139	141
139	155
139	195
139	196
139	197
139	198
140	141
140	142
140	153
140	154
140	155
140	195
140	196
140	197
141	142
141	143
141	153
141	154
141	155
141	156
141	194
141	195
141	196
142	143
142	151
142	152
142	153
142	154
142	193
142	194
142	195
142	239
143	144
143	145
143	151
143	152
143	175
143	178
143	192
143	193
143	194
143	239
144	145
144	146
144	150
144	151
144	152
144	178
145	146
145	147
145	148
145	178
145	181
145	182
146	147
146	148
146	178
146	181
146	182
146	185
147	148
147	149
148	149
148	150
149	150
149	151
150	151
150	152
151	152
151	153
152	153
152	154
152	174
152	175
153	154
153	207
153	217
154	155
154	156
154	174
154	175
154	207
155	156
155	157
156	157
156	158
156	168
156	169
157	158
157	159
157	168
158	159
158	160
158	166
158	167
158	168
159	160
159	161
159	166
159	167
159	261
160	161
160	162
160	165
160	166
160	167
161	162
161	165
161	166
161	167
162	163
162	164
162	165
162	166
163	164
163	165
164	165
164	166
164	281
164	282
165	166
165	167
165	279
165	280
165	281
165	282
166	167
166	279
166	280
166	281
167	168
167	259
167	261
167	277
167	278
167	279
167	280
168	169
168	170
168	277
168	278
169	170
169	171
169	175
169	176
170	171
170	172
171	172
171	173
171	176
172	173
172	176
172	177
173	174
173	175
173	176
173	177
174	175
174	176
174	177
174	178
175	176
175	177
175	178
175	179
176	177
176	178
176	179
176	180
177	178
177	179
177	180
177	181
178	179
178	180
178	181
178	182
179	180
179	181
179	182
179	183
179	191
180	181
180	182
180	183
180	184
181	182
181	183
181	184
181	185
182	183
182	184
182	185
182	186
182	191
183	184
183	185
183	186
183	187
183	188
184	185
184	186
184	187
185	186
185	187
186	187
186	188
186	189
187	188
187	189
188	189
188	190
188	255
189	190
189	191
190	191
190	192
190	252
190	253
190	254
190	255
191	192
191	193
191	252
191	253
191	254
192	193
192	237
192	251
192	252
192	253
193	194
193	195
193	250
193	251
193	252
193	253
194	195
194	196
194	249
194	250
194	251
195	196
195	197
195	248
195	249
195	250
196	197
196	198
196	199
196	241
196	245
196	247
196	248
196	249
197	198
197	199
197	245
197	246
197	247
197	248
197	294
198	199
198	200
198	245
198	246
198	247
198	293
198	294
199	200
199	201
199	203
199	204
199	242
199	244
199	245
199	246
200	201
200	202
200	203
200	204
200	244
200	245
201	202
201	203
201	204
201	205
202	203
202	204
202	205
202	206
202	221
202	224
202	225
203	204
203	205
203	206
203	207
203	218
203	221
204	205
204	206
204	207
204	208
205	206
205	207
205	208
205	209
206	207
206	208
206	209
206	217
206	220
206	221
207	208
207	209
207	217
208	209
208	210
209	210
209	211
209	312
210	211
210	212
211	212
211	213
212	213
212	214
212	215
213	214
213	215
214	215
215	216
215	217
215	219
215	220
216	217
216	218
216	219
216	220
217	218
217	219
217	220
217	221
218	219
218	220
218	221
218	222
218	229
219	220
219	221
219	222
219	223
220	221
220	222
220	223
220	224
221	222
221	223
221	224
221	225
221	229
222	223
222	224
222	225
222	226
222	227
222	228
222	229
223	224
223	225
223	226
223	227
224	225
224	226
225	226
225	227
226	227
226	228
227	228
227	229
228	229
228	230
229	230
229	231
230	231
230	232
230	242
230	243
231	232
231	240
231	241
231	242
231	243
232	233
232	234
232	240
232	241
232	242
232	243
233	234
233	235
233	238
233	239
233	240
233	241
234	235
234	236
234	237
234	238
234	239
234	240
234	241
235	236
235	237
236	237
236	250
237	238
237	239
238	239
238	240
239	240
239	241
240	241
240	242
241	242
241	243
242	243
242	244
242	245
243	244
243	245
244	245
244	246
245	246
245	247
245	248
246	247
246	248
246	287
246	288
246	291
246	292
247	248
247	249
247	286
247	287
247	288
247	291
248	249
248	250
248	285
248	286
248	287
249	250
249	251
249	282
249	284
249	285
249	286
250	251
250	282
250	283
250	284
250	285
251	252
251	280
251	281
251	282
251	283
251	284
252	253
252	254
252	280
252	281
252	282
253	254
253	255
253	279
253	280
253	281
254	255
254	256
254	257
255	256
255	257
256	257
256	258
257	258
257	278
257	279
258	259
258	276
258	277
258	278
258	279
259	260
259	261
259	276
259	277
259	278
259	279
260	261
260	262
260	274
260	275
260	276
260	277
261	262
261	263
261	274
261	275
261	276
261	277
262	263
262	264
262	274
262	275
263	264
263	265
263	271
263	272
263	273
263	274
264	265
264	266
264	271
264	272
265	266
265	269
265	270
265	271
265	272
265	298
265	299
266	267
266	268
266	269
266	270
266	271
266	272
266	298
266	299
267	268
267	269
267	298
267	299
267	300
267	301
267	303
267	337
268	269
268	270
268	299
268	300
268	337
269	270
269	299
269	300
270	271
270	272
271	272
271	273
272	273
272	274
273	274
273	275
274	275
275	276
275	277
276	277
277	278
277	279
278	279
278	280
279	280
279	281
280	281
280	282
281	282
281	283
282	283
282	284
283	284
284	285
284	286
285	286
285	287
286	287
287	288
287	289
287	291
288	289
288	290
288	291
289	290
289	291
290	291
290	292
291	292
291	293
292	293
292	294
293	294
293	295
294	295
295	296
296	297
296	304
297	298
297	299
297	304
298	299
298	303
298	304
299	300
299	301
299	303
300	301
300	302
300	303
301	302
301	303
301	306
301	334
301	335
301	337
302	303
302	304
302	306
302	307
302	334
302	335
303	304
303	305
303	306
303	307
304	305
304	306
304	307
304	308
305	306
305	307
305	308
305	309
306	307
306	308
306	309
306	310
306	334
306	338
307	308
307	309
307	310
307	311
308	309
308	310
308	311
308	312
309	310
309	311
309	312
309	313
309	338
310	311
310	312
310	313
310	314
311	312
311	313
311	314
312	313
312	314
312	315
313	314
313	315
313	316
313	317
314	315
314	316
314	317
315	316
315	317
315	318
316	317
316	318
316	319
316	320
317	318
317	319
317	320
317	321
317	329
317	330
318	319
318	320
318	321
318	322
319	320
319	321
319	322
319	323
320	321
320	322
320	323
320	324
321	322
321	323
321	324
321	325
321	327
322	323
322	324
322	325
323	324
323	325
324	325
324	326
324	327
325	326
325	327
326	327
326	328
326	346
326	347
327	328
327	329
327	345
327	346
327	347
328	329
328	330
328	345
328	346
328	347
328	376
329	330
329	331
329	344
329	345
329	380
330	331
330	343
330	344
330	345
331	332
331	333
331	342
331	343
331	344
331	380
331	381
332	333
332	334
332	338
332	339
332	341
332	342
332	343
333	334
333	335
333	336
333	338
333	341
333	342
334	335
334	336
334	337
334	338
335	336
335	337
335	338
336	337
336	338
336	339
336	340
336	341
337	338
337	339
337	340
338	339
338	340
339	340
339	341
339	366
339	368
340	341
340	367
340	368
340	369
340	370
341	342
341	343
341	368
341	369
341	370
341	371
342	343
342	344
342	370
342	371
342	372
343	344
343	345
343	371
343	372
343	373
343	380
344	345
344	346
344	372
344	373
344	374
344	380
345	346
345	373
345	374
345	375
345	376
345	380
346	347
346	348
346	374
346	375
346	376
347	348
347	349
347	375
347	376
348	349
348	350
348	353
348	375
349	350
350	351
350	352
350	353
351	352
351	353
351	430
351	433
352	353
352	354
352	355
353	354
353	355
353	356
354	355
354	356
354	357
354	373
354	425
354	427
355	356
355	357
356	357
356	358
357	358
357	359
358	359
358	360
358	361
358	362
359	360
359	361
359	362
359	366
360	361
360	362
360	366
361	362
361	363
362	363
362	364
363	364
363	365
363	366
364	365
364	366
365	366
366	367
366	368
367	368
367	369
367	406
367	407
367	408
368	369
368	370
369	370
369	371
369	421
369	422
370	371
370	372
370	422
370	423
371	372
371	373
371	423
371	424
372	373
372	374
372	423
372	424
372	425
372	426
373	374
373	424
373	425
373	426
373	427
374	375
374	376
374	378
374	425
374	426
374	427
375	376
375	377
375	378
375	427
376	377
376	378
377	378
377	379
378	379
378	380
378	385
378	386
379	380
379	381
379	382
379	385
379	386
380	381
380	382
380	386
381	382
381	383
382	383
382	384
382	385
382	386
383	384
383	385
383	386
383	387
384	385
384	386
384	387
384	388
385	386
385	387
385	388
385	389
386	387
386	388
386	389
386	390
387	388
387	389
387	390
387	391
388	389
388	390
388	391
388	392
389	390
389	391
389	392
389	393
389	426
390	391
390	392
390	393
390	426
391	392
391	393
392	393
393	426
393	427
393	428
394	395
394	396
394	397
394	398
395	396
395	397
395	398
395	399
396	397
396	398
396	399
397	398
397	399
398	399
398	400
398	424
398	425
399	400
399	401
399	423
399	424
399	425
400	401
400	402
400	423
400	424
401	402
401	403
401	422
401	423
402	403
402	421
402	422
403	404
403	405
403	420
403	421
403	422
404	405
404	406
404	419
404	420
404	421
405	406
405	407
405	419
405	420
405	421
406	407
406	418
406	419
406	420
407	408
407	409
407	418
407	419
407	420
408	409
408	410
408	411
408	418
409	410
409	411
409	417
409	418
410	411
410	412
410	417
411	412
411	413
411	414
412	413
412	414
413	414
413	415
414	415
414	416
414	417
414	419
414	420
415	416
415	417
415	420
416	417
416	418
416	419
416	420
417	418
417	419
418	419
418	420
419	420
420	421
420	422
421	422
422	423
423	424
423	425
424	425
424	426
425	426
425	427
426	427
426	428
427	428
427	429
428	429
428	430
429	430
429	431
429	433
429	434
430	431
430	432
430	433
430	434
431	432
431	433
431	434
431	435
432	433
432	434
432	435
433	434
434	435
434	436
435	436
435	437
436	437
436	438
437	438
437	439
438	439
438	440
439	440
439	441
440	441
440	442
441	442
441	443
442	443
442	444
443	444
443	445
444	445
444	446
445	446
445	447
445	448
445	449
446	447
446	448
446	449
446	450
447	448
447	449
447	450
447	451
448	449
448	450
448	451
448	452
449	450
449	451
449	452
449	453
450	451
450	452
450	453
450	454
451	452
451	453
451	454
451	455
452	453
452	454
452	455
452	456
453	454
453	455
453	456
454	455
454	456
454	457
455	456
455	457
455	458
455	459
456	457
456	458
456	459
457	458
457	459
457	460
458	459
458	460
459	460
459	461
460	461
460	462
461	462
