0	1
0	2
0	3
0	4
1	2
1	3
1	4
1	5
1	50
1	51
1	58
1	59
2	3
2	4
2	5
2	6
2	51
2	59
3	4
3	5
3	6
3	7
4	5
4	6
4	7
4	8
4	59
4	62
5	6
5	7
5	8
5	9
5	59
5	61
5	62
6	7
6	8
6	9
6	10
7	8
7	9
7	10
7	11
7	12
8	9
8	10
8	11
8	12
8	13
8	62
8	63
9	10
9	11
9	12
9	13
9	14
9	85
10	11
10	12
10	13
10	14
10	15
11	12
11	13
11	14
11	15
11	16
12	13
12	14
12	15
12	16
13	14
13	15
13	16
13	17
13	85
14	15
14	16
14	17
14	18
14	84
14	85
15	16
15	17
15	18
15	19
16	17
16	18
16	19
16	20
17	18
17	19
17	20
17	21
17	82
17	83
17	84
18	19
18	20
18	21
18	22
19	20
19	21
19	22
20	21
20	22
21	22
23	24
23	25
23	27
23	28
24	25
24	26
24	27
24	28
24	299
25	26
25	27
25	28
25	29
25	79
25	299
25	300
26	27
26	28
26	29
26	30
26	31
26	221
26	222
27	28
27	29
27	30
27	31
27	32
28	29
28	30
28	31
28	32
28	33
28	79
29	30
29	31
29	32
29	33
29	34
29	75
29	76
29	79
29	222
30	31
30	32
30	33
30	34
30	35
30	222
30	251
31	32
31	33
31	34
31	35
31	222
31	251
32	33
32	34
32	35
32	36
33	34
33	35
33	36
33	37
33	75
33	79
34	35
34	36
34	37
34	38
34	75
35	36
35	37
35	38
36	37
36	38
37	38
37	39
37	40
37	269
38	39
38	40
38	269
38	270
39	40
39	41
39	268
39	269
39	270
40	41
40	42
40	64
40	65
40	268
40	269
41	42
41	43
41	64
41	65
41	66
41	267
41	268
41	269
42	43
42	44
42	65
42	66
42	67
42	262
42	263
42	264
42	267
42	268
42	269
43	44
43	45
43	46
43	65
43	66
43	67
44	45
44	46
44	67
45	46
45	47
45	67
46	47
46	65
46	66
46	67
46	70
47	48
47	58
47	59
47	60
47	61
47	70
48	49
48	50
48	56
48	57
48	58
48	59
48	60
49	50
49	53
49	56
49	57
49	58
49	59
49	60
49	103
49	104
49	105
50	51
50	52
50	53
50	57
50	58
50	59
50	60
51	52
51	53
51	57
51	58
51	59
52	53
52	54
52	57
53	54
53	55
53	56
53	57
54	55
54	56
55	56
55	57
55	105
55	164
55	165
55	178
56	57
56	58
56	164
56	165
56	166
57	58
57	59
57	165
57	166
57	167
58	59
58	60
58	165
59	60
59	61
59	62
60	61
61	62
62	63
62	64
62	65
63	64
63	65
64	65
65	66
66	67
66	68
66	70
66	71
66	262
67	68
67	69
67	70
67	71
67	262
68	69
68	70
68	71
68	72
68	246
68	247
68	248
68	261
68	262
68	263
69	70
69	71
69	72
69	73
69	247
70	71
70	72
70	73
70	74
71	72
71	73
71	74
71	75
71	262
72	73
72	74
72	75
72	76
72	248
73	74
73	75
73	76
73	77
73	93
73	96
73	97
74	75
74	76
74	77
74	78
74	93
75	76
75	77
75	78
75	79
76	77
76	78
76	79
76	80
77	78
77	79
77	80
77	81
77	88
77	91
77	92
77	93
78	79
78	80
78	81
78	88
79	80
79	81
79	301
80	81
80	301
80	302
81	82
81	83
81	84
81	87
81	88
81	91
81	92
81	301
81	302
82	83
82	84
82	87
82	301
82	302
83	84
83	87
83	301
83	302
84	85
84	86
84	87
84	88
85	86
85	87
85	88
85	89
86	87
86	88
86	89
86	90
87	88
87	89
87	90
87	91
87	92
88	89
88	90
88	91
88	92
88	93
89	90
89	91
89	92
89	93
89	94
90	91
90	92
90	93
90	94
90	95
90	303
91	92
91	93
91	94
91	95
91	96
91	303
92	93
92	94
92	95
92	96
92	303
92	304
93	94
93	95
93	96
93	97
94	95
94	96
94	97
94	98
94	101
95	96
95	97
95	98
95	99
95	100
95	101
95	304
96	97
96	98
96	121
97	98
97	108
97	109
98	99
98	100
98	101
98	102
98	103
98	107
98	108
98	109
99	100
99	101
99	102
99	107
99	108
99	109
99	119
99	120
100	101
100	102
101	102
101	103
102	103
102	104
102	107
103	104
103	107
104	105
104	106
104	107
104	108
105	106
105	107
105	108
106	107
106	108
107	108
107	109
108	109
108	110
109	110
109	111
109	115
109	116
110	111
110	112
110	115
111	112
111	113
111	114
111	115
111	116
112	113
112	114
112	115
112	116
112	117
112	244
113	114
113	115
113	116
113	117
113	118
113	195
113	197
114	115
114	116
114	117
114	118
114	193
114	195
115	116
115	117
115	118
115	119
115	120
116	117
116	118
116	119
116	120
116	121
117	118
117	119
117	120
117	121
117	122
118	119
118	120
118	121
118	122
118	123
119	120
119	121
119	122
119	123
119	124
120	121
120	122
120	123
120	124
121	122
121	123
121	124
121	125
121	126
121	127
122	123
122	124
122	125
122	126
122	127
122	128
123	124
123	125
124	125
124	126
124	305
124	306
125	126
125	127
125	297
125	305
125	306
126	127
126	296
126	297
126	298
126	306
127	128
127	129
127	294
127	295
127	296
127	297
128	129
128	130
128	294
128	295
128	296
128	297
129	130
129	131
129	292
129	293
129	294
129	295
130	131
130	132
130	133
130	292
130	293
130	294
130	295
131	132
131	133
131	134
131	143
131	198
131	199
131	200
131	291
131	292
131	293
131	294
132	133
132	134
132	135
132	141
132	143
133	134
133	135
133	141
134	135
134	141
134	215
134	218
135	136
135	137
135	139
135	140
135	141
135	142
135	215
136	137
136	138
136	139
136	140
136	141
136	142
136	215
137	138
137	139
138	139
138	140
139	140
139	141
140	141
140	142
141	142
141	143
142	143
142	144
142	200
142	204
143	144
143	145
143	198
143	199
143	200
143	201
144	145
144	146
144	198
144	199
144	200
144	201
145	146
145	147
145	196
145	197
145	198
145	199
146	147
146	148
146	196
146	197
146	198
146	199
146	230
146	243
147	148
147	149
147	194
147	195
147	196
147	197
147	230
147	243
148	149
148	150
148	194
148	195
148	230
148	241
148	242
148	243
149	150
149	151
149	193
149	194
149	195
149	241
150	151
150	152
150	192
150	193
150	194
150	240
150	241
150	242
151	152
151	153
151	154
151	155
151	190
151	191
151	192
151	193
151	240
152	153
152	154
152	155
152	156
152	186
152	189
152	190
152	191
152	192
153	154
153	155
153	156
153	157
153	186
153	187
153	188
153	189
154	155
154	156
154	157
154	158
154	239
154	240
155	156
155	157
155	158
155	159
155	238
155	239
155	240
156	157
156	158
156	159
156	183
156	186
157	158
157	159
157	183
158	159
158	160
158	238
158	239
159	160
159	161
159	163
160	161
160	162
160	163
161	162
161	163
161	164
161	175
161	176
161	179
162	163
162	164
162	165
163	164
163	165
164	165
164	166
164	175
164	179
165	166
165	167
166	167
166	168
166	169
167	168
167	169
168	169
168	170
169	170
169	171
170	171
170	172
170	173
170	174
170	175
171	172
171	173
171	174
171	175
171	176
172	173
172	174
172	175
172	176
172	177
173	174
173	175
173	176
173	177
174	175
174	176
174	177
174	178
175	176
175	177
175	178
175	179
176	177
176	178
176	179
176	180
177	178
177	179
177	180
177	181
178	179
178	180
178	181
178	182
179	180
179	181
179	182
179	183
180	181
180	182
180	183
180	184
181	182
181	183
181	184
181	185
182	183
182	184
182	185
182	186
183	184
183	185
183	186
183	187
184	185
184	186
184	187
185	186
185	187
185	188
186	187
186	188
186	189
187	188
187	189
188	189
188	190
188	191
189	190
189	191
190	191
190	192
190	193
191	192
191	193
192	193
192	194
193	194
193	195
194	195
194	196
195	196
195	197
196	197
196	198
197	198
197	199
198	199
198	291
199	200
199	201
199	228
199	289
199	290
199	291
200	201
200	202
200	204
200	289
200	290
200	291
201	202
201	203
201	204
201	205
201	288
201	289
201	290
202	203
202	204
202	205
202	206
202	282
202	288
202	289
203	204
203	205
203	206
203	207
204	205
204	206
204	207
205	206
205	207
205	211
205	212
205	215
206	207
206	208
206	209
206	210
206	211
206	212
207	208
207	209
207	210
207	212
208	209
208	210
209	210
209	211
210	211
210	212
211	212
211	213
211	275
212	213
212	214
212	215
212	216
213	214
213	215
213	216
213	217
214	215
214	216
214	217
215	216
215	217
215	218
216	217
216	218
216	219
217	218
217	219
218	219
218	220
219	220
219	221
220	221
220	222
220	223
221	222
221	223
221	250
221	251
221	252
222	223
222	224
222	249
222	250
222	251
223	224
223	225
223	249
223	250
223	292
223	293
223	294
223	295
224	225
224	226
224	248
224	249
224	250
224	292
224	293
224	294
224	295
225	226
225	227
225	247
225	248
225	249
225	250
225	290
225	291
225	292
225	293
225	294
226	227
226	228
226	244
226	246
226	247
226	248
226	290
226	291
226	292
226	293
227	228
227	229
227	244
227	245
227	246
227	247
227	289
227	290
227	291
228	229
228	230
228	243
228	244
228	245
228	287
228	288
228	289
228	290
228	291
229	230
229	231
229	232
229	243
229	244
229	245
229	286
229	287
229	288
230	231
230	232
230	243
230	288
231	232
231	233
231	286
232	233
232	234
232	241
232	242
232	243
232	286
233	234
233	235
233	241
233	242
234	235
234	236
234	237
234	238
234	239
234	240
234	241
234	242
235	236
235	237
235	238
235	239
235	240
235	241
236	237
236	238
236	239
237	238
237	239
238	239
238	240
239	240
240	241
240	242
241	242
242	243
242	244
243	244
243	245
244	245
244	246
245	246
246	247
247	248
247	261
248	249
248	250
248	259
248	260
248	261
249	250
249	251
249	259
249	260
249	261
250	251
250	252
250	257
250	258
250	259
250	260
251	252
251	253
251	257
251	258
251	259
251	260
252	253
252	254
252	255
252	256
252	257
252	258
253	254
253	255
253	256
253	257
254	255
254	256
255	256
255	257
256	257
256	258
257	258
257	259
257	273
257	274
258	259
258	260
258	271
258	272
258	273
258	274
259	260
259	261
259	271
259	272
259	273
259	274
260	261
260	270
260	271
260	272
261	262
261	263
261	269
261	270
261	271
262	263
262	264
262	268
262	269
262	270
263	264
263	265
263	266
263	267
263	268
263	269
263	270
264	265
264	266
264	267
264	268
265	266
265	267
266	267
266	268
267	268
268	269
268	270
269	270
270	271
270	272
271	272
271	273
272	273
272	274
272	277
273	274
273	275
273	276
273	277
274	275
274	276
274	277
274	278
275	276
275	277
275	278
275	279
276	277
276	278
276	279
276	280
277	278
277	279
277	280
277	281
278	279
278	280
278	281
278	282
279	280
279	281
279	282
280	281
280	282
280	283
281	282
281	283
281	284
281	287
282	283
282	284
282	287
283	284
283	285
284	285
284	286
284	287
285	286
285	287
286	287
286	288
287	288
287	289
288	289
289	290
290	291
290	292
290	293
291	292
291	293
291	294
292	293
292	294
292	295
293	294
293	295
294	295
294	296
295	296
295	297
296	297
296	298
297	298
297	299
298	299
298	300
299	300
300	301
300	302
301	302
303	304
303	305
304	305
305	306
