0	1
0	2
0	3
0	4
1	2
1	3
1	4
1	5
2	3
2	4
2	5
2	6
3	4
3	5
3	6
4	5
4	6
4	39
5	6
5	7
5	8
5	13
6	7
6	8
7	8
7	9
8	9
8	10
8	12
8	13
9	10
9	11
9	12
9	13
10	11
10	12
10	13
10	14
11	12
11	13
11	14
11	15
11	273
12	13
12	14
12	15
12	16
12	36
12	273
13	14
13	15
13	16
13	17
14	15
14	16
14	17
14	18
15	16
15	17
15	18
15	36
16	17
16	18
16	36
16	39
16	40
16	43
17	18
17	19
17	43
18	19
18	20
19	20
19	21
20	21
20	236
21	22
21	23
21	236
21	237
21	267
22	23
22	236
22	237
22	238
22	265
22	266
22	267
22	268
22	269
23	24
23	25
23	237
23	238
23	239
23	268
23	269
23	270
24	25
24	26
24	238
24	239
24	240
24	269
24	270
24	271
25	26
25	27
25	33
25	239
25	240
25	241
25	270
25	271
25	272
26	27
26	240
26	241
26	242
26	270
26	271
26	272
26	273
27	28
27	29
27	31
27	241
27	242
27	272
27	273
27	274
28	29
28	30
28	31
28	242
28	301
28	302
29	30
29	31
29	593
30	31
30	32
30	276
30	277
30	278
31	32
31	33
31	273
31	274
31	275
31	276
31	277
32	33
32	34
32	35
32	36
33	34
33	35
33	36
33	37
33	240
34	35
34	36
34	37
34	38
34	214
35	36
35	37
35	38
35	39
36	37
36	38
36	39
36	40
37	38
37	39
37	40
37	41
37	212
38	39
38	40
38	41
38	42
38	68
38	71
38	72
39	40
39	41
39	42
39	43
40	41
40	42
40	43
40	44
41	42
41	43
41	44
41	45
42	43
42	44
42	45
42	46
42	76
43	44
43	45
43	46
43	47
43	48
44	45
44	46
44	47
44	48
44	49
44	50
45	46
45	47
45	48
45	49
45	50
45	51
45	52
46	47
46	48
46	49
47	48
47	49
48	49
48	50
49	50
49	51
50	51
50	52
50	54
51	52
51	53
51	54
52	53
52	54
52	55
52	80
52	81
52	82
52	83
53	54
53	55
53	82
53	83
53	207
54	55
54	56
54	83
54	207
54	208
54	209
54	210
55	56
55	57
55	83
55	84
55	208
55	209
55	210
55	211
56	57
56	58
56	83
56	84
56	85
56	208
56	210
56	211
56	212
57	58
57	84
57	85
57	86
57	211
57	212
57	213
58	59
58	65
58	85
58	86
58	87
58	88
58	212
58	213
58	214
59	60
59	61
59	64
59	65
59	86
59	87
59	88
59	213
59	214
59	215
60	61
60	62
60	87
60	88
60	218
61	62
61	63
61	64
61	65
61	87
62	63
62	64
62	65
62	66
62	87
62	530
63	64
63	65
63	66
63	67
63	550
64	65
64	66
64	67
64	68
64	553
65	66
65	67
65	68
65	69
65	86
65	87
66	67
66	68
66	69
66	70
67	68
67	69
67	70
67	71
68	69
68	70
68	71
68	72
69	70
69	71
69	72
69	73
69	85
70	71
70	72
70	73
70	74
71	72
71	73
71	74
71	75
72	73
72	74
72	75
72	76
73	74
73	75
73	76
73	77
73	78
74	75
74	76
74	77
75	76
75	77
76	77
76	78
76	79
76	80
77	78
77	79
78	79
78	80
78	81
79	80
79	81
80	81
80	82
80	83
81	82
81	83
82	83
82	84
83	84
83	85
84	85
84	86
85	86
86	87
86	88
86	90
86	91
87	88
87	89
87	90
87	91
88	89
88	90
88	91
88	92
89	90
89	91
89	92
89	93
89	183
89	186
89	187
90	91
90	92
90	93
90	94
90	529
91	92
91	93
91	94
91	95
92	93
92	94
92	95
92	96
92	186
92	187
92	190
93	94
93	95
93	96
93	97
93	186
94	95
94	96
94	97
94	98
95	96
95	97
95	98
95	99
95	190
96	97
96	98
96	99
96	100
96	103
96	190
97	98
97	99
97	100
97	107
98	99
98	100
98	516
99	100
99	101
99	102
99	103
100	101
100	102
100	103
100	104
100	105
100	106
100	107
101	102
101	103
101	104
101	105
101	106
102	103
102	104
103	104
103	105
103	189
103	193
104	105
104	106
105	106
105	107
105	109
105	179
106	107
106	108
106	109
106	179
107	108
107	109
108	109
108	110
108	521
109	110
109	111
109	179
109	180
109	181
110	111
110	112
110	179
110	180
110	181
111	112
111	113
111	180
111	181
111	182
111	183
111	525
111	528
112	113
112	114
112	116
112	117
112	180
112	181
112	182
112	183
113	114
113	115
113	116
113	117
113	182
113	183
113	528
114	115
114	116
114	117
114	118
115	116
115	117
115	118
115	119
116	117
116	118
116	119
116	120
116	399
117	118
117	119
117	120
117	121
118	119
118	120
118	121
118	122
118	137
118	138
118	141
119	120
119	121
119	122
119	123
120	121
120	122
120	123
120	124
120	399
121	122
121	123
121	124
121	125
121	137
122	123
122	124
122	125
122	126
122	137
123	124
123	125
123	126
123	127
124	125
124	126
124	127
124	128
125	126
125	127
125	128
125	129
125	130
125	132
125	137
126	127
126	128
126	129
126	130
126	131
126	132
127	128
127	129
127	422
127	425
128	129
128	130
129	130
129	131
130	131
130	132
130	135
131	132
131	133
131	134
131	135
132	133
132	134
132	135
132	136
133	134
133	135
133	136
134	135
134	136
135	136
135	137
136	137
136	138
136	139
136	140
137	138
137	139
137	140
137	141
138	139
138	140
138	141
138	142
139	140
139	141
139	142
139	143
140	141
140	142
140	143
140	144
140	164
141	142
141	143
141	144
141	145
142	143
142	144
142	145
142	146
143	144
143	145
143	146
143	147
144	145
144	146
144	147
144	148
144	168
145	146
145	147
145	148
145	149
145	184
146	147
146	148
146	149
146	150
147	148
147	149
147	150
147	151
147	152
148	149
148	150
148	151
148	152
148	153
148	184
148	188
149	150
149	151
149	184
149	220
149	221
149	222
149	252
150	151
150	152
150	221
150	222
151	152
151	153
151	188
151	222
152	153
152	154
152	156
153	154
153	155
153	156
154	155
154	156
154	165
154	168
154	169
155	156
155	157
156	157
158	159
158	160
158	161
158	162
159	160
159	161
159	162
160	161
160	162
160	163
160	164
161	162
161	163
161	164
161	165
162	163
162	164
162	165
162	166
163	164
163	165
163	166
163	167
164	165
164	166
164	167
164	168
165	166
165	167
165	168
165	169
166	167
166	168
166	169
166	170
167	168
167	169
167	170
167	171
168	169
168	170
168	171
168	172
169	170
169	171
169	172
169	173
170	171
170	172
170	173
170	174
171	172
171	173
171	174
171	175
172	173
172	174
172	175
172	176
173	174
173	175
173	176
173	177
174	175
174	176
174	177
174	178
175	176
175	177
175	178
175	179
175	180
175	181
176	177
176	178
176	179
176	180
177	178
177	179
177	430
178	179
178	180
178	396
178	397
178	398
178	430
179	180
179	181
179	397
180	181
180	182
180	397
181	182
181	183
181	185
181	186
182	183
182	184
182	185
182	186
183	184
183	185
183	186
184	185
184	186
184	187
184	188
185	186
185	187
185	188
185	189
186	187
186	188
186	189
186	190
187	188
187	189
187	190
187	191
187	222
188	189
188	190
188	191
188	192
188	222
189	190
189	191
189	192
189	193
190	191
190	192
190	193
190	194
191	192
191	193
191	194
191	195
191	226
192	193
192	194
192	195
192	196
193	194
193	195
193	196
193	197
194	195
194	196
194	197
194	198
194	200
194	201
195	196
195	197
195	198
196	197
196	198
197	198
197	199
197	200
197	201
198	199
198	200
198	201
198	202
199	200
199	201
199	202
199	203
200	201
200	202
200	203
200	204
201	202
201	203
201	204
201	205
202	203
202	204
202	205
202	206
203	204
203	205
203	206
203	207
204	205
204	206
204	207
204	208
205	206
205	207
205	208
205	209
205	230
205	231
205	235
206	207
206	208
206	209
207	208
207	209
208	209
208	210
208	211
209	210
209	211
209	231
209	235
209	236
210	211
210	212
210	235
210	236
210	237
211	212
211	213
211	236
211	237
211	238
212	213
212	214
212	237
212	238
212	239
213	214
213	215
213	216
213	238
213	239
213	240
214	215
214	216
214	239
214	240
214	241
215	216
215	217
215	218
215	240
215	241
216	217
216	218
216	219
216	239
216	240
216	241
217	218
217	219
217	241
217	242
217	243
217	246
217	253
217	255
217	258
218	219
218	220
218	246
218	248
218	253
219	220
219	221
219	223
219	224
219	253
220	221
220	222
220	223
220	224
220	251
220	252
220	253
220	254
221	222
221	223
221	224
221	225
221	252
221	253
222	223
222	224
222	225
222	226
223	224
223	225
223	226
223	227
224	225
224	226
224	227
224	228
225	226
225	227
225	228
225	229
226	227
226	228
226	229
226	230
227	228
227	229
227	230
227	231
228	229
228	230
228	231
228	232
229	230
229	231
229	232
230	231
230	232
231	232
231	233
231	234
231	235
231	236
232	233
232	234
232	235
233	234
233	235
233	266
234	235
234	236
235	236
235	237
236	237
237	238
237	239
238	239
238	240
239	240
239	241
240	241
241	242
241	243
242	243
242	244
242	245
243	244
243	245
243	246
243	255
244	245
244	246
244	586
245	246
245	247
245	586
245	587
245	590
246	247
246	248
246	255
246	583
246	586
247	248
247	249
247	583
247	586
247	587
248	249
248	250
248	251
248	252
248	253
249	250
249	251
249	252
249	253
249	254
250	251
250	252
251	252
251	253
252	253
252	254
253	254
253	255
254	255
254	256
254	257
255	256
255	257
255	258
256	257
256	258
256	259
256	260
257	258
257	259
257	260
257	261
258	259
258	260
258	261
258	262
259	260
259	261
259	262
259	263
260	261
260	262
260	263
260	264
261	262
261	263
261	264
261	265
262	263
262	264
262	265
262	268
262	269
263	264
263	265
264	265
264	266
265	266
265	267
265	268
266	267
266	268
267	268
267	269
268	269
269	270
269	271
270	271
270	272
271	272
271	273
272	273
272	274
273	274
273	275
274	275
274	276
274	302
274	303
275	276
275	277
275	302
275	303
275	304
276	277
276	278
276	279
276	302
276	303
276	304
277	278
277	279
277	304
278	279
278	596
279	280
279	281
279	283
279	284
279	595
279	596
279	597
280	281
280	282
280	283
280	284
280	306
280	307
280	308
280	309
280	596
280	597
281	282
281	283
281	284
281	285
281	304
281	306
281	307
281	308
281	309
282	283
282	284
282	285
282	286
282	308
282	309
282	311
282	629
283	284
283	285
283	286
283	287
283	592
284	285
284	286
284	287
284	288
285	286
285	287
285	288
285	289
286	287
286	288
286	289
286	290
286	625
286	626
286	629
287	288
287	289
287	290
287	291
287	589
287	592
287	593
288	289
288	290
288	291
288	292
288	301
289	290
289	291
289	292
289	293
289	624
289	625
289	626
290	291
290	292
290	293
290	589
290	624
290	625
291	292
291	293
291	294
291	585
291	586
291	589
292	293
292	294
293	294
293	295
294	295
294	296
294	297
294	582
295	296
295	297
296	297
296	298
297	298
297	299
298	299
298	300
299	300
299	301
300	301
300	302
301	302
301	303
302	303
303	304
304	305
304	306
305	306
305	307
306	307
306	308
307	308
307	309
308	309
308	310
309	310
309	311
309	597
310	311
310	312
310	598
311	312
311	313
311	629
311	630
311	631
312	313
312	314
312	598
312	599
312	600
312	629
312	630
312	631
313	314
313	315
313	599
313	600
313	601
313	630
313	631
313	632
313	633
314	315
314	316
314	600
314	601
314	602
314	630
314	631
314	632
314	633
315	316
315	317
315	601
315	602
315	603
315	632
315	633
316	317
316	318
316	602
316	603
316	604
316	605
317	318
317	319
317	322
317	323
317	602
317	603
317	604
317	605
318	319
318	322
318	604
318	605
318	606
319	320
319	321
319	322
319	323
319	604
319	605
319	606
319	607
320	321
320	322
320	323
320	324
320	604
320	607
321	322
321	323
321	324
321	325
321	356
322	323
322	324
322	325
322	326
323	324
323	325
323	326
323	327
323	602
323	603
323	604
324	325
324	326
324	327
324	328
324	356
324	357
324	360
325	326
325	327
325	328
325	329
325	360
326	327
326	328
326	329
326	330
327	328
327	329
327	330
327	331
328	329
328	330
328	331
328	332
328	361
329	330
329	331
329	332
329	333
330	331
330	332
330	333
330	334
331	332
331	333
331	334
331	335
332	333
332	334
332	335
332	336
333	334
333	335
333	336
333	337
334	335
334	336
334	337
334	338
334	339
335	336
335	337
335	338
335	339
335	340
335	341
336	337
336	338
337	338
337	339
338	339
338	340
339	340
339	341
340	341
340	342
340	343
340	541
341	342
341	343
341	344
341	541
341	542
341	543
342	343
342	344
342	541
342	542
342	543
342	544
343	344
343	345
343	556
343	557
343	558
344	345
344	346
344	543
344	544
344	556
344	557
344	558
344	559
345	346
345	347
345	543
345	544
345	545
345	556
345	558
345	559
345	560
346	347
346	348
346	544
346	545
346	546
346	559
346	560
346	561
347	348
347	545
347	546
347	547
347	548
347	560
347	561
347	562
348	349
348	350
348	353
348	546
348	547
348	548
348	561
348	562
348	563
349	350
349	351
349	547
349	548
349	569
350	351
350	352
350	353
350	547
351	352
351	353
351	354
351	372
351	373
351	547
352	353
352	354
352	355
353	354
353	355
353	356
354	355
354	356
354	357
354	358
355	356
355	357
355	358
355	359
356	357
356	358
356	359
356	360
357	358
357	359
357	360
357	361
358	359
358	360
358	361
358	362
359	360
359	361
359	362
359	363
360	361
360	362
360	363
360	364
361	362
361	363
361	364
361	365
361	366
362	363
362	364
362	365
362	366
363	364
363	365
364	365
364	366
365	366
365	367
366	367
366	368
367	368
367	542
367	543
368	369
368	370
368	542
368	543
368	544
369	370
369	371
369	542
369	543
369	544
369	545
370	371
370	372
370	544
370	545
370	546
371	372
371	532
371	533
371	545
371	546
372	373
372	374
372	375
372	532
372	533
372	546
373	374
373	375
373	532
374	375
374	376
374	378
375	376
375	377
375	378
375	379
375	531
375	532
375	534
376	377
376	378
376	379
376	534
376	535
377	378
377	379
377	382
377	383
377	527
377	531
377	534
378	379
378	380
378	382
378	383
379	380
379	381
379	382
379	383
380	381
380	382
380	383
380	384
381	382
381	383
381	384
381	385
381	499
381	503
382	383
382	384
382	385
382	386
382	503
383	384
383	385
383	386
383	387
384	385
384	386
384	387
384	388
384	403
384	404
385	386
385	387
385	388
385	389
385	479
386	387
386	388
386	389
386	390
387	388
387	389
387	390
387	391
387	400
387	403
387	404
388	389
388	390
388	391
388	392
388	400
388	404
389	390
389	391
389	392
389	393
390	391
390	392
390	393
390	394
390	397
390	400
391	392
391	393
391	394
391	395
391	397
391	400
391	401
392	393
392	394
392	395
392	459
392	463
393	394
393	395
394	395
394	396
394	397
395	396
395	397
395	432
396	397
396	398
396	430
396	431
396	432
397	398
397	399
397	400
397	401
398	399
398	400
398	401
398	402
398	430
398	431
399	400
399	401
399	402
399	403
400	401
400	402
400	403
400	404
401	402
401	403
401	404
401	405
402	403
402	404
402	405
403	404
403	405
404	405
404	406
404	407
405	406
405	407
406	407
406	408
406	409
406	410
406	412
407	408
407	409
408	409
408	410
408	483
408	484
408	487
409	410
409	411
410	411
410	412
410	451
411	412
411	413
411	448
411	451
412	413
412	414
412	416
412	417
412	448
412	451
412	452
413	414
413	415
413	416
413	417
414	415
414	416
414	417
414	418
415	416
415	417
415	418
415	419
416	417
416	418
416	419
416	420
416	448
417	418
417	419
417	420
417	421
418	419
418	420
418	421
418	422
419	420
419	421
419	422
419	423
420	421
420	422
420	423
420	424
420	431
420	434
420	435
421	422
421	423
421	424
421	425
421	431
422	423
422	424
422	425
422	426
423	424
423	425
423	426
423	427
423	434
424	425
424	426
424	427
424	428
424	429
424	430
424	431
424	434
425	426
425	427
425	428
425	429
426	427
426	428
427	428
427	429
428	429
429	430
429	431
429	433
429	434
430	431
430	432
430	433
430	434
431	432
431	433
431	434
431	435
432	433
432	434
432	435
432	436
433	434
433	435
433	436
433	437
434	435
434	436
434	437
434	438
435	436
435	437
435	438
435	439
436	437
436	438
436	439
436	440
437	438
437	439
437	440
437	441
438	439
438	440
438	441
438	442
438	443
438	444
439	440
439	441
439	442
439	443
439	444
439	449
440	441
440	442
441	442
441	443
442	443
442	444
443	444
443	445
444	445
444	446
444	448
444	449
445	446
445	447
445	448
445	449
446	447
446	448
446	449
446	450
447	448
447	449
447	450
447	451
448	449
448	450
448	451
448	452
449	450
449	451
449	452
449	453
450	451
450	452
450	453
450	454
451	452
451	453
451	454
451	455
452	453
452	454
452	455
452	456
453	454
453	455
453	456
453	457
454	455
454	456
454	457
454	458
455	456
455	457
455	458
455	459
456	457
456	458
456	459
456	460
457	458
457	459
457	460
457	461
458	459
458	460
458	461
458	462
459	460
459	461
459	462
459	463
460	461
460	462
460	463
460	464
461	462
461	463
461	464
461	465
462	463
462	464
462	465
462	466
462	478
463	464
463	465
463	466
463	467
464	465
464	466
464	467
465	466
465	467
466	467
466	468
466	469
466	474
467	468
467	469
468	469
469	470
469	471
469	473
469	474
470	471
470	472
470	473
470	474
471	472
471	473
471	474
471	475
471	510
471	511
471	519
471	520
472	473
472	474
472	475
472	476
472	507
472	510
472	511
473	474
473	475
473	476
473	477
474	475
474	476
474	477
474	478
475	476
475	477
475	478
475	479
475	507
476	477
476	478
476	479
476	480
476	507
477	478
477	479
477	480
477	481
478	479
478	480
478	481
478	482
479	480
479	481
479	482
479	483
479	484
479	485
480	481
480	482
480	483
480	484
480	485
481	482
481	483
482	483
482	484
483	484
483	485
483	486
483	487
484	485
484	486
484	487
484	488
485	486
485	487
485	488
485	489
485	500
486	487
486	488
486	489
486	490
487	488
487	489
487	490
487	491
488	489
488	490
488	491
488	496
488	499
488	500
489	490
489	491
489	496
489	497
489	500
490	491
490	492
490	496
491	492
491	493
491	496
492	493
492	494
492	495
492	496
493	494
493	495
493	496
493	497
494	495
494	496
495	496
495	497
495	498
495	499
496	497
496	498
496	499
496	500
497	498
497	499
497	500
497	501
498	499
498	500
498	501
498	502
499	500
499	501
499	502
499	503
500	501
500	502
500	503
500	504
501	502
501	503
501	504
501	505
502	503
502	504
502	505
502	506
503	504
503	505
503	506
503	507
504	505
504	506
504	507
504	508
505	506
505	507
505	508
505	509
506	507
506	508
506	509
506	510
507	508
507	509
507	510
507	511
508	509
508	510
508	511
508	512
509	510
509	511
509	512
509	513
509	535
510	511
510	512
510	513
511	512
511	513
512	513
512	514
513	514
515	516
515	517
516	517
517	518
517	519
517	521
517	522
518	519
518	520
518	521
518	522
519	520
519	521
519	522
519	523
520	521
520	522
520	523
520	524
521	522
521	523
521	524
521	525
522	523
522	524
522	525
522	526
523	524
523	525
523	526
523	527
524	525
524	526
524	527
524	528
525	526
525	527
525	528
525	529
526	527
526	528
526	529
526	530
527	528
527	529
527	530
527	531
528	529
528	530
528	531
529	530
529	531
530	531
530	532
530	533
531	532
531	533
531	534
532	533
532	534
533	534
533	535
534	535
534	536
535	536
535	537
536	537
536	538
537	538
537	539
538	539
538	540
539	540
539	541
540	541
540	542
541	542
542	543
542	544
543	544
543	545
544	545
544	546
545	546
546	547
546	548
546	550
546	551
547	548
547	549
547	550
547	551
548	549
548	550
548	551
548	552
548	587
548	591
549	550
549	551
549	552
550	551
550	552
551	552
551	553
551	554
552	553
552	554
552	590
553	554
553	555
554	555
554	594
555	556
555	594
555	595
555	596
556	557
556	558
556	559
556	594
556	595
556	596
557	558
557	559
557	595
557	596
557	597
557	598
558	559
558	560
558	595
558	596
558	597
558	598
558	599
559	560
559	561
559	595
559	598
559	599
559	600
560	561
560	562
560	599
560	600
560	601
561	562
561	563
561	600
561	601
561	602
562	563
562	564
562	601
562	602
562	603
563	564
563	565
563	568
563	569
563	602
563	603
563	604
564	565
564	568
564	569
564	601
564	602
564	603
564	618
564	619
565	566
565	567
565	568
565	569
565	603
565	616
565	617
565	618
565	619
566	567
566	568
566	569
566	570
566	571
566	616
566	617
566	618
566	619
566	620
567	568
567	569
567	570
567	571
567	572
567	616
568	569
568	570
568	571
569	570
569	571
569	619
570	571
570	572
570	574
570	581
570	584
570	619
571	572
571	573
571	574
572	573
572	574
572	575
572	576
573	574
573	575
573	576
574	575
574	576
574	577
574	580
574	581
575	576
575	577
575	580
575	581
576	577
577	578
577	579
577	580
578	579
578	580
579	580
579	581
579	582
579	583
580	581
580	582
580	583
580	584
581	582
581	583
581	584
581	585
582	583
582	584
582	585
582	586
583	584
583	585
583	586
583	587
584	585
584	586
584	587
584	588
585	586
585	587
585	588
585	589
586	587
586	588
586	589
586	590
587	588
587	589
587	590
587	591
588	589
588	590
588	591
588	592
589	590
589	591
589	592
589	593
590	591
590	592
590	593
590	594
591	592
591	593
591	594
592	593
592	594
592	595
593	594
593	595
594	595
594	596
595	596
595	597
595	598
595	599
596	597
596	598
597	598
598	599
598	600
599	600
599	601
600	601
600	602
601	602
602	603
602	604
603	604
603	605
603	618
604	605
604	606
604	607
605	606
605	615
605	616
606	607
606	613
606	614
606	615
606	616
607	608
607	609
607	613
607	614
607	615
608	609
608	610
608	611
608	612
608	613
608	614
609	610
609	611
609	612
609	613
609	614
610	611
610	612
611	612
611	613
612	613
612	614
613	614
613	615
614	615
614	616
615	616
615	617
616	617
616	618
617	618
617	619
618	619
618	620
619	620
619	621
619	622
620	621
620	622
620	623
620	624
621	622
621	623
621	624
621	625
622	623
622	624
622	625
623	624
623	625
624	625
624	626
625	626
625	627
626	627
626	628
626	629
627	628
627	629
627	630
628	629
628	630
629	630
629	631
630	631
630	632
631	632
631	633
632	633
632	634
633	634
633	635
634	635
634	636
634	637
635	636
635	637
636	637
636	638
637	638
637	639
638	639
638	640
639	640
639	641
640	641
640	642
641	642
641	643
642	643
642	644
643	644
643	645
644	645
644	646
645	646
645	647
646	647
646	648
647	648
648	649
648	650
649	650
649	651
650	651
