0	1
0	2
1	2
1	3
1	4
2	3
2	4
2	76
3	4
3	29
4	5
4	6
4	29
5	6
5	7
5	26
5	27
5	28
5	29
6	7
6	8
6	26
6	27
6	28
7	8
7	24
7	25
7	26
7	27
8	9
8	10
8	24
8	25
8	26
8	157
9	10
9	22
9	23
9	24
9	25
9	156
9	157
10	11
10	12
10	22
10	23
10	24
10	25
10	155
10	156
10	157
11	12
11	13
11	20
11	21
11	22
11	23
11	65
11	155
11	156
12	13
12	14
12	20
12	21
12	22
12	64
12	65
13	14
13	15
13	20
13	21
13	63
13	64
13	65
14	15
14	61
14	62
14	63
14	64
15	16
15	17
15	18
15	61
15	62
15	63
16	17
16	18
16	53
16	54
16	55
17	18
17	53
17	54
18	19
18	20
19	20
19	21
19	371
20	21
20	22
20	371
21	22
21	23
22	23
22	368
23	24
23	25
24	25
24	26
24	139
25	26
25	27
25	136
25	137
25	138
25	139
26	27
26	28
26	136
26	137
26	138
26	139
27	28
27	29
27	135
27	136
27	137
27	138
27	159
28	29
28	30
28	135
28	136
29	30
29	31
29	36
30	31
30	32
30	34
30	35
30	36
30	77
30	78
30	160
31	32
31	33
31	34
31	78
31	79
31	80
32	33
32	34
32	78
32	79
32	80
32	81
33	34
33	78
33	79
33	80
33	81
33	82
33	162
33	163
34	35
34	36
34	77
34	78
34	160
34	161
34	162
34	163
35	36
35	37
35	76
35	77
35	78
35	160
35	161
35	162
35	163
36	37
36	74
36	75
36	76
36	77
36	158
36	159
36	160
36	161
37	38
37	39
37	40
37	72
37	73
37	74
37	75
37	158
37	159
37	160
38	39
38	40
38	41
38	72
38	73
38	74
38	75
38	157
38	158
38	159
39	40
39	41
39	42
39	71
39	72
39	73
39	157
39	158
39	391
40	41
40	42
40	71
40	72
40	73
40	156
40	157
40	158
40	391
41	42
41	71
41	72
41	175
41	389
41	390
41	391
42	43
42	44
42	70
42	71
42	72
42	175
42	176
42	179
42	180
42	387
42	388
42	389
42	390
42	391
43	44
43	45
43	69
43	70
43	71
43	154
43	179
43	180
43	387
43	388
43	389
43	390
44	45
44	46
44	69
44	70
44	179
44	180
44	181
44	385
44	386
44	387
44	388
45	46
45	47
45	49
45	385
45	386
45	387
46	47
46	48
46	49
47	48
47	49
47	50
47	51
48	49
48	50
48	51
48	52
49	50
49	51
49	52
49	53
49	66
49	67
50	51
50	52
50	53
50	54
51	52
51	53
51	54
51	55
51	56
51	57
52	53
52	54
52	55
52	56
52	57
52	58
52	59
53	54
53	55
54	55
54	56
55	56
55	57
55	58
56	57
56	58
56	309
56	310
56	311
57	58
57	59
57	309
57	310
57	311
58	59
58	60
58	311
59	60
59	61
59	62
59	123
59	124
59	127
60	61
60	62
60	63
60	64
60	125
60	126
60	127
60	147
61	62
61	63
61	64
61	147
62	63
62	64
62	147
63	64
63	146
63	147
64	65
64	66
64	146
64	147
64	148
64	149
65	66
65	67
65	147
65	148
65	149
65	153
65	155
66	67
66	68
66	149
66	153
66	154
66	155
67	68
67	69
67	153
67	154
67	155
68	69
68	70
68	96
68	152
68	153
68	154
69	70
69	179
69	180
69	181
69	183
69	184
70	71
70	93
70	94
70	154
70	179
70	180
70	181
70	183
71	72
71	92
71	93
71	94
71	175
71	179
71	180
72	73
72	74
72	91
72	92
72	93
72	175
73	74
73	75
73	89
73	90
73	91
73	92
74	75
74	76
74	87
74	88
74	89
74	90
74	91
74	92
75	76
75	88
75	89
76	77
76	78
76	88
77	78
77	79
77	80
77	82
77	87
77	88
78	79
78	80
78	81
78	82
79	80
79	81
79	82
80	81
80	82
81	82
81	83
82	83
82	84
82	85
82	86
82	163
83	84
83	85
83	86
84	85
84	86
85	86
85	87
85	90
85	168
86	87
86	90
86	168
87	88
87	89
87	90
88	89
88	90
89	90
89	91
90	91
90	92
90	168
90	171
91	92
91	168
91	169
91	170
91	171
92	93
92	94
92	166
92	167
92	168
92	169
93	94
93	95
93	166
93	167
93	168
93	180
93	183
94	95
94	96
94	152
94	165
94	166
94	167
94	183
95	96
95	97
95	98
95	152
95	165
95	166
95	183
95	339
96	97
96	98
96	150
96	151
96	152
96	165
97	98
97	99
97	113
97	114
97	117
97	165
97	339
98	99
98	100
98	114
98	116
98	117
98	164
98	165
98	339
99	100
99	101
99	106
99	114
99	164
99	165
99	338
99	339
99	340
100	101
100	102
100	103
100	106
100	114
100	164
101	102
101	103
101	106
101	107
102	103
102	104
102	106
102	107
103	104
103	105
103	106
103	107
103	115
104	105
104	106
104	107
104	108
105	106
105	107
105	108
105	111
105	112
105	113
105	114
105	115
106	107
106	108
106	111
106	112
106	114
107	108
107	109
108	109
108	110
108	111
109	110
109	111
110	111
110	112
111	112
111	113
112	113
112	114
112	336
112	337
112	338
113	114
113	115
113	333
114	115
114	116
114	117
115	116
115	117
116	117
116	118
117	118
117	119
118	119
118	120
118	121
118	122
118	123
118	124
118	125
118	126
118	150
118	151
119	120
119	121
119	122
119	123
119	124
119	150
120	121
120	122
120	123
120	124
121	122
121	123
121	124
121	125
121	126
122	123
122	124
122	125
122	126
123	124
123	125
123	126
123	127
124	125
124	126
124	127
125	126
125	127
125	128
126	127
126	128
127	128
127	147
127	148
127	149
127	150
128	129
128	130
128	132
128	133
128	134
128	147
128	148
128	151
129	130
129	131
129	132
129	133
129	134
129	151
129	162
130	131
130	132
130	162
131	132
131	133
132	133
133	134
133	135
134	135
134	136
134	144
134	145
134	146
134	147
134	148
135	136
135	160
136	137
136	138
136	139
136	144
136	145
136	146
137	138
137	139
137	140
137	141
137	142
137	143
137	144
137	145
137	146
138	139
138	140
138	141
138	142
138	143
138	144
138	145
138	146
139	140
139	141
139	142
139	143
139	144
139	145
139	146
140	141
140	142
140	143
141	142
141	143
141	144
141	145
142	143
142	144
142	145
142	146
143	144
143	145
143	146
144	145
144	146
144	147
145	146
145	147
146	147
146	148
147	148
147	149
148	149
148	150
148	151
148	152
148	153
149	150
149	151
149	152
149	153
150	151
150	152
151	152
151	153
151	161
151	165
152	153
152	154
152	161
153	154
153	155
153	159
154	155
154	156
154	159
155	156
156	157
156	158
156	159
157	158
157	159
157	391
158	159
159	160
159	161
160	161
161	162
161	163
161	165
162	163
162	164
162	165
163	164
163	165
163	166
164	165
164	166
165	166
166	167
166	168
166	340
167	168
167	169
167	340
167	343
167	344
168	169
168	344
169	170
169	171
169	344
169	347
170	171
170	172
170	173
171	172
171	173
172	173
172	174
173	174
173	175
174	175
174	176
174	177
174	178
175	176
175	177
175	178
175	179
175	180
176	177
176	178
176	179
176	180
176	387
177	178
177	179
177	180
177	181
177	357
178	179
178	180
178	181
178	182
178	347
179	180
179	181
179	182
179	183
180	181
180	182
180	183
181	182
181	183
181	184
181	185
181	186
182	183
182	184
182	185
182	186
182	187
182	343
183	184
183	185
184	185
184	186
184	187
184	188
184	334
185	186
185	187
185	188
185	189
185	212
185	213
186	187
186	188
186	189
186	190
186	213
186	216
187	188
187	189
187	190
187	191
187	334
187	335
188	189
188	190
188	191
188	192
188	213
188	334
188	335
189	190
189	191
189	192
189	193
189	213
189	214
189	216
189	217
189	335
190	191
190	192
190	193
190	194
190	216
190	217
190	219
190	220
190	335
191	192
191	193
191	194
191	195
191	196
191	335
191	336
191	337
192	193
192	194
192	195
192	196
192	197
192	217
192	335
192	336
193	194
193	195
193	196
193	197
193	198
193	199
193	217
193	220
193	221
194	195
194	196
194	197
194	198
194	199
194	220
194	224
195	196
195	197
195	198
195	335
195	336
196	197
196	198
196	335
196	336
197	198
197	199
197	300
197	302
198	199
198	200
199	200
199	221
199	224
199	274
200	201
200	202
200	203
200	224
200	225
200	226
201	202
201	203
201	224
201	225
201	226
202	203
202	204
202	225
202	226
202	227
203	204
203	205
203	226
203	227
203	228
203	273
204	205
204	226
204	227
204	228
204	229
204	272
204	273
204	274
205	206
205	207
205	228
205	229
205	230
205	272
205	273
205	274
205	275
206	207
206	208
206	229
206	230
206	231
206	272
206	274
206	275
206	276
207	208
207	209
207	214
207	230
207	231
207	232
207	275
207	276
207	277
208	209
208	210
208	231
208	232
208	233
208	276
208	277
208	278
208	279
209	210
209	211
209	214
209	232
209	233
209	278
209	279
210	211
210	212
210	214
210	215
210	231
210	233
210	238
210	242
211	212
211	213
211	214
211	215
211	384
212	213
212	214
212	215
212	216
212	360
212	384
212	385
213	214
213	215
213	216
213	217
213	278
214	215
214	216
214	217
214	218
214	278
215	216
215	217
215	218
215	219
215	242
216	217
216	218
216	219
216	220
217	218
217	219
217	220
217	221
218	219
218	220
218	221
218	222
218	245
218	246
218	247
219	220
219	221
219	222
219	223
219	245
219	246
220	221
220	222
220	223
220	224
221	222
221	223
221	224
221	225
221	226
222	223
222	224
222	225
222	226
222	246
223	224
223	225
224	225
224	226
225	226
225	227
226	227
226	228
226	229
227	228
227	229
228	229
228	230
228	248
229	230
229	231
229	247
229	248
229	249
230	231
230	232
230	247
230	248
230	249
230	250
231	232
231	233
231	242
231	247
231	249
231	250
231	251
232	233
232	250
232	251
232	252
233	234
233	235
233	236
233	251
233	252
234	235
234	236
234	252
234	253
234	254
235	236
235	237
235	238
236	237
236	238
236	239
236	252
237	238
237	239
237	240
238	239
238	240
238	241
238	242
239	240
239	241
239	242
239	243
239	250
240	241
240	242
240	243
240	244
241	242
241	243
241	244
241	245
242	243
242	244
242	245
242	246
242	247
243	244
243	245
243	246
243	247
243	248
244	245
244	246
245	246
245	247
246	247
246	248
247	248
247	249
248	249
249	250
249	251
250	251
250	252
251	252
251	253
252	253
252	254
252	255
253	254
253	255
253	256
253	260
254	255
254	256
255	256
256	257
256	258
257	258
257	259
258	259
258	260
258	262
258	263
259	260
259	261
259	262
259	263
260	261
260	262
260	263
260	264
261	262
261	263
261	264
261	265
261	287
261	290
261	291
261	292
262	263
262	264
262	265
262	266
263	264
263	265
263	266
263	267
264	265
264	266
264	267
264	268
264	271
264	292
265	266
265	267
265	268
265	269
265	270
265	271
265	272
265	292
266	267
266	268
266	269
266	270
267	268
267	269
268	269
268	270
268	271
268	272
269	270
269	271
270	271
270	295
271	272
271	273
271	292
271	293
271	294
271	295
272	273
272	274
272	275
272	292
272	293
272	294
272	295
272	299
273	274
273	293
273	294
273	295
273	299
273	300
274	275
274	276
274	293
274	294
274	299
274	300
274	301
275	276
275	277
275	288
275	293
275	294
275	300
275	301
275	302
276	277
276	278
276	288
276	301
276	302
276	303
276	304
277	278
277	279
277	284
277	285
277	288
277	302
277	303
277	304
277	305
278	279
278	280
278	303
278	304
278	305
279	280
279	281
279	305
280	281
280	282
280	305
280	306
280	307
280	308
281	282
281	283
281	284
281	285
281	307
281	308
282	283
282	284
282	285
282	286
282	307
282	308
282	316
283	284
283	285
283	286
283	287
284	285
284	286
284	287
284	288
285	286
285	287
285	288
285	289
285	303
286	287
286	288
286	289
286	290
286	291
286	318
287	288
287	289
287	290
287	291
287	292
288	289
288	290
288	291
288	292
288	293
288	294
288	301
289	290
289	291
289	292
289	293
289	294
289	301
290	291
290	292
290	293
290	294
290	322
291	292
291	293
291	294
291	322
292	293
292	294
292	295
293	294
293	295
293	296
293	299
293	300
293	301
294	295
294	296
294	299
294	300
294	301
295	296
295	297
295	298
295	299
296	297
296	298
296	299
296	322
296	325
296	326
296	327
297	298
297	299
297	325
297	326
297	327
298	299
298	300
298	326
298	327
299	300
299	301
299	327
299	328
300	301
300	302
300	327
300	328
300	329
301	302
301	303
301	328
301	329
301	330
302	303
302	304
302	329
302	330
302	331
303	304
303	305
303	330
303	331
303	332
304	305
304	306
304	331
304	332
305	306
305	307
305	308
306	307
306	308
306	309
306	310
307	308
307	309
307	310
307	311
308	309
308	310
308	311
309	310
309	311
309	312
309	313
309	314
310	311
310	312
310	313
310	314
311	312
311	313
311	314
312	313
312	314
312	315
313	314
313	315
313	316
314	315
314	316
315	316
315	317
316	317
316	318
317	318
318	319
318	320
319	320
319	321
319	322
320	321
320	322
320	323
320	324
321	322
321	323
321	324
321	325
322	323
322	324
322	325
322	327
323	324
323	325
323	326
323	327
323	328
324	325
324	326
325	326
325	327
326	327
326	328
327	328
327	329
328	329
328	330
329	330
330	331
331	332
332	333
332	334
332	335
332	336
333	334
333	335
333	336
334	335
334	336
334	337
335	336
335	337
336	337
336	338
337	338
337	339
337	342
338	339
338	340
338	341
338	342
339	340
339	341
339	342
339	343
340	341
340	342
340	343
341	342
341	343
341	344
342	343
342	344
342	345
342	346
343	344
343	345
343	346
343	347
344	345
344	346
344	347
344	348
345	346
345	347
345	348
345	349
346	347
346	348
346	349
346	350
347	348
347	349
347	350
347	351
348	349
348	350
348	351
348	352
349	350
349	351
349	352
349	353
349	354
350	351
350	352
350	353
350	354
350	355
350	356
351	352
351	353
352	353
352	354
353	354
353	355
353	356
354	355
355	356
355	357
356	357
356	358
356	359
357	358
357	359
357	360
358	359
358	360
358	361
359	360
359	361
360	361
360	362
360	384
360	385
361	362
361	363
361	384
361	385
361	386
362	363
362	383
362	384
362	385
362	386
363	364
363	365
363	383
363	385
363	386
363	387
364	365
364	386
364	387
364	388
365	366
365	367
365	369
365	387
365	388
365	389
365	390
366	367
366	368
366	369
366	388
366	389
366	390
366	391
367	368
367	369
367	370
367	388
367	389
367	390
367	391
368	369
368	370
369	370
369	371
369	372
369	373
370	371
370	372
370	373
370	374
371	372
371	373
371	374
371	375
372	373
372	374
372	375
372	376
373	374
373	375
373	376
373	377
373	386
374	375
374	376
374	377
374	378
375	376
375	377
375	378
375	379
376	377
376	378
376	379
376	380
376	381
376	382
376	383
377	378
377	379
377	380
377	381
377	382
377	383
377	384
378	379
378	380
379	380
379	381
379	382
380	381
380	382
380	383
381	382
381	383
382	383
383	384
383	385
383	386
384	385
384	386
385	386
385	387
386	387
386	388
387	388
387	389
387	390
388	389
388	390
388	391
389	390
389	391
390	391
