0	1
0	2
0	186
1	2
2	3
2	4
3	4
3	5
4	5
4	6
4	7
4	176
4	177
4	178
5	6
5	7
5	27
5	177
5	178
5	179
6	7
6	8
6	24
6	176
6	177
7	8
7	175
7	176
7	177
8	9
8	174
8	175
8	176
9	10
9	11
9	172
9	173
9	174
9	175
10	11
10	12
10	172
10	173
10	174
11	12
11	13
11	171
11	172
11	173
12	13
12	14
12	170
12	171
12	172
13	14
13	15
13	16
13	17
13	156
13	168
13	169
13	170
13	171
14	15
14	16
14	168
14	169
14	170
15	16
15	17
15	167
15	168
15	169
16	17
16	18
16	156
16	167
17	18
17	19
17	154
17	155
17	156
17	157
17	164
17	167
18	19
18	20
18	154
18	155
18	156
19	20
19	21
19	153
19	154
19	155
20	21
20	22
20	23
20	24
20	153
20	154
21	22
21	23
21	24
21	25
21	152
21	153
21	154
22	23
22	24
22	25
23	24
23	25
24	25
24	26
24	27
24	28
24	153
25	26
25	27
25	28
25	153
26	27
26	28
27	28
27	29
28	29
28	143
28	179
29	30
29	31
29	179
30	31
30	32
30	179
31	32
31	33
31	116
31	141
32	33
32	114
32	115
32	116
32	141
32	179
32	180
32	181
33	34
33	35
33	113
33	114
33	115
33	177
33	178
33	179
33	180
33	181
34	35
34	36
34	112
34	113
34	114
34	177
34	178
34	179
34	180
34	181
34	182
35	36
35	37
35	111
35	112
35	113
35	176
35	177
35	178
36	37
36	38
36	110
36	111
36	112
36	175
36	176
36	177
37	38
37	39
37	109
37	110
37	111
37	172
37	174
37	175
37	176
38	39
38	107
38	108
38	109
38	110
38	172
38	173
38	174
38	175
39	40
39	41
39	107
39	108
39	109
39	171
39	172
39	173
40	41
40	42
40	105
40	106
40	107
40	108
40	170
40	171
40	172
41	42
41	43
41	44
41	99
41	105
41	169
41	170
41	171
42	43
42	44
42	99
42	100
42	105
42	170
43	44
43	45
43	169
43	170
44	45
44	46
44	71
44	168
44	169
44	170
45	46
45	47
45	48
45	71
45	168
45	169
46	47
46	48
46	70
46	71
47	48
47	69
47	70
47	71
47	166
48	49
48	50
48	68
48	69
48	70
48	157
48	166
48	167
48	168
49	50
49	51
49	52
49	66
49	67
49	68
49	69
49	156
49	157
49	158
49	166
49	167
49	168
50	51
50	52
50	67
50	68
50	155
50	156
50	157
50	168
51	52
51	66
51	67
51	154
51	155
51	156
51	157
52	53
52	54
52	65
52	66
52	67
52	153
52	154
52	155
52	157
52	158
53	54
53	64
53	65
53	66
53	149
53	150
53	152
53	153
53	154
54	55
54	56
54	63
54	64
54	65
54	149
54	150
54	151
54	152
54	153
54	158
54	159
54	160
55	56
55	57
55	60
55	63
55	64
55	148
55	149
55	150
55	151
55	152
55	160
56	57
56	58
56	60
56	61
56	151
56	152
56	159
56	160
56	161
56	162
57	58
57	59
57	60
57	161
57	162
58	59
58	60
58	161
59	60
59	61
60	61
60	62
60	63
61	62
61	63
61	160
61	161
62	63
62	64
62	81
62	82
62	83
63	64
63	81
63	82
63	83
63	145
63	146
63	147
64	65
64	66
64	80
64	81
64	82
64	145
65	66
65	79
65	80
65	81
65	142
66	67
66	68
66	78
66	79
66	80
67	68
67	77
67	78
67	79
68	69
68	76
68	77
68	78
69	70
69	71
69	73
69	74
69	75
69	76
69	77
70	71
70	72
70	73
70	74
70	75
70	76
71	72
71	73
71	638
72	73
72	74
72	75
72	95
72	638
72	639
73	74
73	75
73	76
73	94
73	95
73	96
73	97
73	639
74	75
74	76
74	77
74	92
74	93
74	94
74	95
74	96
74	97
75	76
75	77
75	92
75	93
75	94
75	95
75	96
75	97
76	77
76	92
76	93
76	94
76	96
77	78
77	79
77	91
77	92
77	93
78	79
78	80
78	90
78	91
78	92
79	80
79	81
79	89
79	90
79	91
80	81
80	88
80	89
80	90
80	142
81	82
81	83
81	87
81	88
81	89
82	83
82	84
82	85
82	86
82	87
82	88
82	145
82	146
82	147
83	84
83	85
83	86
83	87
84	85
84	86
85	86
85	87
86	87
86	88
87	88
87	89
88	89
88	90
89	90
89	91
90	91
90	92
91	92
92	93
92	94
92	132
93	94
93	95
93	96
93	131
93	132
94	95
94	96
94	668
95	96
95	97
95	640
95	661
96	97
96	126
96	131
97	98
97	99
97	108
98	99
98	100
98	106
98	108
99	100
99	105
99	106
99	635
99	636
100	101
100	102
100	103
100	104
100	105
100	106
100	635
100	636
101	102
101	103
101	104
101	105
101	106
101	195
101	634
101	635
102	103
102	104
102	685
103	104
103	105
104	105
104	106
105	106
105	107
106	107
106	108
107	108
107	109
107	193
108	109
108	110
108	126
108	127
109	110
109	111
109	126
109	127
109	192
110	111
110	112
110	125
110	126
110	127
111	112
111	113
111	123
111	124
111	125
111	126
112	113
112	114
112	122
112	123
112	124
112	125
113	114
113	115
113	121
113	122
113	123
113	124
113	181
113	182
114	115
114	116
114	120
114	121
114	122
114	181
115	116
115	117
115	118
115	119
115	120
115	121
115	181
116	117
116	118
116	119
116	120
116	139
116	141
117	118
117	119
118	119
118	120
119	120
119	135
119	136
119	139
120	121
120	122
120	133
120	134
120	135
120	136
121	122
121	123
121	124
121	133
121	134
121	135
122	123
122	124
122	125
122	132
122	133
122	134
123	124
123	125
123	126
123	130
123	131
123	132
123	133
124	125
124	126
124	130
124	131
124	132
124	133
125	126
125	127
125	128
125	129
125	130
125	131
126	127
126	128
126	129
126	130
126	131
127	128
127	129
127	192
127	194
128	129
128	130
129	130
129	131
130	131
130	132
131	132
132	133
132	134
133	134
133	135
134	135
134	136
135	136
135	137
136	137
136	138
136	139
137	138
137	139
138	139
138	140
139	140
139	141
140	141
140	142
140	144
141	142
141	143
141	144
142	143
142	144
142	145
143	144
143	145
144	145
144	146
144	147
145	146
145	147
145	148
145	149
145	150
146	147
146	148
146	149
146	150
147	148
147	149
147	150
148	149
148	150
148	151
149	150
149	151
149	152
150	151
150	152
151	152
152	153
152	154
153	154
154	155
154	156
154	157
154	158
155	156
155	157
156	157
156	167
156	168
157	158
157	159
157	164
157	165
157	166
157	167
157	168
158	159
158	160
158	164
158	165
158	166
159	160
159	161
159	162
159	163
159	164
159	165
160	161
160	162
160	163
160	164
160	165
161	162
161	163
162	163
162	164
163	164
163	165
164	165
164	166
164	167
165	166
165	167
166	167
166	168
167	168
168	169
168	170
169	170
170	171
171	172
171	173
172	173
172	174
172	175
173	174
174	175
174	176
175	176
175	177
176	177
176	178
177	178
177	179
178	179
178	180
179	180
180	181
180	182
181	182
181	183
182	183
182	184
182	186
182	187
183	184
183	185
183	186
183	187
184	185
184	186
184	187
184	188
185	186
185	187
185	188
185	189
186	187
186	188
186	189
187	188
187	189
187	190
188	189
188	190
189	190
189	191
190	191
190	192
191	192
192	193
192	194
193	194
193	195
194	195
194	196
195	196
195	678
196	197
196	198
196	676
196	677
196	678
197	198
197	199
197	676
197	677
197	678
198	199
198	200
198	201
198	676
198	677
199	200
199	201
199	257
200	201
201	202
201	203
201	204
201	673
202	203
202	204
202	207
202	208
202	209
202	210
202	672
202	673
203	204
203	205
203	207
203	209
204	205
204	206
204	207
205	206
205	207
205	259
205	260
205	261
206	207
206	208
206	230
206	261
207	208
207	209
207	272
207	273
207	274
207	275
207	276
208	209
208	210
208	230
208	231
208	232
208	272
208	273
208	274
208	275
208	276
209	210
209	232
209	275
209	276
209	277
209	672
210	211
210	230
210	231
210	232
210	234
210	235
210	670
210	671
210	672
211	212
211	228
211	229
211	230
211	231
211	235
211	675
212	213
212	214
212	228
212	229
212	659
212	675
213	214
213	215
213	228
213	229
213	299
213	471
213	643
214	215
214	227
214	228
214	472
214	644
214	645
214	657
214	658
215	216
215	217
215	226
215	227
215	228
215	301
215	472
215	473
215	645
216	217
216	218
216	224
216	225
216	226
216	227
216	472
216	645
216	646
216	647
217	218
217	219
217	224
217	225
217	226
217	302
217	303
217	473
217	647
218	219
218	220
218	222
218	223
218	224
218	225
218	647
218	648
218	649
219	220
219	221
219	222
219	223
219	224
219	305
220	221
220	222
221	222
221	223
222	223
222	224
222	250
222	650
223	224
223	225
223	248
223	249
223	250
224	225
224	226
224	248
224	249
224	250
225	226
225	227
225	247
225	248
225	249
226	227
226	228
226	246
226	247
226	248
227	228
227	244
227	245
227	246
227	247
227	300
228	229
228	230
228	244
228	245
228	246
228	300
229	230
229	231
229	242
229	243
229	244
229	245
229	298
229	299
230	231
230	232
230	242
230	243
230	244
230	245
231	232
231	233
231	234
231	235
231	241
231	242
231	243
232	233
232	234
232	241
232	242
232	274
232	275
232	276
233	234
233	235
233	236
233	240
233	241
233	280
233	290
233	291
234	235
234	236
234	280
234	670
235	236
235	237
235	669
235	670
236	237
236	238
236	240
236	290
237	238
237	239
237	240
238	239
238	240
238	296
238	323
238	324
239	240
239	291
239	292
239	322
239	323
239	324
240	241
240	242
240	290
240	291
240	292
240	294
240	296
241	242
241	243
241	291
241	294
241	295
241	296
242	243
242	244
242	296
242	297
242	298
243	244
243	245
243	265
243	266
243	267
243	296
243	297
244	245
244	246
244	263
244	264
244	265
244	266
244	297
245	246
245	261
245	262
245	263
245	264
246	247
246	248
246	261
246	262
246	263
246	264
247	248
247	257
247	258
247	259
247	260
247	261
247	262
248	249
248	250
248	257
248	258
249	250
249	251
249	252
249	253
249	254
249	256
249	257
249	258
250	251
250	252
250	253
250	254
251	252
251	253
251	254
251	255
251	256
252	253
252	254
252	255
252	649
252	650
252	651
253	254
253	255
253	649
253	650
253	651
254	255
254	256
254	257
255	256
256	257
257	258
257	259
257	260
258	259
258	260
258	261
259	260
259	261
259	262
260	261
260	262
261	262
261	263
262	263
262	264
263	264
263	265
263	266
264	265
264	266
264	449
265	266
265	453
266	267
266	268
267	268
267	269
267	295
267	296
268	269
268	270
268	271
268	416
269	270
269	271
269	294
269	396
269	397
269	422
270	271
270	272
270	273
270	294
270	396
270	397
270	398
271	272
271	273
271	274
271	396
271	397
271	398
272	273
272	274
272	275
272	276
273	274
273	275
273	276
274	275
274	276
274	277
275	276
275	277
275	278
275	279
276	277
276	278
276	279
277	278
277	279
277	280
278	279
278	280
278	281
279	280
279	281
280	281
280	282
280	670
281	282
281	283
281	286
281	287
282	283
282	284
282	286
282	287
282	669
282	670
283	284
283	285
283	286
283	287
284	285
284	286
284	287
285	286
285	287
286	287
286	288
286	289
287	288
287	289
288	289
288	290
289	290
289	291
289	407
290	291
290	292
291	292
291	293
291	294
292	293
292	294
292	322
293	294
293	295
293	321
293	322
293	423
294	295
294	296
294	321
294	322
294	422
295	296
295	319
295	320
295	321
295	322
295	421
295	422
296	297
296	298
296	318
296	319
296	320
297	298
297	316
297	317
297	318
297	319
298	299
298	300
298	316
298	317
298	318
299	300
299	301
299	316
299	317
299	469
299	470
299	471
300	301
300	302
300	303
300	314
300	315
300	316
300	471
300	472
301	302
301	303
301	314
301	315
301	316
301	470
301	471
301	472
301	473
301	474
302	303
302	304
302	313
302	314
302	315
302	472
302	473
302	474
303	304
303	313
303	314
303	315
303	472
303	473
303	474
304	305
304	306
304	312
304	313
304	314
304	473
304	474
304	475
304	476
305	306
305	307
305	310
305	311
305	312
305	313
305	476
306	307
306	308
306	309
306	310
306	311
306	312
306	476
306	504
307	308
307	309
307	310
308	309
308	310
308	483
309	310
309	311
309	504
310	311
310	312
310	442
310	443
311	312
311	313
311	440
311	441
311	442
311	443
312	313
312	314
312	440
312	441
312	442
312	443
312	445
313	314
313	315
313	438
313	439
313	440
313	441
314	315
314	316
314	437
314	438
314	439
314	440
315	316
315	435
315	436
315	437
315	438
315	439
316	317
316	318
316	435
316	436
316	437
316	438
316	469
317	318
317	319
317	433
317	434
317	435
317	436
317	468
317	469
318	319
318	320
318	433
318	434
318	435
318	436
319	320
319	321
319	323
319	324
319	432
319	433
319	434
320	321
320	322
320	323
320	421
320	422
320	431
321	322
321	323
321	421
321	422
321	423
322	323
322	324
323	324
323	328
323	329
323	431
323	432
324	325
324	326
324	327
324	328
324	329
325	326
325	327
325	328
325	329
326	327
326	328
326	329
327	328
327	329
328	329
328	330
329	330
329	331
329	431
329	432
329	433
330	331
330	332
330	333
330	431
330	432
330	465
331	332
331	333
331	464
331	465
332	333
332	334
332	463
332	464
332	465
333	334
333	335
333	432
333	462
333	463
333	464
333	465
334	335
334	336
334	432
334	458
334	462
334	463
334	464
334	465
334	466
335	336
335	337
335	345
335	346
335	429
335	430
335	432
336	337
336	338
336	343
336	344
336	345
336	346
336	462
337	338
337	339
337	343
337	344
337	345
337	346
337	462
338	339
338	340
338	341
338	342
338	343
338	344
338	462
339	340
339	341
339	342
339	343
340	341
340	342
341	342
341	343
342	343
342	344
343	344
343	345
343	457
344	345
344	346
344	359
344	360
344	361
345	346
345	347
345	359
345	360
346	347
346	348
346	356
346	358
346	359
346	360
346	429
346	430
347	348
347	349
347	356
347	357
347	358
347	359
347	427
347	428
347	429
347	430
348	349
348	350
348	351
348	353
348	355
348	356
348	357
348	358
348	427
348	428
348	429
349	350
349	351
349	352
349	353
349	426
349	427
349	428
350	351
350	352
350	353
350	426
350	427
351	352
351	353
351	426
351	427
352	353
352	354
353	354
353	355
354	355
355	356
355	357
356	357
356	358
357	358
357	368
357	369
357	370
358	359
358	360
358	366
358	367
358	368
358	369
359	360
359	361
359	366
359	367
359	368
359	369
360	361
360	362
360	364
360	365
360	366
360	367
361	362
361	363
361	364
361	365
361	366
361	367
362	363
362	364
362	365
363	364
363	365
364	365
364	366
364	378
364	379
364	380
365	366
365	367
365	374
365	377
365	378
365	379
366	367
366	368
366	374
366	375
366	377
366	378
366	379
367	368
367	369
367	372
367	373
367	374
367	375
368	369
368	370
368	371
368	372
368	373
368	374
368	375
369	370
369	371
369	372
370	371
370	372
371	372
371	373
372	373
372	374
373	374
373	375
374	375
374	376
375	376
375	377
376	377
376	378
376	387
376	388
377	378
377	379
377	385
377	386
377	387
377	388
378	379
378	380
378	385
378	386
378	387
379	380
379	381
379	383
379	384
379	385
379	386
380	381
380	382
380	383
380	384
380	385
381	382
381	383
382	383
382	384
382	451
382	452
383	384
383	385
383	419
383	420
384	385
384	386
384	417
384	418
384	419
384	420
385	386
385	387
385	391
385	392
385	418
385	419
385	420
386	387
386	388
386	389
386	390
386	391
386	392
387	388
387	389
387	390
387	391
387	392
388	389
388	390
389	390
389	391
390	391
390	392
391	392
391	393
391	417
392	393
392	417
392	418
393	394
393	395
393	415
393	416
393	417
393	418
394	395
394	396
394	415
394	416
394	417
394	418
394	424
394	425
395	396
395	397
395	411
395	413
395	414
395	415
395	416
396	397
396	398
396	411
396	412
396	413
396	414
396	415
396	416
397	398
397	399
397	409
397	410
397	411
397	412
398	399
398	400
398	409
398	410
398	411
398	412
399	400
399	407
399	408
399	409
399	410
400	401
400	402
400	407
400	408
400	409
401	402
401	403
401	404
401	405
401	406
401	407
401	408
402	403
402	404
403	404
403	405
403	406
404	405
404	406
405	406
405	407
405	408
406	407
406	408
407	408
407	409
408	409
408	410
409	410
410	411
410	412
411	412
411	413
412	413
412	414
413	414
413	415
414	415
414	416
415	416
415	417
416	417
416	418
417	418
417	419
418	419
418	420
418	425
419	420
419	421
419	422
419	425
420	421
420	422
420	425
420	427
420	428
420	429
421	422
421	423
421	428
421	429
422	423
422	424
422	425
422	428
423	424
423	425
424	425
424	426
425	426
425	427
425	428
426	427
426	428
427	428
427	429
428	429
428	430
429	430
429	431
430	431
430	432
431	432
432	433
432	434
432	465
433	434
433	465
433	466
434	435
434	436
434	455
434	466
435	436
435	437
435	438
435	455
435	456
435	466
436	437
436	438
436	439
436	453
436	454
436	455
436	456
437	438
437	439
437	440
437	453
437	454
437	455
437	456
438	439
438	440
438	453
438	454
438	455
438	456
439	440
439	441
439	449
439	450
439	451
439	452
439	453
439	454
440	441
440	442
440	443
440	449
440	450
441	442
441	443
441	444
441	445
441	446
441	448
441	449
441	450
442	443
442	444
442	445
443	444
443	445
444	445
444	446
444	447
444	448
445	446
445	447
446	447
446	448
446	449
447	448
448	449
448	450
449	450
449	451
449	452
450	451
450	452
450	453
451	452
451	453
451	454
452	453
452	454
453	454
453	455
454	455
454	456
455	456
455	457
456	457
456	458
457	458
457	459
458	459
458	460
458	461
458	466
459	460
459	461
459	510
460	461
460	464
461	462
461	463
461	464
462	463
462	464
463	464
463	465
464	465
464	466
465	466
465	467
466	467
466	468
467	468
467	469
467	489
467	490
467	491
468	469
468	470
468	489
468	490
468	491
469	470
469	471
469	488
469	489
469	490
470	471
470	472
470	488
470	489
470	490
470	524
470	525
471	472
471	473
472	473
472	579
472	645
473	474
473	475
473	526
474	475
474	476
474	486
474	487
474	488
475	476
475	477
475	478
475	485
475	486
475	487
475	527
476	477
476	478
476	479
476	484
476	485
476	486
477	478
477	479
477	480
477	481
477	482
477	483
477	484
477	485
478	479
478	480
478	481
478	482
478	483
478	484
478	485
479	480
479	481
479	482
479	532
480	481
480	482
480	532
481	482
481	532
482	483
482	484
483	484
483	485
483	502
484	485
484	486
484	500
484	501
484	502
485	486
485	487
485	500
485	501
485	502
486	487
486	488
486	498
486	499
486	500
486	501
487	488
487	489
487	498
487	499
487	500
488	489
488	490
488	496
488	497
488	498
488	499
488	525
488	526
489	490
489	496
489	497
489	498
490	491
490	495
490	496
490	497
490	523
490	524
491	492
491	493
491	494
491	495
491	496
492	493
492	494
492	495
492	519
492	520
492	521
493	494
493	495
493	519
493	520
493	521
494	495
494	514
494	515
494	516
494	517
494	518
494	519
495	496
495	497
495	512
495	513
495	514
495	515
495	516
496	497
496	498
496	512
496	513
496	514
496	515
496	516
497	498
497	499
497	510
497	511
497	512
497	513
498	499
498	500
498	510
498	511
498	512
499	500
499	501
499	508
499	509
499	510
499	511
500	501
500	502
500	508
500	509
500	510
501	502
501	503
501	504
501	505
501	507
501	508
501	509
502	503
502	504
503	504
503	505
503	506
503	507
504	505
504	506
505	506
505	507
505	508
506	507
507	508
508	509
508	510
509	510
509	511
510	511
510	512
511	512
511	513
511	557
512	513
512	514
512	515
513	514
513	515
513	516
513	559
514	515
514	516
514	517
515	516
515	517
516	517
516	518
516	562
517	518
517	519
518	519
518	520
518	521
519	520
519	521
520	521
520	522
521	522
521	523
521	541
521	542
522	523
522	524
522	540
522	541
523	524
523	525
523	539
523	540
523	541
524	525
524	539
524	540
524	576
525	526
525	527
525	537
525	538
525	539
525	540
526	527
526	537
526	538
526	539
526	578
526	579
526	580
527	528
527	529
527	535
527	536
527	537
527	538
527	580
528	529
528	530
528	535
528	536
528	537
528	580
528	581
528	582
528	583
529	530
529	531
529	532
529	534
529	535
529	536
529	582
529	583
530	531
530	534
530	535
530	536
530	582
530	583
531	532
531	533
531	534
532	533
532	534
533	534
533	535
533	552
533	553
533	554
533	555
534	535
534	536
534	551
534	552
534	553
534	554
534	555
535	536
535	537
535	550
535	551
535	552
535	553
535	555
536	537
536	538
536	548
536	549
536	550
536	551
537	538
537	539
537	548
537	549
537	550
538	539
538	546
538	547
538	548
538	549
539	540
539	541
539	546
539	547
539	548
539	577
539	578
540	541
540	546
540	547
540	574
540	575
540	576
540	577
540	578
541	542
541	543
541	544
541	545
541	546
541	547
541	574
542	543
542	544
542	572
542	573
542	574
543	544
543	545
543	572
544	545
544	546
544	569
544	570
544	571
544	572
544	574
545	546
545	547
545	564
545	565
545	568
545	569
545	570
546	547
546	548
546	564
546	565
547	548
547	562
547	563
547	564
547	565
548	549
548	550
548	562
548	563
548	564
549	550
549	559
549	560
549	561
549	562
549	563
550	551
550	552
550	553
550	559
550	560
551	552
551	553
551	554
551	555
551	556
551	558
551	559
551	560
552	553
552	554
552	555
553	554
553	555
554	555
554	556
554	557
554	558
555	556
555	557
556	557
556	558
556	559
557	558
558	559
559	560
559	561
560	561
560	562
561	562
561	563
562	563
562	564
563	564
564	565
564	566
565	566
565	567
565	568
566	567
566	568
567	568
567	569
568	569
568	570
568	603
569	570
569	571
569	603
569	604
569	605
570	571
570	572
570	574
570	602
570	603
570	604
570	605
571	572
571	573
571	574
571	604
571	605
571	606
571	607
571	608
572	573
572	574
573	574
574	575
574	576
575	576
575	577
575	578
575	642
575	643
576	577
576	578
576	579
576	643
577	578
577	579
577	580
577	598
577	599
577	600
577	601
577	643
577	644
578	579
578	580
578	600
578	601
578	643
578	644
579	580
579	598
579	599
579	600
579	601
579	644
579	645
579	646
580	581
580	597
580	598
580	599
580	600
580	646
581	582
581	583
581	584
581	595
581	596
581	597
581	598
581	599
581	647
582	583
582	584
582	585
582	594
582	595
582	596
582	597
583	584
583	585
583	594
583	595
583	596
583	597
584	585
584	586
584	594
584	595
584	596
584	597
584	648
585	586
585	587
586	587
586	588
587	588
587	589
587	590
587	591
587	592
587	593
587	594
588	589
588	590
588	591
588	592
588	593
588	594
589	590
589	591
590	591
591	592
591	593
591	594
591	618
591	619
592	593
592	594
592	618
592	619
593	594
593	618
593	619
594	595
594	596
594	597
594	616
594	617
594	618
594	619
595	596
595	597
595	598
595	599
595	616
595	617
595	618
596	597
596	598
596	599
596	616
596	617
596	618
597	598
597	599
597	600
597	614
597	615
597	616
597	617
598	599
598	600
598	601
598	614
598	615
598	616
599	600
599	601
599	614
599	615
599	616
600	601
600	613
600	614
600	615
600	644
601	602
601	603
601	612
601	613
601	614
602	603
602	604
602	609
602	610
602	611
602	612
602	613
602	641
602	642
603	604
603	610
603	611
603	612
603	613
604	605
604	606
604	607
604	608
604	609
604	610
604	611
605	606
605	607
605	608
606	607
606	608
607	608
608	609
608	610
608	662
609	610
609	640
609	641
609	642
609	662
609	663
610	611
610	612
610	637
610	638
610	639
610	640
610	641
610	642
610	662
611	612
611	613
611	633
611	635
611	636
611	637
611	638
611	639
611	640
611	641
612	613
612	633
612	634
612	635
612	641
613	614
613	615
613	631
613	632
613	633
613	634
614	615
614	616
614	631
614	632
614	633
615	616
615	617
615	628
615	630
615	631
615	632
616	617
616	618
616	628
616	629
616	630
616	631
617	618
617	619
617	626
617	627
617	628
617	629
618	619
618	620
618	626
618	627
618	628
618	629
619	620
619	621
619	624
619	625
619	626
619	627
620	621
620	622
620	623
620	624
620	625
620	626
621	622
621	623
621	624
622	623
622	624
623	624
623	625
624	625
624	626
625	626
625	627
626	627
626	628
627	628
627	629
628	629
628	630
629	630
629	631
630	631
630	632
630	686
630	687
631	632
631	633
632	633
632	634
632	686
633	634
633	635
633	636
634	635
635	636
635	637
635	639
636	637
636	638
636	639
637	638
637	639
638	639
638	640
639	640
639	641
640	641
640	642
640	660
640	661
640	662
641	642
641	643
641	659
641	660
641	661
641	662
642	643
642	644
642	658
642	659
642	660
642	661
642	662
642	663
643	644
643	658
643	659
644	645
644	646
644	657
644	658
644	659
645	646
645	647
645	656
645	657
645	658
646	647
646	654
646	655
646	656
646	657
647	648
647	649
647	654
647	655
647	656
648	649
648	650
648	652
648	653
648	654
648	655
649	650
649	651
649	652
649	653
649	654
649	655
650	651
650	652
651	652
651	653
652	653
652	654
653	654
653	655
653	679
653	680
653	681
653	682
654	655
654	656
654	679
654	680
654	681
655	656
655	657
655	678
655	679
655	680
656	657
656	658
656	677
656	678
656	679
657	658
657	675
657	676
657	677
657	678
658	659
658	660
658	675
658	676
658	677
659	660
659	661
659	674
659	675
659	676
660	661
660	674
660	675
660	676
661	662
661	663
661	674
662	663
662	664
662	665
662	668
663	664
663	665
663	668
663	669
664	665
664	666
665	666
665	667
665	668
665	669
666	667
666	668
666	669
667	668
667	669
668	669
668	670
668	671
669	670
669	671
670	671
670	672
671	672
671	673
671	674
672	673
672	674
673	674
673	675
674	675
674	676
675	676
676	677
676	678
677	678
678	679
678	680
679	680
680	681
680	682
680	685
681	682
681	683
681	684
681	685
681	686
682	683
682	684
682	685
682	686
682	687
683	684
683	685
683	686
683	687
683	688
684	685
684	686
684	687
684	688
685	686
685	687
685	688
686	687
686	688
687	688
