0	1
0	2
1	2
1	222
2	3
2	4
2	220
2	221
2	222
3	4
3	5
3	6
3	220
3	221
3	222
4	5
4	6
4	219
4	220
4	221
5	6
5	7
5	8
5	218
5	219
5	220
6	7
6	8
6	218
6	219
6	220
7	8
7	9
7	216
7	217
7	218
7	219
8	9
8	10
8	216
8	217
8	218
9	10
9	11
9	15
9	16
9	17
9	215
9	216
9	217
10	11
10	15
10	214
10	215
10	216
11	12
11	13
11	14
11	15
11	16
11	17
11	215
12	13
12	14
12	15
12	16
12	17
12	18
13	14
13	15
13	16
13	17
13	18
14	15
14	16
14	17
14	18
14	19
15	16
15	17
15	18
15	19
15	20
15	215
16	17
16	18
16	19
16	20
16	21
17	18
17	19
17	20
17	21
18	19
18	20
18	21
18	22
19	20
19	21
19	22
19	23
20	21
20	22
20	23
20	24
21	22
21	23
21	24
21	25
22	23
22	24
22	25
22	26
23	24
23	25
23	26
23	27
23	28
24	25
24	26
24	27
24	28
24	29
25	26
25	27
25	28
25	29
25	30
25	51
26	27
26	28
26	29
26	30
26	31
27	28
27	29
27	30
27	31
27	32
28	29
28	30
28	31
28	32
29	30
29	31
29	32
29	33
29	46
29	47
29	51
30	31
30	32
30	33
30	34
30	46
30	47
30	51
30	52
31	32
31	33
31	34
32	33
32	34
33	34
33	35
33	36
33	42
33	43
33	44
33	46
33	47
34	35
34	36
34	47
34	162
34	165
35	36
35	37
35	162
36	37
36	38
36	39
36	40
36	42
36	43
36	44
37	38
37	39
37	40
37	42
38	39
38	40
38	41
38	42
38	43
39	40
39	41
39	42
39	43
39	44
40	41
40	42
40	43
41	42
41	43
41	44
41	45
42	43
42	44
42	45
42	46
42	47
43	44
43	45
43	46
43	47
44	45
44	46
44	47
44	48
45	46
45	47
45	48
45	49
45	50
46	47
46	48
46	49
46	50
46	51
47	48
47	49
47	50
47	51
47	52
48	49
48	50
48	51
48	52
48	53
49	50
49	51
49	52
49	53
49	54
50	51
50	52
50	53
50	54
51	52
51	53
51	54
52	53
52	54
52	55
53	54
53	55
53	56
53	57
53	136
54	55
54	56
54	57
54	58
55	56
55	57
55	58
55	59
55	60
55	122
56	57
56	58
56	59
56	60
56	61
57	58
57	59
57	60
58	59
58	60
58	61
58	62
58	63
59	60
59	61
59	62
59	63
59	65
59	121
59	122
60	61
60	62
60	63
61	62
61	63
62	63
63	64
63	65
64	65
64	66
64	67
64	68
65	66
65	67
65	68
65	69
66	67
66	68
66	69
66	70
66	114
67	68
67	69
67	70
67	71
67	72
68	69
68	70
68	71
68	72
68	73
69	70
69	71
69	72
69	73
69	74
70	71
70	72
70	73
70	74
70	75
70	111
71	72
71	73
71	74
71	75
71	76
71	77
72	73
72	74
72	75
72	76
72	77
73	74
73	75
73	76
73	77
73	78
74	75
74	76
74	77
74	78
74	79
74	80
74	111
74	183
75	76
75	77
75	78
75	79
75	80
75	81
76	77
76	78
76	79
76	80
76	81
76	82
77	78
77	79
77	80
77	81
77	82
78	79
78	80
78	81
78	82
78	83
79	80
79	81
79	82
79	83
79	84
79	85
79	103
79	106
80	81
80	82
80	83
80	84
80	85
80	103
80	106
81	82
81	83
81	84
81	85
81	86
82	83
82	84
82	85
82	86
83	84
83	85
83	86
83	87
84	85
84	86
84	87
84	88
85	86
85	87
85	88
86	87
86	88
87	88
87	89
87	90
88	89
88	90
88	96
89	90
89	91
89	92
89	96
90	91
90	92
90	93
90	94
91	92
91	93
91	94
92	93
92	94
93	94
93	95
94	95
94	96
95	96
95	97
95	98
95	99
96	97
96	98
96	99
96	100
97	98
97	99
97	100
97	101
98	99
98	100
98	101
98	102
99	100
99	101
99	102
99	103
100	101
100	102
100	103
100	104
101	102
101	103
101	104
101	105
102	103
102	104
102	105
102	106
103	104
103	105
103	106
103	107
103	108
104	105
104	106
104	107
104	108
104	109
105	106
105	107
105	108
105	109
105	110
106	107
106	108
106	109
106	110
106	111
107	108
107	109
107	110
107	111
107	112
108	109
108	110
108	111
108	112
109	110
109	111
109	112
109	113
110	111
110	112
110	113
110	114
110	178
110	179
111	112
111	113
111	114
111	179
112	113
112	114
112	115
113	114
113	115
113	116
113	175
114	115
114	116
114	175
114	176
114	179
115	116
115	117
115	118
116	117
116	118
116	119
116	120
116	175
117	118
117	119
117	120
117	121
117	123
118	119
118	120
118	121
119	120
119	121
119	122
119	123
120	121
120	122
120	123
121	122
121	123
121	173
122	123
122	124
122	125
122	126
123	124
123	125
123	126
123	127
124	125
124	126
124	127
124	128
124	172
125	126
125	127
125	128
125	132
125	168
126	127
126	128
126	133
127	128
127	129
127	130
128	129
128	130
128	131
128	132
128	133
129	130
129	131
129	132
129	133
129	134
130	131
130	132
130	133
130	134
131	132
131	133
131	134
131	135
132	133
132	134
132	135
132	136
133	134
133	135
133	136
134	135
134	136
135	136
135	137
135	138
135	139
136	137
136	138
136	139
136	140
137	138
137	139
137	140
137	141
138	139
138	140
138	141
139	140
139	141
140	141
142	143
142	144
143	144
143	145
143	146
143	147
143	149
143	150
144	145
144	146
144	147
145	146
145	147
146	147
146	148
146	149
146	150
147	148
147	149
147	150
147	151
148	149
148	150
148	151
148	152
149	150
149	151
149	152
149	153
150	151
150	152
150	153
150	154
151	152
151	153
151	154
151	155
152	153
152	154
152	155
153	154
153	155
154	155
154	156
155	156
155	157
155	160
155	161
156	157
156	158
156	159
156	160
156	161
157	158
157	159
157	160
157	161
157	162
158	159
158	160
158	161
158	162
158	163
159	160
159	161
159	162
159	163
160	161
160	162
160	163
160	164
161	162
161	163
161	164
161	165
162	163
162	164
162	165
162	166
163	164
163	165
163	166
163	167
164	165
164	166
164	167
164	168
165	166
165	167
165	168
165	169
166	167
166	168
166	169
166	170
166	171
167	168
167	169
167	170
167	171
167	172
168	169
168	170
168	171
168	172
169	170
169	171
169	172
169	173
169	174
170	171
170	172
170	173
170	174
171	172
171	173
171	174
172	173
172	174
173	174
173	175
173	176
173	177
174	175
174	176
174	177
174	178
175	176
175	177
175	178
175	179
176	177
176	178
176	179
176	180
177	178
177	179
177	180
177	181
178	179
178	180
178	181
178	182
179	180
179	181
179	182
179	183
180	181
180	182
180	183
180	184
181	182
181	183
181	184
181	185
182	183
182	184
182	185
182	186
183	184
183	185
183	186
183	187
184	185
184	186
184	187
184	188
185	186
185	187
185	188
185	189
185	190
186	187
186	188
186	189
186	190
186	191
187	188
187	189
187	190
187	191
187	264
188	189
188	190
188	191
188	192
188	264
189	190
189	191
189	192
190	191
190	192
191	192
191	193
191	194
191	264
192	193
192	194
192	195
192	262
192	263
192	264
193	194
193	195
193	196
193	262
193	263
194	195
194	196
194	262
194	263
195	196
195	197
195	260
195	261
195	262
196	197
196	198
196	260
196	261
196	262
197	198
197	259
197	260
197	261
198	199
198	200
198	258
198	259
198	260
198	261
199	200
199	201
199	256
199	257
199	258
199	259
200	201
200	202
200	203
200	204
200	205
200	256
200	257
200	258
201	202
201	203
201	204
201	255
201	256
201	257
202	203
202	204
202	251
202	252
202	253
202	254
202	255
202	256
203	204
203	240
203	241
203	250
203	251
203	252
203	253
203	254
203	255
203	256
203	257
204	205
204	206
204	239
204	240
204	241
205	206
205	207
205	238
205	239
205	240
206	207
206	237
206	238
206	239
207	208
207	209
207	236
207	237
207	238
208	209
208	210
208	211
208	235
208	236
208	237
209	210
209	211
209	212
209	213
209	214
209	235
209	236
210	211
210	212
210	213
210	214
210	235
211	212
211	213
211	214
211	235
212	213
212	214
212	215
213	214
213	215
213	235
214	215
214	216
214	263
214	264
215	216
215	264
216	217
216	218
216	263
216	264
217	218
217	219
217	261
217	262
217	263
217	264
218	219
218	220
218	261
218	262
218	263
219	220
219	221
219	260
219	261
219	262
220	221
220	222
220	259
220	260
220	261
221	222
221	259
221	260
222	223
222	224
222	259
223	224
223	225
224	225
224	226
225	226
225	242
225	243
226	227
226	228
226	241
226	242
226	243
227	228
227	241
227	242
227	243
228	229
228	239
228	240
228	241
229	230
229	231
229	238
229	239
229	240
230	231
230	237
230	238
230	239
231	232
231	233
231	234
231	236
231	237
231	238
232	233
232	234
232	235
232	236
232	237
233	234
233	235
233	236
234	235
234	236
235	236
235	237
236	237
236	238
237	238
237	239
238	239
238	240
239	240
239	241
240	241
241	242
241	250
241	251
241	252
242	243
242	244
242	245
242	246
242	247
242	248
242	249
242	250
242	251
242	252
243	244
243	245
243	246
243	247
243	248
244	245
244	246
244	247
244	248
245	246
245	247
245	248
246	247
246	248
247	248
247	249
248	249
248	250
249	250
249	251
249	252
250	251
250	252
250	253
250	254
251	252
251	253
251	254
251	255
252	253
252	254
252	255
253	254
253	255
253	256
254	255
254	256
255	256
255	257
256	257
256	258
257	258
257	259
258	259
259	260
259	261
260	261
260	262
261	262
261	263
262	263
262	264
263	264
