0	1
0	2
1	2
1	3
1	58
2	3
2	4
3	4
3	5
3	72
3	73
3	74
4	5
4	6
4	72
4	73
4	74
5	6
5	7
5	73
5	74
5	75
6	7
6	8
7	8
7	9
7	10
7	75
8	9
8	10
8	11
8	12
8	73
9	10
9	11
9	12
9	13
9	14
10	11
10	12
11	12
11	13
11	32
11	33
12	13
12	14
12	30
12	31
12	32
12	33
13	14
13	15
13	30
13	31
13	32
13	33
14	15
14	16
14	29
14	30
14	31
15	16
15	17
15	28
15	29
15	30
16	17
16	18
16	28
17	18
17	19
17	28
17	29
18	19
18	20
18	27
18	28
18	29
19	20
19	27
19	28
19	29
20	21
20	22
20	26
20	27
21	22
21	25
21	26
21	27
22	23
22	24
22	25
22	26
23	24
23	25
24	25
24	43
24	44
25	26
25	27
25	42
25	43
25	44
26	27
26	28
26	42
27	28
27	29
27	40
27	41
27	42
28	29
28	30
28	40
28	41
29	30
29	39
29	40
29	41
30	31
30	32
30	38
30	39
30	40
30	41
31	32
31	33
31	36
31	37
31	38
31	39
32	33
32	34
32	35
32	36
32	37
32	38
33	34
33	35
33	36
34	35
34	36
35	36
35	37
36	37
36	38
37	38
37	39
38	39
38	89
39	40
39	41
39	86
39	87
39	88
39	89
40	41
40	42
40	86
40	87
40	88
40	89
41	42
41	43
41	84
41	85
41	86
41	87
42	43
42	44
42	84
42	85
42	86
43	44
43	45
43	82
43	83
43	84
43	85
44	45
44	46
44	50
44	82
44	83
44	84
45	46
45	47
45	50
45	81
45	82
45	83
46	47
46	50
46	51
46	81
46	82
46	83
47	48
47	49
47	50
47	51
48	49
48	50
48	51
48	52
49	50
49	51
49	52
49	53
50	51
50	52
50	53
50	54
51	52
51	53
51	54
51	55
52	53
52	54
52	55
52	56
53	54
53	55
53	56
53	57
53	157
53	158
53	160
54	55
54	56
54	57
54	58
55	56
55	57
55	58
55	59
56	57
56	58
56	59
56	60
57	58
57	59
57	60
57	61
57	157
58	59
58	60
58	61
58	69
59	60
59	61
59	62
60	61
60	62
60	63
60	66
60	126
61	62
61	63
61	66
61	67
61	68
61	69
62	63
62	64
63	64
63	65
63	66
63	122
63	125
64	65
64	66
65	66
65	67
65	118
65	122
65	152
65	153
65	154
66	67
66	68
66	122
66	153
66	154
66	155
67	68
67	69
67	88
67	153
67	154
67	155
68	69
68	70
68	87
68	88
69	70
69	71
69	86
69	87
69	88
70	71
70	86
70	87
70	88
71	72
71	73
71	85
71	86
72	73
72	74
72	83
72	84
72	85
72	86
73	74
73	75
73	83
73	84
73	85
74	75
74	82
74	83
74	84
75	76
75	77
75	81
75	82
75	83
76	77
76	78
76	79
76	80
76	81
76	82
77	78
77	79
77	80
77	81
77	82
78	79
78	80
79	80
79	81
80	81
80	82
81	82
82	83
82	84
83	84
83	85
84	85
84	86
85	86
85	87
86	87
87	88
87	89
88	89
88	90
89	90
89	91
90	91
90	92
90	93
90	142
90	143
90	144
90	145
91	92
91	93
91	143
91	144
91	145
91	146
92	93
92	94
92	142
92	143
92	144
92	145
92	146
93	94
93	95
93	97
93	142
93	143
94	95
94	96
94	97
94	98
94	138
94	139
94	141
94	142
94	143
95	96
95	97
95	98
95	99
95	138
95	141
95	142
95	143
96	97
96	98
96	99
96	100
96	138
97	98
97	99
97	100
97	101
98	99
98	100
98	101
99	100
99	101
99	102
99	280
100	101
100	102
100	280
100	283
100	284
101	102
102	103
102	104
102	105
102	280
103	104
103	105
104	105
104	106
105	106
105	107
106	107
106	108
106	276
107	108
107	109
107	111
107	276
107	277
107	279
107	280
108	109
108	110
108	111
108	112
108	274
108	275
108	276
108	277
109	110
109	111
109	112
109	113
109	206
109	273
109	274
109	275
109	276
109	277
110	111
110	112
110	113
110	114
110	269
110	270
110	272
110	273
110	274
111	112
111	113
111	114
111	115
112	113
112	114
112	115
112	116
112	205
112	206
113	114
113	115
113	116
113	117
113	265
113	266
113	269
114	115
114	116
114	117
114	118
114	269
115	116
115	117
115	118
115	119
116	117
116	118
116	119
116	120
116	202
117	118
117	119
117	120
117	121
117	266
118	119
118	120
118	121
118	122
118	152
119	120
119	121
119	122
119	123
120	121
120	122
120	123
120	124
120	261
121	122
121	123
121	124
121	125
122	123
122	124
122	125
122	126
122	154
123	124
123	125
123	126
123	127
124	125
124	126
124	127
124	128
124	257
124	258
125	126
125	127
125	128
125	129
126	127
126	128
126	129
126	130
126	131
126	132
127	128
127	129
127	130
127	131
127	132
127	191
128	129
128	130
129	130
129	131
130	131
130	132
130	162
130	163
130	164
130	165
131	132
131	133
131	160
131	161
131	162
131	163
132	133
132	134
132	160
132	161
132	162
132	163
132	190
132	191
133	134
133	135
133	136
133	157
133	159
133	160
133	161
133	194
134	135
134	136
134	159
134	160
134	190
134	193
134	194
134	305
135	136
135	137
135	159
135	301
136	137
136	140
136	194
136	197
137	138
137	139
137	140
137	141
137	197
138	139
138	140
138	141
139	140
139	141
140	141
140	142
140	154
140	155
140	156
141	142
141	152
141	153
141	154
141	155
142	143
142	144
142	152
142	153
142	154
143	144
143	145
143	150
143	151
143	152
143	153
144	145
144	150
144	151
144	152
145	146
145	147
145	150
146	147
146	148
146	150
147	148
147	149
147	150
148	149
148	150
149	150
149	151
150	151
150	152
151	152
151	153
152	153
153	154
153	155
154	155
155	156
155	157
156	157
156	158
157	158
157	159
157	160
158	159
158	160
159	160
159	161
160	161
161	162
161	163
162	163
163	164
163	165
163	187
163	190
164	165
164	166
164	187
165	166
165	167
166	167
166	168
167	168
168	169
168	170
168	252
169	170
169	171
169	252
170	171
170	172
170	253
171	172
171	253
172	173
172	174
173	174
173	175
174	175
175	176
175	177
176	177
176	178
177	178
177	179
178	179
178	180
179	180
179	181
180	181
180	182
181	182
181	183
182	183
182	184
183	184
183	185
184	185
184	186
185	186
185	187
185	188
186	187
186	188
186	189
186	306
187	188
187	189
187	190
188	189
188	190
188	192
188	251
188	252
189	190
189	191
189	192
189	193
189	251
189	304
189	305
189	306
190	191
190	192
190	193
190	305
191	192
191	193
191	194
191	195
192	193
192	194
192	195
192	196
192	251
193	194
193	195
193	196
193	197
193	304
193	305
194	195
194	196
194	197
194	198
195	196
195	197
195	198
195	199
195	246
195	255
195	256
195	257
196	197
196	198
196	199
196	200
196	246
196	247
197	198
197	199
197	200
197	201
198	199
198	200
198	201
198	202
199	200
199	201
199	202
199	203
199	243
199	246
199	247
200	201
200	202
200	203
200	204
200	210
200	211
201	202
201	203
201	204
201	205
202	203
202	204
202	205
202	206
203	204
203	205
203	206
203	207
203	210
203	211
203	243
204	205
204	206
204	207
204	208
204	209
204	210
205	206
205	207
205	208
205	279
206	207
206	208
206	277
206	279
207	208
207	209
207	231
207	277
207	278
207	279
208	209
208	278
208	279
208	282
208	283
209	210
209	211
209	221
209	222
210	211
210	212
210	222
210	223
210	293
211	212
211	213
211	222
211	223
211	224
211	225
212	213
212	214
212	222
212	223
212	224
212	225
213	214
213	215
213	222
213	223
213	224
214	215
214	216
214	217
214	222
215	216
215	217
216	217
217	218
219	220
219	221
220	221
220	222
221	222
221	223
222	223
222	224
223	224
223	225
223	226
223	227
223	228
224	225
224	226
225	226
225	227
226	227
226	228
227	228
227	229
227	232
228	229
228	230
228	231
228	232
229	230
229	231
229	232
229	233
230	231
230	232
230	233
231	232
231	233
231	234
231	277
231	278
232	233
232	234
232	235
233	234
233	235
234	235
234	236
235	236
235	237
236	237
236	238
236	239
236	240
237	238
237	239
237	240
237	241
238	239
238	240
238	241
238	242
239	240
239	241
239	242
239	243
239	265
240	241
240	242
240	243
240	244
241	242
241	243
241	244
241	245
242	243
242	244
242	245
242	246
243	244
243	245
243	246
243	247
244	245
244	246
244	247
244	248
245	246
245	247
245	248
245	254
245	255
246	247
246	248
246	254
246	255
247	248
247	249
248	249
248	250
248	253
248	254
249	250
249	251
250	251
250	252
250	253
250	254
251	252
251	253
251	254
252	253
252	254
253	254
253	255
254	255
254	256
255	256
255	257
255	259
255	260
256	257
256	258
256	259
256	260
257	258
257	259
257	260
257	261
258	259
258	260
258	261
258	262
259	260
259	261
259	262
259	263
260	261
260	262
260	263
261	262
261	263
261	266
261	267
262	263
262	264
262	267
263	264
263	265
263	266
263	267
264	265
264	266
264	267
264	268
265	266
265	267
265	268
265	269
265	272
266	267
266	268
266	269
267	268
267	269
268	269
268	270
268	271
268	272
269	270
269	271
269	272
270	271
270	272
271	272
271	273
272	273
272	274
273	274
273	275
274	275
274	276
275	276
275	277
276	277
277	278
277	279
278	279
278	280
278	281
278	282
279	280
279	281
279	282
279	283
280	281
280	282
280	283
280	284
281	282
281	283
281	284
281	285
282	283
282	284
282	285
283	284
283	285
283	286
284	285
284	286
284	287
285	286
285	287
286	287
286	288
286	289
287	288
287	289
287	290
288	289
288	290
288	291
288	292
289	290
289	291
289	292
289	293
290	291
290	292
290	293
290	294
291	292
291	293
291	294
291	295
292	293
292	294
292	295
292	296
293	294
293	295
293	296
293	297
294	295
294	296
294	297
294	298
295	296
295	297
295	298
295	299
296	297
296	298
296	299
296	300
297	298
297	299
297	300
297	301
298	299
298	300
298	301
298	302
299	300
299	301
299	302
299	303
300	301
300	302
300	303
300	304
301	302
301	303
301	304
301	305
302	303
302	304
302	305
303	304
303	305
304	305
305	306
305	307
306	307
306	308
307	308
307	309
307	310
308	309
308	310
309	310
309	311
310	311
310	312
311	312
311	313
312	313
312	314
313	314
313	315
314	315
314	316
314	318
314	319
315	316
315	317
315	318
315	319
316	317
316	318
316	319
317	318
317	319
318	319
318	320
319	320
319	321
320	321
320	324
320	325
321	322
321	323
321	324
321	325
322	323
322	324
322	325
322	326
323	324
323	325
323	326
323	327
324	325
324	326
324	327
324	328
325	326
325	327
325	328
325	329
326	327
326	328
326	329
326	330
327	328
327	329
327	330
327	331
328	329
328	330
328	331
329	330
329	331
330	331
