0	1
0	2
0	3
0	4
0	41
0	42
0	45
0	164
1	2
1	3
1	4
1	5
1	163
1	164
1	183
2	3
2	4
2	5
2	6
3	4
3	5
3	6
3	41
3	44
3	45
4	5
4	6
4	7
4	41
5	6
5	7
5	8
6	7
6	8
7	8
7	9
7	10
7	203
8	9
8	10
8	203
8	204
9	10
9	11
9	202
9	203
9	204
10	11
10	12
10	30
10	31
10	202
10	203
11	12
11	13
11	31
11	32
11	201
11	202
11	203
12	13
12	14
12	31
12	32
12	33
12	196
12	197
12	198
12	201
12	202
12	203
13	14
13	15
13	16
13	31
13	32
13	33
14	15
14	16
14	33
15	16
15	17
15	18
16	17
16	18
16	19
17	18
17	19
17	26
18	19
18	20
19	20
19	21
20	21
20	22
20	23
21	22
21	23
22	23
22	24
22	73
23	24
23	73
23	74
24	25
24	26
24	71
25	26
25	27
25	62
26	27
26	28
27	28
27	29
28	29
28	30
28	31
29	30
29	31
29	32
30	31
30	32
31	32
32	33
32	34
32	36
32	37
32	196
33	34
33	35
33	36
33	37
33	196
34	35
34	36
34	37
34	38
34	180
34	181
34	182
34	195
34	196
34	197
35	36
35	37
35	38
35	39
35	181
36	37
36	38
36	39
36	40
37	38
37	39
37	40
37	41
37	196
38	39
38	40
38	41
38	42
38	182
39	40
39	41
39	42
39	43
39	61
39	64
40	41
40	42
40	43
40	44
40	61
41	42
41	43
41	44
41	45
42	43
42	44
42	45
42	46
43	44
43	45
43	46
43	47
43	57
43	60
43	61
44	45
44	46
44	47
44	57
45	46
45	47
46	47
46	48
47	48
47	49
47	50
47	52
47	56
47	57
48	49
48	50
49	50
49	51
49	52
50	51
50	52
51	52
51	53
52	53
52	54
53	54
53	55
53	56
53	57
54	55
54	56
54	57
54	58
55	56
55	57
55	58
55	59
56	57
56	58
56	59
56	60
57	58
57	59
57	60
57	61
58	59
58	60
58	61
58	62
59	60
59	61
59	62
59	63
60	61
60	62
60	63
60	64
61	62
61	63
61	64
61	65
62	63
62	64
62	65
62	66
62	69
63	64
63	65
63	66
63	68
63	69
64	65
64	66
64	69
64	88
65	66
65	67
65	77
65	78
66	67
66	68
66	69
66	70
66	71
66	76
66	77
66	78
67	68
67	69
67	70
67	76
67	77
67	78
67	87
68	69
68	70
68	87
69	70
69	71
70	71
70	72
71	72
71	73
71	76
72	73
72	74
72	76
73	74
73	75
73	76
74	75
74	76
74	77
74	122
75	76
75	77
75	129
75	133
76	77
76	78
77	78
77	79
78	79
78	80
78	83
78	84
79	80
79	81
80	81
80	82
80	83
80	84
81	82
81	83
81	84
81	85
81	178
82	83
82	84
82	85
82	86
82	177
83	84
83	85
83	86
83	87
84	85
84	86
84	87
84	88
85	86
85	87
85	88
85	89
86	87
86	88
86	89
86	90
87	88
87	89
87	90
87	91
88	89
88	90
88	91
88	92
88	93
88	94
89	90
89	91
89	92
89	93
89	94
89	95
89	96
90	91
90	92
91	92
91	93
92	93
92	94
92	95
93	94
93	95
93	228
94	95
94	96
94	226
94	227
94	228
95	96
95	97
95	226
95	227
95	228
96	97
96	98
96	99
96	100
96	225
96	226
96	227
97	98
97	99
97	100
97	101
97	225
97	226
97	227
98	99
98	100
98	101
98	102
98	146
98	147
98	148
98	224
98	225
99	100
99	101
99	102
99	146
100	101
100	102
101	102
101	103
102	103
102	104
102	146
102	147
102	148
103	104
103	105
103	146
104	105
104	146
104	147
104	148
105	106
105	107
105	144
105	145
105	146
105	147
106	107
106	108
106	144
106	145
106	146
106	147
107	108
107	109
107	142
107	143
107	144
107	145
108	109
108	110
108	140
108	141
108	142
108	143
108	144
108	177
109	110
109	111
109	141
109	142
109	175
109	176
109	177
110	111
110	112
110	137
110	141
110	175
110	176
110	177
111	112
111	113
111	114
111	115
111	137
111	175
111	176
112	113
112	114
112	115
112	116
112	175
112	176
113	114
113	115
113	116
113	117
114	115
114	116
114	117
114	130
114	133
114	134
115	116
115	117
116	117
116	118
116	119
117	118
117	119
117	120
117	123
117	124
117	130
118	119
118	120
118	123
118	124
119	120
119	121
119	124
120	121
120	122
120	123
120	124
121	122
121	123
121	124
122	123
122	124
122	125
122	126
123	124
123	125
123	126
123	127
123	129
123	130
124	125
124	126
125	126
125	127
126	127
126	128
126	129
126	130
127	128
127	129
127	130
127	131
128	129
128	130
128	131
128	132
129	130
129	131
129	132
129	133
130	131
130	132
130	133
130	134
131	132
131	133
131	134
131	135
132	133
132	134
132	135
132	136
133	134
133	135
133	136
133	137
134	135
134	136
134	137
134	138
135	136
135	137
135	138
135	139
136	137
136	138
136	139
136	140
137	138
137	139
137	140
137	141
138	139
138	140
138	141
139	140
139	141
140	141
140	142
140	143
141	142
141	143
142	143
142	144
143	144
143	145
144	145
144	146
145	146
145	147
146	147
147	148
147	149
147	222
147	223
147	224
148	149
148	150
148	152
148	222
148	223
148	224
149	150
149	151
149	152
149	221
149	222
149	223
150	151
150	152
150	153
150	211
150	214
150	215
150	221
150	222
150	223
151	152
151	153
152	153
152	154
153	154
153	155
153	157
153	211
154	155
154	156
154	157
154	211
155	156
155	157
155	190
155	191
155	209
155	210
155	211
155	212
156	157
156	158
156	189
156	190
156	191
157	158
157	161
157	190
157	191
158	159
158	160
158	161
159	160
159	161
160	161
160	162
161	162
161	165
162	163
162	164
162	165
162	184
163	164
163	165
163	184
163	185
163	186
164	165
164	166
164	183
164	184
164	185
165	166
165	167
165	183
165	184
165	225
165	226
165	227
166	167
166	168
166	182
166	183
166	184
166	225
166	226
166	227
167	168
167	169
167	181
167	182
167	183
167	184
167	223
167	224
167	225
167	226
168	169
168	170
168	178
168	180
168	181
168	182
168	223
168	224
168	225
169	170
169	171
169	178
169	179
169	180
169	181
169	220
169	222
169	223
169	224
170	171
170	177
170	178
170	179
170	220
170	221
170	222
170	223
171	172
171	173
171	176
171	177
171	178
171	179
171	219
171	220
171	221
172	173
172	174
172	177
172	219
172	220
172	221
173	174
173	175
173	176
173	219
174	175
174	176
175	176
176	177
176	178
177	178
177	179
178	179
178	180
179	180
180	181
181	182
182	183
182	184
182	193
182	194
182	195
183	184
183	185
183	193
183	194
183	195
184	185
184	186
184	191
184	192
184	193
184	194
185	186
185	187
185	191
185	192
185	193
185	194
186	187
186	188
186	189
186	190
186	191
186	192
187	188
187	189
187	190
187	191
187	192
188	189
188	190
189	190
189	191
190	191
190	192
190	209
191	192
191	209
191	210
192	193
192	194
192	205
192	206
192	208
192	209
192	210
193	194
193	195
193	205
193	206
193	210
194	195
194	204
194	205
194	206
195	196
195	197
195	203
195	204
195	205
196	197
196	198
196	202
196	203
196	204
197	198
197	199
197	200
197	201
197	202
197	203
197	204
198	199
198	200
198	201
198	202
199	200
199	201
200	201
200	202
201	202
202	203
202	204
203	204
204	205
204	206
205	206
205	207
206	207
206	208
207	208
207	209
208	209
208	210
208	212
208	213
209	210
209	211
209	212
209	213
210	211
210	212
210	213
210	214
211	212
211	213
211	214
211	215
212	213
212	214
212	215
212	216
213	214
213	215
213	216
213	217
214	215
214	216
214	217
214	220
214	222
215	216
215	217
216	217
216	218
217	218
217	219
217	220
218	219
218	220
219	220
219	221
220	221
220	222
221	222
222	223
223	224
223	225
224	225
224	226
225	226
225	227
226	227
226	228
227	228
