0	1
0	2
1	2
1	3
2	3
2	4
2	58
2	59
2	61
3	4
3	58
3	59
4	5
4	6
4	22
4	23
4	56
4	57
4	58
4	59
5	6
5	7
5	20
5	21
5	22
5	23
5	56
5	57
5	58
6	7
6	8
6	20
6	21
6	22
6	37
6	55
6	56
6	57
7	8
7	9
7	19
7	20
7	21
7	55
7	56
8	9
8	10
8	11
8	12
8	19
8	20
8	40
8	41
8	42
8	55
9	10
9	11
9	12
9	13
9	19
9	42
10	11
10	12
10	13
10	14
10	41
10	42
11	12
11	13
11	14
11	17
11	18
11	19
11	41
12	13
12	14
12	17
12	18
12	19
13	14
13	15
14	15
14	16
14	17
15	16
15	17
16	17
16	18
17	18
17	19
18	19
18	20
18	21
19	20
19	21
20	21
20	22
21	22
21	23
21	37
21	38
22	23
22	24
22	37
23	24
23	25
23	35
23	36
23	37
24	25
24	26
24	35
24	36
24	37
25	26
25	27
25	33
25	34
25	35
25	36
26	27
26	28
26	33
26	34
26	35
27	28
27	32
27	33
27	34
28	29
28	30
28	31
28	32
28	33
29	30
29	31
29	32
30	31
30	32
31	32
32	33
33	34
33	35
34	35
34	36
35	36
35	37
36	37
36	38
37	38
37	39
38	39
38	40
39	40
39	41
40	41
40	42
40	43
41	42
41	43
42	43
42	44
42	45
43	44
43	45
43	46
44	45
44	46
45	46
45	47
45	52
45	53
45	54
46	47
46	48
46	50
46	51
46	52
46	53
47	48
47	49
47	50
47	51
47	52
48	49
48	50
49	50
49	51
50	51
50	52
51	52
51	53
52	53
52	54
53	54
53	55
54	55
54	56
55	56
55	57
56	57
56	58
57	58
57	59
57	72
57	73
58	59
58	60
58	72
58	73
59	60
59	61
59	70
59	71
59	72
59	73
60	61
60	62
60	71
60	72
60	73
61	62
61	63
61	70
62	63
62	64
62	70
62	71
62	111
62	113
63	64
63	65
63	67
63	68
63	69
63	70
63	71
63	113
63	114
64	65
64	66
64	67
64	68
64	69
64	70
64	71
64	113
64	114
64	115
64	116
64	117
64	118
65	66
65	67
65	68
65	114
65	115
65	116
65	117
66	67
66	68
66	69
66	117
67	68
67	69
67	70
68	69
68	70
69	70
69	71
70	71
70	72
71	72
71	73
71	75
71	118
72	73
72	74
72	75
73	74
73	75
73	87
73	88
73	89
74	75
74	76
74	86
74	87
74	88
74	121
74	122
75	76
75	77
75	86
75	87
75	118
75	120
75	121
75	122
76	77
76	78
76	84
76	85
76	86
76	87
76	118
76	119
76	120
76	121
76	122
77	78
77	79
77	84
77	85
77	86
77	116
77	117
77	118
77	119
78	79
78	80
78	82
78	83
78	84
78	85
78	116
78	117
78	118
78	119
79	80
79	81
79	82
79	83
79	84
79	115
79	116
79	117
80	81
80	82
80	115
80	116
81	82
81	83
82	83
82	84
83	84
83	85
84	85
84	98
85	86
85	87
85	96
85	97
85	98
85	99
86	87
86	88
86	96
86	97
86	98
87	88
87	94
87	95
87	96
87	97
88	89
88	90
88	94
88	95
88	96
88	97
89	90
89	91
89	93
89	94
89	95
90	91
90	92
90	93
90	94
90	95
91	92
91	93
92	93
93	94
93	95
93	107
93	108
94	95
94	96
94	107
94	108
94	109
95	96
95	97
95	105
95	106
95	107
95	108
95	109
96	97
96	98
96	105
96	106
96	107
96	108
96	109
97	98
97	99
97	103
97	104
97	105
97	106
98	99
98	100
98	101
98	102
98	103
98	104
98	105
99	100
99	101
99	102
99	103
100	101
100	102
100	131
101	102
101	103
102	103
102	104
103	104
103	105
104	105
104	106
105	106
105	107
105	108
106	107
106	108
106	109
107	108
107	109
107	110
108	109
108	110
109	110
109	111
110	111
110	112
110	113
111	112
111	113
111	114
112	113
112	114
112	115
113	114
113	115
113	116
114	115
114	116
115	116
115	117
116	117
116	118
117	118
117	119
118	119
118	120
119	120
120	121
120	125
121	122
121	123
121	124
121	125
122	123
122	124
122	125
122	126
123	124
123	125
123	126
124	125
124	126
125	126
125	127
125	128
126	127
126	128
126	129
127	128
127	129
127	130
127	133
127	134
127	135
128	129
128	130
128	133
128	134
129	130
129	131
130	131
130	132
130	133
130	134
131	132
131	133
132	133
132	134
133	134
134	135
