0	1
0	2
1	2
1	3
2	3
2	4
2	6
2	7
3	4
3	5
3	6
3	7
4	5
4	6
4	7
4	12
4	13
4	14
4	16
5	6
5	7
5	13
5	14
6	7
6	8
6	13
7	8
7	9
7	10
7	12
7	13
8	9
8	10
9	10
9	11
9	12
9	13
10	11
10	12
10	13
10	14
10	15
10	16
11	12
11	13
11	14
11	15
11	16
11	347
11	348
12	13
12	14
12	15
12	16
13	14
13	15
13	16
14	15
14	16
15	16
15	17
15	18
16	17
16	18
16	19
16	20
17	18
17	19
17	20
18	19
18	20
18	351
19	20
19	21
19	22
19	347
19	350
20	21
20	22
20	23
21	22
21	23
21	24
22	23
22	24
22	25
22	26
22	343
23	24
23	25
23	26
23	27
23	30
24	25
24	26
24	27
24	29
24	30
25	26
25	27
25	30
25	31
25	133
26	27
26	28
26	30
26	31
26	133
26	340
26	342
26	343
27	28
27	29
27	30
27	31
28	29
28	30
28	31
28	32
29	30
29	31
29	32
29	33
29	75
29	78
30	31
30	32
30	33
30	34
31	32
31	33
31	34
31	35
31	129
32	33
32	34
32	35
32	36
32	78
33	34
33	35
33	36
33	37
33	73
34	35
34	36
34	37
34	38
34	129
35	36
35	37
35	38
35	39
35	125
35	126
35	129
36	37
36	38
36	39
36	40
36	70
36	95
37	38
37	39
37	40
37	41
37	70
38	39
38	40
38	41
38	42
38	125
39	40
39	41
39	42
39	43
39	116
39	117
39	125
40	41
40	42
40	43
40	44
40	66
41	42
41	43
41	44
41	45
42	43
42	44
42	45
42	46
43	44
43	45
43	46
43	47
43	115
43	116
44	45
44	46
44	47
44	48
45	46
45	47
45	48
45	49
46	47
46	48
46	49
46	52
46	55
47	48
47	49
47	52
47	55
47	56
47	57
47	58
48	49
48	50
48	57
49	50
49	51
49	52
50	51
50	52
50	53
51	52
51	53
52	53
52	54
52	55
53	54
53	55
53	56
54	55
54	56
55	56
55	57
55	112
56	57
56	58
57	58
57	59
58	59
58	60
58	62
58	63
59	60
59	61
59	62
59	63
60	61
60	62
60	63
60	64
61	62
61	63
61	64
61	65
62	63
62	64
62	65
62	66
62	108
62	109
63	64
63	65
63	66
63	67
64	65
64	66
64	67
64	68
65	66
65	67
65	68
65	69
66	67
66	68
66	69
66	70
67	68
67	69
67	70
67	71
68	69
68	70
68	71
68	72
69	70
69	71
69	72
69	73
70	71
70	72
70	73
71	72
71	73
72	73
72	74
73	74
73	77
74	75
74	76
74	77
74	78
75	76
75	77
75	78
75	79
76	77
76	78
76	79
76	80
77	78
77	79
77	80
77	81
78	79
78	80
78	81
78	82
79	80
79	81
79	82
79	83
80	81
80	82
80	83
80	84
81	82
81	83
81	84
81	85
81	94
81	95
81	98
82	83
82	84
82	85
82	86
83	84
83	85
83	86
84	85
84	86
84	87
84	88
84	94
85	86
85	87
85	88
85	89
85	90
85	91
85	94
86	87
86	88
86	89
87	88
87	89
88	89
88	90
88	93
88	94
89	90
89	91
90	91
90	92
90	93
90	94
91	92
91	93
91	94
91	95
92	93
92	94
92	95
92	96
92	122
93	94
93	95
93	96
93	97
94	95
94	96
94	97
94	98
95	96
95	97
95	98
95	99
96	97
96	98
96	99
96	100
96	116
96	117
97	98
97	99
97	100
97	101
98	99
98	100
98	101
98	102
99	100
99	101
99	102
99	103
100	101
100	102
100	103
100	104
100	113
101	102
101	103
101	104
102	103
102	104
103	104
103	105
103	106
103	109
103	110
104	105
104	106
104	110
105	106
105	107
105	110
106	107
106	108
106	109
106	110
107	108
107	109
107	110
107	111
108	109
108	110
108	111
109	110
109	111
109	112
109	113
110	111
110	112
110	113
111	112
111	113
112	113
112	114
112	115
113	114
113	115
113	116
114	115
114	116
115	116
115	117
115	118
116	117
116	118
117	118
117	119
117	120
118	119
118	120
119	120
119	121
119	208
119	215
119	216
120	121
120	122
120	124
120	208
121	122
121	123
121	124
121	208
121	209
122	123
122	124
122	125
122	126
123	124
123	125
123	126
123	127
123	246
123	247
124	125
124	126
124	127
124	128
124	205
124	206
124	207
124	208
125	126
125	127
125	128
125	129
126	127
126	128
126	129
126	130
127	128
127	129
127	130
127	131
127	204
127	248
128	129
128	130
128	131
128	132
128	204
128	205
129	130
129	131
129	132
129	133
130	131
130	132
130	133
130	134
131	132
131	133
131	134
131	135
131	202
131	203
131	204
131	238
132	133
132	134
132	135
132	136
133	134
133	135
133	136
133	137
134	135
134	136
134	137
134	138
135	136
135	137
135	138
135	139
135	202
136	137
136	138
136	139
136	140
137	138
137	139
137	140
137	141
137	142
138	139
138	140
138	141
138	142
138	143
139	140
139	141
139	142
139	143
140	141
140	142
140	143
140	144
141	142
141	143
141	144
141	145
142	143
142	144
142	145
142	146
143	144
143	145
143	146
143	147
144	145
144	146
144	147
144	148
145	146
145	147
145	148
145	149
145	353
146	147
146	148
146	149
146	150
147	148
147	149
147	150
147	151
148	149
148	150
148	151
148	152
149	150
149	151
149	152
149	153
149	357
150	151
150	152
150	153
150	154
150	187
150	190
150	191
151	152
151	153
151	154
151	155
152	153
152	154
152	155
152	156
153	154
153	155
153	156
153	157
153	183
153	184
153	187
154	155
154	156
154	157
154	158
154	184
154	187
155	156
155	157
155	158
155	159
156	157
156	158
156	159
156	160
156	180
156	183
157	158
157	159
157	160
157	161
157	180
157	181
157	183
157	184
157	448
158	159
158	160
158	161
158	180
158	448
159	160
159	161
159	180
160	161
160	162
160	163
160	179
160	180
161	162
161	163
161	178
161	179
161	180
161	181
161	445
161	448
162	163
162	164
162	178
162	180
162	445
163	164
163	165
163	178
163	179
163	180
163	367
164	165
164	166
164	176
164	177
164	178
164	179
164	370
164	371
164	438
164	441
165	166
165	167
165	176
165	177
165	178
165	179
165	370
166	167
166	168
166	173
166	174
166	175
166	176
166	177
166	374
167	168
167	169
167	173
167	174
167	175
167	176
167	177
168	169
168	170
168	171
168	172
168	173
168	174
169	170
169	171
169	172
169	173
169	174
170	171
170	172
171	172
171	173
172	173
172	174
173	174
174	175
174	176
174	380
175	176
175	177
175	380
176	177
176	178
176	437
176	440
176	441
177	178
177	179
177	181
177	441
177	444
178	179
178	180
178	181
178	182
178	441
178	444
179	180
179	181
179	182
179	183
180	181
180	182
180	183
180	184
180	448
181	182
181	183
181	184
181	185
181	444
181	445
181	447
181	448
182	183
182	184
182	185
182	186
183	184
183	185
183	186
183	187
184	185
184	186
184	187
184	188
184	448
185	186
185	187
185	188
185	189
186	187
186	188
186	189
186	190
187	188
187	189
187	190
187	191
188	189
188	190
188	191
188	192
189	190
189	191
189	192
189	193
190	191
190	192
190	193
190	194
190	263
191	192
191	193
191	194
191	195
192	193
192	194
192	195
192	196
193	194
193	195
193	196
193	197
193	259
193	263
194	195
194	196
194	197
194	198
195	196
195	197
195	198
195	199
196	197
196	198
196	199
196	200
196	259
197	198
197	199
197	200
197	256
197	259
198	199
198	200
199	200
199	201
200	201
200	202
200	255
200	256
201	202
201	203
201	239
201	252
202	203
202	204
202	238
202	239
202	252
203	204
203	238
203	239
203	240
203	241
203	252
204	205
204	233
204	238
204	239
204	240
204	241
204	248
205	206
205	207
205	233
205	240
205	241
205	242
205	248
206	207
206	208
206	229
207	208
207	211
207	212
207	213
207	229
208	209
208	210
208	211
208	212
208	213
208	214
208	215
208	246
209	210
209	211
209	246
210	211
210	212
210	245
210	246
210	330
211	212
211	213
211	244
211	245
211	246
212	213
212	214
213	214
213	215
213	216
213	217
213	225
214	215
214	216
214	217
214	218
215	216
215	217
215	218
215	219
216	217
216	218
216	219
216	220
217	218
217	219
217	220
217	221
218	219
218	220
218	221
219	220
219	221
220	221
220	222
220	223
221	222
221	223
222	223
222	224
223	224
223	225
224	225
224	226
224	227
224	228
225	226
225	227
225	228
225	229
226	227
226	228
226	229
226	230
227	228
227	229
227	230
227	231
228	229
228	230
228	231
228	232
229	230
229	231
229	232
229	233
230	231
230	232
230	233
230	234
230	240
231	232
231	233
231	234
231	235
232	233
232	234
232	235
232	236
233	234
233	235
233	236
233	237
233	238
233	239
233	240
234	235
234	236
234	237
234	238
234	239
234	240
235	236
235	237
236	237
236	238
237	238
237	239
238	239
238	240
239	240
239	241
240	241
240	242
241	242
241	243
242	243
242	244
243	244
244	245
244	246
244	247
244	248
244	249
245	246
245	247
245	330
246	247
246	248
246	330
246	331
247	248
247	249
247	331
248	249
248	250
249	250
249	251
249	325
250	251
250	252
250	253
250	254
250	324
250	325
251	252
251	253
251	254
251	255
251	325
252	253
252	254
252	255
252	256
253	254
253	255
253	256
253	257
253	321
254	255
254	256
254	257
254	258
254	321
254	322
255	256
255	257
255	258
255	259
256	257
256	258
256	259
256	260
257	258
257	259
257	260
257	261
257	317
257	318
257	321
258	259
258	260
258	261
258	262
258	318
259	260
259	261
259	262
259	263
260	261
260	262
260	263
260	264
261	262
261	263
261	264
261	265
261	314
262	263
262	264
262	265
262	266
263	264
263	265
263	266
263	267
264	265
264	266
264	267
264	268
264	310
265	266
265	267
265	268
265	269
266	267
266	268
266	269
266	270
267	268
267	269
267	270
267	271
268	269
268	270
268	271
268	272
268	307
268	310
269	270
269	271
269	272
269	273
270	271
270	272
270	273
270	274
271	272
271	273
271	274
271	275
271	303
271	304
271	307
272	273
272	274
272	275
272	276
273	274
273	275
273	276
273	277
274	275
274	276
274	277
274	278
275	276
275	277
275	278
275	279
275	300
275	303
276	277
276	278
276	279
276	280
277	278
277	279
277	280
277	281
277	282
277	283
278	279
278	280
278	281
278	282
278	283
278	284
279	280
279	281
280	281
280	282
281	282
281	283
281	284
281	366
281	369
282	283
282	284
282	365
282	366
282	369
282	370
283	284
283	285
283	363
283	364
283	365
283	366
284	285
284	286
284	363
284	364
284	365
284	366
285	286
285	287
285	362
285	363
285	364
286	287
286	288
286	362
286	363
286	364
287	288
287	289
288	289
288	290
288	291
289	290
289	291
290	291
290	292
291	292
291	293
292	293
293	295
293	297
293	298
293	299
294	295
294	296
294	297
295	296
295	297
296	297
296	298
297	298
297	299
298	299
298	300
299	300
299	301
300	301
300	302
300	303
300	304
301	302
301	303
301	304
301	305
302	303
302	304
302	305
302	306
302	355
302	356
302	358
302	359
303	304
303	305
303	306
303	307
303	355
303	356
303	359
304	305
304	306
304	307
304	308
305	306
305	307
305	308
305	309
305	352
305	355
306	307
306	308
306	309
306	310
306	351
306	352
306	353
306	355
306	356
307	308
307	309
307	310
307	311
307	352
308	309
308	310
308	311
308	312
309	310
309	311
309	312
309	313
309	348
309	349
309	351
309	352
310	311
310	312
310	313
310	314
310	348
310	349
310	352
311	312
311	313
311	314
311	315
312	313
312	314
312	315
312	316
312	348
313	314
313	315
313	316
313	317
313	345
313	346
313	348
313	349
314	315
314	316
314	317
314	318
314	345
315	316
315	317
315	318
315	319
316	317
316	318
316	319
316	320
316	345
317	318
317	319
317	320
317	321
317	345
318	319
318	320
318	321
318	322
319	320
319	321
319	322
319	323
320	321
320	322
320	323
320	324
321	322
321	323
321	324
322	323
322	324
322	325
323	324
323	325
323	326
324	325
324	326
324	335
325	326
325	327
326	327
326	328
327	328
327	329
327	331
327	332
328	329
328	330
328	331
328	332
329	330
329	331
330	331
331	332
331	333
332	333
332	334
333	334
333	335
333	336
334	335
334	336
334	337
334	338
335	336
335	337
335	338
335	339
336	337
336	338
336	339
336	340
337	338
337	339
337	340
338	339
338	340
338	341
339	340
339	341
339	342
340	341
340	342
341	342
341	343
341	344
342	343
342	344
342	345
342	346
343	344
343	345
343	346
343	347
344	345
344	346
344	347
344	348
345	346
345	347
345	348
345	349
346	347
346	348
346	349
346	350
347	348
347	349
347	350
347	351
348	349
348	350
348	351
348	352
349	350
349	351
349	352
349	353
350	351
350	352
350	353
350	354
351	352
351	353
351	354
351	355
352	353
352	354
352	355
352	356
353	354
353	355
353	356
353	357
354	355
354	356
354	357
354	358
355	356
355	357
355	358
355	359
356	357
356	358
356	359
356	360
357	358
357	359
357	360
357	361
358	359
358	360
358	361
358	362
359	360
359	361
359	362
359	363
360	361
360	362
360	363
361	362
361	363
362	363
362	364
363	364
363	365
364	365
364	366
365	366
365	367
366	367
366	368
366	369
366	370
367	368
367	369
367	370
367	371
368	369
368	370
368	371
368	372
369	370
369	371
369	372
369	373
370	371
370	372
370	373
370	374
371	372
371	373
371	374
371	375
371	438
372	373
372	374
372	375
372	376
373	374
373	375
373	376
373	377
374	375
374	376
374	377
374	437
374	438
375	376
375	377
375	378
375	437
376	377
376	378
377	378
377	379
377	380
377	437
378	379
378	380
378	381
378	410
378	411
378	412
378	437
379	380
379	381
379	382
379	405
379	410
380	381
380	382
380	383
380	437
381	382
381	383
381	384
381	385
381	437
382	383
382	384
382	385
382	386
382	401
383	384
383	385
383	386
383	387
384	385
384	386
384	387
384	388
385	386
385	387
385	388
385	389
385	432
386	387
386	388
386	389
386	390
386	397
386	398
386	401
387	388
387	389
387	390
387	391
388	389
388	390
388	391
388	392
389	390
389	391
389	392
389	393
389	394
389	397
390	391
390	392
390	393
390	394
390	397
391	392
391	393
392	393
392	394
393	394
393	395
394	395
394	396
394	397
395	396
395	397
396	397
396	398
396	399
396	400
397	398
397	399
397	400
397	401
398	399
398	400
398	401
398	402
399	400
399	401
399	402
399	403
400	401
400	402
400	403
400	404
401	402
401	403
401	404
401	405
402	403
402	404
402	405
402	406
403	404
403	405
403	406
404	405
404	406
405	406
405	407
405	408
405	409
405	410
406	407
406	408
407	408
407	409
408	409
408	410
409	410
409	411
410	411
410	412
410	414
410	415
411	412
411	413
411	414
411	415
412	413
412	414
412	415
412	416
413	414
413	415
413	416
413	417
414	415
414	416
414	417
414	418
415	416
415	417
415	418
415	419
416	417
416	418
416	419
416	420
416	433
417	418
417	419
417	420
417	421
418	419
418	420
418	421
418	422
419	420
419	421
419	422
419	429
420	421
420	422
421	422
421	423
422	423
422	424
423	424
423	425
424	425
424	426
424	428
424	429
425	426
425	427
425	428
425	429
426	427
426	428
426	429
426	430
427	428
427	429
427	430
427	431
428	429
428	430
428	431
428	432
429	430
429	431
429	432
429	433
430	431
430	432
430	433
430	434
431	432
431	433
431	434
431	435
432	433
432	434
432	435
433	434
433	435
434	435
434	436
435	436
435	437
435	439
435	440
436	437
436	438
436	439
436	440
437	438
437	439
437	440
438	439
438	440
438	441
439	440
439	441
440	441
440	442
441	442
441	443
441	444
442	443
442	444
443	444
443	445
443	446
443	447
444	445
444	446
444	447
444	448
445	446
445	447
445	448
445	449
446	447
446	448
446	449
446	450
447	448
447	449
447	450
447	451
448	449
448	450
448	451
449	450
449	451
450	451
450	452
450	453
451	452
451	453
451	454
452	453
452	454
453	454
453	455
454	455
