0	1
0	2
0	15
0	16
0	78
0	79
0	80
0	325
1	2
1	3
1	4
1	14
1	15
1	16
1	78
1	79
1	80
1	81
2	3
2	4
2	5
2	13
2	14
2	15
2	16
2	80
2	81
2	82
2	318
2	321
2	322
3	4
3	5
3	6
3	12
3	13
3	14
3	81
3	82
3	83
4	5
4	6
4	12
4	13
4	14
4	81
4	82
4	83
5	6
5	7
5	11
5	12
5	13
5	82
5	83
5	318
6	7
6	8
6	10
6	11
6	12
6	83
7	8
7	9
7	10
7	11
7	27
7	49
7	51
8	9
8	10
8	27
8	49
8	50
8	51
8	134
8	135
9	10
9	26
9	27
9	134
10	11
10	12
10	24
10	25
10	26
10	27
11	12
11	13
11	24
11	25
11	26
11	27
12	13
12	21
12	23
12	24
12	25
12	318
13	14
13	21
13	22
13	23
13	24
13	66
14	15
14	16
14	21
14	22
14	23
14	71
15	16
15	17
15	18
15	322
16	17
16	18
16	322
16	323
16	325
16	326
17	18
17	19
17	322
17	323
17	326
18	19
18	20
18	322
19	20
19	319
20	21
20	22
20	319
21	22
21	23
21	24
21	318
22	23
22	24
23	24
23	25
23	70
24	25
25	26
25	27
25	37
25	38
26	27
26	28
26	37
26	38
27	28
27	37
27	47
28	29
28	30
28	36
28	37
28	45
28	46
28	47
28	48
29	30
29	31
29	34
29	35
29	36
29	37
29	40
29	45
29	46
29	47
29	58
30	31
30	32
30	34
30	35
30	36
30	40
30	44
30	45
30	46
31	32
31	33
31	34
31	35
31	44
31	45
32	33
32	44
33	34
33	35
34	35
34	36
35	36
35	39
35	40
36	37
36	38
36	39
36	40
36	61
36	62
36	65
37	38
37	39
37	40
37	41
37	62
38	39
38	40
38	41
38	42
39	40
39	41
39	42
39	43
40	41
40	42
40	43
41	42
41	43
42	43
44	45
44	46
45	46
45	47
46	47
46	48
47	48
47	49
47	50
48	49
48	50
48	53
48	54
48	55
48	58
48	59
49	50
49	51
49	52
49	53
49	54
49	55
50	51
50	52
50	53
50	54
50	135
51	52
51	53
51	85
51	135
51	136
52	53
52	54
52	85
52	88
53	54
53	55
53	56
54	55
54	56
55	56
55	57
55	58
55	59
56	57
56	58
56	59
56	60
57	58
57	59
57	60
57	61
58	59
58	60
58	61
58	62
59	60
59	61
59	62
59	63
60	61
60	62
60	63
60	64
61	62
61	63
61	64
61	65
62	63
62	64
62	65
62	66
63	64
63	65
63	66
63	67
64	65
64	66
64	67
64	68
65	66
65	67
65	68
65	69
65	70
66	67
66	68
66	69
66	70
66	71
67	68
67	69
67	70
67	71
67	72
67	73
67	74
67	75
68	69
68	70
68	71
68	72
68	73
68	74
69	70
69	71
69	72
70	71
70	72
71	72
71	73
72	73
73	74
73	75
74	75
74	76
74	77
75	76
75	77
75	78
75	104
75	105
75	106
76	77
76	78
76	104
76	105
76	106
76	107
77	78
77	106
77	107
78	79
78	80
78	106
78	107
79	80
79	81
79	106
79	107
79	108
79	109
80	81
80	82
80	108
80	109
80	110
81	82
81	83
81	109
81	110
81	111
81	325
82	83
82	84
82	110
82	111
82	112
83	84
83	111
83	112
83	113
83	114
84	85
84	86
84	88
84	111
84	112
84	113
84	114
85	86
85	87
85	88
85	113
85	114
86	87
86	88
86	113
86	114
86	115
87	88
87	89
88	89
88	90
88	92
89	90
89	91
89	92
89	93
90	91
90	92
90	93
90	94
91	92
91	93
91	94
91	95
92	93
92	94
92	95
92	96
93	94
93	95
93	96
93	97
93	348
94	95
94	96
94	97
94	98
94	345
94	346
94	348
95	96
95	97
95	98
95	99
95	345
96	97
96	98
96	99
96	100
97	98
97	99
97	100
97	101
97	345
97	348
98	99
98	100
98	101
98	102
98	345
99	100
99	101
99	102
99	103
99	104
100	101
100	102
100	103
100	104
100	105
100	106
101	102
101	103
101	104
101	105
101	106
101	337
102	103
102	104
102	105
103	104
103	105
104	105
104	106
105	106
105	107
106	107
106	108
106	109
107	108
107	336
107	337
108	109
108	334
108	335
108	336
108	337
109	110
109	111
109	334
109	335
109	336
110	111
110	112
110	334
110	335
110	353
111	112
111	113
111	353
112	113
112	114
112	353
113	114
113	115
113	116
113	117
114	115
114	116
114	117
114	118
114	317
115	116
115	117
115	118
115	119
115	129
115	131
115	140
115	317
116	117
116	118
116	119
116	120
116	147
117	118
117	119
117	120
117	121
117	317
117	320
117	321
118	119
118	120
118	121
118	122
118	278
118	316
118	317
118	320
119	120
119	121
119	122
119	123
119	124
119	125
119	129
119	275
120	121
120	122
120	123
120	124
120	125
120	320
121	122
121	123
121	316
121	319
121	320
122	123
122	124
123	124
124	125
124	126
125	126
125	127
125	143
125	144
125	145
126	127
126	142
126	143
126	144
126	145
127	128
127	129
127	141
127	142
127	143
127	269
127	270
127	273
127	274
127	275
128	129
128	130
128	139
128	140
128	141
128	142
128	270
128	273
128	274
128	275
129	130
129	131
129	139
129	140
129	141
129	274
129	275
129	276
129	277
129	278
130	131
130	132
130	138
130	139
130	140
130	275
130	276
130	277
130	278
131	132
131	133
131	137
131	138
131	139
131	276
131	277
131	278
131	279
132	133
132	136
132	137
132	138
132	158
132	278
132	279
132	280
132	281
132	282
133	134
133	135
133	136
133	137
133	158
133	159
133	279
133	280
133	281
134	135
134	136
134	158
134	159
134	160
134	281
135	136
135	157
135	158
135	159
135	160
136	137
136	138
136	155
136	156
136	157
136	158
137	138
137	154
137	155
137	156
137	157
137	158
138	139
138	140
138	153
138	154
138	155
139	140
139	141
139	152
139	153
139	154
139	254
139	255
139	258
140	141
140	142
140	147
140	152
140	153
141	142
141	143
141	147
141	148
141	151
141	152
141	258
141	259
141	270
142	143
142	144
142	145
142	146
142	147
142	148
143	144
143	145
143	146
143	147
144	145
144	146
145	146
145	147
146	147
146	148
147	148
147	149
148	149
148	150
148	151
148	152
149	150
149	151
149	152
150	151
150	152
151	152
151	153
151	258
151	261
151	262
152	153
152	154
152	258
153	154
153	254
153	258
154	155
154	156
155	156
155	157
155	248
156	157
156	158
157	158
157	161
158	159
158	160
158	161
158	162
158	281
159	160
159	161
159	162
159	163
159	281
160	161
160	162
160	163
160	164
161	162
161	163
161	164
161	165
162	163
162	164
162	165
162	166
162	234
162	235
163	164
163	165
163	166
163	167
163	183
163	186
163	187
163	190
164	165
164	166
164	167
164	168
164	183
165	166
165	167
165	168
165	169
165	234
166	167
166	168
166	169
166	170
166	186
166	230
166	234
167	168
167	169
167	170
167	171
167	177
167	178
167	186
168	169
168	170
168	171
168	172
169	170
169	171
169	172
169	173
169	230
170	171
170	172
170	173
170	174
170	175
171	172
171	173
171	174
171	175
171	176
171	177
172	173
172	174
173	174
173	175
174	175
174	176
175	176
175	177
176	177
176	178
177	178
177	179
177	182
178	179
178	180
178	182
179	180
179	181
179	182
179	183
180	181
180	182
180	183
180	184
181	182
181	183
181	184
181	185
182	183
182	184
182	185
182	186
183	184
183	185
183	186
183	187
184	185
184	186
184	187
184	188
185	186
185	187
185	188
185	189
186	187
186	188
186	189
186	190
187	188
187	189
187	190
187	191
188	189
188	190
188	191
188	192
189	190
189	191
189	192
189	193
190	191
190	192
190	193
190	194
191	192
191	193
191	194
192	193
192	194
193	194
193	195
193	231
194	195
194	231
194	232
194	284
195	196
195	197
195	231
195	232
195	235
195	284
195	285
195	286
196	197
196	198
196	232
196	235
196	236
196	284
196	285
196	286
196	287
197	198
197	199
197	200
197	203
197	232
197	286
198	199
198	200
198	286
198	289
198	290
199	200
199	201
199	202
199	203
200	201
200	202
200	203
200	204
201	202
201	203
201	204
201	205
202	203
202	204
202	205
202	206
203	204
203	205
203	206
203	207
204	205
204	206
204	207
204	208
204	229
205	206
205	207
205	208
205	209
206	207
206	208
206	209
206	210
207	208
207	209
207	210
207	211
207	213
207	228
207	229
208	209
208	210
209	210
210	211
210	212
211	212
211	213
211	214
212	213
212	214
213	214
213	215
213	228
214	215
214	216
214	226
214	227
214	228
215	216
215	217
215	226
215	227
215	228
216	217
216	218
216	224
216	225
216	226
216	227
217	218
217	219
217	224
217	225
217	226
218	219
218	220
218	222
218	223
218	224
218	225
219	220
219	221
219	222
219	223
219	224
220	221
220	222
221	222
221	223
222	223
222	224
223	224
223	225
224	225
224	226
225	226
225	227
226	227
226	228
227	228
227	229
227	230
227	231
228	229
228	230
228	231
229	230
229	231
229	232
229	233
230	231
230	232
230	233
230	234
231	232
231	233
231	234
232	233
232	234
232	235
232	236
233	234
233	235
233	236
233	237
234	235
234	236
234	237
235	236
235	237
235	238
236	237
236	238
236	239
236	240
237	238
237	239
237	240
237	241
237	243
238	239
238	240
238	241
238	250
238	251
239	240
239	241
239	250
239	251
239	252
240	241
240	242
240	243
240	250
241	242
241	243
241	244
241	245
241	246
241	247
241	248
241	249
241	250
242	243
242	244
242	245
242	246
242	247
243	244
243	245
244	245
244	246
245	246
245	247
246	247
246	248
247	248
247	249
248	249
248	250
249	250
249	251
249	253
249	254
250	251
250	252
250	253
250	254
251	252
251	253
251	254
251	255
252	253
252	254
252	255
252	256
252	291
252	294
252	295
253	254
253	255
253	256
253	257
254	255
254	256
254	257
254	258
255	256
255	257
255	258
255	259
256	257
256	258
256	259
256	260
256	295
257	258
257	259
257	260
257	261
258	259
258	260
258	261
259	260
259	261
259	262
259	267
259	270
260	261
260	262
261	262
261	263
262	263
262	264
262	266
262	267
263	264
263	265
263	266
263	267
264	265
264	266
264	267
265	266
265	267
266	267
266	268
266	269
266	270
267	268
267	269
267	270
267	271
268	269
268	270
268	271
268	272
269	270
269	271
269	272
269	273
270	271
270	272
270	273
270	274
271	272
271	273
271	274
271	304
271	305
271	306
272	273
272	274
272	304
272	305
272	306
273	274
273	275
273	306
273	307
273	308
274	275
274	276
274	277
274	306
274	307
274	308
275	276
275	277
275	278
275	307
275	308
275	309
276	277
276	278
276	282
276	308
276	309
277	278
277	282
277	308
277	309
278	279
278	282
278	313
278	314
278	316
279	280
279	281
279	282
279	313
279	314
280	281
280	282
280	283
280	314
281	282
281	283
281	284
282	283
282	284
282	287
283	284
283	285
284	285
284	286
284	287
285	286
285	287
286	287
286	288
286	289
286	290
287	288
287	289
287	290
287	291
288	289
288	290
288	291
288	292
288	307
288	309
289	290
289	291
289	292
289	293
290	291
290	292
290	293
290	294
291	292
291	293
291	294
291	295
292	293
292	294
292	295
292	296
292	305
292	306
292	307
293	294
293	295
293	296
293	297
294	295
294	296
294	297
294	298
295	296
295	297
295	298
295	299
296	297
296	298
296	299
296	305
297	298
297	299
298	299
298	300
299	300
299	301
299	303
300	301
300	302
300	303
301	302
301	303
302	303
302	304
303	304
303	305
304	305
304	306
305	306
305	307
306	307
306	308
307	308
307	309
308	309
308	310
309	310
309	311
310	311
310	312
310	313
311	312
311	313
312	313
312	314
312	315
312	316
313	314
313	315
313	316
314	315
314	316
315	316
315	317
315	318
315	319
316	317
316	318
316	319
316	320
317	318
317	319
317	320
317	321
318	319
318	320
318	321
318	322
319	320
319	321
319	322
319	323
320	321
320	322
320	323
320	324
321	322
321	323
321	324
321	325
322	323
322	324
322	325
322	326
323	324
323	325
323	326
323	327
324	325
324	326
324	327
324	330
325	326
325	327
325	330
326	327
326	328
327	328
327	329
327	330
328	329
328	330
328	331
329	330
329	331
329	332
330	331
330	332
330	333
331	332
331	333
331	334
332	333
332	334
333	334
333	335
334	335
334	336
335	336
335	337
335	339
335	352
336	337
336	338
336	339
336	340
337	338
337	339
337	340
337	341
338	339
338	340
338	341
338	342
339	340
339	341
339	342
339	343
340	341
340	342
340	343
340	344
340	345
340	347
341	342
341	343
341	344
342	343
342	344
343	344
343	345
343	346
343	347
344	345
344	346
344	347
345	346
345	347
345	348
346	347
346	348
346	349
346	350
347	348
347	349
347	350
347	351
347	352
348	349
348	350
348	351
348	352
348	353
349	350
349	351
349	352
349	353
350	351
350	352
350	353
351	352
351	353
352	353
