0	1
0	2
1	2
1	3
1	4
1	67
1	124
2	3
2	4
2	96
2	97
3	4
3	5
3	35
3	36
3	94
3	95
3	96
3	97
4	5
4	30
4	31
4	34
4	35
4	36
5	6
5	7
5	27
5	29
5	30
5	31
5	36
6	7
6	8
6	27
6	28
6	29
6	30
7	8
7	9
7	25
7	26
7	27
7	28
8	9
8	15
8	16
8	25
8	26
8	27
8	28
9	10
9	11
9	13
9	14
9	15
9	16
9	23
9	24
9	25
9	26
9	59
10	11
10	12
10	13
10	23
10	24
10	25
10	57
10	58
10	59
11	12
11	13
11	23
11	24
11	56
11	57
11	58
11	59
12	13
12	14
12	58
13	14
13	15
13	58
13	59
14	15
14	16
15	16
15	23
16	17
16	18
16	19
16	20
16	26
17	18
17	19
17	20
18	19
18	20
18	43
19	20
19	21
19	22
20	21
20	22
21	22
21	23
22	23
22	24
23	24
23	25
24	25
24	26
24	45
24	55
25	26
25	27
25	45
25	46
26	27
26	28
26	43
26	44
26	45
26	46
27	28
27	29
27	41
27	42
27	43
27	44
27	45
28	29
28	30
28	42
28	43
29	30
29	31
29	42
30	31
30	32
30	36
30	37
30	41
31	32
31	33
31	34
31	37
31	123
32	33
32	34
32	37
33	34
33	35
33	37
34	35
34	36
34	37
35	36
35	37
35	94
35	95
35	96
35	97
36	37
36	38
36	39
36	40
36	94
37	38
37	39
37	40
38	39
38	40
39	40
39	92
40	41
40	44
41	42
41	43
41	44
42	43
42	44
43	44
43	45
44	45
44	46
44	78
44	79
44	80
45	46
45	47
45	78
45	79
45	80
46	47
46	48
46	54
46	76
46	77
46	78
46	79
47	48
47	53
47	54
47	55
47	77
47	78
48	49
48	50
48	51
48	52
48	53
48	54
48	76
48	77
49	50
49	51
49	52
49	53
49	74
49	75
49	76
49	77
50	51
50	52
50	74
50	75
50	76
51	52
51	53
52	53
52	54
53	54
53	55
54	55
54	56
54	57
54	62
55	56
55	57
56	57
56	58
57	58
57	59
57	61
57	62
58	59
58	60
58	61
58	62
59	60
59	61
59	62
59	63
60	61
60	62
60	63
60	64
61	62
61	63
61	64
61	65
62	63
62	64
62	65
62	66
63	64
63	65
63	66
63	67
64	65
64	66
64	67
64	68
64	69
65	66
65	67
65	68
65	69
65	70
66	67
66	68
66	69
66	70
67	68
67	69
67	70
68	69
68	70
68	71
69	70
69	71
70	71
70	72
70	74
71	72
71	73
72	73
72	74
72	95
72	96
73	74
73	75
73	93
73	94
73	95
73	96
74	75
74	76
74	93
74	94
74	95
75	76
75	77
75	91
75	92
75	93
75	94
76	77
76	78
76	91
76	92
76	93
77	78
77	89
77	90
77	91
77	92
78	79
78	80
78	89
78	90
78	91
79	80
79	81
79	87
79	88
79	89
79	90
80	81
80	82
80	87
80	88
80	89
81	82
81	83
81	86
81	87
81	88
82	83
82	84
82	86
82	87
83	84
83	85
83	86
83	87
84	85
84	86
85	86
85	87
86	87
87	88
87	89
88	89
88	90
89	90
89	91
90	91
90	92
91	92
92	93
92	94
93	94
93	95
94	95
94	96
95	96
95	97
96	97
98	99
98	181
99	100
99	101
99	102
99	180
99	181
99	182
99	183
100	101
100	102
100	170
100	180
100	181
100	182
101	102
101	118
101	119
101	170
101	183
102	103
102	104
102	118
102	119
102	183
103	104
103	105
103	118
103	119
104	105
104	116
104	117
104	118
104	183
105	106
105	107
105	116
105	117
105	118
106	107
106	108
106	114
106	115
106	116
106	117
107	108
107	115
107	116
107	117
108	109
108	114
108	115
109	110
109	111
109	113
109	114
109	115
110	111
110	112
110	113
110	114
111	112
111	113
111	160
111	190
112	113
112	156
112	157
112	158
112	159
112	160
112	190
113	114
113	115
113	155
113	156
113	157
113	158
114	115
114	116
114	154
114	155
114	156
115	116
115	117
115	152
115	153
115	154
115	155
116	117
116	152
116	153
116	154
117	118
117	151
117	152
117	153
118	119
118	120
118	151
118	152
119	120
119	121
119	151
120	121
120	122
120	151
121	122
121	123
122	123
122	148
122	149
123	124
123	125
124	125
124	126
124	172
125	126
125	127
125	148
125	170
125	171
125	172
126	127
126	148
126	171
126	172
126	173
126	174
127	128
127	129
127	145
127	146
127	147
127	148
127	170
127	171
128	129
128	130
128	145
128	146
128	147
128	148
128	168
128	169
128	170
128	171
129	130
129	131
129	143
129	144
129	145
129	146
129	168
129	169
129	170
130	131
130	132
130	143
130	144
130	145
130	167
130	168
130	169
131	132
131	141
131	142
131	143
131	144
131	166
131	167
131	168
132	133
132	141
132	142
132	143
132	164
132	165
132	166
132	167
133	134
133	135
133	137
133	141
133	142
133	164
133	165
133	166
134	135
134	136
134	137
134	163
134	164
134	165
135	136
135	137
135	163
135	164
135	165
136	137
136	138
137	138
137	139
138	139
138	140
139	140
139	141
140	141
140	142
141	142
141	143
142	143
143	144
144	145
144	146
145	146
145	147
146	147
146	148
146	150
147	148
147	149
147	150
148	149
148	150
149	150
149	151
150	151
150	152
151	152
152	153
153	154
153	155
154	155
154	156
155	156
156	157
156	158
157	158
157	159
158	159
158	160
159	160
159	161
159	162
160	161
160	162
160	190
161	162
161	163
161	189
161	190
162	163
162	164
162	189
162	190
163	164
163	165
163	187
163	188
163	189
163	190
164	165
164	166
164	187
164	188
164	189
165	166
165	167
165	184
165	185
165	186
165	187
165	188
166	167
166	168
166	184
166	185
166	186
166	187
167	168
167	169
167	182
167	183
167	184
167	185
167	186
168	169
168	170
168	182
168	183
168	184
168	185
169	170
169	171
169	179
169	182
169	183
170	171
170	172
170	179
170	180
170	182
171	172
171	173
171	176
171	178
171	179
171	180
172	173
172	174
172	178
172	179
173	174
173	175
173	176
173	177
173	178
174	175
174	176
175	176
175	177
176	177
176	178
177	178
177	179
178	179
178	180
179	180
179	181
180	181
180	182
181	182
181	183
182	183
182	184
182	185
183	184
183	185
184	185
184	186
185	186
185	187
186	187
186	188
187	188
187	189
188	189
188	190
189	190
