0	1
0	2
1	2
1	3
2	3
2	4
2	7
2	8
2	397
3	4
3	7
4	5
4	6
4	7
4	8
5	6
5	7
5	8
5	9
5	387
6	7
6	8
6	9
6	10
6	11
7	8
7	9
7	10
7	11
7	12
8	9
8	10
8	11
8	12
8	13
8	383
9	10
9	11
9	12
9	13
9	14
9	383
10	11
10	12
10	13
10	14
10	15
11	12
11	13
11	14
11	15
12	13
12	14
12	15
12	16
12	399
13	14
13	15
13	16
13	17
13	378
13	383
13	402
14	15
14	16
14	17
14	18
14	378
15	16
15	17
15	18
15	19
16	17
16	18
16	19
16	20
16	403
16	406
17	18
17	19
17	20
17	374
17	378
17	406
18	19
18	20
19	20
19	21
20	21
20	22
20	407
21	22
21	23
21	136
21	137
21	138
22	23
22	24
22	136
22	137
22	138
22	139
22	410
22	411
23	24
23	25
23	137
23	138
23	139
23	140
23	410
23	411
24	25
24	26
24	27
24	137
24	139
24	140
24	141
24	356
24	357
25	26
25	27
25	140
25	141
25	356
26	27
26	141
26	142
26	356
26	357
26	358
27	28
27	29
27	141
27	142
27	143
27	357
27	358
27	359
27	360
28	29
28	30
28	142
28	143
28	358
28	359
28	360
29	30
29	31
29	38
29	142
29	359
29	360
29	361
29	362
30	31
30	32
30	34
30	37
30	38
30	142
31	32
31	33
31	34
31	162
31	163
31	166
32	33
32	34
32	35
32	38
32	124
32	125
33	34
33	35
34	35
34	36
34	37
34	155
35	36
35	37
35	38
36	37
36	38
36	39
37	38
37	39
38	39
38	40
39	40
39	44
39	360
39	361
39	362
40	41
40	44
40	361
40	362
40	363
41	42
41	43
41	44
41	45
41	119
41	363
42	43
42	44
42	45
42	46
42	116
43	44
43	45
43	46
43	47
43	71
43	72
43	75
44	45
44	46
44	47
44	48
44	361
45	46
45	47
45	48
45	96
45	361
46	47
46	48
46	51
46	75
46	78
47	48
47	49
47	51
47	52
47	74
47	75
48	49
48	50
48	51
48	52
49	50
49	51
49	52
49	53
49	274
49	275
50	51
50	52
50	53
50	54
50	92
50	275
51	52
51	53
51	54
51	55
51	92
52	53
52	54
52	55
52	56
52	275
53	54
53	55
53	56
53	57
53	275
54	55
54	56
54	57
55	56
55	57
55	58
55	59
55	78
55	81
55	82
56	57
56	58
56	59
57	58
57	59
58	59
58	60
58	81
59	60
59	61
59	81
60	61
60	62
61	62
61	63
61	65
61	66
62	63
62	64
62	65
62	66
63	64
63	65
63	66
63	67
64	65
64	66
64	67
64	68
65	66
65	67
65	68
65	69
66	67
66	68
66	69
66	74
67	68
67	69
68	69
68	70
69	70
69	71
69	73
69	74
70	71
70	72
70	73
70	74
71	72
71	73
71	74
71	75
72	73
72	74
72	75
72	76
73	74
73	75
73	76
73	77
74	75
74	76
74	77
74	78
75	76
75	77
75	78
75	79
76	77
76	78
76	79
76	80
77	78
77	79
77	80
77	81
78	79
78	80
78	81
78	82
79	80
79	81
79	82
79	83
79	84
80	81
80	82
80	83
80	84
80	85
81	82
81	83
81	84
81	85
81	86
82	83
82	84
82	85
82	86
82	87
82	88
83	84
83	85
83	86
83	87
83	88
84	85
84	86
84	87
85	86
85	87
86	87
86	88
87	88
87	89
88	89
88	90
88	93
88	94
89	90
89	91
89	93
89	94
90	91
90	92
90	93
90	94
91	92
91	93
91	94
91	95
91	333
92	93
92	94
92	95
92	96
93	94
93	95
93	96
93	97
94	95
94	96
94	97
94	98
95	96
95	97
95	98
95	99
95	367
96	97
96	98
96	99
96	100
97	98
97	99
97	100
97	101
97	107
98	99
98	100
98	101
98	102
98	367
99	100
99	101
99	102
99	103
99	363
99	364
99	366
99	367
100	101
100	102
100	103
100	104
100	105
100	106
100	107
101	102
101	103
101	104
101	105
101	106
101	107
102	103
102	104
102	134
102	366
103	104
103	105
104	105
104	106
105	106
105	107
105	115
106	107
106	108
106	109
107	108
107	109
107	110
108	109
108	110
109	110
109	111
110	111
110	112
111	112
111	113
111	114
111	115
112	113
112	114
112	115
112	116
113	114
113	115
113	116
113	117
114	115
114	116
114	117
115	116
115	117
115	118
116	117
116	118
116	119
116	120
117	118
117	119
117	120
117	121
118	119
118	120
118	121
119	120
119	121
119	122
120	121
120	122
121	122
122	123
122	124
122	126
122	127
123	124
123	125
123	126
123	127
124	125
124	126
124	127
124	128
125	126
125	127
125	128
125	129
126	127
126	128
126	129
126	130
127	128
127	129
127	130
127	131
128	129
128	130
128	131
128	132
129	130
129	131
129	132
129	133
130	131
130	132
130	133
130	134
131	132
131	133
131	134
131	135
131	363
131	366
132	133
132	134
132	135
132	136
132	137
132	138
133	134
133	135
133	136
133	137
134	135
134	136
134	366
135	136
135	137
135	365
135	366
135	369
136	137
136	138
137	138
137	139
138	139
138	140
138	165
139	140
139	141
139	165
139	166
140	141
140	142
140	165
140	166
140	167
141	142
141	143
141	166
141	167
141	168
141	169
142	143
142	144
142	166
142	167
142	168
142	169
143	144
143	145
143	168
143	169
143	170
143	171
144	145
144	146
144	168
144	169
144	170
144	171
145	146
145	147
145	148
145	151
145	170
145	171
146	147
146	148
146	151
146	152
146	153
147	148
147	149
147	152
147	153
148	149
148	150
148	151
148	152
148	153
149	150
149	151
149	152
149	153
149	154
150	151
150	152
150	153
150	154
151	152
151	153
151	154
151	155
151	156
152	153
152	154
152	155
152	156
152	157
153	154
153	155
153	156
153	157
154	155
154	156
154	157
154	158
155	156
155	157
155	158
155	159
155	160
156	157
156	158
156	159
156	160
157	158
157	159
158	159
158	160
159	160
159	161
160	161
160	162
161	162
161	163
162	163
162	164
162	166
163	164
163	165
163	166
164	165
164	166
165	166
165	167
166	167
166	168
167	168
167	169
168	169
168	170
168	216
168	217
168	218
168	219
169	170
169	171
169	218
169	219
169	220
169	221
170	171
170	172
170	218
170	220
170	221
170	222
171	172
171	173
171	221
171	222
171	223
172	173
172	174
172	175
172	176
172	221
172	222
172	223
173	174
173	175
173	176
173	177
173	223
173	224
173	225
174	175
174	176
174	177
174	178
174	179
174	182
175	176
175	177
175	178
175	179
175	182
176	177
176	178
176	179
176	237
176	238
176	241
177	178
177	179
177	238
178	179
178	180
178	181
178	182
179	180
179	181
179	182
179	183
179	237
180	181
180	182
180	183
181	182
181	183
181	184
182	183
182	184
182	185
182	186
183	184
183	185
183	186
183	187
183	193
184	185
184	186
184	187
184	188
185	186
185	187
185	188
185	189
186	187
186	188
186	189
186	190
186	191
187	188
187	189
187	190
187	191
187	192
187	193
188	189
188	190
189	190
189	191
190	191
190	192
191	192
191	193
191	204
191	208
192	193
192	194
192	201
192	204
193	194
193	195
193	200
193	201
193	204
194	195
194	196
194	197
194	200
194	201
195	196
195	197
196	197
196	198
197	198
197	201
197	202
198	199
198	200
198	201
198	202
199	200
199	201
199	202
199	203
200	201
200	202
200	203
200	204
201	202
201	203
201	204
201	205
202	203
202	204
202	205
202	206
202	244
202	245
203	204
203	205
203	206
203	207
204	205
204	206
204	207
204	208
205	206
205	207
205	208
205	209
205	245
206	207
206	208
206	209
206	210
206	245
206	249
207	208
207	209
207	210
207	211
208	209
208	210
208	211
208	212
209	210
209	211
209	212
209	213
210	211
210	212
210	213
210	214
211	212
211	213
211	214
211	215
212	213
212	214
212	215
212	216
213	214
213	215
213	216
213	217
213	218
214	215
214	216
214	217
215	216
215	217
216	217
216	218
217	218
217	219
218	219
218	220
218	221
219	220
219	255
219	418
220	221
220	222
220	255
220	256
220	257
220	258
221	222
221	256
221	257
221	258
222	223
222	257
222	258
222	259
223	224
223	225
223	226
223	258
223	259
223	260
224	225
224	226
224	259
224	260
224	261
225	226
225	259
225	260
225	261
226	227
226	228
226	230
226	260
226	261
226	262
226	263
227	228
227	229
227	230
227	261
227	262
227	263
227	264
228	229
228	230
228	261
228	262
228	263
228	264
228	280
228	281
228	282
229	230
229	231
229	282
230	231
230	282
231	232
231	233
231	234
231	286
232	233
232	234
232	239
232	286
232	289
233	234
233	235
233	239
233	286
234	235
234	236
234	239
235	236
235	237
235	239
235	240
236	237
236	238
236	239
236	240
237	238
237	239
237	240
237	241
238	239
238	240
238	241
238	242
239	240
239	241
239	242
239	243
240	241
240	242
240	243
240	244
241	242
241	243
241	244
241	245
241	246
242	243
242	244
242	245
242	246
242	247
243	244
243	245
243	246
243	247
244	245
244	246
244	247
244	248
245	246
245	247
245	248
245	249
246	247
246	248
246	249
246	250
247	248
247	249
247	250
247	251
247	297
248	249
248	250
248	251
248	252
249	250
249	251
249	252
249	253
250	251
250	252
250	253
250	254
250	255
250	256
250	297
251	252
251	253
251	254
251	255
251	296
251	297
252	253
252	254
253	254
253	255
254	255
254	256
255	256
255	257
255	418
256	257
256	258
256	297
256	298
256	299
256	300
256	418
257	258
257	259
257	298
257	299
257	300
258	259
258	260
258	299
258	300
258	301
259	260
259	261
259	300
259	301
259	302
260	261
260	262
260	301
260	302
260	303
261	262
261	263
261	302
261	303
261	304
262	263
262	264
262	279
262	280
262	281
262	282
262	303
262	304
262	305
263	264
263	265
263	277
263	278
263	279
263	280
263	304
264	265
264	266
264	267
264	277
264	278
264	279
264	280
265	266
265	267
265	268
265	277
265	278
266	267
266	268
266	269
266	270
266	276
266	277
267	268
267	269
267	270
267	276
267	277
268	269
268	270
268	276
268	277
268	278
269	270
269	271
269	272
269	276
269	277
270	271
270	272
270	273
270	276
271	272
271	273
272	273
272	274
272	275
272	276
273	274
273	275
273	276
274	275
274	276
274	277
275	276
275	277
276	277
276	278
277	278
278	279
279	280
279	304
279	305
280	281
280	282
280	305
281	282
281	283
281	305
281	307
281	308
282	283
282	284
283	284
283	285
284	285
284	286
284	287
284	288
285	286
285	287
285	288
285	289
286	287
286	288
286	289
286	290
287	288
287	289
287	290
287	291
288	289
288	290
288	291
288	292
289	290
289	291
289	292
289	293
290	291
290	292
290	293
290	294
291	292
291	293
291	294
291	295
291	319
291	321
291	322
292	293
292	294
292	295
293	294
293	295
294	295
294	296
294	297
295	296
295	297
295	321
296	297
296	298
297	298
297	299
297	321
298	299
298	300
298	321
298	322
299	300
299	301
299	321
299	322
299	323
300	301
300	322
300	323
300	324
300	325
301	302
301	303
301	323
301	324
301	325
302	303
302	304
302	324
302	325
302	326
302	328
303	304
303	305
303	308
303	328
304	305
304	306
304	328
304	330
304	331
305	306
305	307
305	308
306	307
306	308
306	309
306	331
307	308
307	309
308	309
308	310
308	311
308	312
309	310
309	311
309	312
309	313
309	340
310	311
310	312
310	313
310	314
310	343
311	312
311	313
311	314
311	315
312	313
312	314
312	315
312	316
313	314
313	315
313	316
313	317
313	344
314	315
314	316
314	317
314	318
315	316
315	317
315	318
315	319
316	317
316	318
316	319
316	320
316	322
316	323
317	318
317	319
317	348
318	319
318	320
319	320
319	321
319	322
320	321
320	322
321	322
321	323
322	323
322	324
323	324
323	325
323	352
324	325
324	352
324	353
325	326
325	352
325	353
325	354
325	355
326	327
326	328
326	353
326	354
326	355
326	356
327	328
327	329
327	331
327	332
327	337
327	355
328	329
328	330
328	331
328	332
329	330
329	331
329	332
330	331
330	332
330	333
331	332
331	333
331	336
331	337
332	333
332	334
332	336
332	337
333	334
333	335
333	336
333	337
334	335
334	336
334	337
334	338
335	336
335	337
335	338
335	339
336	337
336	338
336	339
336	340
337	338
337	339
337	340
337	341
338	339
338	340
338	341
338	342
338	376
339	340
339	341
339	342
339	343
340	341
340	342
340	343
340	344
341	342
341	343
341	344
341	345
341	354
342	343
342	344
342	345
342	346
342	381
343	344
343	345
343	346
343	347
344	345
344	346
344	347
344	348
345	346
345	347
345	348
345	349
345	350
346	347
346	348
346	349
347	348
347	349
348	349
348	350
348	351
348	352
349	350
349	351
350	351
350	352
350	405
350	409
351	352
352	353
352	354
352	409
352	413
353	354
353	355
353	409
353	410
353	413
353	414
354	355
354	409
355	356
355	357
356	357
356	358
357	358
357	359
357	365
357	368
357	369
358	359
358	360
359	360
359	361
359	362
359	364
359	365
360	361
360	362
361	362
361	363
361	364
362	363
362	364
362	365
363	364
363	365
363	366
364	365
364	366
364	367
364	368
365	366
365	367
365	368
365	369
366	367
366	368
366	369
366	370
366	371
367	368
367	369
367	370
367	371
367	372
368	369
368	370
368	371
368	372
368	373
369	370
369	371
369	372
369	373
369	374
370	371
370	372
370	373
370	374
370	375
371	372
371	373
371	374
371	375
372	373
372	374
372	375
372	376
373	374
373	375
373	376
373	377
374	375
374	376
374	377
374	378
375	376
375	377
375	378
375	379
375	380
376	377
376	378
376	379
376	380
376	381
377	378
377	379
377	380
377	381
377	382
378	379
378	380
378	381
378	382
378	383
379	380
379	381
379	382
379	383
379	384
380	381
380	382
380	383
380	384
381	382
381	383
381	384
381	385
382	383
382	384
382	385
382	386
383	384
383	385
383	386
383	387
384	385
384	386
384	387
384	388
385	386
385	387
385	388
385	389
386	387
386	388
386	389
386	390
387	388
387	389
387	390
387	391
387	392
388	389
388	390
388	391
388	392
388	393
389	390
389	391
389	392
389	393
389	394
389	395
390	391
390	392
390	393
390	394
390	395
390	396
391	392
391	393
391	394
392	393
392	394
393	394
393	395
394	395
394	396
395	396
395	397
396	397
396	398
397	398
397	399
397	401
398	399
398	400
398	401
398	402
399	400
399	401
399	402
399	403
400	401
400	402
400	403
400	404
401	402
401	403
401	404
401	405
402	403
402	404
402	405
402	406
403	404
403	405
403	406
403	407
404	405
404	406
404	407
404	408
405	406
405	407
405	408
405	409
406	407
406	408
406	409
406	410
407	408
407	409
407	410
407	411
407	412
408	409
408	410
408	411
408	412
408	413
409	410
409	411
409	412
409	413
410	411
410	412
411	412
411	413
411	414
411	415
412	413
412	414
412	415
412	416
413	414
413	415
413	416
413	417
414	415
414	416
414	417
414	418
415	416
415	417
415	418
415	419
415	420
415	421
416	417
416	418
416	419
416	420
417	418
417	419
418	419
418	420
419	420
420	421
