0	1
0	2
1	2
1	3
1	213
2	3
2	33
2	34
2	35
2	36
2	213
2	244
3	4
3	5
3	34
3	35
3	36
3	37
4	5
4	6
4	34
4	36
4	37
4	38
5	6
5	7
5	37
5	38
5	39
5	40
6	7
6	8
6	37
6	38
6	39
6	40
7	8
7	9
7	39
7	40
7	41
8	9
8	16
8	17
8	22
8	39
8	40
8	41
9	10
9	15
9	16
9	17
9	41
9	47
10	11
10	14
10	15
10	16
10	41
10	42
11	12
11	13
11	14
11	15
12	13
12	14
13	14
13	15
14	15
14	16
14	50
15	16
15	17
15	50
16	17
16	18
16	47
16	48
16	50
16	51
17	18
17	19
17	21
17	22
18	19
18	20
18	21
18	22
19	20
19	21
19	22
19	23
19	60
20	21
20	22
20	23
20	24
21	22
21	23
21	24
21	25
22	23
22	24
22	25
22	26
23	24
23	25
23	26
23	27
23	64
24	25
24	26
24	27
24	28
25	26
25	27
25	28
25	29
26	27
26	28
26	29
26	30
27	28
27	29
27	30
27	31
28	29
28	30
28	31
28	32
29	30
29	31
29	32
29	33
29	34
30	31
30	32
30	33
30	34
30	35
31	32
31	33
32	33
32	34
33	34
33	35
34	35
34	36
35	36
35	37
35	71
35	72
35	244
36	37
36	38
36	71
36	72
36	73
37	38
37	39
37	72
37	73
37	74
38	39
38	40
38	73
38	74
38	75
39	40
39	74
39	75
40	41
40	44
40	75
40	76
41	42
41	43
41	44
41	76
42	43
42	44
42	76
43	44
43	45
43	46
43	76
43	77
43	78
44	45
44	46
44	47
44	76
44	77
45	46
45	47
45	55
45	57
45	77
45	78
45	81
45	82
46	47
46	48
46	49
46	55
46	81
47	48
47	49
47	55
47	56
47	57
48	49
48	50
48	51
48	52
48	53
48	54
48	55
48	56
49	50
49	51
49	52
49	53
49	54
49	55
50	51
50	52
50	53
51	52
51	53
52	53
52	54
53	54
54	55
54	56
55	56
55	57
56	57
56	58
56	59
56	60
57	58
57	59
57	60
57	61
57	86
58	59
58	60
58	61
58	62
58	85
58	86
58	89
59	60
59	61
59	62
59	63
60	61
60	62
60	63
60	64
61	62
61	63
61	64
61	65
62	63
62	64
62	65
62	66
62	92
63	64
63	65
63	66
63	67
64	65
64	66
64	67
65	66
65	67
65	92
65	94
66	67
66	68
67	68
67	69
68	69
69	70
69	71
70	71
71	72
71	73
71	94
72	73
72	74
72	94
72	95
72	96
73	74
73	75
73	94
73	95
73	96
74	75
74	95
74	96
76	77
76	78
76	100
76	101
77	78
77	79
77	82
77	100
77	101
78	79
78	80
78	81
78	82
78	101
78	102
79	80
79	81
79	82
79	101
79	103
80	81
80	82
80	115
80	116
80	117
81	82
81	83
82	83
82	84
82	86
82	87
83	84
83	85
83	86
83	87
84	85
84	86
84	87
84	88
85	86
85	87
85	88
85	89
86	87
86	88
86	89
87	88
87	89
87	90
88	89
88	90
88	91
89	90
89	91
89	92
90	91
90	92
90	97
91	92
91	93
92	93
92	94
92	95
93	94
93	95
94	95
94	96
95	96
95	97
96	97
96	98
96	225
97	98
97	99
97	135
97	136
98	99
98	100
98	135
98	136
98	137
98	226
99	100
99	101
99	136
99	137
99	138
100	101
100	102
100	137
100	138
100	139
101	102
101	103
101	138
101	139
102	103
102	104
102	139
102	140
102	141
103	104
103	105
103	139
103	140
103	141
104	105
104	140
104	141
104	142
105	106
105	107
105	110
105	111
105	141
105	142
105	156
106	107
106	108
106	119
106	155
106	156
106	159
107	108
107	109
107	110
107	111
107	119
107	152
107	155
107	156
108	109
108	110
108	111
108	112
108	118
108	119
109	110
109	111
109	112
109	113
110	111
110	112
110	113
110	148
111	112
111	113
111	114
111	115
112	113
112	114
112	115
112	116
113	114
114	115
114	116
115	116
115	117
116	117
116	118
117	118
117	119
117	121
117	122
118	119
118	120
118	121
118	122
119	120
119	121
119	122
119	123
120	121
120	122
120	123
120	124
121	122
121	123
121	124
122	123
122	124
122	125
123	124
123	125
123	126
123	163
124	125
124	126
124	127
125	126
125	127
125	128
125	129
126	127
126	128
126	129
126	130
126	163
127	128
127	129
127	130
127	131
128	129
128	130
128	131
128	132
128	135
129	130
129	131
129	132
129	133
129	134
129	135
130	131
130	132
130	133
131	132
131	133
132	133
132	134
132	135
133	134
133	135
134	135
134	136
135	136
135	137
136	137
136	138
136	166
136	226
137	138
137	139
137	165
137	166
137	167
138	139
138	165
138	166
138	167
138	168
139	140
139	141
139	167
139	168
139	169
140	141
140	142
140	168
140	169
140	170
141	142
141	143
141	169
141	170
141	171
142	143
142	144
142	145
142	170
142	171
142	172
142	173
143	144
143	145
143	171
143	172
143	173
143	181
143	184
143	185
144	145
144	146
144	148
144	172
144	173
144	177
144	181
145	146
145	147
145	148
145	173
146	147
146	148
146	176
146	177
147	148
147	149
147	176
148	149
148	150
148	152
148	153
149	150
149	151
149	152
149	153
150	151
150	152
150	153
150	154
151	152
151	153
151	154
151	155
152	153
152	154
152	155
152	156
153	154
153	155
153	156
153	157
154	155
154	156
154	157
154	158
155	156
155	157
155	158
155	159
156	157
156	158
156	159
156	160
157	158
157	159
157	160
157	161
157	188
158	159
158	160
158	161
158	162
159	160
159	161
159	162
159	163
160	161
160	162
160	163
160	164
160	165
161	162
161	163
161	164
162	163
162	164
163	164
163	165
164	165
164	166
164	195
165	166
165	167
165	168
166	167
166	168
166	196
166	199
167	168
167	169
167	196
168	169
168	170
169	170
169	171
170	171
170	172
170	185
170	189
171	172
171	173
171	185
172	173
172	174
172	181
172	182
172	185
173	174
173	175
174	175
176	177
176	178
177	178
177	179
177	181
178	179
178	180
178	181
179	180
179	181
179	182
180	181
180	182
180	183
181	182
181	183
181	184
181	185
182	183
182	184
182	185
182	186
183	184
183	185
183	186
183	187
184	185
184	186
184	187
184	188
185	186
185	187
185	188
185	189
186	187
186	188
186	189
186	190
187	188
187	189
187	190
187	191
188	189
188	190
188	191
188	192
189	190
189	191
189	192
189	193
190	191
190	192
190	193
191	192
191	193
191	194
191	195
192	193
192	194
192	195
192	196
193	194
193	195
193	196
193	197
194	195
194	196
194	197
194	198
195	196
195	197
195	198
195	199
196	197
196	198
196	199
196	200
197	198
197	199
197	200
197	201
198	199
198	200
198	201
198	202
199	200
199	201
199	202
200	201
200	202
200	203
201	202
201	203
201	204
202	203
202	204
203	204
203	205
203	206
203	251
204	205
204	206
204	251
204	252
204	253
205	206
205	207
205	250
205	251
205	252
206	207
206	208
206	250
206	251
207	208
207	248
207	249
207	250
207	251
208	209
208	210
208	224
208	248
208	249
208	250
209	210
209	211
209	224
209	225
209	246
209	247
209	248
209	249
210	211
210	212
210	222
210	223
210	224
210	225
210	246
210	247
210	248
210	249
211	212
211	213
211	222
211	223
211	224
211	244
211	245
211	246
211	247
212	213
212	214
212	220
212	221
212	222
212	223
212	242
212	243
212	244
212	245
212	246
213	214
213	221
213	222
213	243
213	244
214	215
214	216
214	220
214	221
214	222
214	243
215	216
215	217
215	219
215	220
215	221
216	217
216	218
216	219
216	220
217	218
217	219
218	219
218	220
218	238
218	239
219	220
219	221
219	236
219	237
219	238
219	239
220	221
220	222
220	236
220	237
220	238
220	239
221	222
221	235
221	236
221	237
222	223
222	234
222	235
222	236
223	224
223	225
223	227
223	234
223	235
224	225
224	226
224	227
224	235
225	226
225	227
226	227
226	228
227	228
227	229
227	232
227	233
228	229
228	230
228	231
228	232
229	230
229	231
229	232
230	231
230	232
231	232
231	233
232	233
233	234
233	235
233	257
233	258
234	235
234	236
234	258
235	236
235	237
235	258
235	259
236	237
236	238
236	259
236	260
237	238
237	239
237	259
237	260
237	261
237	262
238	239
238	260
238	261
238	262
239	240
239	241
239	261
239	262
240	241
241	242
241	245
242	243
242	244
242	245
243	244
243	245
244	245
244	246
245	246
245	247
246	247
247	248
247	249
247	262
248	249
248	262
248	263
249	250
249	251
249	260
249	261
249	262
249	263
250	251
250	252
250	260
250	261
250	262
250	263
251	252
251	253
251	259
251	260
251	261
252	253
252	259
252	260
253	254
253	259
253	260
254	255
254	256
254	257
254	258
254	259
255	256
255	257
255	258
256	257
256	258
257	258
259	260
260	261
261	262
261	263
262	263
