0	1
0	2
0	59
0	60
0	61
0	62
1	2
1	3
1	59
1	60
1	61
2	3
2	4
2	57
2	58
2	59
2	60
2	92
2	93
3	4
3	5
3	6
3	57
3	58
3	59
3	60
3	92
3	93
3	94
4	5
4	6
4	7
4	55
4	56
4	57
4	58
4	92
4	93
4	94
5	6
5	7
5	8
5	10
5	11
5	55
5	56
5	57
5	94
6	7
6	8
6	10
6	11
6	55
6	56
6	57
6	94
7	8
7	10
7	11
7	54
7	55
7	56
7	107
8	9
8	10
8	11
8	41
8	107
9	10
9	11
9	14
9	15
9	16
9	17
10	11
10	12
10	14
10	16
10	17
11	12
11	13
11	14
11	17
11	56
12	13
12	14
12	17
13	14
13	15
13	17
14	15
14	16
14	17
15	16
15	17
16	17
16	18
16	19
17	18
17	19
17	20
18	19
18	20
18	21
19	20
19	21
20	21
20	22
20	23
20	64
21	22
21	23
22	23
22	24
23	24
23	25
23	58
23	59
23	60
24	25
24	26
24	58
24	59
25	26
25	27
25	28
25	57
25	58
25	59
26	27
26	28
26	57
26	58
26	59
27	28
27	29
27	30
27	56
27	57
27	58
27	84
28	29
28	30
28	56
28	57
29	30
29	55
29	56
29	84
30	31
30	54
30	55
30	56
30	57
30	82
30	83
30	84
31	32
31	33
31	52
31	53
31	54
31	55
31	82
31	83
31	84
32	33
32	34
32	52
32	53
32	54
32	81
32	82
32	83
33	34
33	49
33	51
33	52
33	53
34	35
34	36
34	43
34	44
34	45
34	49
34	51
34	52
34	53
35	36
35	37
35	43
35	44
35	45
35	49
35	51
35	52
35	53
35	105
36	37
36	38
36	41
36	42
36	43
36	44
36	53
36	100
36	101
36	102
36	105
37	38
37	39
37	41
37	42
37	43
37	98
37	99
37	100
37	101
37	102
38	39
38	40
38	41
38	42
38	98
38	99
38	100
38	101
38	102
39	40
39	41
39	42
39	98
39	99
40	41
40	42
41	42
42	43
42	44
42	96
43	44
43	45
43	96
44	45
44	46
45	46
45	49
46	47
46	48
46	49
47	48
47	49
48	49
48	50
49	50
49	51
50	51
51	52
52	53
52	54
52	105
53	54
53	55
53	105
53	106
54	55
54	105
54	106
55	56
56	57
56	58
57	58
57	59
58	59
58	60
59	60
59	61
60	61
60	62
60	64
60	65
61	62
61	63
61	64
61	65
62	63
62	64
62	65
62	66
63	64
63	65
63	66
63	67
64	65
64	66
64	67
64	68
65	66
65	67
65	68
65	69
66	67
66	68
66	69
66	70
67	68
67	69
67	70
67	71
68	69
68	70
68	71
68	72
69	70
69	71
69	72
70	71
70	72
70	73
71	72
71	73
72	73
72	74
72	75
73	74
73	75
74	75
74	76
75	76
75	77
75	95
75	96
76	77
76	95
76	96
77	78
77	93
77	94
77	95
77	96
78	79
78	80
78	93
78	94
78	95
79	80
79	91
79	92
79	93
79	94
80	81
80	82
80	91
80	92
80	93
80	94
81	82
81	83
81	88
81	89
81	90
81	91
81	92
82	83
82	84
82	88
82	89
82	90
82	91
82	92
83	84
83	87
83	88
83	89
83	90
84	85
84	86
84	87
84	88
85	86
85	87
85	175
85	176
85	177
86	87
86	177
87	88
87	89
87	90
88	89
88	90
89	90
89	91
89	92
90	91
90	92
91	92
92	93
92	94
93	94
93	95
94	95
94	96
95	96
96	97
98	99
98	100
99	100
99	101
99	102
100	101
100	102
100	103
101	102
101	103
101	104
101	105
101	110
102	103
102	104
102	105
102	110
103	104
103	105
104	105
104	106
105	106
105	107
106	107
106	108
106	109
106	110
107	108
107	109
107	110
107	111
108	109
108	110
108	111
109	110
109	111
109	112
109	113
109	210
110	111
110	112
110	113
110	114
111	112
111	113
111	114
111	115
112	113
112	114
112	115
112	116
112	117
112	118
113	114
113	115
113	116
113	117
113	118
114	115
114	116
114	117
115	116
115	117
115	118
116	117
116	118
116	119
116	191
117	118
117	119
117	191
118	119
118	120
118	121
118	122
118	191
119	120
119	121
119	122
119	190
119	191
120	121
120	122
120	123
120	188
120	189
120	190
120	191
121	122
121	123
121	124
121	188
121	189
121	190
121	191
122	123
122	124
122	188
122	189
122	190
122	191
123	124
123	125
123	186
123	187
123	188
123	189
123	225
123	226
124	125
124	126
124	186
124	187
124	188
124	189
124	225
124	226
124	227
125	126
125	127
125	184
125	185
125	186
125	187
125	225
125	226
125	227
126	127
126	128
126	130
126	184
126	185
126	186
126	227
127	128
127	130
127	183
127	184
127	185
128	129
128	130
128	173
128	247
129	130
129	131
129	243
129	246
129	247
129	250
130	131
130	132
131	132
131	133
131	246
131	247
131	249
131	250
132	133
132	134
132	135
132	136
132	141
133	134
133	135
133	136
133	137
134	135
134	136
134	137
134	138
135	136
135	137
135	138
135	139
135	140
135	141
136	137
136	138
136	139
136	140
136	141
137	138
137	139
138	139
138	140
139	140
139	141
140	141
140	142
140	143
141	142
141	143
141	144
141	145
142	143
142	144
142	145
143	144
143	145
143	189
143	190
143	193
144	145
144	146
144	147
144	187
144	189
145	146
145	147
146	147
146	148
146	187
146	188
147	148
147	149
147	186
147	187
147	188
148	149
148	186
148	187
148	188
148	217
149	150
149	151
149	152
149	185
149	186
149	187
149	217
149	254
150	151
150	152
150	153
150	183
150	184
150	185
150	186
150	217
150	254
150	255
151	152
151	153
151	183
151	184
151	185
151	186
151	217
151	254
151	255
152	153
152	154
152	183
152	184
152	185
152	186
152	215
152	216
152	217
153	154
153	155
153	156
153	182
153	183
153	184
153	215
153	216
153	217
154	155
154	156
154	157
154	158
154	180
154	181
154	182
154	183
154	215
154	216
155	156
155	157
155	158
155	179
155	180
155	181
155	182
156	157
156	158
156	179
156	180
156	181
156	182
157	158
157	176
157	177
157	178
157	179
157	180
157	181
158	159
158	160
158	175
158	176
158	177
158	178
158	179
158	180
158	181
158	182
159	160
159	161
159	175
159	176
159	177
159	179
159	180
159	181
159	182
160	161
160	173
160	174
160	175
160	182
161	162
161	163
161	173
161	174
161	175
161	236
162	163
162	164
162	170
162	171
162	172
162	173
162	174
162	236
162	237
163	164
163	165
163	170
163	171
163	172
163	173
163	174
163	233
163	234
163	235
163	236
164	165
164	166
164	170
164	171
164	172
164	173
164	230
164	232
164	233
164	234
165	166
165	167
165	169
165	170
165	171
165	172
165	234
166	167
166	168
166	169
166	170
166	171
167	168
167	169
168	169
168	171
168	240
169	170
169	171
169	237
169	238
169	239
169	240
169	271
169	272
170	171
170	172
170	173
170	237
170	238
170	239
170	240
171	172
171	173
171	237
171	238
171	239
171	240
172	173
172	174
172	239
173	174
174	175
174	229
174	230
175	176
175	177
176	177
176	178
177	178
177	179
178	179
178	180
178	181
179	180
179	181
179	182
180	181
180	182
181	182
182	183
183	184
183	255
184	185
184	186
184	255
185	186
185	187
185	254
186	187
186	188
187	188
187	189
188	189
189	190
189	191
189	193
190	191
190	192
190	193
191	192
191	193
191	194
192	193
192	194
193	194
193	195
193	196
193	197
194	195
194	196
194	197
194	198
195	196
195	197
195	198
195	199
196	197
196	198
196	199
196	200
197	198
197	199
197	200
197	201
198	199
198	200
198	201
198	202
198	203
199	200
199	201
199	202
199	203
200	201
200	202
201	202
201	203
201	207
201	208
202	203
202	204
202	205
202	206
202	207
202	208
203	204
203	205
203	206
203	207
203	208
203	209
204	205
204	206
205	206
205	207
206	207
206	208
206	209
206	231
207	208
207	209
207	230
207	231
208	209
208	210
208	228
208	229
208	230
208	231
209	210
209	211
209	228
209	229
209	230
209	231
210	211
210	226
210	227
210	228
210	229
211	212
211	213
211	226
211	227
211	228
211	229
212	213
212	224
212	225
212	226
212	227
213	214
213	215
213	223
213	224
213	225
213	226
214	215
214	222
214	223
214	224
214	225
215	216
215	217
215	221
215	222
215	223
216	217
216	218
216	219
216	220
216	221
216	222
217	218
217	219
217	220
217	221
218	219
218	220
219	220
219	221
220	221
220	222
221	222
221	223
222	223
222	224
222	225
223	224
223	225
224	225
224	226
225	226
225	227
226	227
226	228
227	228
227	229
228	229
228	230
229	230
229	231
230	231
230	232
230	233
231	232
231	233
232	233
232	234
233	234
234	235
234	236
235	236
235	237
236	237
236	238
236	269
237	238
237	239
237	269
237	270
237	271
237	272
238	239
238	240
238	267
238	269
238	270
238	271
238	272
239	240
239	241
239	243
239	244
240	241
240	242
240	243
240	244
241	242
241	243
241	244
241	245
242	243
242	244
242	245
242	246
243	244
243	245
243	246
243	247
244	245
244	246
244	247
244	248
245	246
245	247
245	248
245	249
246	247
246	248
246	249
246	250
247	248
247	249
247	250
247	251
248	249
248	250
248	251
248	252
249	250
249	251
249	252
249	253
250	251
250	252
250	253
250	254
251	252
251	253
251	254
251	255
251	260
252	253
252	254
252	255
252	260
253	254
253	255
254	255
255	256
255	257
255	259
255	260
256	257
256	258
256	259
256	260
257	258
257	259
257	260
257	261
258	259
258	260
258	261
258	262
259	260
259	261
259	262
259	263
260	261
260	262
260	263
260	264
261	262
261	263
261	264
261	265
262	263
262	264
262	265
262	266
263	264
263	265
263	266
264	265
264	266
264	267
265	266
265	267
265	268
266	267
266	268
266	269
267	268
267	269
268	269
268	270
269	270
269	271
270	271
270	272
271	272
