0	1
0	2
0	28
1	2
1	3
1	26
1	27
1	28
2	3
2	4
2	26
2	27
2	28
2	54
3	4
3	5
3	25
3	26
3	27
3	54
3	55
4	5
4	6
4	24
4	25
4	26
4	52
4	53
4	54
4	55
5	6
5	7
5	22
5	23
5	24
5	25
5	52
5	53
5	54
5	55
6	7
6	8
6	22
6	23
6	24
6	51
6	52
6	53
7	8
7	20
7	21
7	22
7	23
7	49
7	50
7	51
7	52
8	9
8	20
8	21
8	22
8	48
8	49
8	50
9	10
9	18
9	19
9	20
9	21
9	47
9	48
9	49
9	50
10	11
10	12
10	18
10	19
10	20
10	43
10	46
10	47
10	48
11	12
11	13
11	15
11	17
11	18
11	19
11	42
11	43
12	13
12	14
12	15
12	42
12	43
13	14
13	15
14	15
14	16
15	16
15	17
16	17
17	18
17	19
18	19
18	20
19	20
19	21
20	21
21	22
21	23
22	23
22	24
23	24
23	25
23	36
23	39
24	25
24	115
25	26
25	27
25	32
25	35
25	36
25	115
25	116
26	27
26	32
26	115
26	116
27	28
27	29
27	31
27	32
28	29
28	31
29	30
29	31
29	32
30	31
30	32
30	33
31	32
31	33
32	33
32	34
32	35
32	36
33	34
33	35
33	36
33	37
34	35
34	36
34	37
34	38
35	36
35	37
35	38
35	39
36	37
36	38
36	39
36	40
37	38
37	39
37	40
37	44
38	39
38	40
39	40
39	41
40	41
40	42
41	42
42	43
42	44
43	44
43	45
44	45
44	46
44	47
45	46
45	47
46	47
46	48
46	140
47	48
47	140
47	141
48	49
48	50
48	138
48	139
48	140
48	141
49	50
49	51
49	138
49	139
49	140
49	141
50	51
50	136
50	137
50	138
50	139
51	52
51	133
51	135
51	136
51	137
52	53
52	54
52	133
52	134
52	135
52	136
53	54
53	55
53	132
53	133
53	134
54	55
54	56
55	56
55	57
56	57
56	62
56	63
57	58
57	59
57	60
57	61
57	62
57	63
57	127
57	128
57	129
58	59
58	60
58	61
58	62
58	88
58	89
58	128
58	129
59	60
59	61
59	88
59	89
59	128
60	61
60	62
60	124
60	125
60	126
60	127
60	128
61	62
61	63
61	122
61	123
61	124
61	125
61	126
61	127
62	63
62	64
62	122
62	123
62	124
62	125
63	64
63	65
63	120
63	121
63	122
63	123
64	65
64	66
64	120
64	121
64	122
65	66
65	118
65	119
65	120
65	121
66	67
66	68
66	69
66	118
66	119
67	68
67	69
67	117
67	118
67	119
68	69
68	119
69	119
70	71
70	72
71	72
71	73
72	73
72	74
72	91
73	74
73	89
73	90
73	91
74	75
74	76
74	89
74	90
74	91
74	113
75	76
75	77
75	88
75	89
75	90
75	111
75	112
75	113
76	77
76	78
76	87
76	88
76	89
76	90
76	96
76	109
76	110
76	111
76	112
77	78
77	79
77	86
77	87
77	88
77	109
77	110
77	111
77	112
78	79
78	80
78	85
78	86
78	87
78	97
78	100
78	108
78	109
78	110
79	80
79	81
79	84
79	85
79	86
79	107
79	108
79	109
80	81
80	84
80	85
80	107
81	107
82	83
82	84
82	85
82	131
82	132
83	84
83	85
84	85
85	86
86	87
86	88
86	100
87	88
88	89
88	90
88	96
88	100
89	90
90	91
90	92
90	95
90	96
91	92
91	95
92	93
92	94
92	95
92	96
93	94
93	95
93	96
93	97
94	95
94	96
94	97
94	98
95	96
95	97
95	98
95	99
96	97
96	98
96	99
96	100
97	98
97	99
97	100
97	101
98	99
98	100
98	101
98	102
99	100
99	101
99	102
99	103
100	101
100	102
100	103
101	102
101	103
101	104
102	103
102	104
102	105
103	104
103	105
104	105
106	107
107	108
107	109
108	109
109	110
109	111
110	111
110	112
111	112
111	113
112	113
112	114
113	114
113	115
113	119
113	120
114	115
114	116
114	117
114	118
114	119
114	120
115	116
115	117
115	118
115	119
116	117
116	118
117	118
117	119
118	119
118	120
119	120
119	121
120	121
120	122
121	122
121	123
122	123
122	124
123	124
123	125
124	125
124	126
125	126
125	127
126	127
126	128
127	128
127	129
128	129
128	130
129	130
129	131
130	131
130	132
131	132
131	133
132	133
132	134
133	134
133	135
133	136
134	135
135	136
135	137
136	137
137	138
137	139
138	139
138	140
139	140
139	141
140	141
140	142
141	142
141	143
142	143
