0	1
0	2
1	2
1	3
2	3
2	4
2	5
3	4
3	5
3	6
3	7
4	5
4	6
4	7
4	8
5	6
5	7
5	8
5	9
6	7
6	8
6	9
6	10
7	8
7	9
7	10
7	11
8	9
8	10
8	11
8	12
9	10
9	11
9	12
9	13
10	11
10	12
10	13
10	14
11	12
11	13
11	14
12	13
12	14
12	15
12	16
13	14
13	15
13	16
13	17
14	15
14	16
14	17
14	18
15	16
15	17
15	18
15	19
16	17
16	18
16	19
16	20
17	18
17	19
17	20
17	21
18	19
18	20
18	21
18	22
18	30
18	33
18	34
19	20
19	21
19	22
19	23
20	21
20	22
20	23
21	22
21	23
21	24
21	26
21	27
21	29
21	30
22	23
22	24
22	25
22	26
22	27
22	30
23	24
23	25
23	26
24	25
24	26
25	26
25	27
26	27
26	28
26	29
26	30
27	28
27	29
27	30
27	31
28	29
28	30
28	31
28	32
29	30
29	31
29	32
29	33
30	31
30	32
30	33
30	34
31	32
31	33
31	34
31	35
32	33
32	34
32	35
32	36
33	34
33	35
33	36
33	37
34	35
34	36
34	37
34	38
35	36
35	37
35	38
35	39
36	37
36	38
36	39
36	40
37	38
37	39
37	40
37	41
38	39
38	40
38	41
38	42
39	40
39	41
39	42
39	43
40	41
40	42
40	43
41	42
41	43
41	44
41	45
42	43
42	44
42	45
42	47
43	44
43	45
43	47
43	48
43	49
43	50
43	52
43	53
44	45
44	48
44	53
45	46
45	47
45	48
46	47
46	48
47	48
47	49
48	49
48	50
49	50
49	51
49	52
49	53
50	51
50	52
50	53
51	52
51	53
51	54
51	55
52	53
52	54
52	55
52	56
53	54
53	55
53	56
54	55
54	56
54	57
55	56
55	57
55	58
55	59
56	57
56	58
56	59
56	60
57	58
57	59
57	60
57	61
58	59
58	60
58	61
58	62
59	60
59	61
59	62
59	63
60	61
60	62
60	63
60	64
61	62
61	63
61	64
61	65
62	63
62	64
62	65
62	66
62	67
63	64
63	65
63	66
63	67
63	68
64	65
64	66
64	67
64	68
65	66
65	67
65	68
65	69
66	67
66	68
66	69
66	70
67	68
67	69
67	70
67	71
68	69
68	70
68	71
68	72
69	70
69	71
69	72
69	73
70	71
70	72
70	73
70	74
71	72
71	73
71	74
71	75
72	73
72	74
72	75
72	76
73	74
73	75
73	76
73	77
73	473
74	75
74	76
74	77
74	473
74	474
74	477
75	76
75	77
75	78
76	77
76	78
76	79
76	81
76	470
76	473
77	78
77	79
77	470
77	471
77	473
77	474
78	79
78	243
78	244
78	245
78	246
79	80
79	81
79	241
79	242
79	243
79	244
79	245
79	470
80	81
80	82
80	85
80	241
80	242
80	243
80	244
80	470
81	82
81	85
81	86
81	241
81	468
81	469
81	470
82	83
82	84
82	85
82	86
82	467
82	468
82	469
82	470
83	84
83	85
83	86
83	466
83	467
83	468
84	85
84	86
84	238
84	239
84	466
85	86
85	87
85	222
85	238
85	239
85	240
85	241
86	87
86	88
86	239
86	240
86	241
87	88
87	89
87	91
87	92
87	239
87	240
87	241
88	89
88	90
88	91
88	92
88	240
88	241
89	90
89	91
89	92
89	93
89	240
89	241
90	91
90	92
90	93
90	94
91	92
91	93
91	94
91	95
92	93
92	94
92	95
92	96
92	238
92	239
92	240
93	94
93	95
93	96
93	97
94	95
94	96
94	97
94	98
95	96
95	97
95	98
95	99
96	97
96	98
96	99
97	98
97	99
97	196
97	198
97	199
98	99
98	100
98	196
99	100
99	101
99	196
99	197
100	101
100	102
100	194
100	195
100	196
100	197
101	102
101	103
101	194
101	195
101	196
101	197
102	103
102	104
102	193
102	194
102	195
103	104
103	105
103	193
103	194
104	105
104	192
104	193
104	194
105	106
105	107
105	192
105	193
106	107
106	108
106	190
106	191
106	192
107	108
107	109
107	122
107	123
107	124
107	125
107	190
107	191
107	192
108	109
108	110
108	122
108	123
108	189
108	190
108	191
109	110
109	111
109	120
109	121
109	122
109	123
109	189
109	190
109	191
110	111
110	112
110	120
110	121
110	122
110	157
111	112
111	113
111	118
111	119
111	120
111	121
111	157
111	158
112	113
112	114
112	118
112	119
112	120
112	155
112	156
112	157
112	158
113	114
113	115
113	117
113	118
113	119
113	155
114	115
114	116
114	117
114	118
114	119
114	135
114	155
115	116
115	117
116	117
117	118
117	135
117	136
117	137
118	119
118	120
118	135
118	136
118	137
119	120
119	121
119	133
119	134
119	135
119	136
120	121
120	122
120	132
120	133
121	122
121	123
121	131
121	132
121	133
122	123
122	124
122	130
122	131
122	132
123	124
123	125
123	129
123	130
123	131
124	125
124	126
124	127
124	128
124	129
124	130
125	126
125	127
125	128
126	127
126	128
127	128
127	129
128	129
128	130
129	130
129	131
130	131
130	148
130	149
130	150
131	132
131	133
131	146
131	147
131	148
131	149
132	133
132	134
132	146
132	147
132	148
132	149
133	134
133	135
133	144
133	145
133	146
133	147
134	135
134	136
135	136
136	137
136	138
137	138
137	139
138	139
138	140
138	169
139	140
139	141
139	169
140	141
140	142
140	169
140	172
141	142
141	172
141	173
142	143
142	144
142	172
142	173
142	174
143	144
143	145
143	173
143	174
143	175
143	176
144	145
144	146
144	174
144	175
144	176
145	146
145	147
145	175
145	176
145	177
146	147
146	148
146	175
146	176
146	177
146	178
147	148
147	149
147	177
147	178
148	149
148	150
148	178
149	150
149	151
150	151
151	152
151	153
152	153
152	154
153	154
153	155
154	155
154	156
155	156
155	157
156	157
156	158
157	158
157	159
158	159
158	160
158	162
158	163
159	160
159	161
159	162
159	163
160	161
160	162
160	163
160	164
161	162
161	163
161	164
161	165
162	163
162	164
162	165
162	166
163	164
163	165
163	166
163	167
164	165
164	166
164	167
165	166
165	167
166	167
166	168
166	169
166	170
167	168
167	169
167	170
167	171
168	169
168	170
168	171
168	172
169	170
169	171
169	172
169	173
170	171
170	172
170	173
171	172
171	173
171	185
172	173
172	174
173	174
173	175
173	184
174	175
174	176
174	182
174	183
174	184
175	176
175	177
175	182
175	183
175	184
176	177
176	178
176	180
176	181
176	182
176	183
177	178
177	179
177	180
177	181
177	182
178	179
178	180
179	180
179	181
180	181
180	182
181	182
181	183
182	183
182	184
182	193
183	184
183	185
183	191
183	192
183	193
184	185
184	186
184	191
184	192
184	193
184	194
185	186
185	187
185	190
185	191
185	192
186	187
186	190
186	191
186	192
186	194
187	188
187	189
187	190
187	191
188	189
188	190
189	190
190	191
190	192
191	192
192	193
192	194
193	194
193	195
194	195
195	196
195	197
196	197
196	198
197	198
197	208
197	209
197	210
198	199
198	200
198	206
198	207
198	208
198	209
199	200
199	201
199	206
199	207
199	208
200	201
200	202
200	204
200	205
200	206
200	207
201	202
201	203
201	204
201	205
201	206
202	203
202	204
203	204
203	205
204	205
204	206
205	206
205	207
205	215
205	216
206	207
206	208
206	214
206	215
206	216
207	208
207	209
207	212
207	213
207	214
207	215
208	209
208	210
208	211
208	212
208	213
208	214
209	210
209	211
209	212
210	211
210	212
211	212
211	213
212	213
212	214
213	214
213	215
214	215
214	226
214	227
215	216
215	217
215	224
215	225
215	226
215	227
216	217
216	218
216	224
216	225
216	226
216	227
217	218
217	219
217	223
217	224
217	225
218	219
218	220
218	221
218	222
218	223
218	224
218	225
219	220
219	221
219	222
219	223
219	242
220	221
220	222
221	222
221	223
222	223
222	239
222	240
222	241
222	242
223	224
223	225
223	235
223	236
223	239
223	240
224	225
224	226
224	235
224	236
224	239
225	226
225	227
225	232
225	234
225	235
225	236
226	227
226	228
226	231
226	232
226	233
226	234
226	235
227	228
227	229
227	230
227	231
227	232
228	229
228	230
228	231
228	232
229	230
230	231
230	232
231	232
231	233
232	233
232	234
233	234
233	235
234	235
234	236
235	236
235	237
236	237
236	238
236	239
237	238
237	239
238	239
238	240
239	240
240	241
240	242
241	242
242	243
242	244
243	244
243	245
244	245
244	246
244	247
245	246
245	247
246	247
246	248
246	249
246	250
247	248
247	249
247	250
247	251
248	249
248	250
248	251
248	252
248	471
248	474
249	250
249	251
249	252
249	474
250	251
250	252
250	253
250	254
251	252
251	253
251	254
251	255
252	253
252	254
252	255
253	254
253	255
254	255
254	256
255	256
255	257
255	258
255	259
256	257
256	258
256	259
256	260
257	258
257	259
257	260
257	442
257	443
257	444
258	259
258	260
258	444
259	260
259	261
259	262
260	261
260	262
261	262
261	263
261	264
261	265
262	263
262	264
262	265
262	266
263	264
263	265
263	266
263	267
264	265
264	266
264	267
264	268
265	266
265	267
265	268
265	269
265	450
265	451
265	452
266	267
266	268
266	269
266	270
266	452
267	268
267	269
267	270
267	271
268	269
268	270
268	271
268	272
269	270
269	271
269	272
269	273
269	423
269	451
269	452
270	271
270	272
270	273
270	274
270	423
271	272
271	273
271	274
271	275
272	273
272	274
272	275
272	276
272	358
273	274
273	275
273	276
273	277
273	419
273	422
273	423
274	275
274	276
274	277
274	278
274	419
275	276
275	277
275	278
275	279
276	277
276	278
276	279
276	280
276	358
276	361
276	362
277	278
277	279
277	280
277	281
277	415
277	418
277	419
278	279
278	280
278	281
278	282
279	280
279	281
279	282
279	283
279	362
280	281
280	282
280	283
280	284
280	362
280	365
280	366
280	369
281	282
281	283
281	284
281	285
281	366
281	369
282	283
282	284
282	285
282	286
283	284
283	285
283	286
283	287
283	366
284	285
284	286
284	287
284	288
284	366
284	367
284	369
284	370
285	286
285	287
285	288
285	289
285	369
285	370
285	373
286	287
286	288
286	289
286	290
287	288
287	289
287	290
287	291
287	370
288	289
288	290
288	291
288	292
288	370
288	373
288	374
289	290
289	291
289	292
289	293
290	291
290	292
290	293
291	292
291	293
291	299
291	303
292	293
292	294
293	294
293	295
293	296
294	295
294	296
295	296
295	297
296	297
296	298
296	299
297	298
297	299
298	299
298	300
298	301
298	302
299	300
299	301
299	302
299	303
300	301
300	302
300	303
300	304
301	302
301	303
301	304
301	305
302	303
302	304
302	305
302	306
303	304
303	305
303	306
303	307
304	305
304	306
304	307
304	308
305	306
305	307
305	308
306	307
306	308
306	367
307	308
307	309
307	310
307	311
307	367
308	309
308	310
308	311
308	312
309	310
309	311
309	312
309	363
309	364
310	311
310	312
310	313
310	364
310	367
311	312
311	313
312	313
312	314
313	314
313	315
313	316
313	317
314	315
314	316
314	317
314	318
315	316
315	317
315	318
315	319
316	317
316	318
316	319
316	320
317	318
317	319
317	320
317	321
318	319
318	320
318	321
318	322
318	428
318	431
318	432
319	320
319	321
319	322
319	323
319	431
319	432
320	321
320	322
320	323
320	324
321	322
321	323
321	324
321	325
322	323
322	324
322	325
322	326
322	432
323	324
323	325
323	326
323	330
324	325
324	326
324	330
324	331
324	332
325	326
325	327
325	330
325	332
325	346
326	327
326	328
326	329
326	330
327	328
327	329
327	333
327	344
327	345
327	346
327	347
328	329
328	330
328	333
329	330
329	331
329	333
330	331
330	332
330	333
330	334
331	332
331	333
331	334
331	335
332	333
332	334
332	335
332	336
333	334
333	335
333	336
333	337
333	343
334	335
334	336
334	337
334	338
335	336
335	337
335	338
335	339
336	337
336	338
336	339
336	340
336	341
336	342
336	343
337	338
337	339
337	340
337	341
337	342
337	343
338	339
338	340
339	340
339	341
340	341
340	342
341	342
341	343
342	343
342	344
343	344
343	345
344	345
344	346
345	346
345	347
345	348
345	349
345	352
346	347
346	348
346	349
346	352
346	353
346	356
347	348
347	349
347	353
347	436
347	437
348	349
348	350
348	437
349	350
349	351
349	352
349	353
349	437
350	351
350	352
350	353
350	354
350	437
350	448
351	352
351	353
351	354
351	355
352	353
352	354
352	355
352	356
353	354
353	355
353	356
353	357
354	355
354	356
354	357
354	358
354	449
355	356
355	357
355	358
355	359
356	357
356	358
356	359
356	360
357	358
357	359
357	360
357	361
358	359
358	360
358	361
358	362
359	360
359	361
359	362
359	363
360	361
360	362
360	363
360	364
361	362
361	363
361	364
361	365
362	363
362	364
362	365
362	366
363	364
363	365
363	366
364	365
364	366
365	366
365	367
365	368
366	367
366	368
366	369
366	370
367	368
367	369
367	370
367	371
368	369
368	370
368	371
368	372
369	370
369	371
369	372
369	373
370	371
370	372
370	373
370	374
371	372
371	373
371	374
371	375
372	373
372	374
372	375
372	376
373	374
373	375
373	376
373	377
374	375
374	376
374	377
375	376
375	377
375	378
376	377
376	378
376	379
377	378
377	379
377	380
378	379
378	380
379	380
379	381
380	381
380	382
381	382
381	383
381	384
382	383
382	384
382	385
382	386
383	384
383	385
383	386
383	387
384	385
384	386
384	387
384	388
385	386
385	387
385	388
385	389
386	387
386	388
386	389
386	390
387	388
387	389
387	390
387	391
388	389
388	390
388	391
388	392
388	393
388	398
389	390
389	391
389	392
389	393
389	394
390	391
390	392
391	392
391	393
392	393
393	394
393	395
393	397
393	398
394	395
394	396
394	397
394	398
395	396
395	397
395	398
395	399
396	397
396	398
396	399
396	400
397	398
397	399
397	400
397	401
398	399
398	400
398	401
398	402
398	403
399	400
399	401
399	402
399	403
399	404
400	401
400	402
400	403
400	404
400	405
401	402
401	403
401	404
401	405
402	403
402	404
402	405
402	406
403	404
403	405
403	406
403	407
404	405
404	406
404	407
404	408
405	406
405	407
405	408
406	407
406	408
406	409
407	408
407	409
407	410
407	411
408	409
408	410
408	411
408	412
409	410
409	411
409	412
410	411
410	412
410	413
411	412
411	413
411	414
411	415
412	413
412	414
412	415
412	416
413	414
413	415
413	416
413	417
414	415
414	416
414	417
414	418
415	416
415	417
415	418
415	419
416	417
416	418
416	419
416	420
416	487
417	418
417	419
417	420
417	421
418	419
418	420
418	421
418	422
419	420
419	421
419	422
419	423
420	421
420	422
420	423
420	424
420	483
421	422
421	423
421	424
421	425
422	423
422	424
422	425
423	424
423	425
424	425
424	426
424	451
424	453
425	426
425	427
425	428
426	427
426	428
426	429
426	430
426	453
426	454
427	428
427	429
427	430
427	431
428	429
428	430
428	431
428	432
429	430
429	431
429	432
429	433
429	434
429	435
429	450
430	431
430	432
430	433
430	434
431	432
431	433
432	433
432	434
433	434
433	435
433	436
434	435
434	436
434	450
435	436
435	437
435	446
435	447
435	448
435	449
435	450
436	437
436	438
436	447
436	448
436	449
437	438
437	439
437	447
437	448
438	439
438	440
438	446
438	447
438	448
439	440
439	441
439	442
439	446
439	447
439	448
440	441
440	442
441	442
441	443
442	443
442	444
442	445
442	446
443	444
443	445
444	445
444	446
445	446
445	455
445	458
446	447
446	450
446	455
447	448
447	449
447	450
448	449
448	450
449	450
449	451
450	451
450	452
450	454
450	455
451	452
451	453
451	454
451	455
452	453
452	454
452	455
452	456
453	454
453	455
453	456
453	457
454	455
454	456
454	457
454	458
455	456
455	457
455	458
455	459
456	457
456	458
456	459
456	460
457	458
457	459
457	460
457	461
457	472
458	459
458	460
458	461
458	462
458	463
459	460
459	461
459	462
459	463
460	461
460	462
460	467
460	468
460	471
460	472
461	462
461	463
461	466
461	467
461	468
462	463
462	464
462	467
463	464
463	465
464	465
464	466
465	466
465	467
466	467
466	468
467	468
467	469
468	469
468	470
468	471
468	472
469	470
469	471
469	472
469	473
470	471
470	472
470	473
470	474
471	472
471	473
471	474
471	475
472	473
472	474
472	475
472	476
473	474
473	475
473	476
473	477
474	475
474	476
474	477
474	478
475	476
475	477
475	478
475	479
476	477
476	478
476	479
476	480
477	478
477	479
477	480
477	481
478	479
478	480
478	481
478	482
479	480
479	481
479	482
479	483
480	481
480	482
480	483
480	484
481	482
481	483
481	484
481	485
482	483
482	484
482	485
482	486
483	484
483	485
483	486
483	487
484	485
484	486
484	487
484	488
485	486
485	487
485	488
485	489
486	487
486	488
486	489
487	488
487	489
488	489
