0	1
0	2
0	9
0	10
0	119
0	120
0	123
0	142
1	2
1	8
1	9
1	10
1	142
1	143
1	146
2	3
2	4
2	6
2	7
2	8
2	9
2	10
2	11
2	52
3	4
3	5
3	6
3	7
3	8
3	52
4	5
4	6
4	49
4	52
4	53
4	56
5	6
5	7
5	49
6	7
6	8
6	11
6	48
6	49
6	51
6	52
7	8
7	11
7	48
8	9
8	10
8	11
8	12
8	146
9	10
9	11
9	12
9	13
9	146
9	149
10	11
10	12
10	13
10	14
10	51
10	52
10	116
10	119
11	12
11	13
11	14
11	15
11	48
11	51
11	52
12	13
12	14
12	15
12	16
13	14
13	15
13	16
13	17
13	218
13	219
14	15
14	16
14	17
14	18
14	48
14	51
14	219
14	222
15	16
15	17
15	18
15	19
16	17
16	18
16	19
16	20
16	153
16	155
16	219
17	18
17	19
17	20
17	21
17	219
17	220
17	222
17	223
18	19
18	20
18	21
18	22
18	223
19	20
19	21
19	22
19	23
19	155
20	21
20	22
20	23
20	24
20	155
20	156
20	157
20	223
21	22
21	23
21	24
21	25
21	223
21	227
22	23
22	24
22	25
23	24
23	25
23	156
24	25
24	26
24	156
24	159
24	160
24	161
25	26
25	27
25	29
25	160
25	161
26	27
26	28
26	29
26	160
26	161
26	162
27	28
27	29
28	29
28	30
29	30
29	31
29	33
30	31
30	32
30	33
30	34
31	32
31	33
31	34
31	35
32	33
32	34
32	35
32	36
32	234
33	34
33	35
33	36
33	37
33	230
33	231
33	234
34	35
34	36
34	37
34	38
35	36
35	37
35	38
35	39
36	37
36	38
36	39
36	40
36	230
36	234
37	38
37	39
37	40
37	41
37	230
38	39
38	40
38	41
38	42
39	40
39	41
39	42
39	43
40	41
40	42
40	43
40	44
40	108
41	42
41	43
41	44
42	43
42	44
43	44
43	45
43	46
43	47
43	105
43	108
44	45
44	46
44	47
44	48
45	46
45	47
45	48
45	49
46	47
46	48
46	49
46	50
46	105
46	108
46	109
47	48
47	49
47	50
47	51
47	108
47	109
47	111
47	112
48	49
48	50
48	51
48	52
48	112
49	50
49	51
49	52
49	53
49	109
49	112
50	51
50	52
50	53
50	109
50	110
50	112
50	113
51	52
51	53
51	112
51	113
51	115
51	116
52	53
52	54
52	55
52	116
53	54
53	55
53	56
53	57
53	113
54	55
54	56
54	57
54	60
54	113
55	56
55	57
56	57
56	58
57	58
57	59
57	60
58	59
58	60
59	60
59	61
59	293
60	61
60	62
60	64
61	62
61	63
61	64
61	65
61	285
61	286
62	63
62	64
62	286
63	64
63	65
64	65
64	66
64	67
65	66
65	67
65	68
65	83
66	67
66	68
66	82
66	83
66	84
67	68
67	69
67	83
67	84
67	117
67	120
68	69
68	70
68	83
68	84
68	121
68	126
68	127
68	129
69	70
69	71
69	83
69	84
69	85
69	121
69	126
69	127
69	129
70	71
70	72
70	73
70	127
70	128
70	129
71	72
71	73
71	127
71	184
71	187
71	188
72	73
74	75
74	76
74	77
74	78
75	76
75	77
75	78
75	79
75	80
75	300
76	77
76	78
76	280
76	300
76	301
76	302
77	78
77	79
77	279
77	280
77	281
78	79
78	80
78	280
78	281
78	282
79	80
79	81
79	280
79	281
79	282
79	283
79	297
79	298
79	299
80	81
80	82
80	298
80	299
81	82
81	83
81	284
82	83
82	84
82	86
82	87
83	84
83	85
83	86
83	87
84	85
84	86
84	87
84	88
84	117
84	118
84	121
85	86
85	87
85	88
85	89
85	180
85	183
86	87
86	88
86	89
86	90
87	88
87	89
87	90
87	91
87	114
87	117
88	89
88	90
88	91
88	92
88	114
88	115
88	117
88	118
89	90
89	91
89	92
89	93
89	176
89	339
90	91
90	92
90	93
90	94
91	92
91	93
91	94
91	95
91	110
91	111
91	113
91	114
92	93
92	94
92	95
92	96
92	110
92	111
92	114
93	94
93	95
93	96
93	97
93	339
93	340
93	341
94	95
94	96
94	97
94	98
94	110
94	341
95	96
95	97
95	98
95	99
95	107
95	108
95	110
95	111
96	97
96	98
96	99
96	100
96	107
96	233
97	98
97	99
97	100
97	101
97	341
98	99
98	100
98	101
98	102
98	103
98	104
98	106
98	107
99	100
99	101
99	102
99	103
99	104
99	107
99	233
100	101
100	102
100	233
101	102
101	103
102	103
102	104
103	104
103	105
103	106
103	107
104	105
104	106
104	107
104	108
105	106
105	107
105	108
105	109
106	107
106	108
106	109
106	110
107	108
107	109
107	110
107	111
108	109
108	110
108	111
108	112
109	110
109	111
109	112
109	113
110	111
110	112
110	113
110	114
111	112
111	113
111	114
111	115
112	113
112	114
112	115
112	116
113	114
113	115
113	116
113	117
114	115
114	116
114	117
114	118
115	116
115	117
115	118
115	119
115	222
116	117
116	118
116	119
116	120
117	118
117	119
117	120
117	121
118	119
118	120
118	121
118	122
119	120
119	121
119	122
119	123
119	218
120	121
120	122
120	123
120	126
121	122
121	123
121	126
121	127
121	187
122	123
122	124
122	186
122	187
122	190
122	214
122	218
123	124
123	125
123	126
123	190
123	214
124	125
124	126
124	127
124	128
124	190
124	191
124	193
124	194
124	198
125	126
125	127
125	128
125	129
125	130
125	131
125	138
125	191
125	194
126	127
126	128
126	129
126	130
127	128
127	129
127	187
127	190
127	191
128	129
128	130
128	191
128	194
129	130
129	131
130	131
130	132
130	134
130	135
131	132
131	133
131	134
131	135
131	138
132	133
132	134
132	135
132	136
132	138
132	139
133	134
133	135
134	135
135	136
135	137
135	138
136	137
136	138
136	139
136	140
137	138
137	139
137	140
137	141
137	199
137	200
138	139
138	140
138	141
138	142
139	140
139	141
139	142
139	143
140	141
140	142
140	143
140	144
141	142
141	143
141	144
141	145
142	143
142	144
142	145
142	146
143	144
143	145
143	146
143	147
144	145
144	146
144	147
144	148
145	146
145	147
145	148
145	149
145	211
146	147
146	148
146	149
147	148
147	149
148	149
148	150
148	151
148	152
149	150
149	151
149	152
149	153
150	151
150	152
150	153
151	152
151	153
152	153
152	154
152	212
152	215
152	216
153	154
153	155
153	216
154	155
154	156
154	216
155	156
156	157
156	158
157	158
157	159
157	220
158	159
159	160
159	161
159	163
160	161
160	162
160	163
161	162
161	163
161	166
161	167
162	163
162	166
162	167
163	164
163	165
163	166
163	167
164	165
164	166
164	167
164	168
165	166
165	167
165	168
165	169
166	167
166	168
166	169
166	224
167	168
167	169
167	170
167	171
168	169
168	170
168	171
169	170
169	171
169	228
170	171
170	172
170	228
171	172
171	173
172	173
172	174
172	175
172	178
173	174
173	175
173	239
174	175
174	176
174	177
174	178
174	239
175	176
175	177
175	178
175	179
175	239
175	339
176	177
176	178
176	179
176	180
176	338
176	339
177	178
177	179
177	180
177	181
178	179
178	180
178	181
178	182
179	180
179	181
179	182
179	183
180	181
180	182
180	183
180	184
181	182
181	183
181	184
181	185
182	183
182	184
182	185
182	186
183	184
183	185
183	186
183	187
184	185
184	186
184	187
184	188
185	186
185	187
185	188
185	189
186	187
186	188
186	189
186	190
186	217
187	188
187	189
187	190
187	191
188	189
188	190
188	191
188	192
189	190
189	191
189	192
189	193
190	191
190	192
190	193
190	194
190	214
191	192
191	193
191	194
191	195
192	193
192	194
192	195
192	196
193	194
193	195
193	196
193	197
193	198
193	210
194	195
194	196
194	197
194	198
194	199
195	196
195	197
195	198
195	199
196	197
196	198
197	198
197	199
197	202
197	206
197	207
197	210
198	199
198	200
198	202
198	206
198	207
198	210
199	200
199	201
199	202
200	201
200	202
201	202
202	203
202	206
203	204
203	205
203	206
203	207
204	205
204	206
204	207
204	208
205	206
205	207
205	208
205	209
206	207
206	208
206	209
206	210
207	208
207	209
207	210
207	211
208	209
208	210
208	211
208	212
209	210
209	211
209	212
209	213
210	211
210	212
210	213
210	214
211	212
211	213
211	214
211	215
212	213
212	214
212	215
212	216
213	214
213	215
213	216
213	217
214	215
214	216
214	217
214	218
215	216
215	217
215	218
215	219
216	217
216	218
216	219
216	220
217	218
217	219
217	220
217	221
218	219
218	220
218	221
218	222
219	220
219	221
219	222
219	223
220	221
220	222
220	223
220	224
221	222
221	223
221	224
221	225
222	223
222	224
222	225
222	226
223	224
223	225
223	226
223	227
224	225
224	226
224	227
224	228
225	226
225	227
225	228
225	229
226	227
226	228
226	229
226	230
227	228
227	229
227	230
227	231
228	229
228	230
228	231
228	232
229	230
229	231
229	232
229	233
230	231
230	232
230	233
230	234
231	232
231	233
231	234
231	235
232	233
232	234
232	235
232	236
232	237
233	234
233	235
233	236
233	237
234	235
234	236
235	236
235	237
236	237
236	238
237	238
237	239
238	239
238	240
238	241
239	240
239	241
239	338
239	339
240	241
240	242
240	243
240	337
240	338
240	339
240	340
241	242
241	243
242	243
242	244
243	244
243	245
243	307
244	245
244	246
244	304
244	305
244	306
244	307
245	246
245	247
245	304
245	305
245	306
245	307
245	308
245	337
245	338
246	247
246	300
246	301
246	304
247	248
247	249
247	298
247	299
247	300
247	301
247	337
248	249
248	250
248	298
248	299
248	300
248	335
248	336
248	337
249	250
249	251
249	297
249	298
249	299
249	335
249	336
249	337
250	251
250	252
250	296
250	297
250	298
250	333
250	334
250	335
250	336
251	252
251	253
251	294
251	295
251	296
251	297
251	333
251	334
251	335
252	253
252	254
252	294
252	295
252	296
252	332
252	333
252	334
253	254
253	255
253	293
253	294
253	295
253	330
253	331
253	332
253	333
254	255
254	256
254	260
254	261
254	289
254	291
254	292
254	293
254	294
254	329
254	330
254	331
255	256
255	257
255	260
255	291
255	292
255	329
255	330
255	331
256	257
256	258
256	260
256	291
256	292
257	258
257	259
257	260
257	291
258	259
258	260
259	260
259	261
259	291
260	261
260	262
260	291
260	328
260	329
261	262
261	289
261	290
261	291
261	328
261	329
262	263
262	264
262	289
262	290
262	326
262	327
262	328
263	264
263	265
263	326
264	265
264	266
264	318
264	319
264	320
264	321
264	326
265	266
265	267
265	318
265	319
265	320
265	321
266	267
266	281
266	282
266	317
266	318
266	319
267	268
267	269
267	279
267	280
267	281
267	282
267	316
267	317
267	318
268	269
268	279
268	280
268	281
268	282
268	315
268	316
268	317
269	270
269	278
269	279
269	280
269	314
269	315
269	316
270	271
270	272
270	277
270	278
270	279
270	311
270	313
270	314
270	315
271	272
271	273
271	275
271	276
271	277
271	278
271	311
271	312
271	313
271	314
272	273
272	274
272	275
272	276
272	277
272	310
272	311
272	312
272	313
273	274
273	275
273	310
273	311
273	312
274	275
274	276
275	276
275	277
276	277
277	278
277	279
278	279
278	280
279	280
279	281
280	281
280	282
281	282
281	283
282	283
282	284
282	297
283	284
283	285
283	288
284	285
284	286
284	288
285	286
286	287
286	288
287	288
287	289
287	290
288	289
288	290
288	295
289	290
289	291
289	293
289	295
290	291
290	292
290	293
291	292
291	293
292	293
292	294
293	294
293	295
294	295
294	296
295	296
295	297
296	297
296	298
297	298
297	299
298	299
298	300
299	300
299	301
300	301
300	302
301	302
301	303
301	304
302	303
302	304
303	304
303	305
303	306
304	305
304	306
305	306
305	307
306	307
306	308
306	310
307	308
307	309
307	310
308	309
308	310
308	311
309	310
309	311
309	312
310	311
310	312
311	312
311	313
312	313
312	314
312	360
313	314
313	315
313	360
314	315
314	358
314	359
314	360
315	316
315	317
315	356
315	357
315	358
315	359
315	360
316	317
316	318
316	356
316	357
316	358
317	318
317	319
317	355
317	356
317	357
318	319
318	320
318	353
318	354
318	355
318	356
319	320
319	321
319	353
319	354
320	321
320	322
320	323
320	324
320	325
320	326
320	353
320	354
321	322
322	323
322	324
323	324
323	325
324	325
324	326
325	326
325	327
325	352
325	353
326	327
326	328
326	352
326	353
327	328
327	329
327	350
327	351
327	352
327	353
328	329
328	330
328	350
328	351
328	352
329	330
329	331
329	348
329	349
329	350
329	351
330	331
330	332
330	347
330	348
330	349
331	332
331	346
331	347
331	348
332	333
332	334
332	345
332	346
332	347
332	348
333	334
333	335
333	344
333	345
333	346
334	335
334	336
334	341
334	343
334	344
334	345
335	336
335	337
335	341
335	342
335	343
335	344
336	337
336	338
336	339
336	340
336	341
336	342
337	338
337	339
337	340
337	341
337	342
338	339
338	340
339	340
339	341
340	341
340	342
341	342
341	343
342	343
342	344
343	344
343	345
344	345
344	346
345	346
345	347
345	359
346	347
346	348
347	348
347	349
348	349
349	350
349	351
350	351
350	352
351	352
351	353
351	355
352	353
352	354
352	355
353	354
353	355
354	355
354	356
355	356
355	357
356	357
356	358
357	358
357	359
358	359
358	360
359	360
