0	1
0	2
0	3
1	2
1	3
1	4
1	5
1	36
1	46
1	47
2	3
2	4
2	5
2	6
3	4
3	5
3	6
4	5
4	6
4	54
4	55
5	6
5	7
5	8
5	10
5	11
6	7
6	8
6	9
6	10
6	11
7	8
7	9
7	10
7	11
7	12
7	32
8	9
8	10
8	11
8	12
8	32
9	10
9	11
9	12
9	13
9	14
10	11
10	12
10	13
10	14
10	15
11	12
11	13
11	14
11	15
11	16
11	32
12	13
12	14
12	15
12	16
12	17
13	14
13	15
13	16
13	17
14	15
14	16
14	17
15	16
15	17
15	82
15	227
16	17
16	18
16	19
16	82
16	83
16	84
16	85
17	18
17	19
17	82
18	19
18	20
18	21
18	82
18	83
19	20
19	21
19	24
19	26
19	27
19	83
19	84
19	85
19	86
20	21
20	22
20	24
20	27
20	28
21	22
21	23
21	24
21	27
22	23
22	24
23	24
23	25
24	25
24	26
24	27
24	86
24	87
25	26
25	27
25	86
25	87
26	27
26	28
26	29
26	86
26	87
26	88
27	28
27	29
28	29
28	30
28	31
29	30
29	31
29	150
30	31
30	32
30	34
30	150
31	32
31	33
31	34
31	35
32	33
32	34
32	35
32	36
33	34
33	35
33	36
33	37
34	35
34	36
34	37
34	38
34	150
34	151
35	36
35	37
35	38
35	39
35	151
35	154
36	37
36	38
36	39
36	40
37	38
37	39
37	40
37	151
38	39
38	40
38	41
38	151
38	154
38	155
39	40
39	41
39	42
39	43
39	45
40	41
40	42
40	43
41	42
41	43
42	43
42	44
42	45
43	44
43	45
43	47
44	45
44	46
44	47
44	48
45	46
45	47
45	48
46	47
46	48
46	54
46	57
46	58
47	48
47	49
47	54
48	49
48	50
48	54
48	176
49	50
49	51
49	53
49	54
49	176
50	51
50	52
50	53
50	54
51	52
51	53
51	54
51	55
52	53
52	54
52	55
52	56
52	233
53	54
53	55
53	56
53	57
53	176
54	55
54	56
54	57
54	58
55	56
55	57
55	58
55	59
55	231
56	57
56	58
56	59
56	60
56	228
56	233
57	58
57	59
57	60
57	61
57	175
57	176
58	59
58	60
58	61
58	62
59	60
59	61
59	62
59	63
59	223
59	227
59	228
60	61
60	62
60	63
60	64
60	223
61	62
61	63
61	64
61	65
62	63
62	64
62	65
62	66
63	64
63	65
63	66
63	67
63	219
63	222
63	223
64	65
64	66
64	67
64	68
64	219
65	66
65	67
65	68
65	69
65	118
65	119
66	67
66	68
66	69
66	70
66	84
66	85
66	222
67	68
67	69
67	70
67	84
67	218
67	219
68	69
68	70
68	118
68	119
68	120
69	70
69	71
69	84
69	85
69	86
69	87
69	88
69	118
70	71
70	72
70	83
70	84
70	85
70	86
70	87
71	72
71	73
71	83
71	84
71	86
72	73
72	76
72	80
72	81
72	83
73	74
73	75
73	76
73	80
74	75
74	76
74	79
74	80
75	76
75	77
75	79
76	77
76	78
76	79
76	80
77	78
77	79
78	79
78	82
79	80
79	81
79	82
80	81
80	82
80	83
81	82
81	83
81	84
81	221
81	222
82	83
82	84
83	84
83	85
83	86
84	85
84	86
85	86
85	87
85	88
86	87
86	88
87	88
87	89
88	89
88	116
88	117
88	118
88	147
89	90
89	91
89	115
89	116
89	117
89	120
89	147
90	91
90	92
90	93
90	114
90	115
90	116
90	120
91	92
91	93
92	93
92	94
93	94
93	95
93	114
94	95
94	96
95	96
95	97
95	114
96	97
96	98
96	111
96	112
96	113
96	114
97	98
97	99
97	112
97	113
97	114
97	122
97	123
97	124
97	125
98	99
98	100
98	107
98	113
98	124
98	125
99	100
99	101
99	102
99	125
100	101
100	102
100	106
100	107
101	102
101	103
102	103
102	104
102	105
102	106
103	104
103	105
103	106
104	105
104	106
105	106
105	107
105	125
105	126
105	129
106	107
106	108
106	125
107	108
107	109
107	125
108	109
108	110
108	111
108	140
108	141
109	110
109	111
110	111
110	112
111	112
111	113
112	113
112	114
113	114
113	115
113	122
113	123
113	124
113	125
113	143
114	115
114	116
114	122
114	123
114	124
115	116
115	117
115	120
115	121
115	122
115	123
116	117
116	118
116	120
116	121
116	122
116	123
116	146
116	147
117	118
117	119
117	120
117	121
117	146
117	147
117	153
117	154
117	156
117	157
118	119
118	120
118	153
118	154
118	157
119	120
119	121
119	157
120	121
120	122
120	123
121	122
121	123
121	127
122	123
122	124
122	125
122	127
122	128
123	124
123	127
123	128
124	125
124	126
124	127
124	128
125	126
125	127
125	128
125	129
125	140
126	127
126	128
126	129
126	130
127	128
127	129
127	130
127	131
128	129
128	130
128	131
128	132
128	139
128	140
128	143
129	130
129	131
129	132
129	133
129	139
129	140
130	131
130	132
130	133
130	134
131	132
131	133
131	134
131	135
131	156
131	159
132	133
132	134
132	135
132	136
132	137
132	138
132	139
132	140
133	134
133	135
133	136
133	137
134	135
134	136
135	136
135	137
136	137
137	138
137	139
138	139
138	140
138	141
138	142
139	140
139	141
139	142
139	143
139	145
140	141
140	142
140	143
141	142
141	143
142	143
142	144
142	145
143	144
143	145
143	146
144	145
144	146
144	147
144	148
145	146
145	147
145	148
145	149
146	147
146	148
146	149
146	152
146	153
147	148
147	149
147	150
147	153
148	149
148	150
149	150
149	151
149	152
149	153
150	151
150	152
150	153
150	154
151	152
151	153
151	154
151	155
152	153
152	154
152	155
152	156
153	154
153	155
153	156
153	157
154	155
154	156
154	157
154	158
155	156
155	157
155	158
155	159
156	157
156	158
156	159
156	160
157	158
157	159
157	160
157	161
158	159
158	160
158	161
158	162
159	160
159	161
159	162
159	163
160	161
160	162
160	163
161	162
161	163
161	170
161	171
161	172
162	163
162	164
162	170
162	171
162	172
163	164
163	165
163	170
164	165
164	166
164	168
164	169
164	170
165	166
165	167
165	168
165	169
166	167
166	168
166	169
167	168
167	169
167	248
167	249
168	169
168	170
168	201
168	248
169	170
169	171
169	173
169	174
169	179
170	171
170	172
170	173
170	174
171	172
171	173
171	174
171	175
171	198
172	173
172	174
172	175
172	176
173	174
173	175
173	176
173	177
173	178
173	179
174	175
174	176
174	177
174	178
174	179
174	192
174	193
175	176
175	177
175	193
176	177
176	178
177	178
177	179
178	179
178	180
179	180
179	181
180	181
180	182
181	182
181	183
181	185
181	186
181	191
182	183
182	184
182	185
182	186
183	184
183	185
183	186
183	187
184	185
184	186
184	187
184	188
185	186
185	187
185	188
185	189
185	190
186	187
186	188
186	189
186	190
186	191
187	188
187	189
188	189
188	190
188	245
188	246
189	190
189	191
189	244
189	245
189	246
190	191
190	192
190	196
190	197
190	245
191	192
191	193
191	196
191	197
191	238
192	193
192	196
192	197
192	238
193	194
193	195
193	196
193	197
193	198
193	236
193	237
193	238
193	239
193	240
194	195
194	196
194	197
194	198
194	199
194	238
194	239
194	240
194	241
195	196
195	197
195	198
195	199
195	200
195	238
195	239
195	240
195	241
195	242
196	197
196	198
196	199
196	200
196	201
196	242
197	198
197	199
197	200
197	201
197	242
198	199
198	200
198	201
198	202
199	200
199	201
199	202
199	203
199	204
200	201
200	202
200	203
200	204
200	208
200	242
200	247
200	248
201	202
201	203
201	204
202	203
202	204
203	204
203	205
203	206
203	207
204	205
204	206
204	207
204	208
204	247
204	248
205	206
205	207
205	208
205	247
206	207
206	208
206	211
206	212
207	208
207	209
207	210
207	211
207	212
207	213
207	215
207	216
208	209
208	210
208	211
208	212
208	242
208	243
208	245
208	246
208	247
209	210
209	211
209	242
209	243
209	244
209	245
209	246
210	211
210	212
210	213
210	243
211	212
211	213
212	213
212	214
212	215
212	216
213	214
213	215
213	216
213	217
214	215
214	216
214	217
214	218
215	216
215	217
215	218
215	219
216	217
216	218
216	219
216	220
217	218
217	219
217	220
217	221
218	219
218	220
218	221
218	222
219	220
219	221
219	222
219	223
220	221
220	222
220	223
220	224
220	225
221	222
221	223
221	224
221	225
221	226
222	223
222	224
222	225
222	226
222	227
223	224
223	225
223	226
223	227
223	228
224	225
224	226
224	227
224	228
224	229
224	235
225	226
225	227
225	228
225	229
225	235
226	227
226	228
226	229
226	230
227	228
227	229
227	230
227	231
228	229
228	230
228	231
228	232
228	233
228	234
228	235
229	230
229	231
229	232
229	233
230	231
230	232
231	232
231	233
232	233
233	234
233	235
234	235
234	236
235	236
236	237
236	238
236	239
236	240
237	238
237	239
237	240
238	239
238	240
238	241
239	240
239	241
239	242
240	241
240	242
241	242
241	243
242	243
242	244
242	245
243	244
243	245
244	245
244	246
245	246
245	247
246	247
246	248
247	248
247	249
248	249
