0	1
0	2
0	3
1	2
1	3
1	4
1	5
1	97
2	3
2	4
2	5
3	4
3	5
4	5
4	6
4	7
4	8
4	9
5	6
5	7
5	8
5	9
5	10
6	7
6	8
6	9
6	10
7	8
7	9
7	10
8	9
8	10
8	11
9	10
9	11
9	12
9	13
10	11
10	12
10	13
10	14
11	12
11	13
11	14
11	15
12	13
12	14
12	15
12	18
13	14
13	15
13	18
13	98
14	15
14	16
15	16
15	17
15	18
16	17
16	18
17	18
17	19
17	45
17	46
17	47
18	19
18	20
18	44
18	45
18	46
19	20
19	44
19	45
19	99
19	100
19	103
20	21
20	22
20	43
20	44
20	98
20	99
20	100
20	103
20	104
21	22
21	23
21	41
21	42
21	43
21	44
21	96
21	97
21	98
21	99
22	23
22	24
22	41
22	42
22	43
22	91
22	94
22	95
22	96
22	97
23	24
23	25
23	39
23	40
23	41
23	42
23	94
23	95
23	96
23	97
24	25
24	26
24	39
24	40
24	41
24	90
24	94
24	95
25	26
25	27
25	38
25	39
25	40
26	27
26	28
26	31
26	33
26	34
26	38
26	39
27	28
27	31
28	29
28	30
28	31
29	30
29	31
30	31
30	32
30	36
30	37
31	32
31	33
31	34
31	35
31	36
32	33
32	34
32	35
32	36
33	34
33	35
33	86
34	35
34	36
34	37
34	38
34	39
34	40
35	36
35	37
35	65
36	37
36	38
37	38
37	39
37	63
37	64
37	65
38	39
38	40
38	62
38	63
38	64
39	40
39	41
39	63
39	64
39	65
40	41
40	42
40	64
40	65
40	66
41	42
41	43
41	65
41	66
41	67
42	43
42	44
42	66
42	67
42	68
43	44
43	45
43	67
43	68
43	69
43	70
44	45
44	68
44	69
44	70
44	71
44	72
45	46
45	47
45	69
45	70
45	71
45	72
46	47
46	48
46	71
46	72
47	48
47	49
47	50
47	71
48	49
48	50
49	50
49	51
50	51
50	52
50	69
50	70
50	71
51	52
51	53
51	69
51	70
51	71
51	74
52	53
52	68
52	69
52	70
52	71
53	54
53	67
53	68
53	69
53	70
54	55
54	56
54	66
54	67
54	68
55	56
55	57
55	65
55	66
55	67
56	57
56	64
56	65
56	66
57	58
57	59
57	63
57	64
57	65
58	59
58	60
58	61
58	62
58	63
58	64
59	60
59	61
59	62
59	63
60	61
60	62
61	62
61	63
62	63
62	64
63	64
63	65
64	65
64	66
65	66
65	67
66	67
66	68
67	68
67	69
67	70
68	69
68	70
68	71
69	70
69	71
69	72
69	74
69	75
70	71
70	72
70	74
70	75
71	72
71	73
71	74
71	75
72	73
72	74
72	75
72	76
73	74
73	75
73	76
73	77
74	75
74	76
74	77
74	78
75	76
75	77
75	78
75	79
76	77
76	78
76	79
76	80
77	78
77	79
77	80
77	81
78	79
78	80
78	81
78	82
78	83
78	84
79	80
79	81
79	82
79	83
79	88
80	81
80	82
80	120
81	82
81	83
81	120
81	124
82	83
82	84
82	85
83	84
83	85
84	85
84	86
84	87
84	88
85	86
85	87
85	88
85	89
86	87
86	88
86	89
86	90
87	88
87	89
87	90
87	91
88	89
88	90
88	91
88	92
89	90
89	91
89	92
89	93
90	91
90	92
90	93
90	94
91	92
91	93
91	94
91	108
92	93
92	94
92	108
93	94
93	95
94	95
94	96
95	96
95	97
96	97
96	98
97	98
98	99
99	100
99	101
99	102
99	103
99	104
100	101
100	102
100	103
101	102
101	103
102	103
102	104
102	105
102	106
103	104
103	105
103	106
103	107
104	105
104	106
104	107
104	108
105	106
105	107
105	108
105	109
106	107
106	108
106	109
106	110
107	108
107	109
107	110
107	111
108	109
108	110
108	111
109	110
109	111
109	112
110	111
110	112
110	113
110	114
111	112
111	113
111	114
112	113
112	114
112	115
113	114
113	115
113	116
114	115
114	116
115	116
115	117
115	121
116	117
116	118
116	119
116	120
116	121
117	118
117	119
117	120
117	121
117	122
118	119
118	120
118	121
118	122
118	123
119	120
119	121
119	122
119	123
120	121
120	122
120	123
120	124
121	122
121	123
121	124
121	170
122	123
122	124
122	125
122	231
122	232
123	124
123	125
123	126
123	232
124	125
124	126
124	127
124	128
125	126
125	127
125	128
125	129
125	130
125	229
125	230
125	232
126	127
126	128
126	129
126	130
126	131
126	256
127	128
127	129
127	130
127	131
127	132
127	162
127	165
127	166
128	129
128	130
128	131
128	132
128	162
128	165
128	166
129	130
129	131
129	132
129	133
129	166
129	229
130	131
130	132
130	133
130	134
130	259
130	263
131	132
131	133
131	134
131	135
131	162
132	133
132	134
132	135
132	136
132	159
132	162
132	163
133	134
133	135
133	136
133	137
134	135
134	136
134	137
134	138
135	136
135	137
135	138
135	139
135	154
135	155
135	157
135	158
135	159
136	137
136	138
136	139
136	140
136	154
136	155
136	159
137	138
137	139
137	140
137	141
138	139
138	140
138	141
138	142
138	154
139	140
139	141
139	142
139	143
139	151
139	152
139	154
139	155
140	141
140	142
140	143
140	144
140	151
140	214
141	142
141	143
141	144
141	145
142	143
142	144
142	145
142	146
142	147
142	148
142	150
142	151
143	144
143	145
143	146
143	147
143	148
143	151
144	145
144	146
145	146
145	147
146	147
146	148
147	148
147	149
147	150
147	151
148	149
148	150
148	151
148	152
148	207
149	150
149	151
149	152
149	153
150	151
150	152
150	153
150	154
151	152
151	153
151	154
151	155
152	153
152	154
152	155
152	156
152	210
153	154
153	155
153	156
153	157
153	158
154	155
154	156
154	157
154	158
154	159
155	156
155	157
155	158
155	159
155	160
156	157
156	158
156	159
156	160
156	161
157	158
157	159
157	160
157	161
157	162
158	159
158	160
158	161
158	162
159	160
159	161
159	162
159	163
160	161
160	162
160	163
160	164
160	196
161	162
161	163
161	164
161	165
162	163
162	164
162	165
162	166
163	164
163	165
163	166
163	167
163	168
164	165
164	166
164	167
164	168
164	169
164	180
164	181
164	184
164	192
165	166
165	167
165	168
165	169
165	170
165	176
165	180
166	167
166	168
166	169
166	170
166	171
167	168
167	169
167	170
167	171
167	172
167	184
167	188
167	189
168	169
168	170
168	171
168	172
168	184
168	188
168	189
169	170
169	171
169	172
169	173
169	174
169	175
169	176
169	183
169	184
169	188
170	171
170	172
170	173
170	174
170	175
170	176
171	172
171	173
172	173
172	174
172	188
173	174
173	175
174	175
174	176
175	176
175	177
176	177
176	180
177	178
177	179
177	180
178	179
178	180
179	180
179	181
179	182
179	183
180	181
180	182
180	183
180	184
181	182
181	183
181	184
181	185
181	186
181	193
182	183
182	184
182	185
182	186
183	184
183	185
183	186
183	187
183	188
184	185
184	186
184	187
184	188
184	189
184	190
184	193
185	186
185	187
185	188
185	189
185	190
185	193
186	187
186	188
186	189
186	190
186	193
187	188
187	189
187	190
188	189
188	190
189	190
189	191
189	192
189	193
190	191
190	192
190	193
190	194
191	192
191	193
191	194
191	195
192	193
192	194
192	195
192	196
193	194
193	195
193	196
193	197
194	195
194	196
194	197
194	198
195	196
195	197
195	198
195	199
195	213
195	216
196	197
196	198
196	199
196	200
197	198
197	199
197	200
197	201
198	199
198	200
198	201
198	202
199	200
199	201
199	202
199	209
199	213
200	201
200	202
201	202
201	203
202	203
202	204
202	209
203	204
203	205
204	205
204	206
204	208
204	209
205	206
205	207
205	208
205	209
206	207
206	208
206	209
206	210
207	208
207	209
207	210
207	211
208	209
208	210
208	211
208	212
209	210
209	211
209	212
209	213
210	211
210	212
210	213
210	214
211	212
211	213
211	214
211	215
212	213
212	214
212	215
212	216
213	214
213	215
213	216
213	217
214	215
214	216
214	217
214	218
215	216
215	217
215	218
215	219
216	217
216	218
216	219
216	220
217	218
217	219
217	220
217	221
218	219
218	220
218	221
218	222
219	220
219	221
219	222
219	223
219	224
220	221
220	222
220	223
220	224
220	225
221	222
221	223
221	224
221	225
221	226
222	223
222	224
222	225
222	226
223	224
223	225
223	226
224	225
224	226
225	226
225	227
225	228
225	229
226	227
226	228
226	229
226	230
227	228
227	229
227	230
227	231
228	229
228	230
228	231
229	230
229	231
230	231
230	232
230	233
230	234
231	232
231	233
231	234
231	235
232	233
232	234
232	235
232	236
233	234
233	235
233	236
234	235
234	236
234	237
234	292
235	236
235	237
235	238
236	237
236	238
237	238
237	239
237	240
238	239
238	240
239	240
239	241
240	241
241	242
241	243
241	291
242	243
242	244
242	289
242	290
242	291
243	244
243	246
243	247
243	289
243	290
243	291
244	245
244	246
244	247
244	287
244	288
244	289
244	290
245	246
245	247
245	248
246	247
246	248
246	249
247	248
247	249
248	249
248	250
249	250
249	251
249	252
249	253
249	254
250	251
250	252
250	253
250	254
251	252
251	253
251	254
252	253
252	254
252	255
252	256
252	257
253	254
253	255
253	256
253	257
254	255
254	256
254	257
255	256
255	257
256	257
256	258
256	259
256	260
257	258
257	259
257	260
258	259
258	260
259	260
259	261
259	262
259	263
260	261
260	262
260	263
260	264
261	262
261	263
261	264
261	265
262	263
262	264
262	265
262	266
263	264
263	265
263	266
263	267
264	265
264	266
264	267
264	268
265	266
265	267
265	268
265	269
266	267
266	268
266	269
266	270
267	268
267	269
267	270
267	271
267	272
267	273
268	269
268	270
268	271
268	272
268	273
268	274
268	275
269	270
269	271
270	271
270	272
271	272
271	273
272	273
272	274
272	292
272	293
273	274
273	275
273	290
273	291
273	292
273	293
274	275
274	276
274	290
274	291
274	292
274	293
275	276
275	289
275	290
275	291
276	277
276	278
276	288
276	289
276	290
277	278
277	279
277	286
277	287
277	288
277	289
278	279
278	280
278	286
278	287
278	288
279	280
279	281
279	284
279	285
279	286
279	287
280	281
280	282
280	283
280	284
280	285
280	286
281	282
281	283
282	283
283	284
283	285
284	285
284	286
285	286
285	287
286	287
286	288
287	288
287	289
288	289
288	290
289	290
289	291
290	291
290	292
291	292
291	293
292	293
292	294
293	294
