0	1
1	2
1	3
1	4
1	5
1	442
1	443
2	3
2	4
2	5
2	6
2	442
2	443
3	4
3	5
3	6
3	7
3	35
3	443
3	445
4	5
4	6
4	7
4	8
4	34
4	35
5	6
5	7
5	8
5	9
6	7
6	8
6	9
6	10
7	8
7	9
7	10
7	11
7	30
8	9
8	10
8	11
8	12
9	10
9	11
9	12
9	13
10	11
10	12
10	13
10	14
10	110
10	111
10	136
11	12
11	13
11	14
11	15
11	25
11	26
12	13
12	14
12	15
12	16
13	14
13	15
13	16
13	17
13	136
14	15
14	16
14	17
14	18
14	136
14	137
14	151
14	152
15	16
15	17
15	18
15	19
15	23
15	24
15	25
16	17
16	18
16	19
17	18
17	19
17	151
17	167
18	19
18	20
18	21
18	22
18	23
18	151
18	152
18	167
18	168
19	20
19	21
19	22
19	23
20	21
20	22
21	22
21	23
22	23
22	24
23	24
23	25
24	25
24	26
25	26
25	27
25	28
25	29
26	27
26	28
26	29
26	30
27	28
27	29
27	30
27	218
27	219
28	29
28	30
28	218
28	219
29	30
29	31
30	31
31	32
31	33
31	34
32	33
32	34
33	34
33	35
33	36
33	37
34	35
34	36
34	37
34	38
35	36
35	37
35	38
35	39
35	444
35	445
36	37
36	38
36	39
36	445
37	38
37	39
37	40
38	39
38	40
38	41
38	63
38	445
39	40
39	41
39	437
39	438
39	439
39	444
39	445
40	41
41	42
41	43
41	63
41	64
42	43
42	44
42	63
42	64
42	434
42	435
42	436
43	44
43	62
43	63
43	64
43	65
43	66
43	434
43	435
43	436
44	45
44	46
44	65
44	66
44	67
44	432
44	433
44	434
44	435
45	46
45	47
45	66
45	67
45	68
45	432
45	433
45	434
46	47
46	48
46	67
46	68
46	430
46	431
46	432
46	433
47	48
47	49
47	53
47	430
47	431
47	432
47	433
48	49
48	50
48	51
48	52
48	53
48	429
48	430
48	431
49	50
49	51
50	51
50	52
51	52
51	53
52	53
52	54
52	453
53	54
53	55
53	70
53	451
53	452
53	453
54	55
54	56
54	69
54	70
54	71
54	451
54	452
55	56
55	57
55	70
55	71
55	72
55	450
55	451
55	452
56	57
56	58
56	71
56	72
56	73
56	449
56	450
56	451
57	58
57	59
57	60
57	72
57	73
57	74
57	448
57	449
57	450
58	59
58	60
58	73
58	74
58	75
58	447
58	448
58	449
59	60
59	74
59	75
59	446
59	447
59	448
60	61
60	62
60	73
60	74
60	75
60	76
60	77
60	446
61	62
61	63
61	76
61	77
61	78
61	445
61	446
62	63
62	64
62	65
62	77
62	78
62	79
63	64
63	65
63	78
63	79
63	80
64	65
64	66
64	79
64	80
65	66
65	67
65	78
65	79
65	80
65	81
65	82
66	67
66	68
66	81
66	82
66	83
67	68
67	69
67	82
67	83
67	84
68	69
68	70
68	83
68	84
68	85
68	86
69	70
69	71
69	84
69	85
69	86
70	71
70	85
70	105
70	106
71	72
71	73
71	105
71	106
71	107
72	73
72	74
72	106
72	107
72	108
73	74
73	75
73	76
73	107
73	108
73	109
74	75
74	76
74	108
74	109
74	110
75	76
75	109
75	110
76	77
76	78
76	108
76	109
76	110
76	111
76	112
77	78
77	79
77	111
77	112
77	113
78	79
78	80
78	81
78	112
78	113
78	114
79	80
79	81
79	113
79	114
79	115
80	81
80	82
80	114
80	115
81	82
81	83
81	113
81	114
81	115
81	116
81	117
82	83
82	84
82	116
82	117
82	118
83	84
83	85
83	117
83	118
83	119
84	85
84	86
84	118
84	119
85	86
85	87
85	88
85	119
86	87
86	88
87	88
87	89
87	120
87	121
88	89
88	90
88	104
88	105
88	120
88	121
89	90
89	91
89	93
89	103
89	104
90	91
90	92
90	93
90	100
90	102
90	103
90	104
91	92
91	93
91	100
91	101
91	102
91	103
92	93
92	94
92	99
92	100
92	101
93	94
93	95
93	99
93	100
94	95
94	96
94	98
94	99
94	100
95	96
95	98
95	99
95	128
96	97
96	98
97	98
98	99
98	100
99	100
99	101
100	101
100	102
100	103
100	128
100	129
101	102
102	103
102	104
102	129
103	104
103	105
103	129
104	105
104	129
104	130
105	106
105	107
105	129
105	130
105	131
106	107
106	108
106	130
106	131
106	132
106	133
107	108
107	109
107	131
107	132
107	133
107	134
108	109
108	111
108	132
108	133
108	134
108	135
109	110
109	111
109	134
109	135
109	136
110	111
110	135
110	136
111	112
111	113
111	135
111	136
111	137
111	138
112	113
112	114
112	137
112	138
112	139
113	114
113	115
113	116
113	138
113	139
114	115
114	116
114	139
114	140
115	116
115	117
115	140
115	141
116	117
116	118
116	139
116	140
116	141
116	142
116	143
117	118
117	119
117	141
117	142
117	143
117	144
118	119
118	143
118	144
118	145
119	120
119	121
119	144
119	145
119	146
120	121
120	145
120	146
121	122
121	123
121	131
121	146
122	123
122	124
122	127
122	128
122	130
122	131
122	146
122	147
122	148
123	124
123	125
123	128
123	146
123	147
123	162
124	125
124	126
124	127
124	128
124	164
125	126
125	127
125	128
126	127
126	128
127	128
127	129
127	130
128	129
128	130
129	130
129	131
130	131
130	132
130	133
131	132
131	133
131	134
131	148
132	133
132	134
132	135
132	148
132	149
133	134
133	135
133	148
133	149
134	135
134	137
134	148
134	149
134	150
135	136
135	137
135	149
135	150
135	151
136	137
136	150
136	151
136	152
137	138
137	139
137	149
137	150
137	151
137	152
137	153
138	139
138	152
138	153
138	154
139	140
139	142
139	153
139	154
139	155
140	141
140	142
140	156
140	157
141	142
141	143
141	156
141	157
142	143
142	144
142	154
142	155
142	156
142	157
142	158
142	159
143	144
143	145
143	158
143	159
143	160
144	145
144	146
144	147
144	159
144	160
144	161
145	146
145	147
145	160
145	161
145	162
146	147
146	148
146	161
146	162
146	163
147	148
147	149
147	160
147	161
147	162
147	163
147	164
148	149
148	150
148	163
148	164
148	165
149	150
149	151
149	152
149	164
149	165
149	166
150	151
150	152
150	165
150	166
150	167
151	152
151	166
151	167
152	153
152	154
152	165
152	166
152	167
152	168
152	169
153	154
153	155
153	168
153	169
153	170
154	155
154	156
154	158
154	169
154	170
154	171
155	156
155	157
155	158
155	170
155	171
155	172
156	157
156	158
156	172
156	173
156	222
157	158
157	159
157	172
157	173
157	321
158	159
158	160
158	170
158	171
158	172
158	173
158	174
158	175
159	160
159	161
159	174
159	175
159	176
160	161
160	162
160	163
160	175
160	176
160	177
161	162
161	163
161	176
161	177
162	163
162	177
162	179
163	164
163	165
163	177
163	178
163	179
163	180
164	165
164	166
164	179
164	180
164	181
165	166
165	167
165	168
165	180
165	181
165	182
166	167
166	168
166	181
166	182
166	183
167	168
167	182
167	183
168	169
168	170
168	181
168	182
168	183
168	184
168	185
169	170
169	171
169	184
169	185
169	186
170	171
170	172
170	174
170	185
170	186
170	187
171	172
171	173
171	174
171	186
171	187
171	188
172	173
172	174
172	188
172	189
172	215
173	174
173	175
173	188
173	189
174	175
174	176
174	188
174	189
174	190
174	191
175	176
175	177
175	190
175	191
175	192
175	342
176	177
176	178
176	191
176	192
176	193
177	178
177	179
177	192
177	193
177	194
178	179
178	180
178	181
178	193
178	194
178	195
179	180
179	195
180	181
180	182
181	182
181	183
181	184
182	183
182	184
183	184
184	185
184	186
185	186
185	187
186	187
186	188
186	190
187	188
187	189
187	190
188	189
188	190
189	190
189	191
189	204
189	205
189	210
190	191
190	192
190	203
190	204
190	205
191	192
191	193
191	202
191	203
191	204
192	193
192	194
192	201
192	202
192	203
193	194
193	195
193	200
193	201
193	202
194	195
194	196
194	199
194	200
194	201
195	196
195	197
195	198
195	199
195	200
196	197
196	198
196	199
197	198
197	199
198	199
198	393
199	200
199	392
199	393
199	394
200	201
200	202
200	391
200	392
200	393
201	202
201	203
201	390
201	391
201	392
202	203
202	204
202	390
202	391
203	204
203	205
203	389
203	390
204	205
204	206
204	389
205	206
205	207
205	210
205	361
206	207
206	208
206	209
206	210
207	208
207	209
207	210
207	211
208	209
208	210
208	211
209	210
209	211
209	212
210	211
210	212
210	213
210	214
211	212
211	213
211	214
211	215
211	224
212	213
212	214
212	224
212	225
213	214
213	224
213	225
213	226
214	215
214	222
214	223
214	224
214	225
214	226
215	216
215	217
215	222
215	223
215	224
216	217
216	218
216	220
216	221
216	222
216	223
217	218
217	219
217	220
217	221
218	219
218	220
219	220
219	221
220	221
220	222
221	222
221	223
222	223
222	224
223	224
224	225
224	226
224	227
225	226
225	227
225	228
226	227
226	228
226	229
227	228
227	229
227	230
227	231
228	229
228	230
228	231
229	230
229	231
229	232
229	233
230	231
230	232
230	233
231	232
231	233
231	234
232	233
232	234
232	235
233	234
233	235
233	236
233	237
234	235
234	236
234	237
234	238
235	236
235	237
235	238
235	239
236	237
236	238
236	239
236	240
236	256
237	238
237	239
237	240
238	239
238	240
238	241
239	240
239	241
239	242
239	243
239	254
239	256
240	241
240	242
240	243
240	254
241	242
241	243
242	243
242	244
243	244
243	253
243	254
244	253
244	431
245	246
245	247
246	247
246	248
246	249
246	263
246	264
246	265
247	248
247	249
247	265
247	266
248	249
248	250
248	265
248	266
248	417
248	426
248	427
249	250
249	251
249	264
249	265
249	266
249	267
249	268
249	426
249	427
250	251
250	252
250	267
250	268
250	269
250	426
250	427
251	252
251	253
251	268
251	269
251	270
252	253
252	254
252	255
252	269
252	270
252	271
253	254
253	255
254	255
254	256
254	271
254	272
255	256
255	257
255	270
255	271
255	272
255	273
255	274
256	257
256	258
256	273
256	274
256	275
257	258
257	261
257	274
257	275
257	276
258	259
258	260
258	261
258	275
258	276
258	277
259	260
259	261
259	276
259	277
260	261
260	262
260	277
260	278
261	262
261	263
261	275
261	276
261	277
261	278
261	279
262	263
262	264
262	278
262	279
263	264
263	265
263	267
263	279
264	265
264	266
264	267
264	280
264	281
265	266
265	267
265	281
265	282
266	267
266	268
266	281
266	282
266	414
266	415
266	417
266	426
267	268
267	269
267	281
267	282
267	283
267	284
267	415
267	426
268	269
268	270
268	283
268	284
268	285
268	426
269	270
269	271
269	273
269	284
269	285
269	286
270	271
270	272
270	273
270	285
270	286
270	287
271	272
271	273
271	287
272	273
272	274
272	287
272	288
273	274
273	275
273	285
273	286
273	287
273	288
273	289
273	290
274	275
274	276
274	289
274	290
274	291
275	276
275	277
275	278
275	290
275	291
275	292
276	277
276	278
276	291
276	292
276	293
277	278
277	279
277	292
277	293
277	294
278	279
278	291
278	292
278	293
278	294
278	295
279	280
279	294
279	295
279	296
280	281
280	282
280	283
280	296
280	297
280	298
280	299
281	282
281	283
281	298
281	299
282	283
282	284
282	298
282	299
282	415
282	416
283	284
283	285
283	298
283	299
283	300
283	301
284	285
284	286
284	300
284	301
284	302
285	286
285	287
285	289
285	301
285	302
286	287
286	288
286	289
286	302
286	303
286	304
287	288
287	289
287	304
288	289
288	290
288	304
288	305
289	290
289	291
289	302
289	303
289	304
289	305
289	306
289	307
290	291
290	292
290	306
290	307
290	308
291	292
291	293
291	294
291	307
291	308
291	309
292	293
292	294
292	308
292	309
292	310
293	294
293	309
293	310
294	295
294	296
294	308
294	309
294	310
294	311
294	312
295	296
295	297
295	311
295	312
295	313
296	297
296	298
296	300
296	312
296	313
296	314
297	298
297	313
297	314
297	315
298	299
298	300
298	314
298	315
299	300
299	301
299	315
299	410
300	301
300	302
300	315
300	316
300	317
301	302
301	303
301	316
301	317
301	318
301	406
302	303
302	304
302	306
302	317
302	318
302	319
303	304
303	305
303	306
303	318
303	319
303	320
304	305
304	306
304	320
304	321
305	306
305	307
305	320
305	321
305	322
306	307
306	308
306	318
306	319
306	320
306	321
306	322
306	323
307	308
307	309
307	322
307	323
307	324
308	309
308	310
308	311
308	323
308	324
308	325
309	310
309	311
309	324
309	325
309	326
310	311
310	312
310	325
310	326
310	327
310	328
310	331
310	332
311	312
311	313
311	326
311	331
311	332
311	333
312	313
312	314
312	332
312	333
312	334
313	314
313	315
313	316
313	333
313	334
313	335
314	315
314	316
314	334
314	335
314	336
315	316
315	336
315	337
316	317
316	318
316	336
316	337
316	338
316	339
317	318
317	319
317	338
317	339
317	340
317	406
318	319
318	320
318	322
318	339
318	340
319	320
319	321
319	322
319	340
319	341
319	342
320	321
320	322
320	341
320	342
321	322
321	323
321	341
321	342
322	323
322	324
322	341
322	342
322	343
322	344
323	324
323	325
323	343
323	344
323	345
324	325
324	326
324	344
324	345
324	346
325	326
325	327
325	345
325	346
325	347
326	327
326	328
326	330
326	331
326	332
326	346
326	347
327	328
327	329
327	330
327	331
328	329
328	330
328	331
329	330
329	331
330	331
330	332
330	347
330	348
330	349
330	350
331	332
331	333
331	350
331	351
332	333
332	334
332	350
332	351
332	352
333	334
333	335
333	351
333	352
333	353
334	335
334	336
334	338
334	352
334	353
334	354
334	355
335	336
335	337
335	338
335	353
335	354
335	355
335	356
336	337
336	338
336	355
336	356
337	338
337	339
337	355
337	356
338	339
338	340
338	355
338	356
338	357
338	358
339	340
339	357
339	358
339	359
340	341
340	343
340	358
340	359
340	360
341	342
341	343
342	343
342	344
343	344
343	345
343	360
343	361
343	362
344	345
344	346
344	361
344	362
344	363
345	346
345	347
345	362
345	363
345	364
346	347
346	348
346	363
346	364
347	348
347	349
347	350
347	364
347	365
348	349
348	364
348	365
349	350
349	351
349	365
350	351
350	352
351	352
351	353
351	365
351	366
352	353
352	354
353	354
353	355
354	355
354	356
354	357
355	356
355	357
356	357
356	375
356	376
357	358
357	359
357	373
357	374
357	375
357	376
358	359
358	373
358	374
358	375
358	376
359	360
359	372
359	373
359	374
360	361
360	362
360	372
360	373
361	362
361	363
361	372
362	363
362	364
363	364
363	365
363	368
363	369
364	365
364	368
365	366
365	367
365	368
365	369
366	367
366	368
366	369
366	370
367	368
367	369
367	370
367	371
368	369
368	370
368	371
368	372
369	370
369	371
369	372
369	373
370	371
370	372
370	373
371	372
371	373
372	373
373	374
374	375
374	376
374	378
374	379
375	376
375	377
375	378
375	379
376	377
376	378
376	379
376	380
377	378
377	379
377	380
377	381
378	379
378	380
378	381
379	380
379	381
379	382
379	395
380	381
380	382
380	395
380	396
381	382
381	383
381	395
381	396
382	383
382	384
382	394
382	395
383	384
383	385
383	393
383	394
383	395
384	385
384	386
384	392
384	393
384	394
385	386
385	387
385	391
385	392
385	393
386	387
386	390
386	391
386	392
387	388
387	390
387	391
388	389
389	390
390	391
390	392
391	392
391	393
392	393
393	394
393	395
394	395
394	396
394	397
394	398
395	396
395	397
395	398
395	399
396	397
396	398
396	399
396	400
397	398
397	399
397	400
397	401
398	399
398	400
398	401
399	400
399	401
399	402
399	403
400	401
400	402
400	403
400	404
401	402
401	403
401	404
401	405
402	403
402	404
402	405
402	406
403	404
403	405
403	406
403	407
404	405
404	406
404	407
404	408
405	406
405	407
405	408
405	409
406	407
406	408
406	409
406	410
407	408
407	409
407	410
407	411
408	409
408	410
408	411
408	412
409	410
409	411
409	412
409	413
410	411
410	412
410	413
410	414
410	415
411	412
411	413
411	414
411	415
411	416
411	424
412	413
412	414
412	424
412	425
413	414
413	415
413	424
413	425
413	426
414	415
414	416
414	417
414	422
414	423
414	424
414	425
414	426
414	427
415	416
415	417
416	417
416	418
416	422
417	418
417	419
417	420
417	421
417	422
417	423
418	419
418	420
418	421
418	422
419	420
419	421
420	421
420	422
421	422
421	423
422	423
422	424
423	424
423	427
424	425
424	426
424	427
424	428
425	426
425	427
425	428
426	427
426	428
427	428
429	430
430	431
430	432
431	432
431	433
432	433
432	434
433	434
433	435
434	435
434	436
435	436
435	437
436	437
436	438
436	446
437	438
437	439
437	445
437	446
438	439
438	440
438	443
438	444
438	445
438	446
439	440
439	444
439	445
440	441
440	442
440	443
440	444
441	442
441	443
441	444
442	443
442	444
443	444
443	445
444	445
445	446
446	447
446	448
447	448
447	449
448	449
448	450
449	450
449	451
450	451
450	452
451	452
452	453
452	454
453	454
453	455
454	455
