0	1
0	2
0	3
0	4
1	2
1	3
1	4
1	5
2	3
2	4
2	5
2	6
3	4
3	5
3	6
3	7
4	5
4	6
4	7
4	8
5	6
5	7
5	8
5	9
6	7
6	8
6	9
6	10
7	8
7	9
7	10
7	11
7	250
8	9
8	10
8	11
8	12
9	10
9	11
9	12
9	13
10	11
10	12
10	13
10	14
11	12
11	13
11	14
11	15
11	248
11	250
12	13
12	14
12	15
12	16
13	14
13	15
13	16
13	17
14	15
14	16
14	17
14	18
15	16
15	17
15	18
15	19
15	246
15	248
16	17
16	18
16	19
16	20
17	18
17	19
17	20
17	21
18	19
18	20
18	21
18	22
18	56
18	58
18	246
19	20
19	21
19	22
19	23
20	21
20	22
20	23
20	24
21	22
21	23
21	24
21	25
22	23
22	24
22	25
22	26
23	24
23	25
23	26
23	27
23	269
23	270
24	25
24	26
24	27
24	28
25	26
25	27
25	28
25	29
25	42
26	27
26	28
26	29
26	30
26	42
27	28
27	29
27	30
27	31
27	267
27	268
27	269
28	29
28	30
28	31
29	30
29	31
29	40
29	41
29	42
30	31
30	32
30	33
31	32
31	33
31	266
31	267
32	33
32	34
33	34
33	35
34	35
35	36
35	37
35	237
35	238
36	37
36	180
36	237
36	238
36	239
37	38
37	39
37	40
37	180
37	181
37	206
37	207
38	39
38	40
38	43
38	180
38	181
38	206
39	40
39	41
39	43
39	205
39	206
40	41
40	42
40	43
41	42
41	43
41	44
42	43
42	44
42	60
43	44
43	45
43	60
43	61
44	45
44	46
45	46
45	47
45	59
46	47
46	48
46	57
46	58
46	59
47	48
47	49
47	57
47	58
47	59
48	49
48	50
48	56
48	57
48	58
49	50
49	51
49	55
49	56
49	57
50	51
50	52
50	54
50	55
50	56
51	52
51	53
51	54
51	55
52	53
52	54
53	54
53	250
53	251
54	55
54	249
54	250
54	251
55	56
55	57
55	248
55	249
56	57
56	58
56	246
56	247
56	248
56	249
57	58
57	59
57	246
57	247
57	248
58	59
58	60
58	244
58	245
58	246
58	247
59	60
59	61
59	244
59	245
59	246
60	61
60	242
60	243
60	244
60	245
61	62
61	63
61	242
61	243
61	244
62	63
62	64
62	65
62	181
62	241
62	242
62	243
63	64
63	65
63	66
63	241
63	242
63	243
64	65
64	66
64	176
64	177
64	178
64	239
64	241
65	66
65	177
65	178
65	181
65	182
66	67
66	68
66	166
66	167
66	168
66	177
66	182
67	68
67	69
67	166
67	167
67	168
67	177
68	69
68	70
68	71
68	167
68	168
68	169
68	170
68	175
69	70
69	71
69	72
69	167
69	168
69	169
70	71
70	72
70	73
70	142
70	143
70	169
70	170
70	172
70	173
71	72
71	73
71	74
71	83
71	173
71	174
71	175
72	73
72	74
72	83
72	84
72	109
72	112
72	173
73	74
73	75
73	112
73	113
73	141
73	142
73	173
74	75
74	76
74	173
74	174
75	76
76	77
76	78
76	81
77	78
77	79
78	79
78	80
78	81
79	80
79	81
80	81
80	82
80	84
80	85
81	82
81	83
81	84
81	85
82	83
82	84
82	85
82	86
83	84
83	85
83	86
83	87
84	85
84	86
84	87
84	88
84	105
85	86
85	87
85	88
85	89
86	87
86	88
86	89
86	90
86	192
86	193
87	88
87	89
87	90
87	91
87	105
88	89
88	90
88	91
88	92
88	101
88	102
88	105
89	90
89	91
89	92
89	93
89	192
89	195
90	91
90	92
90	93
90	188
90	189
90	192
91	92
91	93
91	94
91	96
91	101
92	93
92	94
92	95
92	96
92	97
92	98
92	101
93	94
93	95
93	96
94	95
94	96
95	96
95	97
96	97
96	98
96	100
96	101
97	98
97	99
97	100
97	101
98	99
98	100
98	101
98	102
99	100
99	101
99	102
99	103
100	101
100	102
100	103
100	104
100	154
101	102
101	103
101	104
101	105
102	103
102	104
102	105
102	106
103	104
103	105
103	106
103	107
103	122
103	123
103	153
103	154
104	105
104	106
104	107
104	108
104	152
104	153
104	154
104	155
105	106
105	107
105	108
105	109
106	107
106	108
106	109
106	110
106	120
106	122
106	123
107	108
107	109
107	110
107	111
107	122
107	123
107	124
107	152
107	153
108	109
108	110
108	111
108	112
108	152
109	110
109	111
109	112
109	113
110	111
110	112
110	113
110	118
110	123
110	124
110	125
111	112
111	113
111	125
111	138
111	139
111	140
112	113
112	114
112	139
112	140
112	141
112	142
112	143
113	114
113	115
113	140
113	141
114	115
114	116
114	140
114	141
115	116
115	117
115	140
116	117
116	118
116	125
117	118
117	119
117	125
118	119
118	120
118	123
118	124
118	125
119	120
120	121
120	122
120	123
121	122
121	123
122	123
122	124
123	124
124	125
124	126
124	128
125	126
125	127
125	128
125	138
126	127
126	128
126	129
126	130
126	137
126	138
127	128
127	129
127	130
127	131
128	129
128	130
128	131
129	130
129	131
129	132
129	135
129	136
129	137
129	138
130	131
130	132
130	135
130	136
130	137
131	132
131	133
131	135
132	133
132	134
132	135
133	134
133	135
134	135
134	136
135	136
136	137
136	138
137	138
137	139
138	139
138	140
139	140
139	141
140	141
141	142
141	143
142	143
142	144
143	144
143	145
143	146
143	148
143	169
144	145
144	169
145	146
145	147
145	148
145	169
146	147
146	148
146	149
146	168
146	169
147	148
147	149
147	150
148	149
148	150
148	151
149	150
149	151
149	152
150	151
150	152
150	155
150	156
150	160
151	152
151	153
151	155
152	153
152	154
152	155
153	154
153	155
154	155
154	156
155	156
155	159
155	160
156	157
156	158
156	159
156	160
157	158
157	159
157	160
157	161
158	159
158	160
158	161
158	162
159	160
159	161
159	162
159	163
160	161
160	162
160	163
160	164
161	162
161	163
161	164
162	163
162	164
162	165
163	164
163	165
163	166
163	167
164	165
164	166
164	167
165	166
165	167
166	167
166	186
166	189
167	168
168	169
168	170
169	170
169	171
170	171
170	172
171	172
171	173
172	173
172	174
173	174
173	175
174	175
174	176
175	176
175	177
175	234
176	177
176	178
176	234
176	235
176	236
177	178
177	179
177	234
177	235
177	236
178	179
178	180
178	181
178	182
178	235
178	236
178	237
178	238
178	239
179	180
179	181
179	182
179	235
179	236
179	237
180	181
180	182
180	207
180	208
180	237
181	182
181	183
182	183
182	184
182	186
183	184
183	185
183	186
184	185
184	186
184	187
184	197
184	200
184	201
185	186
185	187
186	187
186	188
186	189
187	188
187	189
187	190
187	191
187	196
187	197
188	189
188	190
188	191
188	192
189	190
189	191
189	192
189	193
190	191
190	192
190	193
190	194
191	192
191	193
191	194
191	195
191	196
192	193
192	194
192	195
193	194
193	195
194	195
194	227
196	197
196	198
196	199
197	198
197	199
197	200
197	201
198	199
198	200
198	201
198	202
199	200
199	201
199	202
199	203
200	201
200	202
200	203
201	202
201	203
202	203
202	204
203	204
203	205
203	207
204	205
204	206
204	207
204	208
205	206
205	207
206	207
206	208
207	208
207	209
208	209
208	210
208	211
208	213
208	214
208	237
209	210
209	213
210	211
210	212
210	213
210	214
210	237
211	212
211	213
211	214
211	215
211	232
211	235
211	236
211	237
212	213
212	214
212	215
212	216
213	214
213	215
213	216
213	217
214	215
214	216
214	217
215	216
215	217
215	220
215	228
216	217
216	218
216	220
217	218
217	219
217	220
218	219
218	220
218	221
219	220
219	221
220	221
220	222
220	223
221	222
221	223
222	223
222	224
223	224
223	225
223	227
224	225
224	226
224	227
224	228
225	226
225	227
225	228
225	229
226	227
226	228
226	229
226	230
227	228
227	229
227	230
227	231
228	229
228	230
228	231
228	232
229	230
229	231
229	232
229	233
230	231
230	232
230	233
230	234
231	232
231	233
231	234
231	235
232	233
232	234
232	235
233	234
233	235
234	235
234	236
235	236
236	237
236	238
237	238
238	239
239	240
239	241
240	241
240	242
240	262
240	263
241	242
241	260
241	261
241	262
241	263
242	243
242	244
242	260
242	261
242	262
243	244
243	245
243	258
243	259
243	260
243	261
244	245
244	246
244	258
244	259
244	260
245	246
245	247
245	257
245	258
245	259
246	247
246	248
246	256
246	257
246	258
247	248
247	249
247	255
247	256
247	257
248	249
248	250
248	254
248	255
248	256
249	250
249	251
249	252
249	253
249	254
249	255
250	251
250	252
250	253
250	254
251	252
251	253
252	253
252	254
253	254
253	255
254	255
254	256
255	256
255	257
256	257
256	258
256	276
256	277
256	278
256	279
257	258
257	259
257	274
257	275
257	276
257	277
258	259
258	260
258	274
258	275
258	276
258	277
259	260
259	261
259	271
259	273
259	274
259	275
260	261
260	262
260	271
260	272
260	273
260	274
261	262
261	263
261	269
261	270
261	271
261	272
262	263
262	264
262	269
262	270
262	271
262	272
263	264
263	265
263	268
263	269
263	270
264	265
264	268
264	269
264	270
265	266
265	267
265	268
265	269
266	267
266	268
267	268
267	269
268	269
268	270
269	270
270	271
270	272
271	272
271	273
272	273
273	274
274	275
275	276
275	277
276	277
277	278
277	279
278	279
