0	1
0	2
1	2
1	3
2	3
2	4
2	6
2	7
3	4
3	5
3	6
3	7
4	5
4	6
4	7
4	8
5	6
5	7
5	8
5	9
6	7
6	8
6	9
6	10
7	8
7	9
7	10
7	11
7	239
8	9
8	10
8	11
8	12
8	239
8	240
8	241
9	10
9	11
9	12
9	13
10	11
10	12
10	13
10	14
11	12
11	13
11	14
11	15
11	237
11	238
11	239
11	240
12	13
12	14
12	15
12	16
12	240
12	241
12	242
13	14
13	15
13	16
13	17
14	15
14	16
14	17
14	18
15	16
15	17
15	18
15	19
15	234
15	237
15	240
16	17
16	18
16	19
16	20
16	234
16	348
17	18
17	19
17	20
17	21
18	19
18	20
18	21
18	22
18	233
18	234
19	20
19	21
19	22
19	230
19	231
19	233
19	234
20	21
20	22
20	333
21	22
21	23
22	23
22	24
22	112
22	114
22	115
22	230
23	24
23	25
23	112
23	113
23	114
23	165
23	167
24	25
24	26
24	110
24	111
24	112
24	113
24	165
24	166
24	167
24	226
24	229
24	230
25	26
25	27
25	110
25	111
25	112
25	113
25	163
25	164
25	165
25	166
26	27
26	28
26	109
26	110
26	111
26	163
26	164
26	165
26	166
27	28
27	109
27	110
27	111
27	163
27	164
28	29
28	30
28	108
28	109
28	155
29	30
29	106
29	107
29	108
29	109
29	151
29	154
29	155
30	31
30	32
30	34
30	35
30	106
30	107
30	151
30	155
31	32
31	33
31	34
31	35
31	104
31	105
31	106
31	107
32	33
32	34
32	35
32	104
32	105
32	106
32	107
33	34
33	35
33	38
33	104
33	105
34	35
35	36
36	37
36	93
37	38
38	39
38	40
38	41
39	40
39	41
39	104
40	41
40	42
40	85
40	86
41	42
41	43
41	85
41	86
41	87
41	103
41	104
42	43
42	44
42	85
42	86
42	87
42	88
42	101
42	102
42	103
43	44
43	87
43	88
43	89
43	90
43	101
43	102
43	103
44	45
44	46
44	88
44	89
44	90
44	97
44	99
44	100
44	101
44	102
45	46
45	47
45	89
45	90
45	96
45	97
45	98
45	99
45	100
45	101
45	247
45	248
45	288
45	289
46	47
46	48
46	89
46	246
46	247
46	248
46	252
46	253
46	288
46	289
47	48
47	49
47	89
47	246
47	247
47	248
47	253
47	264
48	49
48	88
48	89
49	50
49	51
49	53
50	51
50	52
50	53
51	52
51	53
51	80
51	81
52	53
52	81
53	54
54	55
54	56
54	57
54	249
54	250
55	56
55	57
55	58
55	369
55	370
55	371
56	57
56	58
56	59
56	99
56	133
56	134
56	369
56	370
56	371
56	372
57	58
57	59
57	60
57	61
58	59
58	60
58	61
58	62
58	134
58	135
58	136
58	371
58	372
59	60
59	61
59	62
59	63
59	99
59	101
59	131
59	132
59	134
59	135
59	136
60	61
60	62
60	63
60	64
60	101
61	62
61	63
61	64
61	65
61	73
61	76
61	77
62	63
62	64
62	65
62	66
62	73
62	131
62	136
62	141
63	64
63	65
63	66
63	67
63	103
64	65
64	66
64	67
64	68
64	69
64	70
64	76
65	66
65	67
65	68
65	69
65	70
65	71
65	72
65	76
66	67
66	68
66	141
67	68
67	69
68	69
68	70
69	70
70	71
70	72
70	75
70	76
71	72
71	75
72	73
72	74
72	75
72	76
73	74
73	75
73	76
73	77
74	75
74	76
74	77
74	78
75	76
75	77
75	78
75	79
76	77
76	78
76	79
76	80
77	78
77	79
77	80
77	81
78	79
78	80
78	81
78	82
79	80
79	81
79	82
79	84
80	81
80	82
80	83
80	84
80	85
81	82
81	83
82	83
82	84
83	84
83	85
84	85
84	86
85	86
85	87
86	87
86	88
87	88
88	89
88	90
89	90
89	91
89	92
90	91
90	92
90	93
90	94
90	95
90	96
90	97
91	92
91	93
91	94
91	95
91	96
92	93
92	94
92	262
93	94
93	95
94	95
94	119
94	120
95	96
95	97
95	119
95	120
95	121
96	97
96	98
96	120
96	121
96	225
96	289
97	98
97	100
97	101
97	121
97	122
97	288
97	289
98	99
98	100
98	132
98	222
98	288
98	289
98	290
99	100
99	101
99	132
99	133
99	134
99	248
99	288
100	101
100	102
100	132
100	288
101	102
101	103
101	132
102	103
102	104
102	122
103	104
103	105
104	105
105	106
106	107
106	122
106	123
106	147
106	151
107	108
107	109
107	120
107	121
107	122
107	123
108	109
108	110
108	120
108	121
108	122
109	110
109	111
109	119
109	120
110	111
110	112
110	118
110	119
110	120
110	225
110	226
110	229
111	112
111	113
111	116
111	117
111	118
111	119
111	229
112	113
112	114
112	115
112	116
112	117
112	118
112	229
113	114
113	115
113	116
114	115
114	116
115	116
115	117
115	233
116	117
116	118
117	118
117	119
117	229
118	119
118	120
118	229
119	120
119	225
119	228
119	229
120	121
120	225
121	122
121	123
121	222
121	225
122	123
122	124
122	222
123	124
123	125
123	222
124	125
124	126
124	218
124	219
124	222
125	126
125	127
125	130
126	127
126	128
126	215
126	216
126	218
126	219
127	128
127	129
127	130
127	216
128	129
128	130
128	374
129	130
129	135
129	373
129	374
130	131
130	132
130	133
130	134
130	135
130	140
130	374
131	132
131	133
131	134
131	135
131	136
131	140
132	133
132	134
133	134
133	135
133	367
133	374
134	135
134	136
134	371
134	372
135	136
135	137
135	371
135	372
135	373
135	374
136	137
136	138
136	140
136	141
136	372
137	138
137	139
137	140
137	141
138	139
138	140
138	141
138	142
139	140
139	141
139	142
139	143
140	141
140	142
140	143
140	144
141	142
141	143
141	144
141	145
142	143
142	144
142	145
142	146
143	144
143	145
143	146
144	145
144	146
144	147
145	146
145	147
145	148
146	147
146	148
146	149
146	150
147	148
147	149
147	150
147	151
148	149
148	150
148	151
148	152
149	150
149	151
149	152
149	153
150	151
150	152
150	153
150	154
150	209
151	152
151	153
151	154
151	155
152	153
152	154
152	155
152	156
153	154
153	155
153	156
153	157
154	155
154	156
154	157
155	156
155	157
155	158
156	157
156	158
156	199
157	158
157	159
157	196
157	199
158	159
158	160
158	161
159	160
159	161
159	196
160	161
160	162
160	163
160	196
161	162
161	163
162	163
162	164
163	164
163	165
164	165
164	166
165	166
165	167
165	168
166	167
166	168
166	169
166	226
167	168
167	169
167	170
168	169
168	170
168	171
169	170
169	171
169	172
169	173
169	185
170	171
170	172
170	173
170	174
170	336
170	337
171	172
171	173
171	174
172	173
172	174
172	175
172	176
172	184
172	185
173	174
173	175
173	176
173	177
173	304
173	338
174	175
174	338
174	339
175	176
175	177
175	304
175	305
175	307
176	177
176	178
176	181
176	182
176	183
176	184
176	304
176	305
177	178
177	179
177	181
177	298
177	299
177	302
177	304
177	305
178	179
178	180
178	181
178	182
178	221
178	224
178	298
178	299
179	180
179	181
179	182
179	221
179	290
179	293
179	299
180	181
180	182
180	299
180	364
181	182
181	183
181	308
182	183
182	184
182	185
182	186
182	217
182	218
182	220
182	221
183	184
183	185
183	186
183	187
183	217
184	185
184	186
184	187
184	188
185	186
185	187
185	188
185	189
185	220
186	187
186	188
186	189
186	190
186	217
186	218
186	219
186	220
187	188
187	189
187	190
187	191
188	189
188	190
188	191
188	192
189	190
189	191
189	192
189	193
189	220
190	191
190	192
190	193
190	194
191	192
191	193
191	194
192	193
192	194
193	194
193	195
193	196
194	195
194	196
194	197
195	196
195	197
195	198
196	197
196	198
196	199
197	198
197	199
198	199
198	200
199	200
199	201
200	201
200	202
201	202
201	203
201	205
201	206
202	203
202	204
202	205
202	206
203	204
203	205
203	206
203	207
204	205
204	206
204	207
204	208
205	206
205	207
205	208
205	209
206	207
206	208
206	209
206	210
207	208
207	209
207	210
207	211
208	209
208	210
208	211
208	212
209	210
209	211
209	212
209	213
210	211
210	212
210	213
210	214
211	212
211	213
211	214
211	215
212	213
212	214
212	215
213	214
213	215
213	216
213	219
214	215
214	216
215	216
216	217
216	218
217	218
217	219
218	219
218	220
218	221
219	220
219	221
219	222
220	221
220	222
220	223
220	224
221	222
221	223
221	224
222	223
222	224
222	225
223	224
223	225
223	226
224	225
224	226
224	227
225	226
225	227
225	228
225	229
226	227
226	228
226	229
226	230
227	228
227	229
227	230
227	231
227	292
227	293
227	296
228	229
228	230
228	231
228	232
228	292
229	230
229	231
229	232
229	233
230	231
230	232
230	233
231	232
231	233
231	234
231	235
231	244
231	296
232	233
232	234
232	235
232	244
233	234
233	235
234	235
234	236
234	237
234	244
234	257
235	236
235	237
235	244
235	257
235	260
236	237
236	238
236	257
236	258
236	259
236	260
236	261
237	238
237	239
237	240
237	257
237	258
238	239
238	240
238	258
239	240
239	241
239	258
240	241
240	242
240	257
240	258
241	242
241	243
241	256
241	257
241	258
241	350
241	351
242	243
242	244
242	256
242	257
242	348
242	349
242	350
242	351
243	244
243	245
243	254
243	255
243	256
243	257
243	348
243	349
243	350
243	351
244	245
244	255
244	256
244	257
244	295
245	246
245	254
245	255
245	256
245	292
245	295
246	247
246	252
246	253
246	254
246	288
246	289
246	291
246	292
247	248
247	249
247	251
247	252
247	253
247	269
247	287
247	288
247	289
248	249
248	250
248	251
248	252
248	288
249	250
249	251
249	269
249	285
249	286
249	287
250	251
250	268
250	269
250	286
251	252
251	253
251	266
251	267
251	268
251	269
252	253
252	254
252	266
252	267
252	268
252	269
252	382
253	254
253	255
253	264
253	265
253	266
253	267
254	255
254	256
254	264
254	265
254	266
255	256
255	257
255	263
255	264
255	265
256	257
256	258
256	259
256	260
257	258
257	259
257	260
258	259
258	260
259	260
259	263
260	261
260	262
260	263
261	262
261	263
262	263
262	264
263	264
263	265
264	265
264	266
265	266
265	386
265	389
265	390
266	267
266	386
267	268
267	269
267	383
267	385
267	386
268	269
268	270
268	383
269	270
269	271
269	286
269	287
269	382
269	383
270	271
270	272
270	286
270	287
270	380
270	381
270	382
270	383
271	272
271	273
271	286
271	287
271	380
272	273
272	274
272	286
272	287
272	366
272	378
272	379
272	380
273	274
273	378
273	379
273	380
274	275
274	312
274	313
274	377
274	378
274	379
275	276
275	311
275	312
275	313
275	376
275	377
275	378
276	277
276	278
276	279
276	375
276	376
277	278
277	279
278	279
279	280
279	283
280	281
280	282
280	283
281	282
281	283
281	284
282	283
282	284
283	284
283	285
283	368
283	369
284	285
284	286
284	366
284	367
284	368
284	369
285	286
285	287
285	367
285	368
285	369
286	287
288	289
288	290
289	290
289	291
289	292
290	291
290	292
290	293
291	292
291	293
291	294
291	295
291	362
292	293
292	294
292	295
292	296
293	294
293	295
293	296
293	297
293	298
293	299
294	295
294	296
294	297
294	298
294	299
294	300
294	301
294	362
295	296
295	297
295	348
295	349
296	297
296	298
296	347
296	348
297	298
297	301
297	302
297	345
297	346
297	347
298	299
298	300
298	301
298	302
298	345
299	300
299	301
299	302
299	363
300	301
300	302
300	361
300	362
300	363
301	302
301	322
301	323
301	346
301	361
302	303
302	304
302	323
302	345
303	304
303	305
303	306
303	319
303	320
303	323
304	305
304	306
304	338
304	340
305	306
305	307
305	308
306	307
306	308
306	309
306	316
306	319
307	308
307	309
308	309
308	310
308	311
308	312
309	310
309	311
309	312
309	313
309	314
309	315
309	316
310	311
310	312
310	313
311	312
311	313
311	377
312	313
312	314
312	377
312	378
312	379
313	314
313	378
314	315
314	316
314	318
315	316
315	317
315	318
315	319
316	317
316	318
316	319
316	320
317	318
317	319
317	320
317	321
318	319
318	320
318	321
318	322
319	320
319	321
319	322
320	321
320	322
320	323
321	322
321	323
321	324
321	325
322	323
322	324
322	325
323	324
323	325
323	326
324	325
324	326
325	326
325	327
326	327
326	328
326	329
326	346
327	328
327	329
328	329
328	330
328	349
328	350
328	353
328	354
329	330
329	331
329	346
329	347
329	348
329	349
329	350
330	331
330	347
330	348
330	349
330	350
331	332
331	333
331	346
331	347
331	348
332	333
332	334
332	344
332	345
332	346
332	347
333	334
333	335
333	336
333	344
333	345
333	346
333	347
334	335
334	336
334	337
334	344
335	336
335	337
335	344
336	337
336	344
336	345
337	338
337	339
337	343
337	344
337	345
338	339
338	340
338	341
338	342
338	343
338	344
339	340
339	341
339	342
339	343
340	341
340	342
340	343
341	342
341	343
342	343
343	344
344	345
344	346
345	346
345	347
346	347
346	348
347	348
347	349
348	349
348	350
349	350
349	351
350	351
350	352
350	353
350	354
351	352
351	353
351	354
351	355
351	387
351	391
352	353
352	354
352	355
352	356
353	354
353	355
353	356
353	357
354	355
354	356
354	357
354	358
354	359
355	356
355	357
355	358
356	357
356	358
357	358
358	359
359	360
359	361
359	381
359	382
360	361
360	362
360	381
360	382
361	362
361	363
361	379
361	380
361	381
362	363
362	364
362	379
362	380
362	381
363	364
363	378
363	379
363	380
364	365
364	366
364	377
364	378
364	379
365	366
365	367
365	376
365	377
365	378
366	367
366	368
366	375
366	376
366	377
367	368
367	369
367	374
367	375
368	369
368	370
368	373
368	374
368	375
369	370
369	371
370	371
370	372
370	373
371	372
371	373
372	373
372	374
373	374
374	375
375	376
376	377
377	378
378	379
378	380
379	380
380	381
380	382
381	382
381	383
382	383
382	384
383	384
383	385
383	386
384	385
384	386
384	387
384	388
385	386
385	387
385	388
385	389
386	387
386	388
386	389
386	390
387	388
387	389
387	390
387	391
388	389
388	390
388	391
388	392
389	390
389	391
389	392
389	393
390	391
390	392
390	393
390	394
391	392
391	393
391	394
391	395
392	393
392	394
392	395
392	396
393	394
393	395
393	396
393	397
394	395
394	396
394	397
394	398
395	396
395	397
395	398
396	397
396	398
396	399
397	398
397	399
398	399
