0	1
0	2
0	16
0	19
0	20
1	2
1	3
1	16
2	3
2	4
3	4
3	5
3	9
4	5
4	6
4	7
4	9
5	6
5	7
5	96
6	7
6	8
6	94
6	96
7	8
7	9
7	96
8	9
8	10
8	91
8	95
8	96
8	97
8	98
9	10
9	11
9	96
9	97
9	98
10	11
10	12
10	97
10	98
10	99
11	12
11	13
11	16
11	17
11	98
11	99
11	100
12	13
12	14
12	99
12	100
12	101
12	102
13	14
13	15
13	16
13	17
13	101
14	15
14	16
14	17
14	18
14	101
14	146
15	16
15	17
15	18
15	19
16	17
16	18
16	19
16	20
17	18
17	19
17	20
17	21
17	99
17	147
18	19
18	20
18	21
18	22
18	146
18	147
19	20
19	21
19	22
19	23
20	21
20	22
20	23
20	24
21	22
21	23
21	24
21	25
21	31
21	147
22	23
22	24
22	25
22	26
23	24
23	25
23	26
23	27
24	25
24	26
24	27
24	28
24	29
25	26
25	27
25	28
25	29
25	30
25	31
26	27
26	28
27	28
27	29
28	29
28	30
29	30
29	31
29	56
29	57
29	58
30	31
30	32
30	56
30	57
30	58
30	150
31	32
31	33
31	57
31	58
31	59
31	149
31	150
32	33
32	34
32	51
32	57
32	58
32	59
32	60
32	149
32	150
32	151
32	152
33	34
33	35
33	59
33	60
33	61
33	149
33	151
33	152
33	153
34	35
34	36
34	47
34	48
34	60
34	61
34	62
34	152
34	153
34	154
35	36
35	61
35	62
35	63
36	37
36	38
36	62
36	63
36	64
37	38
37	39
37	63
37	64
37	65
38	39
38	40
38	63
38	64
38	81
38	86
39	40
39	41
39	80
39	81
39	82
39	86
39	194
40	41
40	44
40	86
41	42
41	43
41	44
41	45
42	43
42	44
42	45
42	46
42	184
43	44
43	45
43	46
43	47
43	183
43	184
43	192
44	45
44	46
44	47
44	48
45	46
45	47
45	48
45	49
46	47
46	48
46	49
46	50
47	48
47	49
47	50
47	51
47	153
47	154
47	181
48	49
48	50
48	51
48	52
49	50
49	51
49	52
49	53
50	51
50	52
50	53
51	52
51	53
51	54
51	59
52	53
52	54
52	57
52	59
53	54
53	55
54	55
54	56
54	57
55	56
55	57
56	57
56	58
57	58
57	59
58	59
58	60
58	96
59	60
59	61
59	95
59	96
59	97
60	61
60	62
60	96
60	97
60	98
60	99
61	62
61	63
61	97
61	98
61	99
62	63
62	64
62	98
62	99
62	100
63	64
63	65
63	99
63	100
64	65
64	66
64	100
64	101
65	66
65	67
66	67
66	68
66	69
67	68
67	69
67	70
67	76
68	69
68	70
68	135
69	70
69	71
69	132
69	133
69	135
69	136
70	71
70	72
70	75
70	76
70	132
71	72
71	73
72	73
72	74
73	74
73	75
74	75
74	76
74	77
74	78
75	76
75	77
75	78
75	79
76	77
76	78
76	79
77	78
77	79
78	79
78	80
79	80
79	81
80	81
80	82
81	82
81	83
82	83
82	84
82	85
82	86
83	84
83	85
83	86
83	87
84	85
84	86
84	87
84	88
85	86
85	87
85	88
85	89
86	87
86	88
86	89
86	90
87	88
87	89
87	90
87	91
88	89
88	90
88	91
88	92
89	90
89	91
89	92
89	93
90	91
90	92
90	93
90	94
90	95
91	92
91	93
91	94
91	95
92	93
92	94
93	94
93	95
94	95
94	96
95	96
95	97
96	97
96	98
97	98
97	99
98	99
98	100
99	100
99	101
100	101
100	102
101	102
101	103
101	105
101	106
102	103
102	104
102	105
102	106
103	104
103	105
103	106
103	107
104	105
104	106
104	107
104	108
105	106
105	107
105	108
106	107
106	108
107	108
107	109
107	110
107	111
108	109
108	110
109	110
109	111
109	112
110	111
110	112
111	112
111	113
111	114
112	113
112	114
113	114
114	115
114	116
114	138
115	116
115	117
115	134
115	137
115	138
116	117
116	118
116	134
117	118
117	119
117	121
117	133
117	134
118	119
118	120
118	121
119	120
119	121
119	122
120	121
120	122
120	123
120	257
121	122
121	123
121	126
121	133
122	123
122	126
122	127
122	130
123	124
123	125
123	126
123	127
124	125
124	126
124	127
125	126
125	127
125	129
126	127
126	128
126	129
126	130
126	132
126	133
127	128
127	129
127	130
128	129
128	130
129	130
129	131
129	132
130	131
130	132
131	132
131	133
131	134
131	135
132	133
132	134
132	135
132	136
133	134
133	135
133	136
133	137
134	135
134	136
134	137
134	138
135	136
135	137
135	138
135	139
136	137
136	138
136	139
136	140
137	138
137	139
137	140
137	141
137	165
138	139
138	140
138	141
138	142
139	140
139	141
139	142
139	143
140	141
140	142
140	143
140	144
141	142
141	143
141	144
141	145
142	143
142	144
142	145
142	146
143	144
143	145
143	146
143	147
144	145
144	146
144	147
144	148
144	149
145	146
145	147
145	148
146	147
146	148
147	148
147	149
148	149
148	150
149	150
149	151
149	152
149	176
150	151
150	152
150	176
150	177
151	152
151	153
151	176
151	177
151	178
151	179
152	153
152	154
152	176
152	177
152	178
152	179
153	154
153	155
153	178
153	179
153	180
154	155
154	156
154	162
154	179
154	180
154	181
155	156
155	157
155	158
155	180
155	181
155	182
155	183
156	157
156	158
156	159
156	162
156	180
156	181
156	182
156	183
157	158
157	159
157	183
157	280
157	281
158	159
158	160
158	161
158	162
159	160
159	161
159	162
159	163
160	161
160	162
160	163
160	164
161	162
161	163
161	164
161	165
162	163
162	164
162	165
162	166
163	164
163	165
163	166
163	167
163	255
164	165
164	166
164	167
164	168
165	166
165	167
165	168
165	169
166	167
166	168
166	169
166	170
166	178
167	168
167	169
167	170
167	171
168	169
168	170
168	171
168	172
169	170
169	171
169	172
169	173
169	174
170	171
170	172
170	173
170	174
171	172
171	173
172	173
172	174
173	174
173	175
174	175
174	176
175	176
175	177
176	177
176	178
177	178
177	179
178	179
178	180
179	180
179	181
180	181
180	182
181	182
181	183
182	183
182	184
183	184
183	185
183	191
184	185
184	191
184	192
185	186
185	187
185	189
185	190
185	191
185	192
186	187
186	188
186	189
186	190
186	191
186	192
187	188
187	189
188	189
188	190
188	209
189	190
189	191
189	209
189	212
190	191
190	192
190	208
190	209
190	212
191	192
191	193
191	280
192	193
193	194
193	195
193	196
193	197
194	195
194	196
194	197
194	198
195	196
195	197
195	198
195	199
195	276
196	197
196	198
196	199
196	276
197	198
197	199
197	200
198	199
198	200
199	200
199	201
199	276
200	201
200	202
200	204
200	205
201	202
201	203
201	204
201	205
202	203
202	204
202	205
202	206
203	204
203	205
203	206
203	207
204	205
204	206
204	207
204	208
204	273
205	206
205	207
205	208
206	207
206	208
206	209
207	208
207	209
207	210
207	240
207	241
207	243
208	209
208	210
208	211
209	210
209	211
209	212
209	213
210	211
210	212
210	213
210	214
210	236
210	237
210	240
211	212
211	213
211	214
211	215
211	237
211	280
212	213
212	214
212	215
212	216
212	280
213	214
213	215
213	216
213	217
214	215
214	216
214	217
214	218
214	232
214	233
214	236
214	237
215	216
215	217
215	218
215	219
215	233
215	281
215	282
216	217
216	218
216	219
216	220
217	218
217	219
217	220
217	221
217	232
217	233
218	219
218	220
218	221
218	222
218	229
218	230
218	232
218	233
219	220
219	221
219	222
219	229
219	284
220	221
220	222
220	223
221	222
221	223
221	224
221	228
221	229
221	232
222	223
222	224
222	225
222	226
222	228
222	229
222	285
222	286
222	287
223	224
223	225
223	286
223	287
224	225
224	228
224	287
225	226
225	227
225	228
225	229
225	286
225	287
226	227
226	228
226	229
226	230
226	286
227	228
227	229
227	230
227	231
228	229
228	230
228	231
228	232
229	230
229	231
229	232
229	233
230	231
230	232
230	233
230	234
231	232
231	233
231	234
231	235
232	233
232	234
232	235
232	236
233	234
233	235
233	236
233	237
234	235
234	236
234	237
234	238
235	236
235	237
235	238
235	239
236	237
236	238
236	239
236	240
237	238
237	239
237	240
237	243
238	239
238	240
239	240
239	241
240	241
240	242
240	243
241	242
241	243
242	243
242	244
242	273
243	244
243	245
243	271
243	272
243	273
244	245
244	246
244	247
244	271
244	272
244	273
245	246
245	247
245	248
245	270
245	271
245	272
246	247
246	248
246	270
246	271
247	248
247	270
247	271
248	249
248	250
248	269
248	270
249	250
249	268
249	269
249	270
250	251
250	252
250	267
250	268
250	269
251	252
251	265
251	266
251	267
251	268
252	253
252	254
252	256
252	261
252	265
252	266
252	267
253	254
253	255
253	256
253	259
253	260
253	261
253	262
253	264
253	265
253	266
254	255
254	256
254	264
254	265
254	266
255	256
255	257
256	257
257	258
257	259
258	259
258	260
259	260
259	261
260	261
260	262
261	262
261	263
261	264
261	265
262	263
262	264
263	264
263	265
263	285
263	286
264	265
264	284
264	285
264	286
265	266
265	267
265	283
265	284
265	285
266	267
266	268
266	281
266	282
266	283
266	284
267	268
267	269
267	281
267	282
267	283
267	284
268	269
268	270
268	280
268	281
268	282
269	270
269	271
269	279
269	280
269	281
270	271
270	277
270	278
270	279
270	280
271	272
271	273
271	277
271	278
271	279
272	273
272	274
272	275
272	276
272	277
272	278
273	274
273	275
273	276
273	277
274	275
274	276
275	276
275	277
276	277
276	278
277	278
277	279
278	279
278	280
279	280
280	281
281	282
282	283
282	284
283	284
283	285
284	285
284	286
285	286
285	287
286	287
