0	1
0	2
0	3
0	4
1	2
1	3
1	4
1	5
2	3
2	4
2	5
2	6
2	74
2	75
3	4
3	5
3	6
3	7
3	74
3	99
3	122
3	123
4	5
4	6
4	7
4	8
5	6
5	7
5	8
5	9
6	7
6	8
6	9
6	10
6	13
6	96
6	99
7	8
7	9
7	10
7	99
7	100
8	9
8	10
9	10
9	11
9	12
10	11
10	12
10	13
10	14
10	17
11	12
11	13
11	14
11	15
11	16
11	17
12	13
12	14
12	15
13	14
13	15
13	96
14	15
14	16
14	21
14	24
14	25
15	16
15	20
15	21
16	17
16	18
16	20
16	21
17	18
17	19
17	21
17	22
17	155
17	156
17	157
18	19
18	20
18	21
18	22
18	156
18	157
18	158
19	20
19	21
19	22
19	23
19	158
20	21
20	22
20	23
20	24
21	22
21	23
21	24
21	25
22	23
22	24
22	25
22	156
23	24
23	25
23	26
23	27
23	161
24	25
24	26
24	27
24	28
25	26
25	27
25	28
25	29
25	97
26	27
26	28
26	29
26	30
27	28
27	29
27	30
27	31
28	29
28	30
28	31
28	32
28	93
28	94
28	97
29	30
29	31
29	32
29	33
29	94
30	31
30	32
30	33
30	34
31	32
31	33
31	34
31	35
32	33
32	34
32	35
32	36
32	89
32	92
33	34
33	35
33	36
33	37
33	45
33	59
34	35
34	36
34	37
34	38
34	173
35	36
35	37
35	38
35	39
36	37
36	38
36	39
36	40
36	41
36	42
36	88
37	38
37	39
37	40
37	41
37	42
37	43
37	177
37	180
38	39
38	40
38	177
39	40
39	41
40	41
40	42
41	42
41	43
41	61
41	62
42	43
42	44
42	59
42	60
42	61
43	44
43	60
43	180
43	181
44	45
44	46
44	59
44	60
44	180
44	181
44	182
45	46
45	47
45	58
45	59
45	60
45	181
45	182
45	183
46	47
46	48
46	57
46	58
46	59
46	182
46	183
46	184
47	48
47	49
47	56
47	57
47	58
47	183
47	184
47	185
48	49
48	50
48	55
48	56
48	57
48	184
48	185
48	186
49	50
49	51
49	54
49	55
49	56
49	185
49	186
49	187
50	51
50	52
50	53
50	54
50	55
50	186
50	187
50	188
51	52
51	53
51	188
52	53
52	54
53	54
53	55
53	150
53	159
53	160
54	55
54	56
54	149
54	150
55	56
55	57
55	148
55	149
55	150
56	57
56	58
56	146
56	147
56	148
56	149
57	58
57	59
57	146
57	147
57	148
58	59
58	60
58	145
58	146
58	147
59	60
59	61
59	144
59	145
59	146
60	61
60	139
60	141
60	143
60	144
60	145
61	62
61	63
61	64
61	142
61	143
61	144
62	63
62	64
62	142
62	143
63	64
63	65
64	65
64	68
64	88
64	143
64	144
65	66
65	67
65	68
65	69
65	108
66	67
66	68
66	69
66	70
66	108
66	115
67	68
67	69
67	70
67	71
68	69
68	70
68	71
68	72
68	87
68	88
69	70
69	71
69	72
69	73
70	71
70	72
70	73
70	74
70	127
71	72
71	73
71	74
71	75
71	76
72	73
72	74
72	75
72	76
72	77
72	89
72	90
72	95
73	74
73	75
73	95
73	124
74	75
74	76
74	95
75	76
75	77
75	78
75	95
76	77
76	78
76	81
76	82
77	78
77	79
77	80
77	81
77	82
77	83
77	84
77	85
77	90
77	91
78	79
78	80
78	81
78	82
78	90
78	91
78	92
78	93
79	80
79	81
79	82
79	91
80	81
80	82
80	83
80	84
80	91
81	82
81	83
81	84
82	83
82	84
83	84
83	85
84	85
85	86
85	90
86	87
86	90
87	88
87	89
87	90
88	89
88	90
89	90
89	91
89	92
89	94
90	91
90	92
91	92
91	93
92	93
92	94
93	94
93	95
93	96
93	97
94	95
94	96
94	97
94	98
95	96
95	97
95	98
95	99
96	97
96	98
96	99
96	100
97	98
97	99
97	100
97	101
98	99
98	100
98	101
98	104
98	122
99	100
99	101
99	121
99	122
99	123
100	101
100	102
100	122
100	151
100	152
101	102
101	103
101	104
101	121
101	122
101	149
101	150
101	151
101	152
102	103
102	120
102	121
102	122
102	150
102	151
102	152
103	104
103	119
103	120
103	121
103	122
103	149
103	150
104	105
104	106
104	118
104	119
104	120
104	148
104	149
104	150
105	106
105	107
105	117
105	118
105	119
105	147
105	148
105	149
106	107
106	108
106	116
106	117
106	118
106	146
106	147
106	148
107	108
107	109
107	114
107	115
107	116
107	117
107	145
107	146
107	147
108	109
108	110
108	114
108	115
108	116
108	144
108	145
108	146
109	110
109	113
109	114
109	115
109	143
109	144
109	145
110	111
110	112
110	113
110	114
110	142
110	143
110	144
111	112
111	113
112	113
113	114
113	115
113	134
114	115
114	116
114	130
114	131
114	134
115	116
115	117
115	128
115	129
115	130
115	131
116	117
116	118
116	128
116	129
116	130
116	131
117	118
117	119
117	124
117	125
117	127
117	128
117	129
118	119
118	120
118	124
118	125
118	128
119	120
119	121
119	122
119	123
119	124
119	125
120	121
120	122
120	123
120	124
120	125
121	122
121	123
122	123
122	124
123	124
123	125
124	125
124	126
125	126
125	127
125	128
126	127
126	128
127	128
128	129
129	130
129	131
130	131
130	132
131	132
131	133
131	134
132	133
132	134
133	134
133	135
134	135
134	136
135	136
135	137
136	137
136	138
137	138
137	139
137	140
138	139
138	140
139	140
139	141
140	141
141	142
141	143
141	144
142	143
143	144
144	145
144	146
145	146
145	147
146	147
146	148
147	148
147	149
148	149
149	150
149	151
150	151
150	152
151	152
151	153
152	153
152	154
152	155
152	156
153	154
153	155
153	156
154	155
154	156
155	156
155	157
156	157
156	158
156	159
157	158
157	159
158	159
158	160
159	160
159	161
160	161
160	162
161	162
161	163
162	163
162	164
162	165
162	166
163	164
163	165
163	166
163	167
164	165
164	166
164	167
164	168
165	166
165	167
165	168
165	169
166	167
166	168
166	169
166	170
167	168
167	169
167	170
167	171
167	184
168	169
168	170
168	171
168	172
169	170
169	171
169	172
169	173
170	171
170	172
170	173
170	174
170	182
170	184
171	172
171	173
171	174
171	175
171	195
172	173
172	174
172	175
172	176
173	174
173	175
173	176
173	177
173	251
174	175
174	176
174	177
174	178
174	180
174	181
174	182
174	195
174	196
174	197
175	176
175	177
175	178
175	197
175	200
175	201
175	204
176	177
176	178
176	200
176	201
176	251
177	178
177	179
177	180
177	200
178	179
178	180
178	197
178	198
178	199
178	200
179	180
179	181
179	196
179	197
179	198
180	181
180	182
180	196
181	182
181	183
181	194
181	195
181	196
182	183
182	184
182	194
182	195
182	196
183	184
183	185
183	192
183	193
183	194
183	195
184	185
184	186
184	192
184	193
184	194
185	186
185	187
185	191
185	192
185	193
186	187
186	188
186	189
186	190
186	191
186	192
187	188
187	189
187	190
187	191
188	189
188	190
189	190
189	191
190	191
191	192
191	193
192	193
192	194
193	194
193	195
194	195
194	196
195	196
195	197
196	197
196	198
197	198
197	199
197	200
197	203
198	199
198	200
199	200
199	201
199	202
199	203
200	201
200	202
200	203
200	204
201	202
201	203
201	204
201	205
201	233
201	234
201	295
202	203
202	204
202	205
202	206
202	219
202	221
202	234
203	204
203	205
203	206
203	207
204	205
204	206
204	207
204	208
205	206
205	207
205	208
205	209
205	234
205	236
205	293
206	207
206	208
206	209
206	210
206	219
207	208
207	209
207	210
208	209
208	210
209	210
209	211
209	212
210	211
210	212
211	212
211	213
212	213
212	214
212	238
213	214
213	215
213	238
213	239
214	215
214	216
214	217
214	237
214	238
214	239
215	216
215	217
215	237
215	238
215	239
215	341
216	217
216	218
216	340
216	341
217	218
217	219
218	219
218	220
219	220
219	221
219	234
219	235
219	236
220	221
220	234
220	235
220	236
221	222
221	223
221	233
221	234
221	235
222	223
222	224
222	232
222	233
222	234
223	224
223	231
223	232
223	233
224	225
224	226
224	230
224	231
224	232
225	226
225	227
225	228
225	229
225	230
225	231
226	227
226	228
226	229
226	230
227	228
227	229
228	229
228	230
228	300
229	230
229	231
229	298
229	299
229	300
230	231
230	232
230	298
230	299
230	300
231	232
231	233
231	297
231	298
231	299
232	233
232	296
232	297
232	298
233	234
233	235
233	295
233	296
233	297
234	235
234	236
234	294
234	295
234	296
235	236
235	237
235	292
235	293
235	294
235	295
236	237
236	238
236	292
236	293
236	294
237	238
237	239
237	291
237	292
237	293
238	239
238	240
238	291
238	292
239	240
239	291
240	241
240	242
240	291
241	242
241	243
241	290
241	291
242	243
242	244
242	290
242	291
243	244
243	245
243	289
243	290
243	291
243	292
243	293
244	245
244	246
244	292
244	293
244	294
245	246
245	247
245	293
245	294
245	295
246	247
246	248
246	294
246	295
246	296
247	248
247	253
247	254
247	255
247	257
247	261
247	295
247	296
247	297
248	249
248	250
248	251
248	252
248	253
248	254
248	296
248	297
248	298
249	250
249	251
249	252
249	253
249	254
249	297
249	298
249	299
250	251
250	252
250	298
250	299
250	300
251	252
251	253
252	253
252	254
253	254
253	255
254	255
254	256
254	257
254	312
254	313
254	314
254	315
255	256
255	257
255	313
256	257
256	258
256	313
256	314
257	258
257	261
257	313
257	314
257	315
258	259
258	260
258	261
258	262
258	314
258	315
258	316
259	260
259	261
259	262
259	263
259	315
259	316
259	317
259	320
259	321
260	261
260	262
260	263
260	264
260	296
260	298
260	320
260	321
261	262
261	263
261	264
261	265
261	296
262	263
262	264
262	265
262	266
262	321
263	264
263	265
263	266
263	267
263	321
263	322
263	324
263	325
264	265
264	266
264	267
264	268
264	324
264	325
265	266
265	267
265	268
265	269
266	267
266	268
266	269
266	270
266	325
267	268
267	269
267	270
267	271
267	325
267	328
267	329
268	269
268	270
268	271
268	272
268	329
268	332
269	270
269	271
269	272
269	273
269	280
269	283
270	271
270	272
270	273
270	274
270	280
270	329
271	272
271	273
271	274
271	275
271	329
271	332
271	333
272	273
272	274
272	275
272	276
272	346
273	274
273	275
273	276
273	277
273	278
273	279
273	280
273	283
274	275
274	276
274	277
274	278
275	276
275	277
276	277
276	278
276	346
277	278
278	279
278	280
278	282
279	280
279	281
279	282
280	281
280	282
280	283
281	282
281	283
281	284
282	283
282	284
282	349
283	284
283	285
283	287
283	288
283	349
284	285
284	286
284	287
284	288
285	286
285	287
285	288
285	289
286	287
286	288
286	289
286	290
287	288
287	289
287	290
287	348
288	289
288	290
288	345
289	290
289	291
289	292
290	291
290	292
291	292
291	293
292	293
292	294
293	294
293	295
294	295
294	296
295	296
295	297
296	297
296	298
297	298
297	299
298	299
299	300
300	301
300	302
300	304
301	302
301	303
301	304
302	303
302	304
302	305
303	304
303	305
304	305
304	306
305	306
305	307
305	317
306	307
306	315
306	316
306	317
307	308
307	309
307	312
307	314
307	315
307	316
308	309
308	312
308	314
308	315
308	316
309	310
309	311
309	312
310	311
310	312
311	312
311	313
312	313
312	314
312	315
313	314
313	315
314	315
314	316
315	316
315	317
316	317
316	318
317	318
317	319
317	320
318	319
318	320
319	320
319	321
319	322
319	323
320	321
320	322
320	323
320	324
321	322
321	323
321	324
321	325
322	323
322	324
322	325
322	326
323	324
323	325
323	326
323	327
324	325
324	326
324	327
324	328
325	326
325	327
325	328
325	329
326	327
326	328
326	329
327	328
327	329
327	330
328	329
328	330
328	331
328	332
329	330
329	331
329	332
329	333
330	331
330	332
330	333
330	334
331	332
331	333
331	334
331	335
332	333
332	334
332	335
332	336
333	334
333	335
333	336
333	337
334	335
334	336
334	337
335	336
335	337
335	338
335	339
336	337
336	338
336	339
336	342
337	338
337	339
338	339
338	340
339	340
339	341
339	342
340	341
340	342
341	342
341	343
341	344
341	345
342	343
342	344
342	345
342	346
343	344
343	345
343	346
343	347
344	345
344	346
344	347
344	348
345	346
345	347
345	348
346	347
346	348
346	349
347	348
347	349
348	349
