0	1
0	36
0	63
0	64
0	65
0	66
0	90
0	91
1	2
1	62
1	63
1	64
1	89
1	90
1	91
2	3
2	4
2	61
2	62
2	63
2	88
2	89
2	90
3	4
3	60
3	61
3	86
3	87
3	88
3	89
4	5
4	6
4	8
4	58
4	86
4	87
4	88
5	6
5	7
5	8
5	9
5	84
5	85
5	86
5	87
6	7
6	8
6	9
6	10
6	78
6	84
6	85
6	86
6	87
7	8
7	9
7	10
7	84
8	9
8	10
8	11
9	10
9	11
9	12
9	13
10	11
10	12
10	13
10	14
10	79
11	12
11	13
11	14
11	15
12	13
12	14
12	15
12	16
12	54
13	14
13	15
13	16
13	17
13	75
14	15
14	16
14	17
15	16
15	17
15	18
15	205
16	17
16	18
16	19
16	43
16	44
16	45
16	52
16	53
16	54
17	18
17	19
17	20
17	45
17	71
18	19
18	20
19	20
19	21
19	45
19	46
19	47
19	50
19	51
19	52
20	21
20	22
20	30
20	46
20	47
21	22
21	23
22	23
22	24
23	24
23	25
24	25
24	26
24	27
24	29
24	30
25	26
25	27
26	27
26	28
26	29
27	28
27	29
27	30
28	29
28	30
28	31
28	110
28	115
29	30
29	31
29	46
29	47
30	31
30	32
30	70
30	71
31	32
31	33
31	68
31	69
31	70
31	71
32	33
32	34
32	43
32	44
32	45
32	68
32	69
32	70
32	71
33	34
33	35
33	43
33	44
33	45
33	67
33	68
33	69
33	112
34	35
34	36
34	41
34	42
34	43
34	44
34	66
34	67
34	68
35	36
35	37
35	41
35	42
35	43
35	65
35	66
35	67
36	37
36	39
36	40
36	41
36	42
36	63
36	64
36	65
36	66
37	38
37	39
37	40
37	41
37	64
37	65
38	39
38	40
39	40
39	57
39	58
40	41
40	42
40	55
40	56
40	57
40	58
41	42
41	43
41	55
41	56
41	57
41	58
42	43
42	44
42	53
42	54
42	55
42	56
43	44
43	45
43	53
43	54
43	55
44	45
44	46
44	51
44	52
44	53
44	54
45	46
45	51
45	52
45	53
46	47
46	48
46	50
46	51
46	52
47	48
47	49
47	50
47	51
48	49
48	50
49	50
49	233
49	234
50	51
50	232
50	233
50	234
51	52
51	53
51	231
51	232
51	233
52	53
52	54
52	230
52	231
52	232
53	54
53	55
53	229
53	230
53	231
54	55
54	56
54	228
54	229
54	230
55	56
55	57
55	228
55	229
56	57
56	58
57	58
57	59
58	59
58	60
59	60
59	61
60	61
60	62
61	62
62	63
62	64
63	64
63	65
64	65
65	66
66	67
66	112
67	68
67	69
67	109
67	110
67	111
67	112
68	69
68	109
68	110
68	111
68	112
69	70
69	71
69	107
69	108
69	109
69	110
70	71
70	72
70	73
70	74
71	72
71	73
71	74
71	75
72	73
72	74
72	75
72	76
73	74
73	75
73	76
73	77
74	75
74	76
74	77
74	78
75	76
75	77
75	78
75	79
76	77
76	78
76	79
76	80
77	78
77	79
77	80
77	81
78	79
78	80
78	81
79	80
79	81
80	81
80	82
81	82
81	83
81	85
82	83
82	84
82	85
83	84
83	85
84	85
84	86
85	86
85	87
85	100
86	87
86	88
86	100
87	88
87	89
87	98
87	99
87	100
88	89
88	90
88	98
88	99
88	100
89	90
89	91
89	97
89	98
89	99
90	91
90	92
90	96
90	97
90	98
91	92
91	93
91	95
91	96
91	97
92	93
92	94
92	95
92	96
92	97
93	94
93	95
94	95
94	96
94	108
94	109
95	96
95	97
95	106
95	107
95	108
95	109
96	97
96	98
96	106
96	107
96	108
96	109
97	98
97	99
97	105
97	106
97	107
98	99
98	100
98	104
98	105
98	106
99	100
99	101
99	103
99	104
99	105
100	101
100	102
100	103
100	104
101	102
101	103
102	103
102	104
103	104
103	105
104	105
104	106
105	106
105	107
106	107
106	108
107	108
107	109
108	109
109	110
109	111
110	111
110	112
111	112
111	113
111	114
111	115
112	113
112	114
112	115
113	114
113	115
114	115
114	116
115	116
115	117
116	117
116	118
117	118
117	119
118	119
118	120
119	120
119	121
120	121
121	122
121	123
121	218
122	123
122	124
122	218
123	124
123	125
123	216
123	217
123	218
124	125
124	126
124	217
124	218
125	126
125	216
125	217
125	218
126	127
126	215
126	216
126	217
127	128
127	129
127	214
127	215
127	216
128	129
128	212
128	213
128	214
128	215
129	130
129	131
129	133
129	183
129	212
129	213
129	214
130	131
130	132
130	133
130	134
130	212
130	213
131	132
131	133
131	134
131	135
131	206
131	208
131	212
131	213
132	133
132	134
132	135
132	136
132	208
133	134
133	135
133	136
133	137
134	135
134	136
134	137
134	138
135	136
135	137
135	138
135	139
135	203
136	137
136	138
136	139
136	140
137	138
137	139
137	140
137	141
137	168
137	179
138	139
138	140
138	141
138	142
138	168
139	140
139	141
139	142
140	141
140	142
140	179
140	329
141	142
141	143
141	144
141	168
141	169
141	170
141	177
141	178
141	179
142	143
142	144
142	145
142	170
143	144
143	145
144	145
144	146
144	170
144	171
144	172
144	175
144	176
144	177
145	146
145	147
145	154
145	155
145	156
145	157
145	170
145	171
145	172
146	147
146	148
146	149
146	154
146	155
146	171
146	172
147	148
147	149
147	155
148	149
148	150
148	152
148	155
149	150
149	151
149	152
149	154
149	155
150	151
150	152
151	152
151	153
151	154
152	153
152	154
152	155
153	154
153	155
153	156
153	236
153	238
153	239
153	240
154	155
154	156
154	171
154	172
155	156
155	195
155	196
156	157
156	158
156	193
156	194
156	195
156	196
157	158
157	159
157	168
157	169
157	170
157	193
157	194
157	195
157	196
158	159
158	160
158	168
158	169
158	170
158	191
158	192
158	193
158	194
158	240
159	160
159	161
159	167
159	168
159	169
159	191
159	192
159	193
160	161
160	162
160	166
160	167
160	168
160	190
160	191
160	192
161	162
161	163
161	165
161	166
161	167
161	187
161	188
161	189
161	190
161	191
162	163
162	164
162	165
162	166
162	187
162	188
162	189
162	190
163	164
163	165
163	186
163	187
163	188
163	189
164	165
164	166
164	182
164	183
164	184
164	185
164	186
164	187
165	166
165	167
165	180
165	181
165	182
165	183
166	167
166	180
166	181
166	182
166	183
167	168
167	169
167	179
167	180
167	181
168	169
168	170
168	178
168	179
168	180
169	170
169	171
169	177
169	178
169	179
170	171
170	176
170	177
170	178
171	172
171	173
171	175
171	176
171	177
172	173
172	174
172	175
172	176
173	174
173	175
174	175
174	176
174	360
174	361
175	176
175	359
175	360
175	361
176	177
176	178
176	358
176	359
176	360
177	178
177	179
177	357
177	358
177	359
178	179
178	180
178	356
178	357
178	358
179	180
179	181
179	355
179	356
179	357
180	181
180	182
180	355
180	356
181	182
181	183
181	355
182	183
182	184
183	184
183	185
184	185
184	186
185	186
185	187
186	187
186	188
187	188
187	189
188	189
188	190
189	190
190	191
190	192
191	192
192	193
192	194
192	235
193	194
193	195
193	235
193	236
194	195
194	196
194	198
194	199
194	235
194	236
195	196
195	197
195	198
195	199
195	235
195	236
196	197
196	198
196	199
196	200
197	198
197	199
197	200
197	201
198	199
198	200
198	201
198	202
198	233
199	200
199	201
199	202
199	203
200	201
200	202
200	203
200	204
201	202
201	203
201	204
201	205
202	203
202	204
202	205
203	204
203	205
203	206
204	205
204	206
205	206
205	207
206	207
206	208
207	208
207	209
208	209
208	210
209	210
209	211
210	211
210	212
211	212
211	213
211	226
211	227
212	213
212	214
212	226
213	214
213	215
213	224
213	225
213	226
214	215
214	216
214	224
214	225
214	226
215	216
215	217
215	223
215	224
215	225
216	217
216	218
216	222
216	223
216	224
217	218
217	219
217	221
217	222
217	223
218	219
218	220
218	221
218	222
219	220
219	221
220	221
220	234
220	235
221	222
221	223
221	233
221	234
221	235
222	223
222	224
222	232
222	233
222	234
222	235
223	224
223	225
223	231
223	232
223	233
224	225
224	226
224	230
224	231
224	232
225	226
225	227
225	229
225	230
225	231
226	227
226	228
226	229
226	230
227	228
227	229
228	229
228	230
229	230
229	231
230	231
230	232
231	232
231	233
232	233
233	234
233	235
234	235
234	236
235	236
235	237
236	237
236	238
237	238
238	239
238	240
239	240
239	241
240	241
240	242
241	242
241	243
242	243
242	244
242	245
242	246
243	244
243	245
243	246
243	247
244	245
244	246
244	247
245	246
245	247
246	247
246	248
247	248
247	249
247	359
248	249
248	250
248	251
248	347
249	250
249	251
250	251
250	252
251	252
251	253
251	338
251	339
251	340
252	253
252	254
252	339
252	340
253	254
253	255
253	311
253	338
253	339
253	340
254	255
254	256
254	309
254	336
254	337
254	338
254	339
255	256
255	257
255	307
255	308
255	309
255	336
255	337
255	338
256	257
256	307
256	308
256	309
256	334
256	335
256	336
256	337
257	258
257	259
257	262
257	307
257	308
257	334
257	335
257	336
258	259
258	260
258	261
258	262
258	333
258	334
258	335
259	260
259	261
259	262
259	263
259	327
259	332
259	333
259	334
259	335
260	261
260	262
260	263
260	264
261	262
261	263
261	264
261	265
262	263
262	264
262	265
262	266
263	264
263	265
263	266
263	267
263	324
263	327
264	265
264	266
264	267
264	268
265	266
265	267
265	268
265	269
265	303
266	267
266	268
266	269
266	270
266	320
266	324
267	268
267	269
267	270
267	271
268	269
268	270
268	271
269	270
269	271
269	272
269	273
269	292
269	293
269	301
269	302
269	303
270	271
270	272
270	273
270	278
270	293
270	320
271	272
271	273
272	273
272	274
272	293
272	294
272	295
272	299
272	300
272	301
273	274
273	275
273	278
273	279
273	280
273	293
273	294
273	295
274	275
274	276
274	277
274	278
274	279
274	294
274	295
274	296
275	276
275	277
275	278
276	277
276	278
277	278
277	279
277	319
278	279
278	280
278	319
278	320
278	321
279	280
279	281
279	293
279	317
279	318
279	319
279	320
280	281
280	282
280	291
280	292
280	293
280	317
280	318
280	319
280	320
281	282
281	283
281	291
281	292
281	293
281	315
281	316
281	317
281	318
282	283
282	284
282	289
282	290
282	291
282	292
282	315
282	316
282	317
283	284
283	285
283	289
283	290
283	291
283	314
283	315
283	316
284	285
284	288
284	289
284	290
284	313
284	314
284	315
285	286
285	287
285	288
285	289
285	309
285	312
285	313
286	287
286	288
286	309
286	310
287	288
287	306
287	307
287	308
287	309
287	310
288	289
288	290
288	305
288	306
288	307
288	309
289	290
289	291
289	304
289	305
289	306
289	307
290	291
290	292
290	302
290	303
290	304
290	305
291	292
291	302
291	303
291	304
292	293
292	301
292	302
292	303
293	294
293	300
293	301
293	302
294	295
294	298
294	299
294	300
294	301
295	296
295	297
295	298
295	299
295	300
296	297
296	298
297	298
297	299
298	299
298	300
299	300
300	301
300	302
301	302
301	303
302	303
302	304
303	304
303	305
304	305
305	306
305	307
306	307
307	308
307	309
308	309
308	310
309	310
309	311
310	311
310	312
311	312
311	313
312	313
312	314
313	314
314	315
314	316
314	341
315	316
315	342
316	317
316	318
316	342
316	362
317	318
317	362
317	363
317	364
318	319
318	320
318	362
318	363
319	320
319	321
319	322
319	323
319	363
320	321
320	322
320	323
320	324
321	322
321	323
321	324
321	325
322	323
322	324
322	325
322	326
323	324
323	325
323	326
323	327
324	325
324	326
324	327
324	328
325	326
325	327
325	328
325	329
326	327
326	328
326	329
326	330
326	358
327	328
327	329
327	330
328	329
328	330
328	331
329	330
329	331
330	331
330	332
330	350
331	332
332	333
332	334
332	350
333	334
333	335
334	335
334	336
334	350
334	351
335	336
335	337
335	349
335	350
335	351
336	337
336	338
336	348
336	349
336	350
336	351
337	338
337	339
337	346
337	347
337	348
337	349
338	339
338	346
338	347
338	348
339	340
339	341
339	346
339	347
340	341
340	344
341	342
341	343
341	344
342	343
342	344
343	344
343	345
343	362
344	345
344	346
344	361
344	362
345	346
345	347
345	359
345	360
345	361
345	362
346	347
346	348
346	359
346	360
346	361
347	348
347	349
347	357
347	358
347	359
347	360
348	349
348	357
348	358
348	359
349	350
349	351
349	354
349	356
349	357
349	358
350	351
350	352
350	353
350	354
351	352
351	353
352	353
353	354
353	355
354	355
354	356
354	357
355	356
355	357
356	357
356	358
357	358
357	359
358	359
358	360
359	360
359	361
360	361
360	362
361	362
361	363
362	363
362	364
363	364
363	365
364	365
