0	1
0	2
1	2
1	3
2	3
3	4
3	5
4	5
4	6
5	6
5	7
5	9
5	10
6	7
6	8
6	9
6	10
7	8
7	9
7	10
7	11
8	9
8	10
8	11
8	12
9	10
9	11
9	12
9	13
10	11
10	12
10	13
10	14
11	12
11	13
11	14
11	15
12	13
12	14
12	15
13	14
13	15
13	16
14	15
14	16
14	17
15	16
15	17
16	17
16	18
16	27
17	18
17	19
17	20
17	27
18	19
18	20
19	20
19	21
19	22
20	21
20	22
21	22
21	23
22	23
22	24
22	26
23	24
23	25
23	26
23	27
24	25
24	26
24	27
24	28
25	26
25	27
25	28
25	29
26	27
26	28
26	29
26	30
27	28
27	29
27	30
27	31
28	29
28	30
28	31
28	32
29	30
29	31
29	32
29	33
30	31
30	32
30	33
30	34
31	32
31	33
31	34
31	35
32	33
32	34
32	35
32	36
33	34
33	35
33	36
34	35
34	36
34	37
35	36
35	37
35	38
36	37
36	38
36	39
37	38
37	39
38	39
38	40
39	40
39	41
40	41
40	42
41	42
41	43
41	47
42	43
42	44
42	47
42	48
42	81
43	44
43	45
43	47
44	45
44	46
44	47
44	48
45	46
45	47
45	48
45	49
46	47
46	48
46	49
46	50
47	48
47	49
47	50
47	51
48	49
48	50
48	51
48	52
48	81
49	50
49	51
49	52
49	53
50	51
50	52
50	53
50	54
51	52
51	53
51	54
51	55
52	53
52	54
52	55
52	56
53	54
53	55
53	56
53	57
54	55
54	56
54	57
54	58
55	56
55	57
55	58
55	61
56	57
56	58
56	61
57	58
57	59
58	59
58	60
58	61
58	62
59	60
59	61
59	62
59	63
60	61
60	62
60	63
60	64
61	62
61	63
61	64
61	70
62	63
62	64
63	64
63	65
64	65
64	66
64	69
64	70
65	66
65	67
66	67
66	68
66	69
66	70
67	68
67	69
67	70
67	71
67	133
67	161
68	69
68	70
68	71
68	72
68	129
69	70
69	71
69	72
69	73
70	71
70	72
70	73
70	74
70	161
71	72
71	73
71	74
71	75
71	136
71	161
72	73
72	74
72	75
72	76
72	120
73	74
73	75
73	76
73	77
74	75
74	76
74	77
74	78
75	76
75	77
75	78
75	79
75	120
76	77
76	78
76	79
76	80
76	120
76	121
76	122
76	123
77	78
77	79
77	80
77	81
78	79
78	80
78	81
79	80
79	81
79	82
79	83
79	86
80	81
80	82
80	83
81	82
81	83
82	83
82	84
82	85
82	86
83	84
83	85
83	86
83	87
84	85
84	86
84	87
84	88
85	86
85	87
85	88
85	89
85	147
86	87
86	88
86	89
86	90
86	143
87	88
87	89
87	90
87	91
88	89
88	90
88	91
88	92
89	90
89	91
89	92
89	93
89	143
89	146
90	91
90	92
90	93
90	101
90	143
91	92
91	93
92	93
92	94
93	94
93	100
94	95
94	98
94	99
94	100
95	96
95	97
95	98
95	99
96	97
96	98
97	98
97	99
97	111
97	112
98	99
98	100
98	111
98	112
99	100
99	101
99	108
99	111
99	112
100	101
100	102
100	127
100	128
101	102
101	125
101	126
101	127
102	103
102	104
102	107
102	108
102	125
102	126
102	127
103	104
103	124
103	125
103	126
104	105
104	106
104	107
104	125
104	126
105	106
105	107
105	108
105	109
105	117
105	126
106	107
106	108
106	109
106	110
107	108
107	109
107	110
107	111
108	109
108	110
108	111
108	112
108	117
108	128
109	110
109	111
109	112
109	113
110	111
110	112
110	113
111	112
111	113
112	113
112	115
113	114
113	115
114	115
114	116
115	116
115	117
115	128
115	129
115	130
116	117
116	118
116	128
116	129
116	130
117	118
117	119
117	126
117	127
117	128
117	129
118	119
118	120
118	126
118	127
118	128
118	129
119	120
119	121
119	125
119	126
119	127
120	121
120	122
120	123
120	125
120	126
120	127
121	122
121	123
122	123
123	124
123	125
124	125
125	126
125	127
126	127
127	128
127	129
128	129
128	130
129	130
129	131
130	131
131	132
131	133
131	135
131	136
132	133
132	134
132	135
132	136
133	134
133	135
133	136
133	137
134	135
134	136
134	137
134	138
135	136
135	137
135	138
135	139
136	137
136	138
136	139
136	140
137	138
137	139
137	140
137	141
137	158
137	161
138	139
138	140
138	141
138	142
139	140
139	141
139	142
139	143
140	141
140	142
140	143
140	144
141	142
141	143
141	144
141	145
141	154
142	143
142	144
142	145
142	146
143	144
143	145
143	146
143	147
144	145
144	146
144	147
144	148
144	149
144	154
145	146
145	147
145	148
145	149
146	147
146	148
147	148
147	149
148	149
148	150
149	150
149	151
149	154
150	151
150	152
150	153
150	154
151	152
151	153
151	154
151	155
152	153
152	154
152	155
152	156
153	154
153	155
153	156
153	157
154	155
154	156
154	157
154	158
155	156
155	157
155	158
155	159
156	157
156	158
156	159
156	160
157	158
157	159
157	160
157	161
158	159
158	160
158	161
159	160
159	161
160	161
