0	1
0	2
1	2
1	3
2	3
2	4
2	28
3	4
3	5
3	6
4	5
4	6
4	7
4	32
4	35
4	36
5	6
5	7
6	7
6	8
6	74
7	8
7	9
7	72
7	73
7	74
8	9
8	10
8	72
8	73
8	74
9	10
9	11
9	70
9	71
9	72
9	73
10	11
10	12
10	17
10	18
10	70
10	71
10	72
10	73
11	12
11	13
11	69
11	70
11	71
12	13
12	16
12	17
12	69
12	70
13	14
13	15
13	16
13	69
13	70
14	15
14	16
14	67
14	68
14	69
14	70
15	16
15	17
15	23
15	47
15	48
15	49
15	71
16	17
16	18
16	71
17	18
17	19
17	21
17	22
17	23
17	71
17	73
18	19
18	20
18	21
19	20
19	21
20	21
20	22
20	75
20	76
21	22
21	23
21	73
21	74
21	75
21	76
22	23
22	24
22	73
22	74
22	75
22	76
23	24
23	25
23	48
23	49
23	71
23	72
23	73
23	74
24	25
24	26
24	28
24	29
24	48
24	49
24	72
24	73
24	74
25	26
25	27
25	28
25	29
25	48
25	49
26	27
26	28
26	29
26	30
26	48
26	49
26	52
27	28
27	29
27	30
27	31
28	29
28	30
28	31
28	32
29	30
29	31
29	32
29	33
30	31
30	32
30	33
31	32
31	33
32	33
32	34
32	35
32	36
33	34
33	35
33	36
33	37
34	35
34	36
34	37
34	38
35	36
35	37
35	38
35	39
36	37
36	38
36	39
36	40
37	38
37	39
37	40
37	56
37	57
37	61
38	39
38	40
39	40
40	41
40	42
40	44
40	56
41	42
41	43
41	44
41	56
42	43
42	44
42	56
42	57
42	58
43	44
43	45
43	56
43	58
43	59
44	45
44	46
44	55
44	56
45	46
45	47
45	53
45	54
45	55
45	56
45	68
46	47
46	48
46	53
46	54
46	55
46	68
46	70
46	71
46	72
47	48
47	49
47	52
47	53
47	54
47	67
47	68
47	70
47	71
47	72
48	49
48	50
48	51
48	52
48	53
48	54
48	71
48	72
49	50
49	51
49	52
50	51
50	52
51	52
51	53
51	65
51	66
51	67
52	53
52	54
52	64
52	65
52	66
52	67
53	54
53	55
53	63
53	64
53	65
53	66
53	67
54	55
54	61
54	62
54	63
54	64
55	56
55	57
55	59
55	61
55	62
55	63
56	57
56	58
56	59
56	60
56	61
57	58
57	59
57	60
57	61
58	59
58	60
59	60
59	61
59	62
60	61
60	62
61	62
61	63
62	63
62	64
63	64
64	65
64	66
65	66
66	67
66	68
67	68
68	69
68	70
68	71
69	70
69	71
70	71
71	72
71	73
72	73
73	74
74	75
74	76
75	76
75	77
75	78
76	77
76	78
77	78
77	79
78	79
78	80
79	80
79	81
79	358
80	81
80	82
81	82
81	83
82	83
82	84
83	84
83	85
83	384
83	387
83	388
84	85
84	86
84	384
84	388
85	86
85	87
85	388
85	392
86	87
86	88
86	388
86	392
87	88
87	89
88	89
88	90
88	392
88	393
88	394
88	395
89	90
89	91
89	392
89	393
89	394
89	395
90	91
90	92
90	394
90	395
90	396
91	92
91	93
91	99
91	395
91	396
91	397
92	93
92	94
92	396
92	397
93	94
93	231
93	396
93	397
93	398
93	399
94	95
94	96
94	98
94	99
94	231
94	232
94	233
95	96
95	97
95	98
95	99
95	231
95	232
95	233
96	97
96	98
96	99
96	100
96	232
96	233
97	98
97	99
97	100
97	101
98	99
98	100
98	101
98	102
99	100
99	101
99	102
99	103
100	101
100	102
100	103
100	104
101	102
101	103
101	104
101	105
102	103
102	104
102	105
102	106
103	104
103	105
103	106
103	110
104	105
104	106
104	110
104	111
105	106
105	107
105	111
105	140
106	107
106	108
106	109
106	110
106	111
107	108
107	109
107	110
107	111
107	112
108	109
108	110
108	111
108	112
109	110
109	111
109	112
109	113
109	389
110	111
110	112
110	113
110	114
110	390
111	112
111	113
111	114
111	115
111	135
112	113
112	114
112	115
112	116
112	135
113	114
113	115
113	116
113	117
113	386
113	389
113	390
114	115
114	116
114	117
114	118
114	390
115	116
115	117
115	118
115	119
115	126
115	134
115	135
116	117
116	118
116	119
116	120
116	134
116	135
117	118
117	119
117	120
117	121
117	386
118	119
118	120
118	121
118	122
118	123
118	316
119	120
119	121
119	122
119	123
119	124
119	126
120	121
120	122
120	374
121	122
121	123
121	325
121	326
121	374
122	123
122	124
122	320
122	321
122	324
122	325
122	326
123	124
123	125
123	166
123	318
123	319
123	320
123	321
124	125
124	126
124	165
124	166
124	318
124	319
124	320
124	321
125	126
125	127
125	162
125	165
125	166
126	127
126	134
126	135
126	151
126	165
126	166
127	128
127	129
127	131
127	133
127	134
127	135
127	136
127	137
127	138
127	151
128	129
128	130
128	131
128	136
128	137
128	138
128	151
128	152
128	153
129	130
129	131
129	152
129	153
129	157
130	131
130	137
131	132
131	133
131	136
131	137
132	133
132	134
133	134
133	135
133	136
134	135
134	136
135	136
135	137
135	138
136	137
136	138
137	138
137	139
137	151
137	152
138	139
138	140
138	149
138	150
138	151
138	152
139	140
139	141
139	149
139	150
139	151
139	152
140	141
140	142
140	147
140	148
140	149
140	150
141	142
141	143
141	147
141	148
141	149
142	143
142	144
142	146
142	147
142	148
143	144
143	145
143	146
143	147
143	148
144	145
144	146
145	146
145	171
146	147
146	170
146	171
147	148
147	149
147	169
147	170
147	171
148	149
148	150
148	167
148	168
148	169
148	170
149	150
149	167
149	168
149	169
150	151
150	152
150	165
150	166
150	167
150	168
151	152
151	153
151	165
152	153
152	154
153	154
153	155
153	163
154	155
154	156
155	156
155	157
156	157
157	158
157	159
157	162
157	163
158	159
158	162
159	160
159	161
159	162
160	161
160	162
161	162
161	163
161	164
162	163
162	164
162	165
163	164
163	165
164	165
164	166
165	166
165	167
165	318
166	167
166	168
166	317
166	318
166	319
167	168
167	169
167	316
167	317
167	318
168	169
168	170
168	314
168	315
168	316
168	317
169	170
169	171
169	314
169	315
169	316
170	171
170	312
170	313
170	314
170	315
171	172
171	173
171	312
171	313
171	314
172	173
172	174
172	312
172	313
173	174
173	175
173	310
173	311
173	312
174	175
174	176
174	310
174	311
174	312
175	176
175	177
175	236
175	237
175	238
175	308
175	309
175	310
175	311
176	177
176	178
176	237
176	238
176	239
176	240
176	308
176	309
176	310
177	178
177	179
177	237
177	238
177	239
177	306
177	307
177	308
177	309
178	179
178	180
178	181
178	239
178	306
178	307
178	308
178	309
179	180
179	181
179	182
179	306
180	181
180	182
181	182
181	183
181	306
181	307
182	183
182	184
182	305
182	306
183	184
183	304
183	305
183	306
184	185
184	186
184	302
184	303
184	304
184	305
185	186
185	187
185	302
185	303
185	304
186	187
186	188
186	302
187	188
187	189
187	190
187	301
187	302
188	189
188	190
188	301
188	302
189	190
189	300
189	301
189	302
190	191
190	299
190	300
190	301
191	192
191	193
191	298
191	299
191	300
192	193
192	194
192	251
192	296
192	297
192	298
193	194
193	195
193	296
193	297
193	298
194	195
194	196
194	294
194	295
194	296
194	297
195	196
195	295
195	296
195	297
196	197
196	198
196	294
196	295
197	198
197	199
197	292
197	293
197	294
197	295
198	199
198	292
198	293
198	294
199	200
199	291
199	292
199	293
199	426
200	201
200	290
200	291
200	292
200	425
200	426
201	202
201	203
201	288
201	289
201	290
201	291
201	424
201	425
201	426
202	203
202	204
202	288
202	289
202	290
202	291
202	422
202	423
202	424
202	425
203	204
203	205
203	287
203	288
203	289
203	422
203	423
203	424
204	205
204	206
204	210
204	283
204	285
204	286
204	287
204	288
204	422
204	423
205	206
205	207
205	285
205	286
205	287
206	207
206	208
206	285
206	286
207	208
207	209
207	285
207	286
208	209
208	210
208	284
208	285
209	210
209	211
209	283
209	284
209	285
210	211
210	282
210	283
210	284
210	285
211	212
211	213
211	281
211	282
211	283
212	213
212	214
212	280
212	447
212	448
213	214
213	215
213	280
213	281
213	445
213	446
213	447
213	448
214	215
214	216
214	278
214	279
214	280
214	445
214	446
214	447
214	448
215	216
215	217
215	278
215	279
215	280
215	443
215	444
215	445
215	446
216	217
216	218
216	276
216	277
216	278
216	279
216	443
216	444
216	445
217	218
217	219
217	276
217	277
217	278
217	442
217	443
217	444
218	219
218	275
218	276
218	277
218	441
218	442
218	443
219	220
219	221
219	274
219	275
219	276
219	438
219	439
219	440
219	441
219	442
220	221
220	272
220	273
220	274
220	275
220	438
220	439
220	440
221	222
221	223
221	272
221	273
221	274
221	407
221	408
221	437
221	438
221	439
222	223
222	224
222	270
222	271
222	272
222	273
222	406
222	407
223	224
223	225
223	270
223	271
223	272
223	405
223	406
223	407
224	225
224	269
224	270
224	271
224	404
224	405
224	406
225	226
225	268
225	269
225	270
225	403
225	404
225	405
226	227
226	267
226	268
226	269
226	402
226	403
226	404
227	228
227	229
227	267
227	268
227	400
227	401
227	402
227	403
228	229
228	230
228	267
228	400
228	401
228	402
229	230
229	231
229	234
229	264
229	399
229	400
230	231
230	399
230	400
231	232
231	233
231	234
232	233
232	234
232	235
233	234
233	235
233	236
233	237
234	235
234	236
234	237
234	263
234	264
234	398
235	236
235	237
235	262
235	263
235	264
236	237
236	238
236	262
237	238
237	262
237	263
238	239
238	240
238	259
238	260
238	261
238	262
238	263
239	240
239	241
239	242
239	259
239	260
240	241
240	259
240	260
241	242
241	243
241	259
242	243
242	256
242	257
242	258
242	259
243	244
243	245
243	256
243	257
243	258
244	245
244	246
244	254
244	255
244	256
244	257
245	246
245	247
245	255
245	256
245	257
246	247
246	248
247	248
247	249
247	253
248	249
248	250
249	250
249	251
250	251
250	252
251	252
251	253
251	298
251	299
252	253
253	254
253	255
254	255
254	256
255	256
255	257
256	257
256	258
257	258
257	259
258	259
258	260
258	261
259	260
259	261
260	261
260	262
261	262
261	263
262	263
262	264
262	265
262	266
263	264
263	265
263	266
264	265
264	266
264	267
265	266
265	267
266	267
266	268
267	268
268	269
269	270
269	271
270	271
270	272
271	272
271	273
272	273
272	274
273	274
273	275
274	275
274	276
275	276
275	277
276	277
276	278
277	278
278	279
278	280
278	412
279	280
279	281
279	412
280	281
280	282
281	282
281	283
282	283
282	284
283	284
283	285
283	287
283	288
283	417
284	285
284	286
284	287
285	286
285	287
286	287
286	419
286	420
287	288
287	289
287	417
287	418
287	419
287	420
288	289
288	290
288	417
288	418
288	419
288	420
289	290
289	291
289	414
289	415
289	416
289	417
289	418
290	291
290	292
290	414
290	415
291	292
291	413
291	414
291	415
292	293
292	294
292	412
292	413
292	414
293	294
293	295
293	409
293	410
293	411
293	412
293	413
294	295
294	296
294	409
294	410
295	296
295	408
295	409
295	410
296	297
296	298
296	407
296	408
296	409
297	298
297	299
297	406
297	407
297	408
298	299
298	405
298	406
298	407
299	300
299	404
299	405
299	406
300	301
300	302
300	403
300	404
300	405
301	302
301	402
301	403
301	404
302	303
302	304
302	401
302	402
302	403
303	304
303	400
303	401
303	402
304	305
304	306
304	399
304	400
304	401
304	402
305	306
305	307
305	397
305	398
305	399
305	400
306	307
306	308
306	397
306	398
306	399
307	308
307	309
307	395
307	396
307	397
307	398
308	309
308	310
308	395
308	396
308	397
308	398
309	310
309	311
309	394
309	395
309	396
310	311
310	312
310	394
310	395
310	396
311	312
311	343
311	344
312	313
312	314
312	342
312	343
312	344
313	314
313	315
313	340
313	341
313	342
313	343
314	315
314	316
314	340
314	341
314	342
314	343
315	316
315	317
315	338
315	339
315	340
315	341
316	317
316	318
316	338
316	339
316	340
317	318
317	337
317	338
317	339
318	319
318	320
318	336
318	337
318	338
319	320
319	321
319	334
319	335
319	336
319	337
320	321
320	322
320	325
320	334
320	335
320	336
320	337
321	322
321	323
321	324
321	325
321	334
322	323
322	324
322	332
322	333
322	334
323	324
323	325
323	332
324	325
324	326
325	326
325	327
325	330
326	327
326	328
326	330
326	369
326	370
326	373
326	374
327	328
327	329
327	330
327	368
327	369
327	370
328	329
328	330
328	366
328	367
328	368
328	369
328	370
329	330
329	331
330	331
330	332
331	332
331	333
331	334
332	333
332	334
333	334
333	335
334	335
334	336
335	336
335	337
336	337
337	338
337	339
338	339
338	340
339	340
339	341
340	341
340	342
340	351
341	342
341	343
341	351
341	352
342	343
342	344
342	351
342	352
343	344
343	391
344	345
344	346
345	346
345	347
346	347
346	348
346	352
347	348
348	349
348	350
348	351
348	352
349	350
349	351
349	352
349	355
349	356
350	351
350	352
350	368
351	352
351	353
352	353
352	354
352	355
352	356
353	354
353	355
353	356
353	357
354	355
354	356
354	357
354	358
355	356
355	357
355	358
355	359
356	357
356	358
356	359
356	360
357	358
357	359
357	360
357	371
358	359
358	360
359	360
359	361
359	362
359	365
360	361
360	362
360	365
360	366
360	371
360	372
361	362
361	363
362	363
362	364
362	365
362	366
363	364
363	365
363	366
364	365
364	366
365	366
365	367
366	367
366	368
366	369
366	370
367	368
367	369
368	369
368	370
369	370
369	371
370	371
370	372
370	373
370	374
371	372
371	373
371	374
371	375
372	373
372	374
372	375
372	376
373	374
373	375
373	376
373	377
374	375
374	376
374	377
374	378
375	376
375	377
375	378
375	379
375	380
375	383
376	377
376	378
376	379
377	378
377	379
378	379
378	380
378	382
378	383
379	380
379	381
379	382
379	383
380	381
380	382
380	383
380	384
381	382
381	383
381	384
381	385
382	383
382	384
382	385
382	386
383	384
383	385
383	386
383	387
384	385
384	386
384	387
384	388
385	386
385	387
385	388
385	389
386	387
386	388
386	389
386	390
387	388
387	389
387	390
387	391
388	389
388	390
388	391
388	392
389	390
389	391
389	392
390	391
390	392
391	392
391	393
392	393
392	394
393	394
393	395
394	395
394	396
395	396
395	397
396	397
396	398
397	398
397	399
398	399
399	400
400	401
400	402
401	402
401	403
402	403
402	404
403	404
404	405
404	406
405	406
406	407
406	408
407	408
407	437
408	409
408	410
409	410
409	411
410	411
410	412
411	412
411	413
412	413
412	414
413	414
413	415
414	415
414	416
415	416
415	417
416	417
416	418
417	418
417	419
418	419
418	420
419	420
419	421
420	421
422	423
422	424
422	445
423	424
423	425
424	425
424	426
425	426
425	427
426	427
426	428
427	428
427	429
428	429
428	430
429	430
429	431
429	432
429	433
430	431
430	432
430	433
430	434
430	441
431	432
431	433
431	434
431	435
432	433
432	434
432	435
432	436
433	434
433	435
433	436
433	437
433	438
433	439
434	435
434	436
434	437
434	438
434	439
435	436
435	437
436	437
436	438
437	438
437	439
438	439
438	441
439	440
439	441
440	441
440	442
441	442
442	443
442	444
443	444
444	445
444	446
445	446
446	447
446	448
447	448
