0	1
0	2
0	134
1	2
1	3
1	134
2	3
2	4
2	130
2	131
2	134
3	4
3	5
4	5
4	6
4	127
5	6
5	7
5	121
5	122
5	123
6	7
6	8
6	98
6	99
6	118
6	121
6	123
7	8
7	9
7	98
7	99
8	9
8	97
8	98
8	99
9	10
9	11
9	12
9	97
9	98
10	11
10	12
10	13
10	97
11	12
11	13
12	13
12	14
12	15
12	96
12	97
12	98
12	99
13	14
13	15
13	93
13	96
13	97
14	15
14	16
14	196
15	16
15	17
16	17
16	18
16	102
17	18
17	19
17	21
17	22
17	102
17	113
17	115
18	19
18	20
18	21
18	22
19	20
19	21
19	22
20	21
20	22
21	22
21	23
21	115
21	116
22	23
22	24
22	25
22	63
22	113
22	114
22	115
22	116
23	24
23	25
23	62
23	63
23	64
23	114
23	115
23	116
24	25
24	26
24	62
24	63
24	64
24	65
24	113
24	114
25	26
25	27
25	64
25	65
25	66
25	112
25	113
25	114
26	27
26	28
26	30
26	31
26	33
26	65
26	66
26	67
26	68
26	111
26	112
26	113
27	28
27	29
27	30
27	31
27	32
27	33
27	67
27	68
27	109
27	110
27	111
27	112
28	29
28	30
28	31
28	109
28	110
28	111
28	301
29	30
29	31
29	32
30	31
31	32
31	33
31	65
31	66
31	67
32	33
32	67
32	68
33	34
33	67
33	68
33	69
33	108
33	109
33	110
34	35
34	36
34	68
34	69
34	70
34	107
34	108
34	109
34	110
34	162
35	36
35	69
35	70
35	71
35	107
35	108
36	37
36	38
36	70
36	71
36	72
36	88
36	107
36	165
37	38
37	39
37	71
37	72
37	73
37	74
37	84
37	87
37	88
38	39
38	40
38	72
38	73
38	74
38	84
39	40
39	41
39	73
39	74
39	75
39	79
39	80
39	81
39	84
40	41
40	42
40	44
40	73
40	74
40	75
41	42
41	43
41	44
41	45
41	75
42	43
42	44
42	45
42	75
43	44
43	45
44	45
45	46
45	47
45	148
46	47
46	48
46	49
46	148
47	48
47	49
47	146
47	147
47	148
48	49
48	50
48	133
48	147
48	148
49	50
49	51
49	148
49	149
50	51
50	52
50	126
50	129
50	148
50	149
50	150
51	52
51	53
51	126
51	149
51	150
51	151
52	53
52	54
52	125
52	126
52	150
52	151
52	152
53	54
53	151
53	152
53	153
53	154
54	55
54	56
54	152
54	153
54	154
55	56
55	57
55	59
55	60
55	153
55	154
56	57
56	58
56	59
56	124
56	125
57	58
57	59
57	60
57	124
57	125
58	59
58	60
59	60
59	61
60	61
60	62
60	64
61	62
61	63
61	64
62	63
62	64
63	64
64	65
64	66
65	66
66	67
66	68
66	153
67	68
67	153
67	155
67	158
68	69
68	70
68	152
68	153
68	158
69	70
69	71
69	151
69	152
69	153
69	158
70	71
70	72
70	150
70	151
70	152
71	72
71	73
71	149
71	150
71	151
72	73
72	74
72	148
72	149
72	150
73	74
73	75
73	147
73	148
73	149
74	75
74	76
74	144
74	146
74	147
74	148
75	76
75	79
75	144
75	145
75	146
75	147
76	77
76	78
76	79
76	143
76	144
76	145
76	146
77	78
77	79
78	79
78	80
78	142
78	143
79	80
79	143
79	144
80	81
80	82
80	83
80	84
81	82
81	83
81	84
82	83
82	84
82	85
82	222
83	84
83	85
83	86
83	87
83	222
84	85
84	86
84	87
84	88
85	86
85	87
85	88
85	89
85	219
86	87
86	88
86	89
86	219
86	223
87	88
87	89
87	90
88	89
88	90
88	91
89	90
89	91
89	92
89	214
90	91
90	92
90	93
90	94
91	92
91	93
91	94
91	95
91	132
92	93
92	94
92	95
92	96
92	103
92	104
93	94
93	95
93	96
93	97
94	95
94	96
94	97
94	131
94	132
94	135
95	96
95	97
95	98
95	101
95	102
95	103
96	97
96	98
96	101
96	102
96	103
97	98
97	99
98	99
98	100
98	101
99	100
99	101
99	118
100	101
100	102
100	114
100	115
100	117
100	118
101	102
101	103
101	113
101	114
101	115
102	103
102	112
102	113
102	114
103	104
103	111
103	112
103	113
104	105
104	106
104	110
104	111
104	112
104	281
105	106
105	109
105	110
105	111
105	212
105	283
106	107
106	108
106	109
106	110
106	214
107	108
107	109
107	110
108	109
108	110
109	110
109	111
110	111
110	112
111	112
112	113
112	114
113	114
113	115
114	115
114	116
114	118
115	116
115	117
115	118
115	119
116	117
116	118
116	119
116	120
117	118
117	119
117	120
117	121
118	119
118	120
118	121
118	122
118	123
119	120
119	121
119	122
119	123
119	124
120	121
120	122
121	122
121	123
122	123
122	124
123	124
123	125
123	127
124	125
124	126
124	127
125	126
125	127
125	128
126	127
126	128
126	129
126	130
127	128
127	129
127	130
127	131
128	129
128	130
128	131
128	132
129	130
129	131
129	132
129	133
129	149
130	131
130	132
130	133
130	134
131	132
131	133
131	134
131	135
132	133
132	134
132	135
132	136
133	134
133	135
133	136
133	137
133	147
133	148
134	135
134	136
134	137
134	138
135	136
135	137
135	138
135	139
136	137
136	138
136	139
136	140
137	138
137	139
137	140
137	141
137	144
138	139
138	140
138	141
139	140
139	141
140	141
140	142
140	143
140	144
141	142
141	143
141	144
142	143
142	144
143	144
143	145
144	145
144	146
145	146
146	147
146	148
147	148
147	149
148	149
148	150
149	150
149	151
150	151
150	152
151	152
151	153
152	153
152	154
152	157
152	158
153	154
153	155
153	158
154	155
154	156
154	157
154	158
155	156
155	157
155	158
155	159
156	157
156	158
156	159
156	160
157	158
157	159
157	160
157	161
158	159
158	160
158	161
158	162
159	160
159	161
159	162
160	161
160	162
160	163
161	162
161	163
161	164
161	165
162	163
162	164
162	165
162	166
163	164
163	165
163	166
163	167
164	165
164	166
164	167
164	168
165	166
165	167
165	168
165	169
166	167
166	168
166	169
166	170
167	168
167	169
167	170
167	171
168	169
168	170
168	171
168	172
169	170
169	171
169	172
169	173
170	171
170	172
170	173
170	174
171	172
171	173
171	174
171	175
172	173
172	174
172	175
173	174
173	175
173	176
173	177
174	175
174	176
174	177
175	176
175	177
176	177
176	178
176	179
177	178
177	179
178	179
178	180
179	180
179	183
179	206
180	181
180	182
180	183
180	184
180	206
180	207
181	182
181	183
181	184
181	205
181	206
181	207
182	183
182	184
183	184
183	185
184	185
184	186
185	186
185	187
185	236
185	237
186	187
186	188
186	234
186	235
186	236
186	237
187	188
187	189
187	204
187	205
187	234
187	235
187	236
187	237
188	189
188	190
188	203
188	204
188	205
188	220
188	232
188	233
188	234
188	235
189	190
189	191
189	201
189	202
189	203
189	204
189	232
189	233
189	234
189	235
190	191
190	192
190	201
190	202
190	203
190	231
190	232
190	233
191	192
191	193
191	194
191	200
191	201
191	202
191	231
191	232
192	193
192	194
192	231
193	194
193	195
193	196
193	197
193	279
194	195
194	196
194	197
194	198
194	199
194	200
195	196
195	197
195	198
196	197
196	198
196	279
196	280
197	198
197	199
197	200
197	279
197	321
197	322
198	199
198	200
199	200
199	201
199	259
199	260
199	262
199	322
200	201
200	202
200	259
200	277
200	278
200	279
200	322
201	202
201	203
201	255
201	258
201	259
202	203
202	204
202	210
203	204
203	205
204	205
204	206
204	208
204	209
204	210
204	217
205	206
205	207
205	208
205	209
205	217
206	207
206	208
206	209
206	216
206	217
207	208
207	209
207	338
207	340
208	209
208	210
208	335
209	210
209	211
209	213
209	215
209	216
209	217
209	332
209	335
210	211
210	212
210	213
210	214
210	215
210	216
210	332
211	212
211	213
211	282
211	283
211	330
211	331
211	332
212	213
212	214
212	281
212	282
212	283
212	331
212	332
213	214
213	215
213	283
213	332
213	333
213	334
214	215
214	216
215	216
215	217
215	219
215	220
216	217
216	218
216	219
216	220
217	218
217	219
217	220
217	221
218	219
218	220
218	221
218	222
219	220
219	221
219	222
219	223
220	221
220	222
220	223
220	224
220	232
221	222
221	223
221	224
221	225
222	223
222	224
222	225
222	226
223	224
223	225
223	226
223	227
223	232
224	225
224	226
224	227
224	228
224	230
224	232
224	233
225	226
225	227
225	228
226	227
226	228
227	228
227	229
227	230
228	229
228	230
229	230
230	231
230	232
231	232
231	233
232	233
232	234
233	234
233	235
234	235
234	236
235	236
235	237
235	251
235	254
236	237
236	238
236	250
237	238
237	248
237	250
237	251
238	239
238	240
238	248
238	249
238	250
239	240
239	241
239	248
239	249
239	250
240	241
240	242
240	243
240	247
240	248
240	249
241	242
241	243
241	247
241	248
241	249
242	243
242	244
242	245
242	246
242	247
243	244
243	245
243	246
243	247
244	245
244	246
244	344
245	246
245	247
245	267
245	268
245	269
245	270
245	344
246	247
246	248
246	267
246	268
246	269
247	248
247	249
247	266
247	267
247	268
248	249
248	250
248	251
248	252
249	250
249	251
249	252
249	253
250	251
250	252
250	253
250	254
251	252
251	253
251	254
251	255
252	253
252	254
252	255
252	256
252	264
252	265
252	266
253	254
253	255
253	256
253	257
254	255
254	256
254	257
254	258
255	256
255	257
255	258
255	259
255	263
255	264
256	257
256	258
256	259
256	260
256	261
256	262
256	263
256	264
257	258
257	259
257	260
257	261
258	259
258	260
259	260
259	261
259	262
259	263
260	261
260	262
261	262
261	263
262	263
262	264
263	264
263	265
264	265
265	266
265	267
265	274
266	267
266	268
266	274
266	275
266	276
267	268
267	269
267	270
267	273
267	274
267	275
267	276
268	269
268	270
269	270
269	340
269	341
269	342
269	343
269	344
270	271
270	272
270	273
270	275
270	342
270	343
270	344
270	345
271	272
271	273
271	275
271	326
271	327
271	328
271	329
271	342
272	273
272	274
272	275
272	326
272	327
272	415
272	416
272	417
273	274
273	275
273	326
273	416
273	417
273	418
274	275
274	276
274	324
274	326
274	419
275	276
275	277
275	324
275	325
275	326
275	329
276	277
276	278
276	324
276	329
277	278
277	322
277	323
277	324
277	329
278	279
278	280
278	282
278	319
278	320
278	321
278	322
278	330
279	280
279	281
279	320
279	321
279	322
280	281
280	282
280	320
280	321
281	282
281	283
282	283
282	284
282	330
282	331
282	332
283	284
283	299
283	300
283	331
283	332
283	333
284	285
284	286
284	297
284	298
284	299
284	300
284	330
284	331
284	332
284	333
285	286
285	287
285	297
285	298
285	299
285	329
285	330
285	331
286	287
286	288
286	295
286	296
286	297
286	298
286	328
286	329
286	330
287	288
287	289
287	295
287	296
287	297
287	327
287	328
287	329
288	289
288	290
288	294
288	295
288	296
288	327
288	328
289	290
289	291
289	292
289	293
289	294
289	295
289	296
289	308
290	291
290	292
290	293
290	294
290	413
291	292
291	293
292	293
292	294
292	407
293	294
293	406
293	407
293	411
293	412
294	295
294	296
294	350
294	351
294	352
294	406
295	296
295	297
295	350
295	351
295	352
296	297
296	298
296	351
296	352
296	353
296	354
297	298
297	299
297	353
297	354
298	299
298	302
298	312
298	354
298	355
299	300
299	301
299	302
299	312
300	301
300	302
300	312
301	302
301	303
302	303
302	304
303	304
303	311
303	312
304	305
304	306
304	311
305	306
305	307
305	309
305	310
305	311
305	390
306	307
306	308
306	309
306	310
306	311
306	390
306	391
307	308
307	309
307	390
307	391
307	392
308	309
308	310
309	310
310	311
310	312
310	314
310	315
311	312
311	313
311	314
311	315
312	313
312	314
312	315
312	316
313	314
313	315
313	316
313	317
314	315
314	316
314	317
314	318
315	316
315	317
315	318
315	319
316	317
316	318
316	319
316	320
317	318
317	319
317	320
318	319
318	320
319	320
319	321
319	325
319	328
319	329
320	321
320	322
320	323
321	322
321	323
322	323
322	324
323	324
323	325
324	325
324	326
324	419
325	326
325	327
325	328
326	327
326	328
326	416
326	417
326	418
326	419
327	328
327	329
328	329
329	330
329	331
330	331
331	332
331	333
331	335
332	333
332	334
332	335
333	334
333	335
333	336
334	335
334	336
334	337
334	338
335	336
335	337
335	338
335	341
336	337
336	338
336	341
337	338
337	339
337	341
337	365
337	366
337	369
338	339
338	340
338	341
339	340
339	341
340	341
340	342
340	343
341	342
341	343
341	347
341	348
342	343
342	344
342	345
342	346
342	347
343	344
343	345
343	346
343	347
344	345
344	346
344	347
345	346
345	347
345	412
346	347
346	348
346	349
346	350
347	348
347	349
347	350
348	349
348	350
348	351
349	350
349	351
349	405
349	406
350	351
350	352
350	406
351	352
351	353
351	383
352	353
352	383
352	384
353	354
353	383
353	384
353	385
354	355
354	356
354	358
354	359
354	384
354	385
355	356
355	357
355	358
355	359
355	385
355	386
356	357
356	358
356	359
356	360
356	385
356	386
357	358
357	359
357	360
357	361
358	359
358	360
358	361
358	362
359	360
359	361
359	362
359	363
360	361
360	362
360	363
361	362
361	363
362	363
362	364
362	365
362	366
363	364
363	365
363	366
363	367
364	365
364	366
364	367
364	368
365	366
365	367
365	368
365	369
366	367
366	368
366	369
366	370
366	380
367	368
367	369
367	370
367	371
367	377
367	380
368	369
368	370
368	371
368	372
369	370
369	371
369	372
369	373
370	371
370	372
370	373
370	374
370	375
370	376
370	377
370	379
371	372
371	373
371	374
371	375
371	376
371	377
372	373
372	374
373	374
373	375
374	375
374	376
375	376
375	377
375	379
376	377
376	378
376	379
377	378
377	379
378	379
378	380
378	381
378	382
379	380
379	381
379	382
379	383
380	381
380	382
380	383
381	382
381	383
382	383
382	384
382	399
382	402
382	404
383	384
383	385
384	385
384	388
384	395
385	386
385	387
385	388
385	389
386	387
386	388
386	389
386	390
387	388
387	389
388	389
388	395
389	390
389	391
389	394
389	395
390	391
390	392
390	394
391	392
391	393
391	394
391	395
392	393
392	394
392	395
392	396
393	394
393	395
393	396
394	395
394	396
394	397
395	396
395	397
395	398
395	399
396	397
396	398
396	399
396	400
397	398
397	399
397	400
397	401
398	399
398	400
398	401
398	402
399	400
399	401
399	402
399	403
399	404
400	401
400	402
400	403
400	404
401	402
401	403
402	403
402	404
403	404
403	405
404	405
404	406
404	407
405	406
405	407
405	408
405	409
406	407
406	408
406	409
407	408
407	409
408	409
408	410
409	410
409	411
410	411
410	412
411	412
411	413
411	414
412	413
412	414
412	415
413	414
413	415
413	416
414	415
414	416
415	416
415	417
416	417
416	418
417	418
417	419
418	419
418	420
419	420
420	421
