0	1
0	2
0	8
0	9
0	10
0	11
0	43
0	44
0	45
0	48
1	2
1	6
1	7
1	8
1	9
1	43
1	44
2	3
2	4
2	6
2	7
2	8
2	9
2	43
3	4
3	5
3	6
3	7
4	5
4	6
4	7
5	6
5	7
6	7
6	113
7	8
7	9
8	9
8	10
9	10
9	11
10	11
10	12
11	12
11	13
11	15
11	48
12	13
12	14
12	15
12	16
13	14
13	15
13	16
13	17
14	15
14	16
14	17
14	18
15	16
15	17
15	18
15	19
15	40
16	17
16	18
16	19
16	20
16	52
17	18
17	19
17	20
17	21
18	19
18	20
18	21
18	22
18	23
19	20
19	21
19	22
19	23
19	24
19	37
19	52
20	21
20	22
20	23
20	24
20	25
20	55
20	56
21	22
21	23
21	24
21	25
21	26
22	23
22	24
22	25
22	26
22	27
22	33
23	24
23	25
23	26
23	27
23	33
24	25
24	26
24	27
24	28
25	26
25	27
25	28
26	27
26	28
27	28
27	29
27	30
27	33
28	29
28	30
29	30
29	31
29	33
29	136
29	139
30	31
30	32
30	33
30	136
30	168
31	32
31	33
31	34
31	136
31	167
31	168
32	33
32	34
32	35
32	36
33	34
33	35
33	36
33	37
34	35
34	36
34	37
34	38
35	36
35	37
35	38
35	39
36	37
36	38
36	39
36	40
37	38
37	39
37	40
37	41
38	39
38	40
38	41
38	42
39	40
39	41
39	42
40	41
40	42
41	42
41	43
41	44
41	49
42	43
42	44
43	44
43	45
44	45
44	46
44	48
44	49
44	121
45	46
45	47
45	48
45	49
45	108
45	121
46	47
46	48
46	49
46	50
46	98
46	99
46	100
46	120
46	121
46	124
47	48
47	49
47	50
47	51
47	100
47	105
48	49
48	50
48	51
48	52
49	50
49	51
49	52
49	53
50	51
50	52
50	53
50	54
51	52
51	53
51	54
51	55
52	53
52	54
52	55
53	54
53	55
53	56
54	55
54	56
55	56
55	57
56	57
56	58
57	58
57	59
58	59
58	60
59	60
59	61
59	62
59	63
60	61
60	62
60	63
60	64
61	62
61	63
61	64
61	65
62	63
62	64
62	65
62	66
62	135
63	64
63	65
63	66
63	67
64	65
64	66
64	67
64	68
65	66
65	67
65	68
65	69
66	67
66	68
66	69
66	70
66	131
66	132
67	68
67	69
67	70
67	71
68	69
68	70
68	71
68	72
69	70
69	71
69	72
69	73
69	131
70	71
70	72
70	73
70	74
70	127
70	128
70	131
71	72
71	73
71	74
71	75
72	73
72	74
72	75
72	76
73	74
73	75
73	76
73	77
73	127
74	75
74	76
74	77
74	78
74	95
74	96
75	76
75	77
75	78
75	79
75	95
76	77
76	78
76	79
76	80
77	78
77	79
77	80
77	81
77	95
78	79
78	80
78	81
78	82
78	94
78	95
79	80
79	81
79	82
80	81
80	82
81	82
81	83
82	83
82	84
83	84
83	92
83	94
85	86
85	87
85	91
86	87
86	88
86	89
87	88
87	89
88	89
88	90
89	90
89	91
90	91
90	92
91	92
91	93
92	93
92	94
93	94
93	95
93	97
93	98
94	95
94	96
94	97
94	98
95	96
95	97
95	98
95	99
96	97
96	98
96	99
96	100
96	101
96	102
97	98
97	99
97	100
97	101
97	102
97	103
98	99
98	100
98	120
98	124
99	100
99	101
99	124
100	101
100	102
100	103
101	102
101	103
102	103
102	104
103	104
103	105
103	107
103	108
104	105
104	106
104	107
104	108
105	106
105	107
105	108
105	109
106	107
106	108
106	109
106	110
107	108
107	109
107	110
107	111
108	109
108	110
108	111
108	112
108	120
109	110
109	111
109	112
109	113
110	111
110	112
110	113
110	114
111	112
111	113
111	114
111	117
111	118
111	119
111	120
112	113
112	114
112	117
112	118
112	119
112	120
113	114
113	115
113	117
114	115
114	116
114	117
114	118
115	116
115	117
116	117
116	118
117	118
117	119
118	119
118	120
119	120
119	121
119	122
119	123
120	121
120	122
120	123
120	124
121	122
121	123
121	124
121	125
122	123
122	124
122	125
122	126
123	124
123	125
123	126
123	127
124	125
124	126
124	127
124	128
125	126
125	127
125	128
125	129
126	127
126	128
126	129
126	130
127	128
127	129
127	130
127	131
128	129
128	130
128	131
128	132
129	130
129	131
129	132
129	133
130	131
130	132
130	133
130	134
131	132
131	133
131	134
131	135
132	133
132	134
132	135
132	136
133	134
133	135
133	136
133	137
134	135
134	136
134	137
134	138
135	136
135	137
135	138
135	139
136	137
136	138
136	139
136	140
136	168
137	138
137	139
137	140
137	168
137	169
138	139
138	140
139	140
139	141
140	141
140	142
140	168
140	169
141	142
142	143
142	144
142	146
142	165
143	144
143	145
143	146
144	145
144	146
144	147
144	162
144	165
144	166
145	146
145	147
146	147
146	148
147	148
147	149
147	161
147	162
148	149
148	150
148	175
148	176
149	150
149	151
149	153
149	158
149	175
149	176
149	177
150	151
150	152
150	153
150	177
151	152
151	153
151	177
152	153
152	154
153	154
153	155
153	157
153	158
154	155
154	156
154	157
154	158
155	156
155	157
155	158
155	159
155	198
155	201
155	202
156	157
156	158
156	159
156	160
156	198
157	158
157	159
157	160
157	161
158	159
158	160
158	161
158	162
159	160
159	161
159	162
159	163
160	161
160	162
160	163
160	164
161	162
161	163
161	164
161	165
162	163
162	164
162	165
162	166
163	164
163	165
163	166
163	167
164	165
164	166
164	167
164	168
165	166
165	167
165	168
165	169
166	167
166	168
166	169
167	168
167	169
168	169
170	171
170	172
170	173
170	174
171	172
171	173
171	174
171	175
172	173
172	174
172	175
172	176
173	174
173	175
173	176
173	182
173	185
174	175
174	176
175	176
175	177
176	177
176	178
176	180
176	181
176	182
177	178
177	179
177	180
177	181
177	182
178	179
178	180
178	181
178	182
178	183
179	180
179	181
179	182
179	183
179	184
180	181
180	182
180	183
180	184
180	185
180	201
181	182
181	183
181	184
181	185
181	201
182	183
182	184
182	185
182	186
183	184
183	185
183	186
183	187
184	185
184	186
184	187
184	188
184	200
184	201
185	186
185	187
185	188
185	197
186	187
186	188
186	189
187	188
187	189
188	189
188	190
188	192
189	190
189	191
189	192
190	191
190	192
191	192
191	193
192	193
192	194
192	196
192	197
193	194
193	195
193	196
193	197
194	195
194	196
194	197
194	198
195	196
195	197
195	198
195	199
196	197
196	198
196	199
196	200
197	198
197	199
197	200
197	201
198	199
198	200
198	201
198	202
199	200
199	201
199	202
200	201
200	202
201	202
