0	75
0	76
0	77
1	2
1	3
1	4
1	283
2	3
2	4
2	281
2	282
2	283
3	4
3	5
3	279
3	280
3	281
3	282
3	283
3	313
3	314
4	5
4	6
4	283
4	284
4	312
4	313
4	314
5	6
5	7
5	283
5	284
5	285
5	311
5	312
5	313
6	7
6	8
6	50
6	284
6	285
6	286
6	311
7	8
7	9
7	49
7	50
7	51
7	285
7	286
7	287
7	307
7	311
8	9
8	10
8	49
8	50
8	51
8	52
8	286
8	287
8	288
9	10
9	11
9	49
9	51
9	52
9	53
9	287
9	288
9	289
10	11
10	12
10	52
10	53
10	54
10	287
10	288
10	289
10	290
11	12
11	13
11	53
11	54
11	55
11	289
11	290
11	291
11	292
12	13
12	14
12	55
12	89
12	90
12	290
12	291
13	14
13	15
13	55
14	15
14	16
14	18
14	19
14	292
14	293
15	16
15	17
15	18
15	19
16	17
16	18
16	19
16	20
17	18
17	19
17	20
17	21
18	19
18	20
18	21
18	22
18	23
18	293
19	20
19	21
19	22
19	23
20	21
20	22
21	22
21	23
22	23
22	24
23	24
23	25
23	293
23	294
24	25
24	26
24	293
24	294
25	26
25	27
25	292
25	293
25	294
26	27
26	28
26	37
26	38
26	292
26	293
26	294
27	28
27	29
27	35
27	36
27	37
27	292
28	29
28	30
28	35
28	36
28	37
29	30
29	31
29	34
29	35
29	36
29	54
30	31
30	34
30	35
30	36
31	32
31	33
31	34
32	33
32	34
32	51
32	52
33	34
33	35
33	48
33	49
33	50
33	51
33	52
34	35
34	36
34	46
34	47
34	48
34	49
34	52
35	36
35	37
35	46
35	47
35	48
35	52
36	37
36	44
36	45
36	46
36	47
37	38
37	39
37	44
37	45
37	46
38	39
38	44
38	45
39	40
39	41
39	42
39	43
39	44
39	45
40	41
40	42
41	42
41	43
42	43
42	44
43	44
43	45
44	45
44	46
45	46
45	47
46	47
46	48
47	48
47	49
47	308
48	49
49	50
49	51
49	52
50	51
51	52
51	53
52	53
52	54
53	54
53	55
53	57
54	55
54	56
54	57
55	56
55	57
56	57
56	58
57	58
57	59
57	61
58	59
58	60
58	61
58	62
59	60
59	61
59	62
59	63
59	102
59	103
60	61
60	62
60	63
60	64
61	62
61	63
61	64
61	65
62	63
62	64
62	65
62	66
63	64
63	65
63	66
63	67
63	104
64	65
64	66
64	67
65	66
65	67
66	67
66	68
66	69
67	68
67	69
67	70
67	108
68	69
68	70
68	71
68	72
69	70
69	71
69	72
69	73
69	79
70	71
70	72
70	73
70	74
70	108
70	112
70	215
71	72
71	73
71	74
71	75
72	73
72	74
72	75
72	76
72	77
73	74
73	75
73	76
73	77
73	78
73	79
73	213
73	214
73	215
74	75
74	76
74	200
74	213
75	76
75	77
75	211
75	213
76	77
76	78
76	211
76	212
76	213
77	78
77	79
77	213
77	214
77	282
78	79
78	80
78	213
78	214
78	215
78	276
78	277
78	282
78	283
79	80
79	81
79	214
79	215
79	216
79	277
79	282
79	283
79	284
80	81
80	82
80	215
80	216
80	217
80	277
80	283
80	284
80	285
81	82
81	83
81	216
81	217
81	218
81	284
81	285
81	286
82	83
82	84
82	217
82	218
82	219
82	220
82	285
82	286
82	287
83	84
83	85
83	91
83	218
83	219
83	220
83	286
83	287
83	288
83	289
84	85
84	91
84	220
84	287
84	288
84	289
85	86
85	87
85	89
85	91
85	222
85	223
85	288
85	289
85	290
85	303
86	87
86	88
86	89
86	222
86	223
86	224
86	299
87	88
87	89
87	190
87	222
88	89
88	90
89	90
89	91
89	289
89	290
89	291
90	91
90	92
90	93
90	94
90	289
91	92
91	93
91	94
91	95
91	219
91	289
92	93
92	94
92	95
92	96
92	97
92	219
93	94
93	95
93	96
93	97
93	103
94	95
94	96
94	97
94	103
94	104
95	96
95	97
95	103
95	104
95	105
95	219
96	97
96	98
96	102
96	103
96	104
96	105
96	106
96	184
97	98
97	101
97	102
97	103
98	99
98	100
98	101
98	102
98	103
99	100
99	101
99	102
100	101
100	102
101	102
101	103
102	103
102	104
102	106
102	107
103	104
103	105
103	106
103	107
104	105
104	106
104	107
104	108
105	106
105	107
105	108
105	109
106	107
106	108
106	109
106	110
107	108
107	109
107	110
107	111
108	109
108	110
108	111
108	112
109	110
109	111
109	112
109	113
109	173
110	111
110	112
110	113
110	114
110	173
111	112
111	113
111	114
111	115
112	113
112	114
112	115
112	116
113	114
113	115
113	116
113	117
113	173
114	115
114	116
114	117
114	118
115	116
115	117
115	118
115	119
116	117
116	118
116	119
116	120
117	118
117	119
117	120
118	119
118	120
119	120
119	121
119	122
119	123
120	121
120	122
120	123
120	124
121	122
121	123
122	123
122	204
122	205
123	124
123	125
123	202
123	203
123	204
123	205
124	125
124	126
124	202
124	203
124	204
124	205
125	126
125	127
125	200
125	201
125	202
125	203
126	127
126	200
126	201
126	202
127	128
127	129
127	169
127	170
127	171
127	198
127	199
127	200
127	201
128	129
128	167
128	168
128	169
128	170
128	198
128	199
129	130
129	131
129	167
129	168
129	169
129	197
129	198
129	199
130	131
130	132
130	143
130	166
130	167
130	168
130	196
130	197
130	198
131	132
131	141
131	142
131	143
131	195
131	196
131	197
132	133
132	134
132	139
132	140
132	141
132	142
132	194
132	195
132	196
133	134
133	135
133	139
133	140
133	141
133	142
133	192
133	193
133	194
133	195
134	135
134	136
134	137
134	138
134	139
134	140
134	192
134	193
134	194
135	136
135	137
135	138
135	139
135	192
135	193
136	137
136	138
136	238
136	241
136	242
137	138
137	139
137	269
138	139
138	140
139	140
139	141
139	150
140	141
140	142
141	142
141	143
141	144
141	165
141	166
142	143
142	144
143	144
143	145
143	166
144	145
144	146
144	166
145	146
147	148
148	149
148	150
148	164
149	150
149	151
149	164
150	151
150	152
150	162
150	163
150	164
150	165
151	152
151	153
151	162
151	163
152	153
152	161
152	162
152	163
152	272
152	273
153	154
153	155
153	160
153	161
153	162
153	163
154	155
154	158
154	159
154	160
154	161
155	156
155	157
155	158
155	159
155	160
156	157
156	158
157	158
157	159
158	159
158	160
158	276
159	160
159	161
159	276
160	161
160	162
160	273
160	276
161	162
161	163
162	163
162	164
162	165
163	164
163	165
164	165
164	166
165	166
165	167
166	167
166	168
167	168
167	169
168	169
168	170
169	170
169	171
170	171
170	172
170	175
170	176
171	172
172	173
172	174
172	175
172	176
173	174
173	175
173	176
173	177
174	175
174	176
174	177
174	178
175	176
175	177
175	178
175	179
176	177
176	178
176	179
176	180
177	178
177	179
177	180
177	181
178	179
178	180
178	181
178	182
179	180
179	181
179	182
180	181
180	182
180	183
180	184
181	182
181	183
181	184
181	185
182	183
182	184
182	185
182	186
183	184
183	185
183	186
184	185
184	186
185	186
187	188
187	189
187	190
187	191
188	189
188	190
188	191
188	192
189	190
189	191
189	192
190	191
190	192
190	221
190	222
191	192
191	221
191	222
192	193
192	194
192	220
192	221
193	194
193	195
193	218
193	219
193	220
193	221
194	195
194	196
194	218
194	219
194	220
195	196
195	197
195	216
195	217
195	218
195	219
196	197
196	216
196	217
196	218
197	198
197	199
197	214
197	215
197	216
197	217
198	199
198	200
198	214
198	215
198	216
199	200
199	201
199	213
199	214
199	215
200	201
200	202
200	212
200	213
200	214
201	202
201	211
201	212
201	213
202	203
202	204
202	210
202	211
202	212
203	204
203	205
203	208
203	209
203	210
203	211
204	205
204	206
204	207
204	208
204	209
204	210
205	206
205	207
205	208
206	207
206	208
207	208
207	209
208	209
208	210
209	210
209	211
210	211
211	212
211	213
212	213
212	214
213	214
213	215
214	215
214	216
215	216
215	217
216	217
216	218
217	218
217	219
218	219
218	220
219	220
219	221
220	221
220	222
221	222
221	223
221	242
222	223
222	224
223	224
223	225
224	225
224	226
224	299
225	226
225	227
226	227
226	228
226	239
227	228
227	229
228	229
228	230
228	231
229	230
229	231
230	231
230	232
231	232
231	235
231	236
232	233
232	234
232	235
232	236
233	234
233	235
233	236
233	237
234	235
234	236
234	237
235	236
235	237
235	238
235	239
236	237
236	238
236	239
236	240
237	238
237	239
237	240
237	241
238	239
238	240
238	241
238	242
239	240
239	241
239	242
239	243
240	241
240	242
240	243
240	244
241	242
241	243
241	244
241	245
242	243
242	244
242	245
242	246
243	244
243	245
243	246
243	247
244	245
244	246
244	247
244	248
245	246
245	247
245	248
245	249
245	268
245	270
246	247
246	248
246	249
246	250
247	248
247	249
247	250
247	251
248	249
248	250
248	251
248	252
248	267
248	268
248	271
249	250
249	251
249	252
249	253
249	271
250	251
250	252
250	253
250	254
250	310
251	252
251	253
251	254
251	255
252	253
252	254
252	255
252	256
252	263
252	264
252	265
253	254
253	255
253	256
253	257
253	310
254	255
254	256
254	257
254	258
254	310
255	256
255	257
255	258
255	259
255	260
255	263
256	257
256	258
256	259
256	260
256	263
256	279
256	314
256	315
257	258
257	259
257	312
257	313
257	314
257	315
258	259
258	260
258	315
259	260
259	261
259	315
259	316
259	317
260	261
260	262
260	317
261	262
261	263
261	317
262	263
262	264
263	264
263	265
264	265
264	266
264	267
265	266
265	267
265	268
265	271
265	272
265	275
266	267
266	268
266	269
266	271
266	272
267	268
268	269
268	270
268	271
268	272
269	270
269	271
269	272
269	273
270	271
270	272
270	273
270	274
271	272
271	273
271	274
271	275
272	273
272	274
272	275
273	274
273	275
274	275
274	276
274	277
274	278
275	276
275	277
275	278
276	277
276	278
277	278
277	279
277	282
277	283
277	284
278	279
278	282
278	284
279	280
279	281
279	282
279	314
280	281
280	282
280	314
281	282
281	283
282	283
282	284
283	284
283	285
284	285
284	286
285	286
285	287
286	287
286	288
287	288
287	289
288	289
288	290
288	303
288	307
289	290
290	291
290	292
290	300
291	292
291	293
291	296
291	300
292	293
292	294
292	297
293	294
293	295
293	296
293	297
294	295
294	296
294	297
295	296
295	297
296	297
296	298
296	299
296	300
297	298
297	299
297	300
297	301
298	299
298	300
298	301
298	302
299	300
299	301
299	302
299	303
300	301
300	302
300	303
300	304
301	302
301	303
301	304
301	305
302	303
302	304
302	305
302	306
303	304
303	305
303	306
303	307
304	305
304	306
304	307
304	308
305	306
305	307
305	308
305	309
306	307
306	308
306	309
306	310
307	308
307	309
307	310
307	311
308	309
308	310
308	311
309	310
309	311
310	311
310	312
311	312
312	313
312	314
313	314
313	315
314	315
314	316
315	316
315	317
316	317
316	318
316	319
317	318
317	319
318	319
318	320
319	320
319	321
320	321
320	322
321	322
321	323
321	325
322	323
322	324
322	325
322	326
323	324
323	325
323	326
323	327
324	325
324	326
324	327
324	328
325	326
325	327
325	328
325	329
326	327
326	328
326	329
326	330
327	328
327	329
327	330
327	331
328	329
328	330
328	331
328	332
329	330
329	331
329	332
329	333
330	331
330	332
330	333
330	334
331	332
331	333
331	334
331	335
332	333
332	334
332	335
332	336
333	334
333	335
333	336
333	337
334	335
334	336
334	337
334	338
335	336
335	337
335	338
335	339
336	337
336	338
336	339
336	340
337	338
337	339
337	340
337	341
338	339
338	340
338	341
338	342
339	340
339	341
339	342
339	343
340	341
340	342
340	343
341	342
341	343
341	344
341	345
342	343
342	344
342	345
342	346
343	344
343	345
343	346
343	347
344	345
344	346
344	347
345	346
345	347
346	347
346	348
347	348
347	349
348	349
348	350
349	350
349	351
350	351
350	352
351	352
351	353
352	353
352	354
353	354
353	355
354	355
354	356
355	356
355	357
356	357
356	358
357	358
