0	1
0	2
0	151
0	152
1	2
1	3
1	151
1	152
1	153
2	3
2	152
2	153
2	154
3	4
3	5
3	153
3	154
3	155
4	5
4	154
4	155
4	156
4	162
4	166
5	6
5	7
5	154
5	155
5	156
5	157
5	162
6	7
6	8
6	156
6	157
6	158
6	159
6	162
7	8
7	9
7	156
8	9
8	10
8	11
8	12
9	10
9	11
9	12
9	34
9	110
10	11
10	12
10	34
10	37
10	67
10	68
11	12
11	13
11	67
11	68
12	13
12	14
12	68
12	69
13	14
13	68
13	69
14	15
14	16
14	17
14	68
14	69
14	70
14	106
14	107
14	108
15	16
15	17
15	69
15	70
15	71
15	104
15	105
15	106
15	107
16	17
16	18
16	69
16	70
16	71
16	72
16	73
16	104
16	106
16	107
16	108
17	18
17	19
17	69
17	71
17	72
17	73
17	107
17	108
17	109
18	19
18	20
18	72
18	73
18	74
18	108
18	109
18	110
19	20
19	21
19	31
19	73
19	74
19	75
19	109
19	110
19	111
20	21
20	22
20	31
20	74
20	75
20	76
20	77
20	111
21	22
21	23
21	25
21	26
21	27
21	53
21	74
21	75
21	76
21	77
22	23
22	24
22	25
22	26
22	27
22	53
22	76
22	77
22	78
22	79
23	24
23	25
23	26
23	52
23	53
23	54
23	78
23	79
24	25
24	26
24	52
25	26
25	27
25	46
25	53
26	27
26	28
27	28
27	29
27	31
27	32
28	29
28	30
28	31
28	32
28	113
29	30
29	31
29	32
29	33
30	31
30	32
30	33
30	34
30	113
31	32
31	33
31	34
31	35
32	33
32	34
32	35
32	36
33	34
33	35
33	36
33	37
34	35
34	36
34	37
34	38
35	36
35	37
35	38
35	39
35	40
35	41
35	42
35	43
36	37
36	38
36	39
36	40
37	38
37	39
37	66
37	67
38	39
38	40
38	41
38	42
38	64
38	65
38	66
38	67
39	40
39	41
40	41
40	42
40	43
40	44
41	42
41	43
41	44
41	45
42	43
42	44
42	45
42	46
43	44
43	45
43	46
43	47
44	45
44	46
44	47
45	46
45	47
45	48
46	47
46	48
46	49
46	50
46	51
47	48
47	49
48	49
48	50
49	50
49	51
49	52
50	51
50	52
51	52
51	53
51	57
51	58
51	59
52	53
52	54
53	54
53	55
53	57
53	76
53	77
53	78
54	55
54	56
54	57
54	76
54	77
54	78
55	56
55	57
55	76
55	77
55	78
55	87
55	91
56	57
56	58
56	75
56	76
56	77
56	90
56	91
56	94
57	58
57	75
57	76
58	59
58	60
58	73
58	74
58	75
58	76
59	60
59	61
59	73
59	74
59	75
60	61
60	62
60	72
60	73
60	74
61	62
61	63
61	71
61	72
61	73
62	63
62	64
62	70
62	71
62	72
63	64
63	65
63	69
63	70
63	71
64	65
64	66
64	67
65	66
65	67
66	67
66	68
67	68
67	69
68	69
68	70
69	70
69	71
69	72
70	71
71	72
71	73
72	73
72	74
73	74
73	75
74	75
74	76
75	76
75	77
76	77
76	78
77	78
77	79
78	79
78	80
79	80
79	81
80	81
80	82
81	82
81	83
82	83
82	84
82	115
82	116
82	117
83	84
83	85
83	87
83	88
83	115
83	116
83	117
84	85
84	86
84	87
84	88
84	116
84	117
85	86
85	87
85	88
85	89
85	116
86	87
86	88
86	89
86	90
87	88
87	89
87	90
87	91
88	89
88	90
88	91
88	92
88	116
89	90
89	91
89	92
89	93
89	128
89	129
89	132
90	91
90	92
90	93
90	94
91	92
91	93
91	94
91	95
92	93
92	94
92	95
92	96
92	129
92	132
92	133
93	94
93	95
93	96
93	97
93	132
93	133
94	95
94	96
94	97
94	98
95	96
95	97
95	98
95	99
96	97
96	98
96	99
96	100
96	133
97	98
97	99
97	100
97	101
98	99
98	100
98	101
98	102
99	100
99	101
99	102
100	101
100	102
100	148
100	150
101	102
101	103
102	103
102	104
103	104
103	105
103	149
104	105
104	106
104	149
104	150
105	106
105	149
105	150
105	151
105	152
106	107
106	150
106	151
106	152
106	153
107	108
107	109
107	152
107	153
107	154
108	109
108	110
108	153
108	154
108	155
109	110
109	111
109	154
109	155
109	156
110	111
110	112
110	155
110	156
111	112
111	113
111	114
112	113
112	114
112	157
113	114
113	115
114	115
114	116
115	116
115	117
116	117
116	118
116	119
116	125
117	118
117	119
118	119
118	120
119	120
119	121
119	124
119	125
120	121
120	122
120	123
120	124
120	125
121	122
121	123
121	125
122	123
122	124
122	125
122	126
122	161
122	164
122	165
123	124
123	125
123	126
123	127
123	164
123	165
123	168
124	125
124	126
124	127
124	128
125	126
125	127
125	128
125	129
126	127
126	128
126	129
126	130
126	165
126	168
126	169
127	128
127	129
127	130
127	131
127	168
127	169
127	172
128	129
128	130
128	131
128	132
129	130
129	131
129	132
129	133
130	131
130	132
130	133
130	134
130	169
130	172
131	132
131	133
131	134
131	135
131	172
131	173
131	176
132	133
132	134
132	135
132	136
133	134
133	135
133	136
133	137
134	135
134	136
134	137
134	176
135	136
135	137
135	138
135	176
136	137
136	138
137	138
137	139
138	139
138	140
138	180
139	140
139	141
140	141
140	142
140	184
141	142
141	143
141	144
142	143
142	144
143	144
143	145
144	145
146	147
146	148
147	148
147	149
148	149
148	150
149	150
149	151
150	151
150	152
151	152
152	153
152	154
153	154
153	155
154	155
154	156
155	156
155	157
156	157
156	158
157	158
157	159
157	161
157	162
158	159
158	160
158	161
158	162
159	160
159	161
159	162
160	161
160	162
161	162
161	163
161	164
161	165
162	163
162	164
162	165
162	166
163	164
163	165
163	166
163	167
164	165
164	166
164	167
164	168
165	166
165	167
165	168
165	169
166	167
166	168
166	169
166	170
167	168
167	169
167	170
167	171
168	169
168	170
168	171
168	172
169	170
169	171
169	172
169	173
170	171
170	172
170	173
170	174
171	172
171	173
171	174
171	175
172	173
172	174
172	175
172	176
173	174
173	175
173	176
173	177
174	175
174	176
174	177
174	178
174	278
174	281
174	282
175	176
175	177
175	178
175	179
175	278
175	459
175	460
175	463
176	177
176	178
176	179
176	180
177	178
177	179
177	180
177	181
177	278
178	179
178	180
178	181
178	182
178	274
178	275
178	277
178	278
178	459
179	180
179	181
179	182
179	183
179	274
179	456
179	459
180	181
180	182
180	183
180	184
180	456
181	182
181	183
181	184
181	185
181	274
182	183
182	184
182	185
182	186
182	270
182	271
182	273
182	274
182	456
183	184
183	185
183	186
183	187
183	454
183	455
183	456
184	185
184	186
184	187
184	188
185	186
185	187
185	188
185	270
186	187
186	188
186	266
186	267
186	270
186	454
187	188
187	189
187	453
187	454
188	189
188	190
188	192
188	193
189	190
189	191
189	192
189	193
190	191
190	192
190	193
190	194
191	192
191	193
191	194
192	193
192	194
193	194
193	195
193	197
193	198
194	195
194	196
194	197
194	198
194	239
195	196
195	197
195	198
195	199
195	240
195	241
195	242
195	294
195	295
196	197
196	198
196	199
196	200
196	242
197	198
197	199
197	200
197	201
198	199
198	200
198	201
198	202
199	200
199	201
199	202
199	203
199	216
199	242
199	244
200	201
200	202
200	203
200	204
201	202
201	203
201	204
201	205
202	203
202	204
202	205
202	206
202	214
203	204
203	205
203	206
203	207
203	214
204	205
204	206
204	207
204	208
205	206
205	207
205	208
205	209
206	207
206	208
206	209
206	212
206	213
206	214
207	208
207	209
208	209
208	210
209	210
209	211
209	212
210	211
210	212
211	212
211	213
211	248
211	249
211	250
212	213
212	214
212	246
212	247
212	248
212	249
213	214
213	215
213	246
213	247
213	248
214	215
214	216
214	245
214	246
214	247
215	216
215	217
215	244
215	245
215	246
216	217
216	218
216	242
216	243
216	244
216	245
217	218
217	219
217	221
217	222
217	242
217	243
217	244
218	219
218	220
218	221
218	222
218	241
218	242
218	243
219	220
219	221
219	222
219	223
219	240
219	241
219	242
220	221
220	222
220	223
220	224
221	222
221	223
221	224
221	225
222	223
222	224
222	225
222	226
222	227
222	231
223	224
223	225
223	226
223	227
223	228
223	231
224	225
224	226
225	226
225	227
225	313
226	227
226	228
226	312
226	313
227	228
227	229
227	230
227	231
227	312
227	313
227	333
228	229
228	230
228	231
228	232
228	310
228	311
228	312
228	313
229	230
229	231
229	232
229	233
229	310
229	311
229	312
229	329
229	330
229	333
230	231
230	232
230	233
230	234
230	329
230	330
230	333
231	232
231	233
231	234
231	235
232	233
232	234
232	235
232	304
233	234
233	235
233	295
233	297
233	304
233	326
233	330
234	235
234	236
234	237
234	240
234	241
234	295
234	296
234	297
235	236
235	237
235	302
235	303
236	237
236	238
236	297
236	298
236	299
236	300
236	302
236	303
236	304
237	238
237	239
237	240
237	296
237	297
237	298
238	239
238	240
239	240
239	241
239	296
240	241
240	242
240	295
241	242
241	243
241	294
241	295
241	296
242	243
242	244
242	293
242	294
242	295
243	244
243	245
243	291
243	292
243	293
243	294
244	245
244	246
244	291
244	292
244	293
245	246
245	247
245	290
245	291
245	292
246	247
246	248
246	289
246	290
246	291
247	248
247	249
247	288
247	289
247	290
248	249
248	250
248	287
248	288
248	289
249	250
249	251
249	286
249	287
249	288
250	251
250	252
250	284
250	285
250	286
250	287
251	252
251	253
251	255
251	285
251	286
251	287
252	253
252	254
252	255
253	254
253	255
254	255
254	256
255	256
255	257
256	257
256	258
256	287
256	342
256	343
256	344
257	258
257	259
257	286
257	287
257	288
257	289
257	343
257	344
258	259
258	260
258	287
258	288
258	289
258	343
258	344
258	345
258	346
259	260
259	261
259	288
259	289
259	290
259	343
259	345
259	346
259	347
260	261
260	262
260	272
260	289
260	290
260	291
260	346
260	347
260	348
261	262
261	263
261	290
261	291
261	292
261	347
261	348
261	349
262	263
262	264
262	268
262	269
262	272
262	291
262	292
262	293
262	348
262	349
262	350
263	264
263	265
263	266
263	268
263	269
263	292
263	293
263	294
263	327
263	331
263	349
263	350
264	265
264	266
264	267
264	268
264	269
264	292
264	293
264	294
264	295
265	266
265	294
265	295
265	296
265	327
266	267
266	268
266	269
266	270
267	268
267	269
267	270
267	271
267	351
267	444
268	269
268	270
268	271
268	272
268	349
268	350
268	351
269	270
269	271
269	272
269	273
269	292
270	271
270	272
270	273
270	274
271	272
271	273
271	274
271	275
271	456
271	457
271	458
271	459
272	273
272	274
272	275
272	276
272	290
273	274
273	275
273	276
273	277
274	275
274	276
274	277
274	278
274	459
275	276
275	277
275	278
275	279
275	459
275	462
275	463
276	277
276	278
276	279
276	280
277	278
277	279
277	280
277	281
278	279
278	280
278	281
278	282
278	463
279	280
279	281
279	282
279	283
279	284
280	281
280	282
280	283
280	284
281	282
281	283
282	283
282	284
283	284
283	285
284	285
284	286
284	470
285	286
285	287
285	470
286	287
286	288
286	470
287	288
287	289
288	289
288	290
289	290
289	291
290	291
290	292
291	292
291	293
292	293
292	294
293	294
293	295
293	330
293	331
293	334
294	295
295	296
295	297
296	297
296	298
297	298
298	299
298	300
299	300
299	303
300	301
300	302
300	303
301	302
301	303
302	303
302	304
303	304
303	305
304	305
304	306
304	308
304	323
305	306
305	307
305	308
305	323
306	307
306	308
306	320
306	321
306	322
306	323
307	308
307	309
307	319
307	320
307	321
308	309
308	310
308	319
308	320
309	310
309	317
309	318
309	319
309	320
309	407
310	311
310	312
310	317
310	318
310	319
311	312
311	313
311	315
311	316
311	317
311	318
312	313
312	314
312	315
312	316
312	317
312	333
313	314
313	315
313	333
313	336
314	315
314	316
314	336
315	316
315	317
316	317
316	318
316	408
317	318
317	319
317	407
317	408
317	409
318	319
318	320
318	407
318	408
318	409
318	410
318	411
319	320
319	321
319	407
319	409
319	410
319	411
320	321
320	322
320	323
320	410
320	411
321	322
321	323
321	410
321	411
321	412
322	323
322	324
322	325
322	412
323	324
323	325
323	326
324	325
324	326
325	326
325	327
325	328
325	411
325	412
326	327
326	328
326	329
326	330
327	328
327	329
327	330
327	331
327	352
328	329
328	330
328	331
328	332
328	422
328	426
329	330
329	331
329	332
329	333
330	331
330	332
330	333
330	334
331	332
331	333
331	334
331	335
332	333
332	334
332	335
332	336
332	426
332	429
333	334
333	335
333	336
333	337
334	335
334	336
334	337
334	338
335	336
335	337
335	338
335	429
335	430
336	337
336	338
336	339
336	429
337	338
337	339
337	340
338	339
338	340
338	341
339	340
339	341
339	342
339	432
340	341
340	342
341	342
341	343
342	343
342	344
343	344
343	345
343	346
343	433
344	345
344	433
344	434
345	346
345	347
345	433
345	434
345	435
346	347
346	348
346	434
346	435
346	436
347	348
347	349
347	435
347	436
347	437
348	349
348	350
348	436
348	437
348	438
349	350
349	437
349	438
349	439
349	440
350	351
350	352
350	438
350	439
350	440
351	352
351	353
351	439
351	440
351	441
352	353
352	439
352	440
352	441
353	354
353	355
353	356
353	419
353	441
354	355
354	356
354	357
354	358
354	441
355	356
355	357
355	358
355	359
355	418
355	419
356	357
356	358
356	359
356	360
356	361
356	366
356	419
356	439
356	441
356	442
357	358
357	359
357	360
357	361
357	362
357	441
357	442
358	359
358	360
358	361
359	360
359	361
360	361
360	362
360	363
360	364
360	366
361	362
361	363
361	364
361	442
362	363
362	364
362	442
362	443
363	364
363	365
363	443
364	365
364	366
364	388
364	389
364	390
364	443
365	366
365	367
365	388
365	389
365	390
365	438
365	439
365	440
365	442
365	443
366	367
366	368
366	389
366	390
366	391
366	392
366	438
366	439
366	440
367	368
367	369
367	389
367	390
367	391
367	392
367	436
367	437
367	438
367	439
368	369
368	391
368	392
368	393
368	394
368	423
368	436
368	437
368	438
369	370
369	371
369	375
369	435
369	436
369	437
370	371
370	372
370	434
370	435
370	436
371	372
371	373
371	374
371	375
371	434
371	435
372	373
372	374
372	375
372	376
373	374
373	375
373	376
373	377
374	375
374	376
374	377
374	378
375	376
375	377
375	378
375	379
375	436
376	377
376	378
376	379
376	380
377	378
377	379
377	380
377	381
377	465
378	379
378	380
378	381
378	382
378	465
379	380
379	381
379	382
379	383
379	388
379	389
379	390
380	381
380	382
380	383
380	384
381	382
381	383
381	384
381	385
381	461
381	464
381	465
382	383
382	384
382	385
382	386
382	387
382	388
382	389
382	461
383	384
383	385
383	386
383	387
383	388
384	385
384	386
385	386
385	387
385	460
385	461
385	464
386	387
386	388
387	388
387	389
387	458
387	460
387	461
388	389
388	390
389	390
389	391
390	391
390	392
391	392
391	393
392	393
392	394
392	420
393	394
393	395
393	420
394	395
394	396
394	398
394	420
394	423
394	424
395	396
395	397
395	398
396	397
396	398
396	399
397	398
397	399
397	400
398	399
398	400
398	401
398	421
399	400
399	401
399	402
399	421
399	424
400	401
400	402
400	403
401	402
401	403
401	413
402	403
402	404
402	409
402	410
402	411
402	412
402	413
403	404
403	405
403	409
403	410
404	405
404	406
404	407
404	408
404	409
404	410
405	406
405	407
406	407
407	408
407	409
407	410
408	409
409	410
409	411
410	411
410	412
411	412
412	413
412	414
413	414
413	415
413	418
413	421
414	415
414	416
414	418
415	416
415	417
415	418
416	417
416	418
417	418
417	419
417	420
417	421
418	419
418	420
418	421
418	422
419	420
419	421
419	422
419	423
420	421
420	422
420	423
420	424
421	422
421	423
421	424
421	425
422	423
422	424
422	425
422	426
423	424
423	425
423	426
423	427
423	437
424	425
424	426
424	427
424	428
425	426
425	427
425	428
426	427
426	428
426	429
426	430
427	428
427	429
427	430
427	431
428	429
428	430
428	431
429	430
429	431
430	431
430	432
430	433
430	435
431	432
431	433
432	433
433	434
433	435
434	435
435	436
435	437
436	437
436	438
437	438
437	439
438	439
438	440
439	440
439	441
440	441
440	442
440	443
440	444
441	442
441	443
441	444
442	443
442	444
443	444
443	445
443	457
444	445
444	454
444	455
444	456
444	457
445	446
445	447
445	453
445	454
445	455
446	447
446	448
446	451
446	452
446	453
446	454
446	455
447	448
447	452
447	453
448	449
448	450
448	451
448	452
449	450
449	451
449	452
450	451
450	452
451	452
451	453
452	453
453	454
453	455
454	455
454	456
455	456
455	457
456	457
456	458
456	459
457	458
457	459
457	460
458	459
458	460
458	461
458	462
459	460
459	461
459	462
459	463
460	461
460	462
460	463
460	464
461	462
461	463
461	464
461	465
462	463
462	464
462	465
462	466
463	464
463	465
463	466
463	467
464	465
464	466
464	467
464	468
465	466
465	467
465	468
465	469
466	467
466	468
466	469
466	470
467	468
467	469
467	470
467	471
467	472
468	469
468	470
468	471
468	472
469	470
469	471
470	471
470	472
471	472
