0	1
0	2
0	403
0	404
1	2
1	3
2	3
2	4
2	6
2	7
2	400
2	401
3	4
3	5
3	6
3	7
3	400
4	5
4	6
4	7
4	8
5	6
5	7
5	8
5	9
5	352
6	7
6	8
6	9
6	10
6	372
7	8
7	9
7	10
7	11
8	9
8	10
8	11
8	12
9	10
9	11
9	12
9	13
9	336
10	11
10	12
10	13
10	14
11	12
11	13
11	14
11	15
12	13
12	14
12	15
13	14
13	15
14	15
14	16
14	17
15	16
15	17
16	17
16	18
17	18
18	19
18	20
18	22
18	29
18	30
18	31
19	20
19	21
19	22
19	29
19	30
19	31
20	21
20	22
21	22
21	23
21	29
22	23
22	24
22	28
22	29
23	24
23	25
23	26
23	27
23	28
23	29
24	25
24	26
24	27
24	28
24	29
24	200
25	26
25	27
25	200
26	27
26	28
27	28
27	29
27	199
27	200
28	29
28	30
28	199
28	200
29	30
29	31
29	199
29	200
29	201
30	31
30	32
30	34
30	35
30	199
30	201
31	32
31	33
31	34
31	35
32	33
32	34
32	35
32	36
32	232
33	34
33	35
33	36
33	37
34	35
34	36
34	37
34	38
35	36
35	37
35	38
35	39
35	232
36	37
36	38
36	39
36	40
36	232
36	233
36	235
36	236
37	38
37	39
37	40
37	41
37	236
38	39
38	40
38	41
38	182
39	40
39	41
39	179
39	180
39	181
39	182
39	236
40	41
40	42
40	43
40	178
40	179
40	180
40	236
41	42
41	43
41	180
42	43
42	44
42	180
43	44
43	45
43	49
43	50
44	45
44	48
44	49
44	50
44	137
44	178
45	46
45	47
45	48
45	49
45	137
45	177
45	178
45	240
46	47
46	48
46	137
46	138
46	177
47	48
47	51
48	49
48	50
48	51
49	50
49	51
50	51
50	52
51	52
51	54
51	240
52	53
52	54
52	239
52	240
52	241
53	54
53	55
53	238
53	239
53	240
53	241
53	242
54	55
54	56
54	240
54	241
54	242
55	56
55	99
55	100
55	241
55	242
56	57
56	58
56	99
56	100
56	101
56	241
57	58
57	100
57	101
57	102
58	59
58	60
58	101
58	102
58	103
58	112
59	60
59	61
59	102
59	103
59	104
59	105
59	111
59	112
59	113
60	61
60	102
60	103
60	104
60	105
60	111
60	112
60	113
60	114
61	62
61	63
61	104
61	105
61	106
61	111
61	113
61	114
61	115
62	63
62	64
62	79
62	114
62	115
62	116
63	64
63	65
63	78
63	114
63	115
63	116
64	65
64	78
65	66
65	78
66	67
66	68
66	69
67	68
68	69
68	70
69	70
69	71
69	72
69	73
69	74
70	71
70	72
70	142
71	72
71	73
72	73
72	74
72	121
72	122
73	74
73	118
73	120
73	121
73	122
74	75
74	76
74	118
74	119
74	120
74	121
74	122
74	124
75	76
75	77
75	118
75	119
75	120
76	77
76	78
76	117
76	118
76	119
77	78
77	79
77	116
77	117
77	118
78	79
78	80
78	116
78	117
79	80
79	81
79	83
79	84
79	116
79	117
80	81
80	82
80	83
80	84
81	82
81	83
81	84
81	85
82	83
82	84
82	85
82	86
82	157
82	159
83	84
83	85
83	86
83	87
83	156
83	157
83	158
84	85
84	86
84	87
84	88
85	86
85	87
85	88
85	89
86	87
86	88
86	89
86	90
86	158
86	159
86	165
87	88
87	89
87	90
87	91
87	168
88	89
88	90
88	91
88	92
89	90
89	91
89	92
89	93
90	91
90	92
90	93
90	94
90	168
90	169
90	228
91	92
91	93
91	94
91	95
92	93
92	94
92	95
92	96
93	94
93	95
93	96
93	97
93	228
94	95
94	96
94	97
94	98
95	96
95	97
95	98
95	99
95	100
95	101
96	97
96	98
96	244
96	247
97	98
97	234
97	243
97	244
97	279
98	99
98	100
98	237
98	238
98	241
98	242
98	243
98	244
99	100
99	101
99	241
99	242
99	243
99	244
100	101
100	102
100	241
101	102
101	103
102	103
102	104
103	104
103	105
104	105
104	106
105	106
105	109
105	111
106	107
106	108
106	109
107	108
107	109
108	109
108	110
109	110
109	111
110	111
111	112
111	113
111	114
112	113
112	114
112	144
113	114
113	144
113	145
113	176
114	115
114	116
114	144
114	145
114	146
115	116
115	145
115	146
115	147
116	117
116	118
116	146
116	147
116	148
117	118
117	119
117	147
117	148
117	149
117	150
118	119
118	120
118	147
118	148
118	149
118	150
119	120
119	126
119	127
119	149
119	150
119	151
120	121
120	122
120	124
120	125
120	126
120	127
121	122
121	123
121	124
121	125
121	126
121	127
122	123
122	124
123	124
123	125
124	125
124	126
125	126
125	127
126	127
126	128
127	128
127	129
127	130
128	129
128	130
128	151
128	152
129	130
129	131
130	131
130	132
130	149
131	132
131	148
131	149
132	133
132	147
132	148
132	149
133	134
133	146
133	147
133	148
133	172
134	135
134	136
134	144
134	145
134	146
134	147
134	172
134	175
134	176
135	136
135	137
135	142
135	143
135	144
135	145
135	146
135	175
135	176
136	137
136	138
136	143
136	144
136	175
136	176
136	177
136	178
137	138
137	143
137	144
137	176
137	177
137	178
138	139
138	140
138	143
139	140
139	141
139	143
140	141
140	142
140	143
141	142
141	143
142	143
142	144
142	145
143	144
143	145
144	145
144	146
144	176
145	146
145	147
145	176
146	147
146	148
146	172
147	148
148	149
148	150
148	155
149	150
149	151
149	152
149	155
150	151
150	152
150	155
150	156
151	152
151	153
152	153
152	154
152	155
152	156
153	154
153	155
153	156
153	157
154	155
154	156
154	157
154	158
154	161
154	163
154	164
155	156
155	157
155	158
155	164
156	157
156	158
157	158
157	159
157	160
157	161
157	164
158	159
158	160
158	161
158	162
158	163
158	164
158	165
159	160
159	161
159	162
159	165
160	161
160	162
161	162
161	163
161	164
162	163
162	164
162	165
162	166
162	224
162	225
162	227
163	164
163	165
163	166
163	167
163	225
164	165
164	166
164	167
164	168
165	166
165	167
165	168
165	169
165	227
166	167
166	168
166	169
166	170
166	171
166	225
166	226
166	227
166	228
167	168
167	169
167	170
167	171
167	172
168	169
168	170
168	171
168	172
168	173
169	170
169	171
169	172
169	173
169	174
169	227
169	228
170	171
170	172
170	173
170	174
170	175
170	208
170	209
171	172
171	173
171	174
171	175
171	208
171	209
172	173
172	174
172	175
172	176
173	174
173	175
173	176
173	177
174	175
174	176
174	177
174	178
174	179
175	176
175	177
175	178
175	179
175	180
176	177
176	178
177	178
177	179
178	179
178	180
179	180
180	181
180	182
181	182
181	183
181	209
181	210
182	183
182	184
182	202
182	209
182	210
183	184
183	185
183	197
183	198
184	185
185	186
185	192
186	187
186	188
186	189
187	188
187	189
188	189
188	190
189	190
189	191
190	191
190	192
191	192
191	193
192	193
192	196
193	194
193	195
193	196
194	195
194	196
194	197
194	212
195	196
195	197
196	197
196	198
197	198
197	199
197	200
197	202
198	199
199	200
199	201
199	202
200	201
200	202
201	202
201	203
201	206
201	217
202	203
202	206
202	210
202	212
203	204
203	205
203	206
203	207
203	210
203	211
203	212
203	213
203	214
203	216
203	217
204	205
204	206
204	207
204	208
204	210
204	212
204	213
204	214
205	206
205	207
205	214
205	219
205	313
205	314
206	207
206	230
206	231
206	232
207	208
207	209
207	210
207	230
207	231
207	232
207	233
208	209
208	210
208	229
208	230
209	210
209	211
210	211
210	212
211	212
211	213
212	213
212	214
212	216
213	214
213	215
213	216
214	215
214	216
214	217
214	218
214	219
214	220
215	216
215	217
215	218
215	219
215	220
216	217
216	218
217	218
217	219
218	219
218	220
219	220
219	221
219	312
219	313
220	221
220	222
220	311
220	312
220	313
221	222
221	223
221	224
221	311
221	312
221	314
222	223
222	224
222	311
223	224
223	225
224	225
224	226
225	226
225	227
226	227
226	228
226	275
226	276
227	228
227	264
228	229
228	230
228	264
228	276
229	230
229	231
229	233
229	234
230	231
230	232
230	233
230	234
230	276
230	277
231	232
231	233
231	234
231	235
231	277
231	316
231	318
232	233
232	234
232	235
232	236
233	234
233	235
233	236
233	237
234	235
234	236
234	237
234	238
235	236
235	237
235	238
235	239
236	237
236	238
236	239
236	240
237	238
237	239
237	240
237	241
238	239
238	240
238	241
238	242
238	243
239	240
239	241
239	242
240	241
240	242
241	242
241	243
242	243
242	244
243	244
243	245
244	245
244	246
244	247
245	246
245	247
245	281
246	247
246	248
246	249
246	281
247	248
247	249
247	280
247	281
248	249
248	250
248	252
248	280
248	281
248	282
249	250
249	251
249	280
249	281
249	282
249	283
250	251
250	252
250	282
250	283
251	252
251	253
251	283
251	284
251	285
252	253
252	254
252	259
252	260
252	284
252	285
252	286
253	254
253	255
253	257
253	258
253	259
253	260
253	285
253	286
253	287
253	288
254	255
254	256
254	258
254	260
254	265
254	266
254	286
254	287
254	288
255	256
255	257
255	258
255	265
255	266
255	267
255	287
255	288
255	289
256	257
256	258
256	266
256	267
256	268
256	288
256	289
256	290
256	291
257	258
257	259
258	259
258	260
258	266
259	260
259	261
260	261
260	262
260	265
261	262
261	263
262	263
262	264
262	265
262	266
263	264
263	265
263	266
264	265
264	266
264	274
264	275
264	276
265	266
265	267
265	274
265	276
266	267
266	268
267	268
267	269
267	272
267	274
268	269
268	272
269	270
269	271
269	272
269	291
270	271
270	272
270	291
270	292
271	272
271	273
272	273
272	274
273	274
273	275
273	309
274	275
274	276
274	314
275	276
275	314
275	315
276	277
276	278
276	314
276	315
276	316
277	278
277	279
277	315
277	316
277	317
277	318
278	279
278	280
278	316
278	317
278	318
279	280
279	281
279	318
279	321
280	281
280	282
280	321
281	282
281	321
282	283
283	284
283	285
284	285
284	323
284	324
285	286
285	323
285	324
285	325
286	287
286	288
286	323
286	324
286	325
286	326
287	288
287	289
287	325
287	326
287	327
288	289
288	290
288	326
288	327
289	290
289	291
289	292
289	327
289	328
289	329
290	291
290	292
290	327
290	328
290	329
291	292
291	293
291	329
292	293
292	294
292	309
292	329
292	330
293	294
293	295
293	329
293	330
293	331
294	295
294	296
294	309
294	310
294	331
295	296
295	310
295	331
295	332
295	333
296	297
296	298
296	307
296	308
296	309
296	310
296	331
296	332
296	333
296	334
297	298
297	299
297	306
297	307
297	308
297	333
297	334
297	335
298	299
298	300
298	306
298	307
298	334
298	335
298	336
299	300
299	301
299	304
299	305
299	306
299	335
299	336
299	337
300	301
300	302
300	323
300	324
300	336
300	337
300	338
301	302
301	303
301	304
301	337
301	338
302	303
302	304
302	317
302	318
302	319
302	320
302	321
302	322
303	304
303	305
303	316
303	317
303	318
303	319
304	305
304	306
304	316
304	317
305	306
305	307
305	313
305	315
305	316
305	317
306	307
306	308
306	313
306	314
306	315
306	316
307	308
307	309
307	310
307	311
307	312
307	313
307	314
307	315
308	309
308	310
308	311
308	312
308	314
308	315
309	310
309	311
310	311
310	312
311	312
311	313
311	314
312	313
312	314
313	314
313	315
314	315
314	316
315	316
316	317
316	318
317	318
317	319
317	321
318	319
318	320
318	321
319	320
319	321
320	321
320	322
321	322
321	323
322	323
322	324
323	324
323	325
324	325
324	340
324	341
324	342
324	343
325	326
325	342
325	343
325	344
326	327
326	328
326	343
326	344
326	345
327	328
327	329
327	344
327	345
327	346
327	347
328	329
328	330
328	333
328	345
328	346
328	347
329	330
329	331
329	346
329	347
329	348
330	331
330	332
330	347
330	348
330	349
331	332
331	333
331	348
331	349
332	333
332	349
332	350
332	351
333	334
333	335
333	346
333	350
333	351
333	352
334	335
334	336
334	351
334	352
334	353
335	336
335	337
335	344
335	352
335	353
335	354
336	337
336	338
336	353
336	354
336	355
337	338
337	342
337	354
337	355
337	356
338	339
338	340
338	355
338	356
338	357
339	340
339	341
339	356
339	357
339	358
340	341
340	342
340	357
340	358
341	342
341	343
341	358
341	359
341	360
342	343
342	344
342	355
342	360
342	361
343	344
343	345
343	360
343	361
343	362
344	345
344	346
344	361
344	362
344	363
345	346
345	347
345	362
345	363
345	364
345	365
346	347
346	348
346	351
346	363
346	364
346	365
347	348
347	349
347	364
347	365
347	366
348	349
348	350
348	365
348	366
348	367
349	350
349	351
349	366
349	367
350	351
350	367
350	368
350	369
351	352
351	353
351	364
351	368
351	369
351	370
352	353
352	354
352	369
352	370
352	371
353	354
353	355
353	370
353	371
353	372
354	355
354	356
354	371
354	372
354	373
355	356
355	357
355	360
356	357
356	358
356	378
357	358
357	359
357	377
357	378
357	379
358	359
358	360
358	378
358	379
358	383
359	360
359	361
359	379
359	383
359	384
359	385
360	361
360	362
360	385
360	386
361	362
361	363
361	385
361	386
361	387
361	388
362	363
362	364
362	386
362	387
362	388
363	364
363	365
363	387
363	388
363	389
364	365
364	366
364	369
364	389
365	366
365	367
366	367
367	368
367	369
368	369
368	370
368	394
368	395
369	370
369	371
369	395
369	396
370	371
370	372
370	395
370	396
370	397
370	398
371	372
371	373
371	396
371	397
371	398
372	373
372	374
372	397
372	398
372	399
373	374
373	375
373	378
373	398
373	399
374	375
374	378
374	401
375	376
375	377
375	378
375	401
375	402
376	377
376	378
376	379
376	380
376	447
377	378
377	379
377	380
378	379
378	380
379	380
379	381
379	383
379	384
379	385
379	447
379	448
379	449
380	381
380	382
380	383
380	384
380	446
380	447
380	448
381	382
381	383
381	384
381	446
381	447
381	448
382	383
382	384
383	384
383	385
384	385
384	386
384	448
384	449
385	386
385	387
385	449
385	450
386	387
386	388
386	449
386	450
386	451
387	388
387	389
387	390
387	450
387	451
387	452
388	389
388	390
388	451
388	452
389	390
389	391
389	452
390	391
390	392
390	395
390	451
390	452
390	453
391	392
391	393
391	394
391	395
392	393
392	394
392	395
392	454
392	455
392	456
392	459
393	394
393	395
393	459
394	395
394	396
395	396
395	459
396	397
396	398
396	459
396	460
396	461
397	398
397	399
397	459
397	460
397	461
398	399
398	400
398	460
398	461
398	462
399	400
399	401
399	402
399	461
399	462
400	401
400	402
400	403
400	461
400	462
401	402
401	403
401	404
402	403
402	404
402	405
402	406
402	407
402	408
403	404
403	405
403	406
403	407
403	408
404	405
404	406
405	406
405	407
406	407
406	408
406	420
407	408
407	409
407	420
407	462
408	409
408	410
408	420
408	421
408	422
408	462
409	410
409	411
409	420
409	421
409	422
410	411
410	412
410	421
410	422
410	423
411	412
411	413
411	414
411	415
411	421
411	422
411	423
412	413
412	414
412	423
413	414
413	423
414	415
414	416
415	416
415	417
415	421
416	417
416	418
417	418
417	419
418	419
418	420
418	440
419	420
419	421
419	438
419	439
419	440
420	421
420	422
420	438
420	439
420	440
421	422
421	423
421	437
421	438
421	439
422	423
422	436
422	437
422	438
423	424
423	425
423	435
423	436
423	437
424	425
424	426
424	433
424	434
424	435
424	436
425	426
425	427
425	433
425	434
425	435
426	427
426	428
426	432
426	433
426	434
427	428
427	429
427	430
427	431
427	432
427	433
428	429
428	430
428	431
428	432
429	430
429	431
430	431
430	432
431	432
431	433
431	452
431	453
432	433
432	434
432	450
432	451
432	452
432	453
432	454
433	434
433	435
433	450
433	451
433	452
433	453
433	454
433	455
434	435
434	436
434	448
434	449
434	450
434	451
435	436
435	437
435	448
435	449
435	450
436	437
436	438
436	447
436	448
436	449
437	438
437	439
437	445
437	447
437	448
438	439
438	440
438	445
438	446
438	447
439	440
439	441
439	442
440	441
440	442
441	442
441	443
442	443
442	444
442	445
443	444
443	445
444	445
444	446
445	446
445	447
446	447
446	448
447	448
447	449
448	449
448	450
449	450
449	451
450	451
450	452
451	452
451	453
452	453
453	454
453	455
454	455
454	456
455	456
455	457
455	459
456	457
456	458
456	459
457	458
457	459
457	460
458	459
458	460
459	460
459	461
460	461
460	462
461	462
