0	1
0	23
0	24
0	25
1	2
1	3
1	24
1	25
1	26
1	62
1	63
1	64
2	3
2	4
2	24
2	25
2	26
2	27
2	62
2	63
2	64
2	65
3	4
3	5
3	26
3	27
3	28
3	62
3	64
3	65
3	66
4	5
4	6
4	7
4	27
4	28
4	29
4	65
4	66
4	67
5	6
5	7
5	28
5	29
5	30
5	66
5	67
5	68
6	7
6	8
6	9
6	10
6	29
6	30
6	68
7	8
7	9
7	10
7	13
7	28
7	29
7	30
8	9
8	10
8	11
8	13
8	30
8	33
8	34
8	37
9	10
9	11
9	13
9	30
9	33
9	34
9	37
10	11
10	12
10	13
10	468
11	12
11	13
11	14
11	467
11	468
12	13
12	14
12	15
13	14
13	15
13	16
13	17
14	15
14	16
14	17
14	18
14	132
14	154
15	16
15	17
15	18
15	19
15	92
16	17
16	18
16	19
16	20
16	26
17	18
17	19
17	20
17	21
17	40
17	44
18	19
18	20
18	21
18	22
18	155
18	156
19	20
19	21
19	22
19	23
19	24
20	21
20	22
20	23
20	24
20	25
20	26
20	44
21	22
21	23
21	156
22	23
22	24
23	24
23	25
24	25
24	26
25	26
25	27
26	27
26	28
26	46
26	47
26	48
27	28
27	46
27	47
27	48
27	49
28	29
28	30
28	47
28	48
28	49
28	50
29	30
29	31
29	49
29	50
29	51
29	52
29	53
30	31
30	32
30	33
30	50
30	51
30	52
30	53
31	32
31	51
31	52
31	53
32	33
32	34
32	51
32	52
32	471
33	34
33	37
33	51
34	35
34	36
34	37
34	469
34	471
34	472
35	36
35	37
35	38
35	469
35	472
36	37
36	38
36	39
36	469
37	38
37	39
37	40
37	41
38	39
38	40
38	41
38	42
38	43
39	40
39	41
39	42
39	43
39	44
40	41
40	42
40	43
40	44
40	45
40	46
41	42
41	43
41	44
41	45
41	46
41	47
41	48
42	43
42	44
42	45
43	44
43	45
44	45
44	46
45	46
45	47
45	48
46	47
46	48
46	49
47	48
47	49
47	50
48	49
48	50
49	50
49	51
50	51
50	52
51	52
51	53
52	53
52	54
53	54
53	55
53	75
54	55
54	56
54	57
54	75
55	56
55	57
55	58
55	74
55	75
55	78
56	57
56	58
56	59
57	58
57	59
58	59
58	60
58	61
58	62
59	60
59	61
60	61
60	62
61	62
61	63
62	63
62	64
62	65
63	64
63	84
64	65
64	66
64	83
64	84
64	85
65	66
65	67
65	84
65	85
65	86
66	67
66	68
66	85
66	86
66	87
66	88
67	68
67	69
67	85
67	86
67	87
67	88
67	182
68	69
68	70
68	87
68	88
68	180
68	182
69	70
69	180
69	181
69	182
69	183
69	385
70	71
70	414
71	72
71	73
71	76
71	183
72	73
72	76
72	77
73	74
73	77
74	75
74	76
74	77
74	78
75	76
75	77
75	78
76	77
76	78
76	79
77	78
77	79
77	80
78	79
78	80
78	81
79	80
79	81
79	82
79	83
80	81
80	82
81	82
81	83
82	83
82	84
83	84
83	85
84	85
85	86
86	87
86	88
86	90
86	91
87	88
87	89
87	90
87	91
87	181
87	182
87	185
88	89
88	90
88	91
88	92
88	180
89	90
89	91
89	92
89	93
89	94
89	180
89	189
89	192
90	91
90	92
90	93
90	94
90	95
90	192
91	92
91	93
91	94
91	95
91	96
92	93
92	94
92	95
92	96
92	97
92	98
93	94
93	95
93	96
93	97
93	98
93	99
93	192
93	193
94	95
94	96
94	97
94	98
94	99
94	192
94	193
95	96
95	97
95	98
95	99
96	97
96	98
97	98
97	99
97	100
98	99
98	100
98	101
98	103
98	172
99	100
99	101
100	101
101	102
101	103
101	159
101	170
101	171
101	172
102	103
102	104
102	170
102	171
102	172
102	195
102	196
103	104
103	105
103	171
103	172
103	173
103	194
103	195
103	196
103	197
104	105
104	106
104	172
104	173
104	174
104	195
104	196
104	197
104	198
105	106
105	107
105	173
105	174
105	175
105	176
105	195
105	197
105	198
105	199
106	107
106	108
106	112
106	116
106	174
106	175
106	176
106	198
106	199
106	200
106	201
107	108
107	112
107	175
107	176
107	177
107	199
107	200
107	201
108	109
108	110
108	112
108	200
108	201
108	202
108	203
109	110
109	202
109	203
109	204
110	111
110	112
110	202
110	355
110	356
111	112
111	113
111	114
111	115
112	113
112	114
112	115
112	116
112	175
112	201
113	114
113	115
113	116
113	117
113	133
113	134
113	135
114	115
114	116
114	117
114	304
115	116
115	117
115	118
115	304
115	305
115	308
116	117
116	118
116	119
116	133
116	173
117	118
117	119
117	120
117	135
117	136
117	137
118	119
118	120
118	121
118	122
118	308
118	312
119	120
119	121
119	122
119	123
119	173
120	121
120	122
120	123
120	124
121	122
121	123
121	124
121	125
121	322
121	325
121	326
122	123
122	124
122	125
122	126
122	127
122	129
122	312
123	124
123	125
123	126
123	127
123	128
123	129
124	125
124	126
124	325
125	126
125	127
125	317
125	321
126	127
126	128
127	128
127	129
127	168
127	169
128	129
128	130
128	157
128	158
128	169
129	130
129	131
129	157
129	158
129	169
129	170
129	171
129	172
130	131
130	155
130	156
130	157
130	158
130	171
130	172
130	173
131	132
131	133
131	154
131	155
131	156
131	172
131	173
131	174
132	133
132	153
132	154
132	155
132	173
132	174
133	134
133	135
133	153
133	154
133	174
133	175
134	135
134	153
135	136
135	153
135	333
136	137
136	138
136	150
136	152
136	153
136	332
136	333
137	138
137	139
137	150
137	330
137	331
137	332
137	333
138	139
138	140
138	330
138	331
138	332
138	333
139	140
139	141
139	147
139	330
140	141
140	142
140	330
141	142
141	143
142	143
142	144
143	144
143	145
143	146
143	147
144	145
144	146
144	147
144	148
145	146
145	147
145	148
145	149
146	147
146	148
146	149
146	150
147	148
147	149
147	150
147	151
148	149
148	150
148	151
149	150
149	151
149	155
150	151
150	152
150	153
151	152
152	153
152	154
152	155
153	154
153	155
154	155
154	156
155	156
155	157
156	157
156	158
157	158
158	159
158	160
158	169
158	170
159	160
159	161
159	169
159	170
160	161
160	162
160	169
160	170
161	162
161	163
161	164
161	165
161	167
161	169
162	163
162	164
163	164
163	165
164	165
164	166
164	167
165	166
165	167
166	167
166	168
167	168
167	169
168	169
169	170
169	171
170	171
171	172
171	173
172	173
172	174
173	174
174	175
174	176
175	176
175	177
176	177
176	189
176	190
177	178
177	179
177	189
178	179
178	188
178	189
179	180
179	181
179	385
180	181
180	182
181	182
181	185
181	186
181	187
181	188
182	183
182	184
182	185
182	186
183	184
183	185
183	186
184	185
184	186
185	186
185	187
186	187
186	188
187	188
187	189
187	191
187	192
188	189
188	190
188	191
188	192
189	190
189	191
189	192
189	193
190	191
190	192
190	193
190	214
190	215
190	217
191	192
191	193
191	217
192	193
192	194
193	194
193	195
194	195
194	196
194	221
195	196
195	197
195	198
195	221
196	197
196	198
196	221
196	222
196	225
196	226
197	198
197	199
197	225
197	226
197	227
197	311
198	199
198	200
198	226
198	227
198	228
199	200
199	201
199	227
199	228
199	307
200	201
200	202
200	228
201	202
201	304
202	203
202	204
202	229
203	204
203	234
203	235
204	205
204	206
205	206
206	355
207	208
207	209
207	210
207	211
207	388
207	389
208	209
208	210
208	211
208	212
208	388
209	210
209	211
209	212
209	213
210	211
210	212
210	213
210	214
210	388
211	212
211	213
211	214
211	215
211	388
212	213
212	214
212	215
212	216
212	238
213	214
213	215
213	216
213	217
214	215
214	216
214	217
215	216
215	217
215	218
215	238
216	217
216	218
216	219
216	220
216	238
216	239
216	241
217	218
217	219
217	220
218	219
218	220
218	221
218	243
219	220
219	221
219	242
219	243
219	244
219	245
220	221
220	242
220	243
220	244
220	245
221	222
221	223
221	225
221	246
222	223
222	224
222	225
222	246
223	224
223	225
223	244
223	245
223	246
224	225
224	226
224	246
225	226
225	246
225	247
226	227
226	228
226	246
226	247
226	248
227	228
227	246
227	247
227	248
227	249
228	248
228	249
228	250
228	307
229	230
229	231
229	232
229	250
229	251
229	252
229	253
229	254
230	231
230	232
230	250
230	251
230	252
230	253
230	254
230	258
230	259
230	260
231	232
231	233
232	233
232	234
232	235
232	236
233	234
233	235
233	236
233	237
234	235
234	236
234	237
234	238
235	236
235	237
235	238
235	239
236	237
236	238
236	239
236	240
237	238
237	239
237	240
237	241
238	239
238	240
238	241
239	240
239	241
239	242
239	243
240	241
240	242
240	243
241	242
241	243
242	243
242	244
243	244
243	245
243	246
244	245
244	246
245	246
246	247
246	248
247	248
247	249
248	249
248	250
249	250
249	251
249	261
250	251
250	252
250	253
250	254
250	260
250	261
250	262
251	252
251	253
251	254
251	260
251	261
251	262
251	263
251	306
251	307
252	253
252	254
252	255
252	256
252	260
252	262
252	263
252	264
253	254
253	255
253	256
253	260
253	262
253	263
253	264
254	255
254	256
254	260
254	262
254	263
254	264
255	256
255	257
255	263
255	264
255	265
255	303
256	257
256	263
256	264
256	265
256	266
257	265
257	266
258	259
258	260
259	260
259	261
260	261
260	262
260	263
261	262
261	263
261	281
261	282
262	263
262	279
262	280
262	281
262	282
263	264
263	265
263	278
263	279
263	280
263	281
264	265
264	266
264	276
264	277
264	278
264	279
264	280
264	306
265	266
265	267
265	276
265	277
265	278
266	267
266	268
266	269
266	270
266	272
266	274
266	275
266	276
266	277
267	268
267	269
267	270
267	274
267	275
267	276
268	269
268	270
268	271
268	272
268	273
268	274
268	275
268	276
269	270
269	271
269	272
269	273
269	274
269	275
269	276
270	271
270	272
271	272
271	273
271	296
271	297
272	273
272	274
272	275
272	276
272	296
272	297
272	298
272	302
273	274
273	275
273	276
273	292
273	293
273	294
273	295
273	296
274	275
274	276
274	291
274	292
274	293
275	276
275	291
275	292
275	293
276	277
276	278
276	290
276	291
276	292
277	278
277	279
277	280
277	289
277	290
277	291
278	279
278	280
278	288
278	289
278	290
279	280
279	281
279	282
279	287
279	288
279	289
280	281
280	282
280	287
280	288
280	289
281	282
281	283
281	284
281	287
281	288
282	283
282	284
283	284
283	285
284	285
284	286
284	287
285	286
285	287
285	288
286	287
286	288
287	288
287	318
287	319
288	289
288	319
288	320
289	290
289	291
289	319
289	320
289	323
290	291
290	292
290	323
291	292
291	293
291	323
291	324
291	326
291	327
292	293
292	327
293	294
293	295
293	326
293	327
293	328
293	329
294	295
294	296
295	296
296	297
296	301
297	298
297	299
297	300
297	301
297	302
298	299
298	300
298	301
298	302
298	303
299	300
299	301
299	302
299	303
299	304
300	301
300	302
300	303
300	304
301	302
301	303
301	304
301	305
302	303
302	304
302	305
302	306
303	304
303	305
303	306
303	307
304	305
304	306
304	307
304	308
305	306
305	307
305	308
305	309
306	307
306	308
306	309
306	310
307	308
307	309
307	310
307	311
308	309
308	310
308	311
308	312
309	310
309	311
309	312
309	313
309	319
309	322
310	311
310	312
310	313
310	314
311	312
311	313
311	314
311	315
312	313
312	314
312	315
312	316
312	317
313	314
313	315
313	316
313	317
313	318
313	319
314	315
314	316
315	316
315	317
316	317
316	318
317	318
317	319
317	321
317	322
318	319
318	320
318	321
318	322
319	320
319	321
319	322
319	323
320	321
320	322
320	323
320	324
321	322
321	323
321	324
321	325
322	323
322	324
322	325
322	326
323	324
323	325
323	326
323	327
324	325
324	326
324	327
324	328
325	326
325	327
325	328
325	329
326	327
326	328
326	329
327	328
327	329
328	329
328	330
329	330
329	331
330	331
331	332
331	333
332	333
332	334
332	335
333	334
333	335
333	336
334	335
334	336
334	348
334	349
334	350
335	336
335	348
335	349
335	350
336	337
336	338
336	347
336	348
336	349
337	338
337	339
337	346
337	347
337	348
338	339
338	346
338	347
338	348
339	340
339	341
339	345
339	346
339	478
340	341
340	342
340	343
340	344
340	345
340	346
341	342
341	343
341	344
341	345
341	481
341	482
342	343
342	344
342	457
343	344
343	345
343	457
343	458
344	345
344	346
344	456
344	457
344	458
344	459
344	460
345	346
345	347
345	459
345	460
345	461
345	462
346	347
346	348
346	460
346	461
346	462
346	463
347	348
347	349
347	461
347	462
347	463
347	464
348	349
348	350
348	463
348	464
349	350
349	351
349	464
349	465
349	466
350	351
350	352
350	465
350	466
350	467
351	352
351	353
351	356
351	357
351	360
351	465
351	466
351	467
352	353
352	354
352	356
352	357
352	380
352	381
352	382
352	465
352	466
352	467
353	354
353	355
353	356
353	357
353	381
353	382
353	394
354	355
354	356
354	357
354	358
354	393
354	394
354	398
355	356
355	357
355	358
355	359
355	398
356	357
356	358
356	359
356	360
357	358
357	359
357	360
357	361
357	398
357	399
358	359
358	360
358	361
358	362
358	363
358	398
358	399
359	360
359	361
359	362
359	363
359	364
360	361
360	362
360	363
360	364
360	365
361	362
361	363
361	364
361	365
361	366
361	402
361	403
362	363
362	364
362	365
362	366
362	367
363	364
363	365
363	366
363	367
364	365
364	366
364	367
364	368
365	366
365	367
365	368
365	369
366	367
366	368
366	369
366	370
367	368
367	369
367	370
368	369
368	370
369	370
369	371
369	372
370	371
370	372
371	372
371	373
372	373
372	374
372	458
372	459
372	460
373	374
373	375
373	404
373	459
373	460
374	375
374	376
374	403
374	404
374	405
374	459
374	460
374	461
374	462
375	376
375	377
375	378
375	403
375	404
375	405
375	406
375	460
375	461
375	462
375	463
376	377
376	378
376	379
376	403
376	405
376	406
376	407
376	461
376	462
376	463
376	464
377	378
377	379
377	406
377	407
377	408
377	463
377	464
378	379
378	406
378	407
378	408
378	463
378	464
379	380
379	381
379	407
379	408
379	409
379	464
379	465
379	466
380	381
380	382
380	408
380	409
380	465
380	466
380	470
381	382
381	383
381	384
381	465
381	466
382	383
382	384
382	385
382	467
383	384
383	385
383	416
384	385
384	416
385	386
387	388
387	389
388	389
388	390
389	390
389	391
389	393
390	391
390	392
390	393
391	392
391	393
391	421
392	393
392	394
392	395
392	396
392	397
392	421
392	425
393	394
393	395
393	396
393	397
393	398
394	395
394	396
394	397
394	398
394	399
395	396
395	397
395	398
395	399
395	422
395	425
395	433
396	397
396	398
396	399
396	400
396	401
396	433
397	398
397	399
397	400
397	401
397	433
398	399
398	400
398	401
399	400
399	401
399	402
399	403
399	406
400	401
400	402
400	403
400	433
400	434
401	402
401	403
401	433
401	434
402	403
402	404
403	404
403	405
403	406
404	405
404	406
404	435
405	406
405	407
405	435
405	436
406	407
406	408
406	435
406	436
406	437
407	408
407	409
407	436
407	437
407	438
407	439
407	446
408	409
408	410
408	437
408	438
408	439
409	410
409	411
409	438
409	439
409	440
410	411
410	412
410	415
410	418
410	438
410	439
410	440
411	412
411	413
411	414
411	415
411	440
411	441
411	442
412	413
412	414
412	415
412	440
413	414
413	415
414	415
414	416
415	416
415	417
416	417
416	418
417	418
417	419
417	420
417	421
418	419
418	420
418	421
418	422
419	420
419	421
419	422
419	423
419	438
420	421
420	422
420	423
420	424
421	422
421	423
421	424
421	425
422	423
422	424
422	425
422	426
423	424
423	425
423	426
423	427
424	425
424	426
424	427
424	428
425	426
425	427
425	428
425	429
425	430
426	427
426	428
426	429
426	430
426	431
426	433
426	434
427	428
427	429
427	430
427	431
428	429
428	430
428	431
429	430
429	431
429	432
429	433
430	431
430	432
430	433
431	432
431	433
431	434
432	433
432	434
433	434
434	435
434	436
435	436
436	437
436	438
437	438
437	439
438	439
438	440
439	440
439	441
439	442
439	446
440	441
440	442
440	443
441	442
441	443
441	444
441	445
441	446
442	443
442	444
442	445
442	446
443	444
443	445
443	446
443	447
443	473
444	445
444	446
444	447
444	448
445	446
445	447
445	448
445	449
446	447
446	448
446	449
446	450
446	451
447	448
447	449
447	450
447	451
447	452
447	477
448	449
448	450
448	451
448	452
448	453
449	450
449	451
449	452
449	453
449	454
450	451
450	452
450	453
450	454
450	455
451	452
451	453
451	454
451	455
452	453
452	454
452	455
452	481
453	454
453	455
454	455
454	456
455	456
455	459
456	457
456	458
456	459
457	458
457	459
458	459
458	460
459	460
459	461
459	462
460	461
460	462
460	463
461	462
461	463
461	464
462	463
462	464
463	464
464	465
464	466
465	466
465	467
465	468
465	470
466	467
466	468
466	470
467	468
468	469
468	470
469	470
469	471
469	472
470	471
470	472
470	473
471	472
471	473
472	473
472	474
472	475
472	476
473	474
473	475
473	476
473	477
474	475
474	476
474	477
474	478
475	476
475	477
475	478
475	479
476	477
476	478
476	479
476	480
477	478
477	479
477	480
477	481
478	479
478	480
478	481
478	482
479	480
479	481
479	482
479	483
480	481
480	482
480	483
480	484
481	482
481	483
481	484
482	483
482	484
483	484
483	485
484	485
484	486
485	486
485	487
486	487
