0	1
0	2
1	2
1	3
1	381
2	3
2	16
2	135
2	136
2	137
2	138
2	380
2	381
2	384
3	4
3	5
3	14
3	15
3	16
3	137
3	138
3	139
3	376
3	380
4	5
4	6
4	14
4	15
4	16
4	138
4	139
4	140
4	372
4	373
4	375
4	376
4	380
5	6
5	7
5	13
5	14
5	15
5	138
5	139
5	140
5	141
5	372
5	375
6	7
6	8
6	12
6	13
6	14
6	140
6	141
6	371
6	372
7	8
7	9
7	12
7	13
7	140
7	141
8	9
8	10
8	11
8	12
8	36
9	10
9	11
9	36
9	65
9	67
9	201
10	11
10	35
10	36
10	65
10	200
10	201
11	12
11	13
11	33
11	34
11	35
11	36
12	13
12	14
12	33
12	34
12	35
12	36
13	14
13	15
13	32
13	33
13	34
13	369
13	372
14	15
14	24
14	25
14	123
14	372
15	16
15	17
15	22
15	23
15	24
15	25
15	372
15	373
15	376
16	17
16	18
16	22
16	23
16	24
16	376
17	18
17	19
17	20
17	21
17	22
17	23
17	376
17	377
17	381
18	19
18	20
18	21
18	22
19	20
19	21
20	21
21	22
21	23
22	23
22	24
22	373
22	376
23	24
23	25
24	25
24	26
24	32
24	373
25	26
25	27
25	32
25	127
25	130
26	27
26	28
26	30
26	31
26	32
27	28
27	29
27	30
27	31
27	32
27	126
28	29
28	30
29	30
29	31
30	31
30	32
31	32
31	33
31	34
32	33
32	34
33	34
33	35
34	35
34	36
34	48
34	49
35	36
35	37
35	48
35	49
35	52
36	37
36	38
36	48
36	64
36	119
37	38
37	39
37	47
37	48
37	51
37	52
37	62
37	63
37	64
38	39
38	40
38	46
38	47
38	48
38	51
38	62
38	63
38	64
39	40
39	41
39	45
39	46
39	47
39	51
39	61
39	62
39	63
40	41
40	44
40	45
40	46
40	61
40	62
40	101
40	102
40	103
41	42
41	43
41	44
41	45
41	102
41	103
41	104
42	43
42	44
42	103
42	104
42	105
43	44
43	104
44	45
44	46
45	46
45	47
46	47
46	48
46	50
46	51
47	48
47	49
47	50
47	51
47	119
47	122
48	49
48	50
48	51
48	52
49	50
49	51
49	52
49	53
50	51
50	52
50	53
50	54
51	52
51	53
51	54
51	55
51	62
52	53
52	54
52	55
53	54
53	55
54	55
54	56
54	57
54	58
55	56
55	57
55	58
55	59
55	62
56	57
56	58
56	59
56	258
56	261
56	262
57	58
57	59
57	258
58	59
58	60
58	61
58	62
59	60
59	61
59	62
59	87
60	61
60	62
60	87
60	88
61	62
61	63
61	88
61	101
61	102
62	63
62	64
63	64
63	88
64	65
64	66
65	66
65	67
65	68
66	67
66	68
66	69
66	70
66	112
66	115
66	116
67	68
67	69
67	70
68	69
68	70
69	70
69	71
69	72
69	79
69	97
69	112
70	71
70	72
70	112
70	113
70	150
70	153
71	72
71	73
71	149
71	150
71	153
72	73
72	74
72	76
72	96
72	150
73	74
73	75
73	76
73	95
73	96
73	97
74	75
74	76
74	79
74	92
74	95
74	96
74	97
75	76
75	77
75	79
75	80
76	77
76	78
76	79
76	80
77	78
77	79
77	80
77	81
78	79
78	80
78	81
78	82
79	80
79	81
79	82
79	83
80	81
80	82
80	83
81	82
81	83
81	84
82	83
82	84
82	85
82	86
83	84
83	85
83	86
83	90
84	85
84	86
85	86
85	87
86	87
86	88
87	88
87	89
88	89
88	90
89	90
89	91
89	99
89	100
90	91
90	97
90	98
90	99
90	100
91	92
91	93
91	97
91	98
91	99
91	100
92	93
92	94
92	95
92	96
92	97
92	98
93	94
93	95
93	96
93	97
93	98
94	95
94	96
95	96
95	97
96	97
96	98
97	98
97	99
97	111
98	99
98	100
98	109
98	110
98	111
98	112
99	100
99	101
99	109
99	110
99	111
100	101
100	107
100	108
100	109
100	110
101	102
101	103
101	107
101	108
101	109
102	103
102	104
102	105
102	106
102	107
102	108
103	104
103	105
103	106
103	107
103	108
104	105
104	106
105	106
106	107
106	108
107	108
107	109
108	109
108	110
109	110
109	111
110	111
110	112
110	114
110	115
111	112
111	113
111	114
111	115
112	113
112	114
112	115
112	116
113	114
113	115
113	116
113	117
113	153
113	154
113	156
113	157
114	115
114	116
114	117
114	118
114	157
115	116
115	117
115	118
115	119
116	117
116	118
116	119
116	120
116	157
117	118
117	119
117	120
117	121
117	157
117	158
117	160
117	161
118	119
118	120
118	121
118	122
119	120
119	121
119	122
119	123
120	121
120	122
120	123
120	124
120	158
120	161
121	122
121	123
121	124
121	125
121	161
122	123
122	124
122	125
122	126
123	124
123	125
123	126
123	127
124	125
124	126
124	127
124	128
124	135
125	126
125	127
125	128
125	129
126	127
126	128
126	129
126	130
127	128
127	129
127	130
127	131
128	129
128	130
128	131
128	132
128	133
128	134
128	135
129	130
129	131
129	132
130	131
130	132
131	132
131	133
132	133
132	134
133	134
133	135
134	135
134	136
135	136
135	137
136	137
136	163
136	164
137	138
137	163
137	164
137	165
137	166
138	139
138	140
138	163
138	164
138	165
138	166
138	380
139	140
139	141
139	165
139	166
139	167
139	168
139	375
139	380
140	141
140	142
140	165
140	167
140	168
140	169
140	375
141	142
141	168
141	169
141	170
141	171
141	375
142	143
142	144
142	146
142	168
142	169
142	170
142	171
143	144
143	145
143	146
143	170
143	171
144	145
144	146
144	170
144	171
144	172
145	146
145	147
146	147
146	148
146	150
146	151
147	148
147	149
147	150
147	151
148	149
148	150
148	151
148	152
149	150
149	151
149	152
149	153
150	151
150	152
150	153
150	154
151	152
151	153
151	154
151	155
152	153
152	154
152	155
152	156
153	154
153	155
153	156
153	157
154	155
154	156
154	157
154	158
155	156
155	157
155	158
155	159
155	165
156	157
156	158
156	159
156	160
157	158
157	159
157	160
157	161
158	159
158	160
158	161
158	162
158	163
158	165
159	160
159	161
159	162
159	163
160	161
160	162
161	162
161	163
162	163
162	164
163	164
163	165
164	165
164	166
165	166
165	167
166	167
167	168
167	169
168	169
168	170
169	170
169	171
169	173
169	174
170	171
170	172
170	173
170	174
171	172
171	173
171	174
171	175
171	371
172	173
172	174
172	175
172	176
172	195
172	206
173	174
173	175
173	176
173	177
173	216
174	175
174	176
174	177
174	178
174	371
174	374
174	375
175	176
175	177
175	178
175	179
175	370
175	371
175	374
176	177
176	178
176	179
176	180
176	181
177	178
177	179
177	180
177	181
177	182
177	374
178	179
178	180
178	370
178	373
178	374
178	377
179	180
179	181
180	181
180	182
180	183
180	184
181	182
181	183
181	184
182	183
182	184
182	211
182	214
183	184
183	185
183	214
184	185
184	186
185	186
185	187
186	187
186	188
187	188
187	189
188	189
188	212
189	190
189	191
190	191
190	192
190	333
191	192
191	193
191	209
191	210
191	211
191	212
191	333
192	193
192	194
192	207
192	208
192	209
192	210
192	211
192	332
192	333
192	334
193	194
193	195
193	207
193	208
193	209
193	210
193	332
193	333
193	334
193	335
194	195
194	196
194	205
194	206
194	207
194	208
194	332
194	334
194	335
194	336
195	196
195	197
195	205
195	206
195	207
195	335
195	336
195	337
195	338
196	197
196	198
196	204
196	205
196	206
196	336
196	337
196	338
197	198
197	199
197	203
197	204
197	205
197	337
197	338
197	339
198	199
198	202
198	203
198	204
198	228
198	338
198	339
198	340
198	341
198	342
199	200
199	201
199	202
199	203
199	228
199	229
199	339
199	340
199	341
200	201
200	202
200	228
200	229
200	230
200	341
201	202
201	225
201	226
201	227
201	228
201	229
201	230
202	203
202	204
202	224
202	225
202	226
202	227
202	228
203	204
203	205
203	223
203	224
203	225
203	227
203	228
204	205
204	206
204	222
204	223
204	224
205	206
205	207
205	221
205	222
205	223
205	317
205	318
205	321
206	207
206	208
206	220
206	221
206	222
206	321
207	208
207	209
207	210
207	218
207	219
207	220
207	221
207	321
208	209
208	210
208	211
208	216
208	217
208	218
208	219
209	210
209	211
209	212
209	216
209	217
209	218
209	219
210	211
210	212
210	216
210	217
210	218
210	219
211	212
211	213
211	214
211	215
211	216
211	217
212	213
212	214
212	215
212	216
213	214
213	215
214	215
214	216
215	216
215	217
216	217
216	218
217	218
217	219
218	219
218	220
219	220
219	325
220	221
220	222
220	321
220	324
220	325
221	222
221	321
222	223
222	317
222	320
222	321
223	224
223	225
223	317
224	225
224	226
224	227
225	226
225	227
226	227
226	228
227	228
227	231
228	229
228	230
228	231
229	230
229	231
229	232
229	233
229	341
230	231
230	232
230	233
230	234
231	232
231	233
231	234
231	235
232	233
232	234
232	235
232	236
232	237
232	307
233	234
233	235
233	236
233	237
233	238
233	264
233	267
233	268
233	269
234	235
234	236
234	237
234	238
234	239
234	264
235	236
235	237
235	238
235	239
235	240
235	306
235	307
236	237
236	238
236	239
236	240
236	241
236	267
236	306
237	238
237	239
237	240
237	241
237	267
237	303
237	306
238	239
238	240
238	241
238	242
238	263
238	264
238	267
239	240
239	241
239	242
239	243
240	241
240	242
240	243
240	244
241	242
241	243
241	244
241	245
242	243
242	244
242	245
242	246
242	253
243	244
243	245
243	246
243	247
244	245
244	246
244	247
244	248
245	246
245	247
245	248
245	249
245	251
246	247
246	248
246	249
246	250
246	251
246	252
247	248
247	249
247	250
248	249
248	250
249	250
249	251
250	251
250	252
251	252
251	253
252	253
252	254
253	254
253	255
253	256
253	259
253	260
253	289
254	255
254	256
254	260
255	256
255	257
256	257
256	258
256	259
256	260
257	258
257	259
257	260
257	261
258	259
258	260
258	261
258	262
259	260
259	261
259	262
259	263
259	288
259	289
260	261
260	262
260	263
260	264
261	262
261	263
261	264
261	265
262	263
262	264
262	265
262	266
263	264
263	265
263	266
263	267
264	265
264	266
264	267
264	268
264	269
265	266
265	267
265	268
265	269
265	270
266	267
266	268
266	269
266	270
266	271
266	283
267	268
267	269
267	270
267	271
267	272
268	269
268	270
268	271
268	272
268	273
269	270
269	271
269	272
269	273
270	271
270	272
270	273
270	274
271	272
271	273
271	274
271	275
271	281
271	282
271	283
272	273
272	274
272	275
272	276
273	274
273	275
273	276
274	275
274	276
274	277
274	278
274	281
275	276
275	277
275	278
275	279
275	280
275	281
275	300
276	277
276	278
276	343
276	344
276	345
277	278
277	279
278	279
278	280
279	280
279	299
279	300
280	281
280	282
280	297
280	298
280	299
280	300
281	282
281	283
281	297
281	298
281	299
282	283
282	284
282	296
282	297
282	298
283	284
283	285
283	295
283	296
283	297
284	285
284	286
284	294
284	295
284	296
285	286
285	287
285	288
285	293
285	294
285	295
286	287
286	288
286	293
286	294
287	288
287	289
287	290
287	291
287	292
287	293
288	289
288	291
288	292
288	293
288	294
289	290
289	291
289	292
290	291
290	292
291	292
291	293
292	293
292	294
293	294
293	295
294	295
294	296
295	296
296	297
296	298
297	298
297	299
298	299
298	300
298	302
299	300
299	301
299	302
299	303
300	301
300	302
300	303
300	304
301	302
301	303
301	304
301	305
302	303
302	304
302	305
302	306
303	304
303	305
303	306
303	307
304	305
304	306
304	307
304	308
305	306
305	307
305	308
306	307
306	308
307	308
307	309
307	310
307	311
308	309
308	310
308	311
308	312
309	310
309	311
309	312
309	313
310	311
310	312
310	313
310	314
311	312
311	313
311	314
311	347
311	348
312	313
312	314
312	315
313	314
313	315
313	316
314	315
314	316
314	317
314	318
315	316
315	317
315	318
315	319
316	317
316	318
316	319
316	320
317	318
317	319
317	320
317	321
318	319
318	320
318	321
318	322
319	320
319	321
319	322
319	323
320	321
320	322
320	323
320	324
321	322
321	323
321	324
321	325
322	323
322	324
322	325
322	326
322	327
322	328
322	329
323	324
323	325
323	326
323	327
324	325
324	326
325	326
325	327
326	327
326	328
327	328
327	329
327	331
328	329
328	330
328	331
329	330
329	331
329	332
329	356
330	331
330	332
331	332
331	333
332	333
332	334
333	334
333	335
334	335
334	336
335	336
335	337
335	361
335	362
336	337
336	338
336	361
336	362
336	363
337	338
337	339
337	342
337	361
337	362
337	363
337	367
338	339
338	340
338	342
338	367
338	368
338	370
339	340
339	341
339	342
339	367
339	368
340	341
340	342
340	343
340	367
340	368
341	342
341	343
341	344
342	343
342	344
342	347
342	348
342	349
342	367
343	344
343	345
344	345
344	346
344	347
344	348
344	349
345	346
345	347
345	348
345	349
345	350
346	347
346	348
346	349
346	350
346	351
347	348
347	349
347	350
347	351
347	352
348	349
348	350
348	351
348	352
349	350
349	351
349	352
349	353
350	351
350	352
350	353
350	354
351	352
351	353
351	354
351	355
352	353
352	354
352	355
352	356
353	354
353	355
353	356
353	357
353	358
353	359
353	360
353	361
354	355
354	356
354	357
354	358
355	356
355	357
356	357
356	358
356	359
357	358
357	359
358	359
358	360
359	360
359	361
360	361
360	362
361	362
361	363
362	363
362	364
363	364
363	365
363	366
363	367
364	365
364	366
365	366
365	367
365	370
366	367
366	368
366	369
366	370
367	368
367	369
367	370
368	369
368	370
369	370
369	371
369	372
369	373
370	371
370	372
370	373
370	374
371	372
371	373
371	374
371	375
372	373
372	374
372	375
372	376
373	374
373	375
373	376
373	377
374	375
374	376
374	377
374	378
374	379
375	376
375	377
375	378
375	379
375	380
376	377
376	378
376	379
376	380
376	381
377	378
377	379
377	380
377	381
377	382
378	379
378	380
378	381
378	382
378	383
379	380
379	381
379	382
379	383
380	381
380	382
380	383
380	384
381	382
381	383
381	384
382	383
382	384
383	384
