0	1
0	2
1	2
1	3
2	3
2	4
3	4
3	5
3	17
4	5
4	6
4	7
4	17
5	6
5	7
5	8
5	14
5	17
5	18
6	7
6	8
6	9
6	12
6	14
7	8
7	9
7	12
7	14
8	9
8	10
8	39
8	40
8	41
9	10
9	11
9	12
9	39
9	40
9	41
10	11
10	12
10	40
10	41
10	42
10	43
10	60
11	12
11	13
11	42
11	43
12	13
12	14
12	42
12	43
13	14
13	15
13	42
13	43
13	44
14	15
14	16
14	17
14	18
14	41
14	42
14	43
14	44
15	16
15	17
15	18
15	19
15	44
15	45
16	17
16	18
16	19
16	20
16	21
17	18
17	19
17	20
17	21
17	22
18	19
18	20
18	21
18	22
18	23
19	20
19	21
19	22
19	23
19	24
20	21
20	22
20	23
20	24
20	25
21	22
21	23
21	24
21	25
22	23
22	24
22	25
22	26
22	27
23	24
23	25
23	26
23	27
24	25
24	26
24	27
25	26
25	27
25	28
26	27
26	28
26	29
26	31
27	28
27	29
27	31
28	29
28	30
28	31
29	30
29	31
29	53
30	31
30	32
31	32
31	33
31	53
32	33
32	34
32	53
32	54
32	55
33	34
33	35
33	53
33	54
33	55
34	35
34	36
34	37
34	54
34	55
34	56
34	57
35	36
35	37
35	38
35	39
35	54
35	55
35	56
35	57
36	37
36	38
36	39
36	56
36	57
37	38
37	39
37	56
37	57
38	39
38	40
38	56
38	57
38	58
38	77
39	40
39	41
39	57
39	58
40	41
40	42
40	43
40	57
40	58
40	59
40	60
41	42
41	43
41	44
41	58
41	59
41	60
42	43
42	44
42	59
42	60
42	61
43	44
43	45
43	59
43	60
43	61
44	45
44	46
44	47
44	48
44	59
44	60
44	61
45	46
45	47
45	48
45	61
46	47
46	48
46	49
46	61
47	48
47	49
47	61
48	49
48	50
49	50
49	51
50	51
50	52
50	53
51	52
51	53
51	54
51	73
52	53
52	54
52	73
53	54
53	55
54	55
54	56
54	57
54	73
54	74
55	56
55	57
55	73
55	74
55	75
55	76
55	77
56	57
56	73
56	74
56	75
56	76
56	77
57	58
57	59
57	72
57	73
57	77
58	59
58	60
58	70
58	71
58	72
58	73
58	77
59	60
59	61
59	70
59	71
59	72
60	61
60	68
60	69
60	70
60	71
61	62
61	63
61	68
61	69
61	70
62	63
62	64
62	65
62	66
62	67
62	68
62	69
63	64
63	65
64	65
64	66
64	67
65	66
65	67
66	67
66	68
67	68
67	69
67	440
68	69
68	70
69	70
69	71
69	475
69	476
69	477
70	71
70	72
70	475
70	476
70	477
70	478
71	72
71	73
71	477
71	478
71	479
72	73
72	74
72	77
72	477
72	478
72	479
73	74
73	75
73	76
73	77
74	75
74	76
74	77
75	76
75	77
75	78
75	79
76	77
76	78
76	79
77	78
77	79
78	79
78	80
79	80
79	549
79	550
79	551
80	81
80	547
80	548
80	549
80	550
80	551
81	82
81	83
81	547
81	548
81	549
81	550
82	83
82	84
82	545
82	546
82	547
82	548
83	84
83	85
83	545
83	546
83	547
84	85
84	86
84	544
84	545
84	546
85	86
85	87
85	137
85	544
85	545
85	546
86	87
86	88
86	543
86	544
87	88
87	543
88	89
88	90
89	90
89	91
89	530
89	531
89	537
89	538
89	539
90	91
90	92
90	112
90	113
90	114
90	530
90	538
90	539
91	92
91	93
91	112
91	113
91	114
91	115
91	539
91	540
91	541
91	542
91	543
92	93
92	110
92	111
92	112
92	113
92	541
92	542
92	543
92	544
93	94
93	95
93	110
93	111
93	112
93	493
93	512
93	541
93	542
93	543
93	544
94	95
94	96
94	110
94	111
94	496
94	497
94	512
95	96
95	97
95	98
95	99
95	108
95	109
95	110
95	496
95	497
95	498
95	510
95	511
96	97
96	98
96	158
96	496
96	497
96	498
97	98
97	99
97	158
97	159
97	305
97	306
97	366
97	497
97	498
98	99
98	100
98	109
98	158
98	159
98	160
98	161
98	306
98	498
99	100
99	107
99	108
99	109
99	498
99	499
99	500
100	101
100	102
100	106
100	107
100	161
100	500
101	102
101	103
101	104
101	105
101	106
101	107
101	500
102	103
102	104
102	105
102	106
103	104
103	105
104	105
104	106
105	106
105	107
105	129
105	130
105	131
106	107
106	108
106	129
106	130
106	131
107	108
107	109
107	127
107	128
107	129
107	130
108	109
108	110
108	127
108	128
108	129
108	510
109	110
109	126
109	127
109	128
110	111
110	112
110	125
110	126
110	127
111	112
111	113
111	123
111	124
111	125
111	126
112	113
112	123
112	124
112	125
112	126
113	114
113	115
113	120
113	121
113	122
113	123
113	124
114	115
114	121
114	122
114	528
114	529
114	530
115	116
115	117
115	118
115	119
115	121
116	117
116	118
116	119
117	118
117	119
118	119
119	120
119	121
119	176
119	179
120	121
120	122
120	123
120	154
120	155
120	156
120	176
120	179
121	122
121	123
121	176
122	123
122	124
123	124
123	125
124	125
124	126
124	142
124	143
124	144
124	145
124	146
125	126
125	142
125	143
125	144
125	156
125	157
126	127
126	140
126	141
126	142
126	143
127	128
127	129
127	140
127	141
127	142
128	129
128	137
128	138
128	139
128	140
128	141
129	130
129	131
129	137
129	138
130	131
130	132
130	133
130	134
130	136
130	137
130	138
131	132
131	133
132	133
132	134
132	135
132	136
133	134
133	135
134	135
134	136
134	137
135	136
136	137
137	138
137	139
138	139
138	140
139	140
139	141
139	572
140	141
140	142
141	142
141	143
142	143
142	144
143	144
143	145
144	145
144	146
145	146
145	147
146	147
146	148
146	150
146	154
147	148
147	149
147	150
147	153
147	154
147	155
148	149
148	150
149	150
149	151
149	152
149	153
150	151
150	152
150	153
150	154
151	152
151	153
151	176
152	153
152	175
152	176
153	154
153	173
153	174
153	175
153	176
154	155
154	156
154	173
154	174
154	175
154	176
155	156
155	157
155	171
155	172
155	173
155	174
156	157
156	171
156	172
156	173
156	174
157	158
157	159
157	170
157	171
157	172
158	159
158	160
158	304
158	305
158	306
159	160
159	169
159	170
159	304
159	305
159	306
159	307
159	317
160	161
160	168
160	169
160	170
160	306
160	307
161	162
161	163
161	167
161	168
161	169
161	307
162	163
162	164
162	165
162	166
162	167
162	168
162	309
163	164
163	165
163	166
163	167
163	309
163	312
163	314
164	165
164	166
164	221
164	223
164	312
165	166
165	167
165	190
165	191
165	222
165	223
166	167
166	168
166	188
166	189
166	190
166	191
166	223
167	168
167	169
167	188
167	189
167	190
167	191
168	169
168	186
168	187
168	188
168	189
169	170
169	171
169	186
169	187
169	188
170	171
170	172
170	184
170	185
170	186
170	187
170	304
171	172
171	173
171	184
171	185
171	186
171	187
172	173
172	174
172	181
172	183
172	184
172	185
173	174
173	181
173	182
173	183
173	184
174	175
174	176
174	179
174	180
174	181
174	182
175	176
175	177
175	178
175	179
175	180
175	181
176	177
176	178
176	179
177	178
177	179
178	179
178	180
179	180
179	181
180	181
180	182
181	182
181	183
181	302
182	183
182	296
183	184
183	185
183	295
183	296
184	185
184	186
184	293
184	294
184	295
184	296
184	297
185	186
185	187
185	291
185	292
185	293
185	294
186	187
186	188
186	291
186	292
186	293
187	188
187	289
187	290
187	291
187	292
188	189
188	289
188	290
188	291
189	190
189	191
189	284
189	287
189	288
189	289
189	290
190	191
190	192
190	193
190	223
190	224
190	283
190	284
191	192
191	193
191	194
191	195
191	282
191	283
191	284
192	193
192	194
192	195
192	282
192	283
192	284
193	194
193	195
193	282
193	283
193	284
194	195
194	196
194	197
194	198
194	281
194	282
194	283
195	196
195	197
195	198
195	281
195	282
195	283
196	197
196	198
196	199
196	200
196	279
196	280
196	281
196	282
197	198
197	199
197	200
197	279
197	280
197	281
197	282
198	199
198	200
198	201
198	279
198	280
198	281
199	200
199	201
199	278
199	279
199	280
200	201
200	278
200	279
200	280
201	202
201	203
201	277
201	278
201	279
202	203
202	204
202	274
202	275
202	276
202	277
202	278
203	204
203	205
203	273
203	274
203	275
203	276
203	277
204	205
204	206
204	217
204	218
204	273
204	274
205	206
205	207
205	214
205	215
205	216
205	217
205	218
205	272
205	273
206	207
206	208
206	214
206	215
206	216
206	217
206	271
206	272
206	273
207	208
207	209
207	213
207	214
207	215
207	216
207	270
207	271
207	272
208	209
208	210
208	211
208	270
208	271
209	210
209	211
209	266
209	267
209	268
209	269
209	270
210	211
210	266
210	267
210	268
211	212
211	213
211	266
212	213
212	214
212	262
212	263
212	264
212	265
212	266
213	214
213	215
213	216
213	260
213	261
213	262
213	263
214	215
214	216
214	217
214	260
214	261
214	262
215	216
215	217
215	218
215	258
215	259
215	260
215	261
216	217
216	218
216	258
216	259
216	260
216	261
217	218
217	219
217	258
217	259
217	260
218	219
218	220
218	257
218	258
218	259
219	220
219	221
219	222
219	257
219	258
220	221
220	222
220	256
220	257
221	222
221	223
221	256
221	257
222	223
222	224
222	256
222	257
223	224
223	225
223	256
224	225
224	226
224	228
225	226
225	227
225	228
225	250
225	253
226	227
226	228
226	250
226	251
226	252
226	253
227	228
227	229
227	248
227	249
227	250
227	251
228	229
228	230
228	231
228	248
228	249
228	250
228	287
228	288
229	230
229	231
229	232
229	247
229	248
229	249
229	250
229	282
229	283
229	286
229	287
230	231
230	232
230	233
230	246
230	247
230	248
230	249
230	250
230	280
230	281
230	282
231	232
231	233
231	246
231	247
231	248
231	249
231	250
231	280
231	281
231	282
232	233
232	234
232	235
232	243
232	244
232	245
232	246
232	247
232	280
232	281
232	282
233	234
233	235
233	236
233	237
233	242
233	243
233	244
233	245
233	246
233	279
233	280
233	281
234	235
234	236
234	237
234	243
234	244
234	245
234	278
234	279
234	280
235	236
235	237
235	243
235	244
235	245
235	278
235	279
235	280
236	237
236	238
236	278
236	279
237	238
237	239
237	242
237	243
237	244
237	273
237	278
238	239
238	240
238	273
239	240
239	241
239	242
239	271
239	272
239	273
240	241
240	242
241	242
241	243
241	244
241	263
241	264
241	265
242	243
242	244
242	263
243	244
243	245
243	246
244	245
244	246
245	246
245	247
246	247
247	248
247	249
248	249
248	250
248	251
248	261
249	250
249	251
249	261
250	251
250	252
250	259
250	260
250	261
251	252
251	260
251	261
251	262
252	253
252	254
252	259
252	260
253	254
253	255
253	258
253	259
253	260
254	255
254	258
254	259
255	256
255	257
255	258
255	259
256	257
256	258
257	258
258	259
259	260
260	261
260	262
261	262
261	263
262	263
262	264
263	264
263	265
264	265
265	266
266	267
266	268
267	268
267	269
268	269
268	270
269	270
269	271
270	271
270	272
271	272
271	273
272	273
272	274
273	274
273	275
273	276
274	275
274	276
275	276
275	277
276	277
276	278
277	278
278	279
279	280
279	281
280	281
280	282
281	282
281	283
282	283
283	284
283	285
283	286
283	287
284	285
284	286
284	287
285	286
285	287
286	287
286	288
287	288
287	289
288	289
288	290
289	290
289	291
290	291
290	292
291	292
291	293
292	293
292	294
292	341
292	342
292	343
293	294
293	295
294	295
294	296
294	297
294	342
294	343
295	296
295	297
296	297
296	298
297	298
297	299
297	300
297	301
298	299
298	300
298	301
299	300
299	301
299	302
299	321
300	301
300	302
300	321
301	302
301	303
301	319
301	320
301	321
302	303
302	320
302	321
302	322
302	323
303	304
303	305
303	319
303	320
303	321
304	305
304	317
304	318
304	319
304	320
305	306
305	307
305	317
305	318
305	319
305	364
305	365
306	307
306	308
306	317
306	318
306	365
306	366
306	367
307	308
307	309
307	316
307	317
307	318
307	367
307	368
308	309
308	310
308	315
308	316
308	317
308	367
308	368
308	369
309	310
309	311
309	314
309	315
309	316
309	369
310	311
310	314
310	315
310	316
310	369
311	312
311	313
311	314
311	315
312	313
312	314
313	314
313	335
313	336
313	337
313	338
314	315
314	334
314	335
314	336
314	337
315	316
315	317
315	333
315	334
315	335
316	317
316	318
316	331
316	332
316	333
316	334
317	318
317	319
317	331
317	332
317	333
318	319
318	330
318	331
318	332
318	365
318	366
318	367
319	320
319	329
319	330
319	331
319	364
319	365
320	321
320	322
320	328
320	329
320	330
320	363
320	364
321	322
321	323
321	327
321	328
321	329
322	323
322	324
322	327
322	328
323	324
324	325
324	326
324	327
325	326
325	327
326	327
326	328
327	328
327	329
327	359
327	360
328	329
328	330
328	350
328	359
329	330
329	350
329	351
329	352
329	359
329	362
329	363
330	331
330	349
330	350
330	351
330	352
331	332
331	333
331	347
331	348
331	349
331	350
332	333
332	334
332	345
332	346
332	347
332	348
332	349
333	334
333	335
333	345
333	346
333	347
333	348
334	335
334	336
334	337
334	341
334	344
334	345
334	346
335	336
335	337
335	345
336	337
336	338
336	339
336	340
336	341
337	338
337	339
337	340
337	341
338	339
338	340
338	341
339	340
339	341
340	341
340	342
340	343
340	344
341	342
341	343
341	344
342	343
342	344
342	345
343	344
343	345
344	345
345	346
345	347
345	348
346	347
346	348
346	349
347	348
347	349
347	350
348	349
348	350
349	350
349	351
349	352
349	397
349	398
350	351
350	352
350	353
351	352
351	353
351	354
351	355
351	356
351	358
352	353
352	354
352	355
352	356
352	358
353	354
353	355
353	356
353	357
353	358
353	359
354	355
354	356
354	357
354	358
354	359
355	356
355	357
355	358
355	359
356	357
356	358
356	359
357	358
357	359
357	360
358	359
358	360
358	389
359	360
359	361
359	362
360	361
360	362
361	362
361	380
361	381
361	382
361	387
362	363
362	378
362	379
362	380
362	381
363	364
363	365
363	378
363	379
363	380
364	365
364	366
364	378
364	379
364	415
365	366
365	367
365	376
365	377
365	378
365	379
366	367
366	376
366	377
366	378
366	416
366	417
367	368
367	374
367	375
367	376
367	377
368	369
368	370
368	374
368	375
368	376
369	370
369	371
369	372
369	373
369	374
369	375
370	371
370	372
370	373
370	374
371	372
371	373
372	373
372	374
372	394
373	374
373	375
373	392
373	393
373	394
374	375
374	376
374	392
374	393
374	394
374	396
375	376
375	377
375	391
375	392
375	393
376	377
376	378
376	390
376	391
376	392
377	378
377	379
377	388
377	389
377	390
377	391
377	416
378	379
378	380
378	388
378	389
378	390
378	415
379	380
379	381
379	387
379	388
379	412
379	413
379	414
379	415
379	416
380	381
380	382
380	387
380	388
380	411
380	412
380	413
381	382
381	387
381	412
381	413
382	383
382	384
382	385
382	387
382	412
383	384
383	385
383	410
383	411
383	412
383	441
383	442
383	443
384	385
384	386
384	410
384	441
384	442
385	386
385	387
385	410
386	387
386	410
387	388
387	389
387	407
387	410
387	411
387	412
388	389
388	406
388	407
388	410
388	411
388	412
389	390
389	391
389	404
389	405
389	406
389	407
390	391
390	403
390	404
390	405
390	406
391	392
391	393
391	400
391	401
391	402
391	403
391	404
391	405
392	393
392	400
392	401
392	402
392	403
393	394
393	395
393	396
393	397
393	399
393	400
393	401
393	402
394	395
394	396
395	396
395	397
395	398
395	399
396	397
396	398
397	398
397	399
397	400
398	399
398	400
399	400
400	401
400	402
400	403
401	402
401	403
402	403
403	404
403	405
404	405
404	406
404	407
404	468
404	469
405	406
405	407
405	468
406	407
406	408
407	408
407	409
407	410
407	411
407	469
407	470
408	409
408	410
408	470
409	410
409	411
409	440
409	441
410	411
410	412
410	441
411	412
411	439
411	441
412	413
412	414
412	439
413	414
413	433
414	415
414	416
414	431
414	432
414	433
414	495
414	496
415	416
415	417
415	431
415	496
416	417
416	418
416	428
416	429
416	430
416	431
417	418
417	428
417	429
417	430
417	497
417	498
417	499
418	419
418	420
418	425
418	426
418	427
418	428
418	429
418	430
418	499
419	420
419	421
419	425
419	426
419	427
419	428
419	429
419	499
419	500
420	421
420	422
420	424
420	425
420	426
420	427
421	422
421	423
421	424
421	425
422	423
422	424
423	424
423	425
423	463
423	464
424	425
424	426
424	427
424	460
424	461
424	462
424	463
424	464
425	426
425	427
425	428
425	429
425	460
425	461
425	462
425	463
425	464
426	427
426	428
426	429
426	430
426	459
426	460
426	461
426	462
427	428
427	429
427	430
427	459
427	460
427	461
427	462
428	429
428	430
428	431
428	458
428	459
428	460
429	430
429	431
429	458
429	459
429	460
430	431
430	457
430	458
430	459
430	509
431	432
431	433
431	456
431	457
431	458
431	495
432	433
432	434
432	455
432	456
432	457
432	494
432	495
433	434
433	435
433	436
433	438
433	439
433	454
433	455
433	456
434	435
434	436
434	454
434	492
434	494
434	495
435	436
435	437
435	438
435	446
435	447
435	448
435	452
435	453
435	454
435	485
436	437
436	438
436	447
436	452
436	453
436	454
436	455
437	438
437	439
437	443
437	454
438	439
438	440
438	443
438	444
438	445
438	446
438	447
439	440
439	441
439	443
440	441
440	442
440	443
441	442
441	443
442	443
442	444
443	444
443	445
444	445
444	446
444	447
445	446
445	447
445	448
446	447
446	448
447	448
448	449
448	450
448	487
448	490
449	450
449	451
449	487
449	488
449	489
449	490
450	451
450	452
450	486
450	487
450	488
451	452
451	485
451	486
451	487
452	453
452	454
452	484
452	485
452	486
453	454
453	455
453	482
453	483
453	484
453	485
454	455
454	456
454	482
454	483
454	484
454	485
455	456
455	457
455	478
455	480
455	481
455	482
455	483
456	457
456	478
456	479
456	480
456	481
456	482
457	458
457	459
457	476
457	477
457	478
457	479
458	459
458	476
458	477
458	478
459	460
459	461
459	462
459	473
459	474
459	475
459	476
459	477
460	461
460	462
460	463
461	462
461	463
461	464
461	469
461	473
461	474
462	463
462	464
462	469
462	473
462	474
463	464
463	465
463	466
463	467
464	465
464	466
464	467
465	466
465	467
466	467
466	468
467	468
467	469
468	469
468	470
469	470
469	471
469	472
469	473
469	474
470	471
470	472
470	473
470	474
471	472
471	473
471	474
471	475
472	473
472	474
472	475
473	474
473	475
473	476
474	475
474	476
475	476
475	477
476	477
476	478
477	478
477	479
478	479
478	480
478	481
479	480
479	481
480	481
480	482
480	483
481	482
481	483
482	483
482	484
483	484
483	485
483	513
483	514
484	485
484	486
484	513
484	514
484	515
485	486
485	487
485	492
485	494
485	514
485	515
486	487
486	488
486	514
486	515
486	516
486	517
486	518
487	488
487	489
487	490
488	489
488	490
488	518
488	519
489	490
489	491
490	491
490	492
491	492
491	493
492	493
492	494
493	494
493	495
493	512
493	513
493	514
493	541
493	542
494	495
494	496
494	511
494	512
494	513
494	514
495	496
495	497
495	511
495	512
495	513
496	497
496	511
496	512
497	498
497	509
497	510
497	511
497	512
498	499
498	509
498	510
498	511
499	500
499	508
499	509
499	510
500	501
500	502
500	507
500	508
500	509
501	502
501	503
501	506
501	507
501	508
502	503
502	504
502	505
502	506
502	507
503	504
503	505
503	506
504	505
504	506
504	551
504	552
504	553
504	554
504	555
505	506
505	507
505	551
505	552
505	553
505	554
506	507
506	508
506	548
506	549
506	550
506	551
506	552
507	508
507	509
507	548
507	549
507	550
507	551
507	552
508	509
508	510
508	546
508	547
508	548
508	549
508	550
509	510
509	511
509	546
509	547
509	548
510	511
510	544
510	545
510	546
510	547
511	512
511	513
511	544
511	545
511	546
512	513
512	514
512	541
512	542
512	543
512	544
512	545
513	514
513	541
513	542
513	543
513	544
513	545
514	515
514	516
514	540
514	541
514	542
514	543
515	516
515	517
515	540
516	517
516	518
517	518
517	519
517	537
517	540
518	519
518	520
518	540
519	520
519	521
519	537
519	538
519	539
519	540
520	521
520	522
520	523
520	524
520	525
520	526
521	522
521	523
521	524
521	525
521	526
521	528
522	523
522	526
523	524
523	525
523	526
524	525
524	526
525	526
525	527
525	528
525	529
526	527
526	528
527	528
527	529
528	529
528	530
529	530
529	531
529	532
529	533
529	534
529	538
530	531
530	532
530	533
530	534
530	538
530	539
531	532
531	533
531	534
531	535
531	536
531	538
532	533
532	534
532	535
532	536
532	537
532	538
533	534
533	535
533	536
533	537
533	538
534	535
534	536
534	537
534	538
535	536
535	537
535	538
536	537
536	538
537	538
537	539
538	539
538	540
539	540
539	541
539	542
540	541
540	542
540	543
541	542
541	543
542	543
543	544
543	545
544	545
544	546
545	546
545	547
546	547
546	548
547	548
547	549
547	550
548	549
548	550
548	551
549	550
549	551
549	552
550	551
550	552
551	552
551	553
552	553
553	554
553	555
554	555
554	556
555	556
555	557
556	557
557	558
557	559
558	559
558	560
559	560
559	561
560	561
560	562
561	562
562	563
562	564
562	565
563	564
563	565
563	566
564	565
564	566
565	566
565	567
566	567
566	568
567	568
567	569
568	569
568	570
569	570
569	571
570	571
570	572
570	573
570	574
570	575
571	572
571	573
571	574
572	573
572	574
573	574
573	575
573	587
574	575
574	576
574	587
574	589
575	576
575	577
575	585
575	586
575	587
576	577
576	578
576	579
576	585
576	586
576	587
577	578
577	579
577	580
577	583
577	584
577	585
577	586
578	579
578	580
578	581
578	582
578	583
578	584
578	585
578	586
579	580
579	581
579	582
579	583
579	584
579	585
579	586
580	581
580	582
580	583
581	582
581	583
581	584
582	583
582	584
583	584
583	585
584	585
584	586
585	586
585	587
586	587
586	588
587	588
587	589
588	589
588	590
589	590
589	591
589	592
590	591
590	592
591	592
591	593
591	594
592	593
592	594
593	594
593	595
594	595
594	596
595	596
595	597
596	597
596	598
597	598
597	599
598	599
598	600
599	600
599	601
600	601
600	602
601	602
601	603
602	603
602	604
603	604
603	605
603	606
604	605
604	606
604	607
605	606
605	607
605	608
605	616
606	607
606	608
606	616
607	608
607	609
607	616
608	609
608	610
608	613
608	614
608	615
608	616
609	610
609	613
609	615
609	616
610	611
610	612
610	613
610	614
610	615
610	616
610	617
611	612
611	613
611	614
611	615
612	613
612	614
613	614
613	615
614	615
615	616
615	617
616	617
617	618
617	619
618	619
618	620
619	620
619	621
620	621
620	622
620	625
621	622
621	623
621	624
621	625
622	623
622	624
622	625
623	624
624	625
624	626
625	626
625	627
626	627
626	628
627	628
628	629
628	630
629	630
629	631
629	640
629	641
630	631
630	632
631	632
631	633
631	636
631	639
632	633
632	634
632	635
632	636
632	639
633	634
633	635
633	636
634	635
634	636
635	636
635	637
635	638
636	637
636	638
636	639
636	663
636	664
637	638
637	639
637	663
637	664
637	665
638	639
638	640
638	664
639	640
639	660
639	661
639	663
639	664
640	641
640	642
640	658
640	659
640	660
640	661
641	642
641	643
641	658
641	659
641	660
642	643
642	644
642	656
642	657
642	658
642	659
643	644
643	656
643	657
643	658
644	645
644	646
644	654
644	655
644	656
644	657
645	646
645	654
645	655
645	656
646	647
646	648
646	653
646	654
647	648
647	653
648	649
648	650
648	653
649	650
649	651
650	651
650	652
650	653
651	652
651	653
651	654
651	655
651	656
652	653
652	654
653	654
654	655
654	656
655	656
655	674
655	675
656	657
656	658
656	673
656	674
656	675
657	658
657	659
657	672
657	673
657	674
658	659
658	660
658	671
658	672
658	673
659	660
659	661
659	670
659	671
660	661
660	662
660	664
660	666
660	667
660	668
660	669
660	670
660	671
661	662
661	663
661	664
661	667
661	668
661	669
662	663
662	664
662	667
662	668
662	669
663	664
663	665
663	667
663	668
664	665
664	666
664	667
664	668
665	666
665	667
665	668
666	667
666	668
666	669
666	670
667	668
667	669
667	670
668	669
668	670
669	670
669	671
670	671
670	672
671	672
671	673
672	673
672	674
673	674
673	675
674	675
675	676
675	677
675	678
676	677
676	678
677	678
677	679
678	679
678	680
679	680
679	681
680	681
680	682
681	682
681	683
682	683
683	684
683	685
684	685
684	686
685	686
686	687
686	688
687	688
687	689
687	690
687	693
688	689
688	690
689	690
689	691
689	692
690	691
690	692
691	692
691	693
692	693
692	694
693	694
694	695
694	696
695	696
695	697
696	697
696	700
696	701
696	702
697	698
697	699
697	700
697	701
698	699
698	700
698	701
699	700
699	701
700	701
700	702
701	702
701	703
702	703
702	704
703	704
704	705
704	706
705	706
705	707
706	707
707	708
707	709
707	710
707	711
708	709
708	710
709	710
709	711
709	712
710	711
710	712
711	712
711	713
712	713
712	714
713	714
713	715
714	715
