0	1
0	2
0	3
0	8
1	2
1	3
2	3
2	4
2	30
2	31
2	32
3	4
3	5
3	6
3	7
3	31
3	32
3	33
4	5
4	6
4	31
4	32
4	33
5	6
5	7
5	33
5	34
6	7
6	34
7	8
7	9
7	10
7	11
8	9
8	10
8	11
8	16
9	10
9	11
10	11
10	12
11	12
11	13
11	15
11	16
12	13
12	14
12	15
12	16
12	180
12	181
13	14
13	15
13	16
13	17
14	15
14	16
14	17
14	18
15	16
15	17
15	18
15	19
16	17
16	18
16	19
16	20
17	18
17	19
17	20
17	21
18	19
18	20
18	21
18	22
19	20
19	21
19	22
19	23
20	21
20	22
20	23
20	24
20	25
21	22
21	23
21	24
21	25
21	26
22	23
22	24
22	25
22	26
22	27
23	24
23	25
23	26
23	27
23	28
23	29
24	25
24	26
24	27
24	28
25	26
25	27
25	28
26	27
26	28
26	124
26	125
26	126
27	28
27	29
27	124
27	125
27	126
27	127
27	128
27	129
28	29
28	30
28	126
28	127
28	128
28	129
29	30
29	31
29	32
29	128
29	129
29	130
29	131
29	132
29	133
30	31
30	129
30	130
30	131
30	132
31	32
31	33
31	131
31	132
31	133
32	33
32	34
32	132
32	133
32	134
33	34
33	35
33	132
33	133
33	134
33	135
34	35
34	36
34	134
34	135
34	136
35	36
35	37
35	134
35	135
35	136
35	172
36	37
36	38
36	172
36	173
37	38
37	39
37	42
37	166
37	171
37	172
37	173
38	39
38	40
38	41
38	42
38	43
39	40
39	41
39	42
39	43
39	44
40	41
40	42
40	43
40	44
40	45
41	42
41	43
41	44
41	45
42	43
42	44
42	45
42	46
43	44
43	45
43	46
43	47
43	163
44	45
44	46
44	47
44	48
45	46
45	47
45	48
45	49
46	47
46	48
46	49
46	50
46	159
47	48
47	49
47	50
47	51
48	49
48	50
48	51
48	52
48	53
49	50
49	51
49	52
49	53
49	54
50	51
50	52
50	53
50	54
50	55
50	56
50	57
51	52
51	53
51	54
51	55
51	56
51	57
51	58
52	53
52	54
52	55
53	54
53	55
54	55
54	56
55	56
55	57
55	58
55	204
56	57
56	69
56	204
56	205
57	58
57	59
57	67
57	68
57	69
58	59
58	60
58	67
58	68
58	69
59	60
59	61
59	66
59	67
59	68
60	61
60	62
60	63
60	66
60	67
60	68
60	362
60	363
61	62
61	63
61	362
61	363
62	63
62	361
62	362
62	363
63	64
63	65
63	66
63	348
63	349
63	363
64	65
64	66
64	348
64	349
64	350
65	66
65	67
65	349
65	350
66	67
66	349
66	350
66	351
66	352
67	68
67	69
67	351
67	352
67	353
68	69
68	70
68	352
68	353
68	354
69	70
69	71
69	353
69	354
69	355
70	71
70	203
70	354
70	355
70	382
71	72
71	73
71	75
71	76
71	203
71	205
71	355
72	73
72	74
72	75
72	202
72	203
72	205
73	74
73	75
73	76
74	75
74	76
74	209
75	76
75	77
75	207
75	209
75	228
75	230
76	77
76	230
77	78
77	79
77	230
77	231
77	399
78	79
78	80
78	230
78	231
78	232
78	233
79	80
79	81
79	82
79	83
80	81
80	82
80	83
80	473
81	82
81	83
82	83
82	84
82	212
82	213
82	214
83	84
83	108
83	213
83	214
83	215
84	85
84	86
84	108
84	109
84	110
84	214
84	215
84	216
85	86
85	87
85	95
85	108
85	109
85	110
85	215
85	216
85	217
86	87
86	88
86	89
86	109
86	110
86	111
86	112
86	113
86	216
86	217
87	88
87	89
87	90
87	91
87	94
87	95
87	111
87	112
87	113
87	217
88	89
88	90
88	91
88	111
88	112
88	113
89	90
89	91
89	111
89	112
89	113
90	91
90	92
90	93
90	94
91	92
91	93
91	94
91	95
91	96
91	109
92	93
92	94
92	95
92	96
92	97
92	98
92	478
93	94
93	95
93	96
93	97
93	98
93	478
94	95
94	96
94	477
94	478
95	96
95	107
95	109
95	476
95	477
95	478
96	97
96	98
96	106
96	107
96	477
96	478
96	479
97	98
97	99
97	478
97	479
97	480
97	590
97	591
97	594
98	99
98	100
99	100
99	101
99	102
99	103
99	104
99	589
99	590
99	591
99	592
100	101
100	102
100	588
100	589
100	590
100	592
101	102
101	589
102	103
102	104
102	589
103	104
103	105
104	105
104	106
104	107
104	590
105	106
105	107
106	107
106	472
106	473
106	475
106	479
107	108
107	109
107	473
107	475
108	109
108	110
109	110
109	111
110	111
110	112
110	113
110	115
110	116
111	112
111	113
111	114
111	115
111	116
112	113
112	114
112	115
112	116
112	117
113	114
113	115
113	116
113	117
114	115
114	116
114	117
114	118
115	116
115	117
115	118
115	119
116	117
116	118
116	119
116	120
117	118
117	119
117	120
117	121
118	119
118	120
118	121
118	122
119	120
119	121
119	122
119	123
120	121
120	122
120	123
120	124
121	122
121	123
121	124
121	125
122	123
122	124
123	124
123	125
123	127
124	125
124	126
124	127
125	126
125	127
126	127
126	128
126	129
126	194
127	128
127	129
127	192
127	193
127	194
128	129
128	130
128	131
128	157
128	194
129	130
129	131
129	194
129	195
130	131
130	194
130	195
131	132
131	133
131	157
132	133
132	134
132	157
133	134
133	135
133	155
133	156
133	157
134	135
134	136
134	155
134	156
134	157
135	136
135	137
135	153
135	154
135	155
135	156
136	137
136	138
136	153
136	154
136	155
136	162
136	171
136	172
137	138
137	152
137	153
137	154
137	171
137	172
137	175
137	176
138	139
138	140
138	151
138	152
138	153
138	169
138	170
138	171
138	172
138	175
139	140
139	141
139	143
139	148
139	149
139	150
139	151
139	152
139	169
139	170
139	171
139	175
140	141
140	142
140	148
140	149
140	150
140	151
140	169
140	170
140	237
140	324
140	325
141	142
141	143
141	145
141	148
141	149
141	150
141	322
141	323
141	324
141	325
142	143
142	144
142	145
142	148
142	417
142	419
143	144
143	145
143	148
144	145
144	146
144	419
145	146
145	147
145	148
145	419
145	420
146	147
146	148
146	419
147	148
147	149
147	150
148	149
148	150
148	151
148	324
149	150
149	151
149	152
150	151
150	152
151	152
151	179
151	184
151	185
152	153
152	154
152	184
152	185
152	186
152	187
153	154
153	155
153	184
153	185
153	186
153	187
154	155
154	156
154	186
154	187
154	188
155	156
155	187
155	188
155	189
156	157
156	158
156	188
156	189
156	190
157	158
157	159
157	190
157	191
158	159
158	160
158	161
158	162
158	191
159	160
159	161
159	162
159	163
160	161
160	162
160	163
160	164
161	162
161	163
161	164
161	165
161	234
161	235
162	163
162	164
162	165
162	166
163	164
163	165
163	166
163	167
164	165
164	166
164	167
164	168
164	403
165	166
165	167
165	168
165	169
165	235
166	167
166	168
166	169
166	170
166	171
167	168
167	169
167	326
167	327
167	404
167	405
168	169
168	325
168	326
168	327
168	328
169	170
169	171
169	325
169	326
169	327
170	171
170	326
171	172
171	175
172	173
172	174
172	175
173	174
173	175
173	176
173	177
174	175
174	176
174	177
174	178
175	176
175	177
175	178
175	179
176	177
176	178
176	179
176	180
177	178
177	179
177	180
178	179
178	180
179	180
179	181
179	182
180	181
180	182
181	182
181	183
182	183
182	184
183	184
184	185
184	186
185	186
185	187
185	221
185	222
186	187
186	188
186	221
186	222
186	223
187	188
187	189
187	222
187	223
187	224
187	236
188	189
188	223
188	224
188	225
189	190
189	191
189	224
189	225
189	226
189	234
190	191
190	192
190	225
190	226
190	227
191	192
191	193
191	206
191	207
191	208
191	226
191	227
191	228
191	229
192	193
192	194
192	207
192	208
192	226
192	227
193	194
193	195
193	197
193	206
193	207
193	208
194	195
194	196
194	197
195	196
195	197
196	197
196	198
197	198
197	199
197	200
198	199
198	200
199	200
199	201
200	201
200	202
201	202
201	203
201	204
201	205
201	206
202	203
202	204
202	205
203	204
203	205
204	205
204	206
205	206
205	207
206	207
207	208
207	209
207	227
207	228
207	229
208	209
208	210
208	211
208	212
208	227
208	228
209	210
209	211
209	212
209	227
209	228
210	211
210	212
211	212
211	213
211	227
212	213
212	214
212	226
212	227
212	228
213	214
213	215
213	225
213	226
213	227
214	215
214	224
214	225
214	226
214	233
215	216
215	217
215	223
215	224
215	225
216	217
216	218
216	222
216	223
216	224
217	218
217	219
217	220
217	221
217	222
217	223
218	219
218	220
218	221
218	222
218	245
219	220
219	221
220	221
220	222
221	222
222	223
222	224
223	224
223	225
223	240
224	225
224	226
225	226
225	233
225	234
226	227
226	228
227	228
227	229
228	229
228	230
228	233
228	234
229	230
229	231
229	233
229	234
230	231
230	232
230	233
230	234
231	232
231	233
231	234
231	235
232	233
232	234
232	235
232	236
232	238
232	239
233	234
233	235
233	236
234	235
234	236
235	236
235	237
235	238
236	237
236	238
236	239
236	240
236	241
237	238
237	239
237	240
237	241
237	242
238	239
238	240
238	241
238	242
239	240
239	241
239	242
239	243
239	244
240	241
240	242
240	243
240	244
240	245
241	242
241	243
241	244
241	245
241	246
242	243
242	244
242	245
242	246
242	258
243	244
243	245
243	246
243	247
243	258
243	259
243	474
243	476
244	245
244	246
244	247
244	248
244	474
244	475
244	476
245	246
245	247
245	248
245	249
245	476
246	247
246	248
246	249
246	250
246	258
247	248
247	249
247	250
247	251
247	252
247	257
247	258
247	475
247	476
248	249
248	250
248	251
248	252
248	253
248	476
248	477
249	250
249	251
249	252
249	253
249	254
250	251
250	252
250	253
250	254
250	255
250	256
250	257
250	258
251	252
251	253
251	254
251	255
251	256
251	257
251	485
252	253
252	254
252	255
252	256
252	257
252	485
253	254
253	255
254	255
254	256
255	256
256	257
256	311
256	312
257	258
257	259
257	310
257	311
257	312
258	259
258	309
258	310
258	311
259	260
259	261
259	308
259	309
259	310
260	261
260	279
260	307
260	308
260	309
260	470
260	471
261	262
261	263
261	277
261	278
261	279
261	307
261	308
261	309
262	263
262	264
262	277
262	278
262	279
262	286
262	290
262	305
262	306
262	307
262	308
262	309
263	264
263	275
263	276
263	277
263	278
263	290
263	303
263	304
263	305
263	306
263	309
264	265
264	266
264	275
264	276
264	277
264	290
264	301
264	302
264	303
264	304
264	305
265	266
265	267
265	273
265	274
265	275
265	276
265	301
265	302
265	303
265	413
266	267
266	268
266	273
266	274
266	275
266	300
266	301
266	302
267	268
267	269
267	271
267	272
267	273
267	274
267	299
267	300
267	301
268	269
268	270
268	271
268	272
268	273
268	298
268	299
268	300
269	270
269	271
269	298
269	299
270	271
270	272
271	272
271	273
272	273
273	274
274	275
274	276
274	425
275	276
275	277
275	422
275	423
275	424
275	425
276	277
276	278
276	424
276	425
276	426
276	427
277	278
277	424
277	426
277	427
277	428
278	279
278	280
278	427
278	428
278	429
279	280
279	281
279	428
279	429
279	430
279	469
279	470
280	281
280	282
280	284
280	285
280	286
280	429
280	430
280	431
280	470
281	282
281	283
281	284
281	431
281	470
282	283
282	284
283	284
283	285
283	461
284	285
284	286
284	431
284	432
285	286
285	287
285	288
285	289
286	287
286	288
286	289
286	290
286	306
287	288
287	289
287	290
287	291
287	306
288	289
288	290
288	291
288	292
288	340
289	290
289	291
289	292
290	291
290	292
290	303
290	305
290	306
291	292
291	293
291	301
291	302
291	303
291	342
292	293
292	294
292	301
292	340
292	520
293	294
293	295
293	301
293	520
294	295
294	296
294	299
294	300
294	301
294	520
294	521
294	523
295	296
295	297
295	520
295	521
295	523
296	297
296	298
296	299
296	523
296	524
297	298
297	299
298	299
298	300
299	300
299	301
300	301
300	302
301	302
301	303
302	303
302	304
302	411
302	412
302	413
303	304
303	305
303	411
303	412
303	413
304	305
304	323
304	412
304	413
304	416
305	306
305	307
305	308
305	323
306	307
306	308
306	328
307	308
307	309
308	309
308	310
308	323
308	324
309	310
309	311
309	321
309	322
309	323
309	324
310	311
310	321
310	322
310	323
310	324
311	312
311	319
311	320
311	321
311	322
312	313
312	314
312	319
312	320
312	321
313	314
313	315
313	317
313	318
313	319
313	320
313	495
314	315
314	316
314	317
314	318
314	319
314	320
315	316
315	317
316	317
316	318
316	494
317	318
317	319
317	494
317	495
317	496
318	319
318	320
318	423
318	495
318	496
319	320
319	321
319	423
319	424
319	496
320	321
320	322
320	421
320	422
320	423
320	424
321	322
321	323
321	421
321	422
321	423
321	424
322	323
322	324
322	421
322	422
323	324
323	325
324	325
324	326
325	326
325	327
326	327
326	405
326	406
327	328
327	329
327	404
327	405
327	406
328	329
328	330
328	403
328	404
328	405
328	406
329	330
329	331
329	401
329	402
329	403
329	404
330	331
330	332
330	401
330	402
330	403
331	332
331	333
331	399
331	400
331	401
331	402
332	333
332	334
332	335
332	400
332	401
332	402
333	334
333	335
333	366
333	367
333	368
333	369
333	398
333	400
334	335
334	336
334	367
334	368
334	369
335	336
335	339
335	340
335	368
335	369
336	337
336	338
336	339
336	340
336	341
336	344
336	368
336	369
336	370
337	338
337	339
337	340
337	341
337	344
338	339
338	340
338	341
339	340
339	341
339	519
340	341
340	342
340	343
340	344
341	342
341	343
341	344
341	345
342	343
342	344
342	345
342	346
342	409
342	410
343	344
343	345
343	346
343	347
344	345
344	346
344	347
345	346
345	347
345	348
346	347
346	348
346	408
346	409
346	410
347	348
347	349
347	351
347	404
348	349
348	351
349	350
349	351
350	351
350	352
350	404
351	352
351	353
351	402
351	403
351	404
352	353
352	354
352	402
352	403
352	404
353	354
353	355
353	356
353	401
353	402
353	403
354	355
354	356
354	400
354	401
354	402
355	356
355	357
355	382
355	396
355	397
355	400
355	401
356	357
356	358
356	364
356	365
356	366
356	381
356	382
356	395
356	396
356	397
356	400
357	358
357	359
357	364
357	365
357	366
357	379
357	380
357	381
357	382
357	395
357	396
358	359
358	360
358	362
358	363
358	364
358	365
358	379
358	380
358	381
359	360
359	361
359	362
359	363
359	364
359	365
359	377
359	378
359	379
359	380
360	361
360	362
360	377
360	378
360	379
361	362
361	363
361	377
362	363
362	364
363	364
364	365
365	366
365	369
366	367
366	368
366	369
366	395
366	396
367	368
367	369
367	394
367	395
367	396
368	369
368	370
369	370
369	371
370	371
370	372
371	372
371	373
372	373
372	374
373	374
373	375
373	377
374	375
374	376
374	377
375	376
375	377
376	377
376	378
377	378
377	379
378	379
379	380
379	381
379	386
379	387
379	388
380	381
380	382
380	384
380	385
380	386
380	387
381	382
381	383
381	384
381	385
381	386
381	387
381	395
381	396
382	383
382	384
382	395
382	396
382	397
383	384
383	385
384	385
384	386
385	386
385	387
386	387
387	388
387	391
387	395
388	389
388	390
388	391
389	390
389	391
390	391
390	392
391	392
391	393
392	393
392	394
393	394
393	395
394	395
394	396
394	397
395	396
395	397
396	397
396	398
396	400
397	398
397	399
397	400
398	399
398	400
399	400
399	401
400	401
401	402
401	403
402	403
402	404
403	404
404	405
404	406
405	406
405	407
405	408
406	407
406	408
406	409
407	408
407	409
407	412
408	409
408	410
409	410
409	411
409	412
410	411
410	412
411	412
411	413
412	413
412	414
412	416
413	414
413	415
413	416
414	415
414	416
415	416
415	417
415	418
415	422
416	417
416	418
417	418
417	419
418	419
418	420
418	421
419	420
419	421
420	421
420	422
421	422
421	423
422	423
422	424
423	424
423	425
424	425
424	426
424	498
425	426
425	498
425	499
426	427
426	428
426	498
426	499
426	500
427	428
427	429
427	498
427	499
427	500
427	501
428	429
428	430
428	500
428	501
428	502
429	430
429	453
429	469
429	501
429	502
429	503
430	431
430	456
430	502
430	503
430	504
431	432
431	433
431	457
431	458
431	504
432	433
432	434
432	458
432	459
432	504
432	505
432	506
433	434
433	435
433	437
433	458
433	459
433	504
433	506
433	507
434	435
434	506
434	507
434	508
435	436
435	437
435	507
435	508
436	437
436	438
436	571
436	572
436	575
437	438
437	439
437	504
438	439
438	440
438	504
438	568
438	569
438	570
438	571
439	440
439	503
439	504
439	505
439	568
439	569
440	441
440	502
440	503
440	504
440	549
441	442
441	443
441	501
441	502
441	503
441	547
441	548
441	549
442	443
442	444
442	500
442	501
442	502
442	547
442	548
442	549
443	444
443	445
443	448
443	449
443	500
443	501
443	547
443	548
444	445
444	448
444	547
445	446
445	447
445	448
445	449
446	447
446	448
446	449
446	450
447	448
447	449
447	450
447	451
447	487
447	598
448	449
448	450
448	451
448	452
448	602
449	450
449	451
449	452
449	453
449	500
450	451
450	452
450	453
450	454
450	486
450	487
451	452
451	453
451	454
451	455
451	599
451	602
452	453
452	454
452	455
452	456
453	454
453	455
453	456
453	468
453	469
454	455
454	456
454	468
454	469
455	456
455	457
455	468
455	583
456	457
456	458
456	466
456	467
456	468
456	469
457	458
457	464
457	465
457	466
457	467
458	459
458	460
458	464
458	465
458	466
458	467
459	460
459	461
459	462
459	463
459	464
459	465
460	461
460	462
460	463
460	464
460	465
462	463
462	464
463	464
463	465
464	465
464	466
465	466
465	467
466	467
466	468
467	468
467	469
467	470
467	471
467	472
468	469
468	470
468	471
468	472
469	470
469	471
470	471
470	472
471	472
471	473
471	474
471	475
472	473
472	474
472	475
473	474
473	475
474	475
474	476
475	476
475	477
475	479
476	477
477	478
477	479
478	479
478	480
478	481
478	482
479	480
479	481
479	482
479	483
480	481
480	482
480	483
480	484
480	591
480	594
480	595
480	596
481	482
481	483
481	484
481	485
481	594
482	483
482	484
482	485
482	486
483	484
483	485
483	486
483	487
484	485
484	486
484	487
484	488
484	596
485	486
485	487
485	488
485	489
486	487
486	488
486	489
487	488
487	489
487	490
488	489
488	490
488	491
489	490
489	491
489	492
490	491
490	492
490	495
491	492
491	493
492	493
492	494
492	495
493	494
493	495
494	495
494	496
495	496
495	497
496	497
496	498
497	498
497	499
498	499
498	500
499	500
499	501
499	533
500	501
501	502
501	503
502	503
503	504
503	505
504	505
504	506
504	507
505	506
505	507
505	516
505	518
506	507
506	508
506	514
507	508
507	509
507	514
507	515
508	509
508	510
508	512
508	513
508	514
508	515
509	510
509	511
509	512
509	513
509	514
509	515
510	511
510	512
511	512
511	513
512	513
512	514
513	514
513	515
514	515
514	516
514	517
515	516
515	517
515	563
515	564
515	568
516	517
516	518
516	563
517	518
517	519
517	521
518	519
518	520
518	521
518	522
519	520
519	521
519	522
520	521
520	522
520	523
521	522
521	523
521	524
522	523
522	524
522	525
522	526
523	524
523	525
523	526
523	527
524	525
524	526
524	527
524	528
524	555
524	556
525	526
525	527
525	528
525	529
526	527
526	528
526	529
526	530
527	528
527	529
527	530
527	531
528	529
528	530
528	531
528	532
528	555
529	530
529	531
529	532
529	533
530	531
530	532
530	533
530	534
530	535
531	532
531	533
531	534
531	535
531	536
531	537
531	538
532	533
532	534
532	535
532	536
532	537
532	538
532	540
533	534
533	535
533	536
534	535
534	536
534	537
534	538
535	536
535	537
535	538
536	537
536	538
536	539
537	538
537	539
537	540
538	539
538	540
539	540
539	541
540	541
540	550
540	551
540	554
541	542
541	543
541	548
541	549
541	550
541	551
542	543
542	544
542	548
542	549
542	550
542	551
543	544
543	547
543	548
543	549
544	545
544	546
544	547
544	548
544	549
545	546
545	547
545	606
545	609
545	610
546	547
546	606
547	548
547	549
548	549
548	550
549	550
549	551
550	551
550	552
550	554
550	555
551	552
551	553
551	554
552	553
552	554
553	554
553	555
554	555
554	556
555	556
555	557
556	557
556	558
557	558
557	559
557	560
558	559
558	560
559	560
559	561
560	561
560	562
560	563
561	562
561	563
562	563
562	564
563	564
563	565
564	565
564	566
564	567
564	568
565	566
565	567
565	568
565	569
566	567
566	568
566	569
566	570
567	568
567	569
567	570
568	569
568	570
569	570
569	571
570	571
570	572
571	572
571	573
572	573
572	574
572	575
572	576
573	574
573	575
573	576
573	577
573	610
573	613
574	575
574	576
574	577
574	578
575	576
575	577
575	578
575	579
576	577
576	578
576	579
576	580
576	610
577	578
577	579
577	580
577	581
577	610
578	579
578	580
578	581
578	582
579	580
579	581
579	582
579	583
580	581
580	582
580	583
580	584
580	607
581	582
581	583
581	584
581	585
582	583
582	584
582	585
582	586
583	584
583	585
583	586
583	587
584	585
584	586
584	587
584	588
585	586
585	587
585	588
585	589
586	587
586	588
586	589
586	590
587	588
587	589
587	590
587	591
587	592
588	589
588	590
588	591
588	592
589	590
589	591
589	592
590	591
590	592
591	592
591	593
591	594
591	595
592	593
592	594
592	595
593	594
593	595
594	595
594	596
595	596
595	597
595	599
596	597
596	598
596	599
596	600
597	598
597	599
597	600
597	601
598	599
598	600
598	601
598	602
599	600
599	601
599	602
599	603
600	601
600	602
600	603
600	604
601	602
601	603
601	604
601	605
602	603
602	604
602	605
602	606
603	604
603	605
603	606
603	607
604	605
604	606
604	607
604	608
605	606
605	607
605	608
605	609
606	607
606	608
606	609
606	610
607	608
607	609
607	610
607	611
608	609
608	610
608	611
608	612
609	610
609	611
609	612
610	611
610	612
610	613
611	612
611	613
612	613
