0	1
0	2
1	2
1	3
2	3
2	6
3	4
3	5
3	6
3	7
4	5
4	6
4	7
4	8
5	6
5	7
5	8
5	9
6	7
6	8
6	9
7	8
7	9
8	9
8	10
8	11
9	10
9	11
10	11
10	12
11	12
11	13
12	13
12	14
12	582
13	14
13	15
13	16
13	17
14	15
14	16
14	17
14	18
14	595
15	16
15	17
15	18
15	19
15	20
16	17
16	18
16	19
16	20
17	18
17	19
17	20
17	165
17	589
18	19
18	20
18	589
18	593
18	594
18	595
19	20
19	21
19	22
19	594
20	21
20	22
21	22
21	23
21	25
21	162
22	23
22	24
22	25
22	26
23	24
23	25
23	26
23	30
24	25
24	26
25	26
25	27
25	161
26	27
26	28
26	161
27	28
27	29
28	29
28	30
28	32
29	30
29	31
29	32
30	31
30	32
31	32
31	33
32	33
32	34
33	34
33	35
33	36
33	37
34	35
34	36
34	37
34	38
34	158
35	36
35	37
35	38
35	39
35	156
36	37
36	38
36	39
36	40
37	38
37	39
37	40
37	41
37	127
37	128
38	39
38	40
38	41
38	128
38	129
39	40
39	41
39	402
39	403
40	41
40	42
41	42
41	43
41	128
42	43
42	44
42	45
42	46
43	44
43	45
43	46
43	47
44	45
44	46
44	47
44	48
45	46
45	47
45	48
45	49
46	47
46	48
46	49
46	50
47	48
47	49
47	50
47	51
47	141
48	49
48	50
48	51
48	52
49	50
49	51
49	52
49	53
50	51
50	52
50	53
50	54
50	138
50	141
51	52
51	53
51	54
51	141
51	145
52	53
52	54
52	55
52	56
53	54
53	55
53	56
54	55
54	56
54	67
54	68
54	69
54	142
55	56
55	57
55	66
55	67
55	68
56	57
56	58
57	58
57	59
57	62
57	63
57	66
58	59
58	60
58	61
58	62
59	60
59	61
59	62
60	61
60	62
61	62
61	63
61	113
61	283
61	284
62	63
62	64
62	283
62	284
63	64
63	65
63	66
63	67
63	68
63	284
64	65
64	66
64	67
64	68
64	284
64	340
64	341
65	66
65	67
65	340
65	341
66	67
66	68
67	68
67	69
67	301
68	69
68	70
68	71
68	72
69	70
69	71
69	72
69	73
69	142
69	143
69	301
70	71
70	72
70	73
70	74
70	247
70	248
71	72
71	73
71	74
71	75
71	114
71	248
72	73
72	74
72	75
72	76
72	114
72	138
72	139
72	142
73	74
73	75
73	76
73	139
73	142
74	75
74	76
74	77
75	76
75	77
75	78
75	111
75	114
76	77
76	78
76	79
76	135
76	136
76	139
77	78
77	79
77	80
77	81
77	203
78	79
78	80
78	81
78	91
78	92
78	97
79	80
79	81
79	82
79	91
79	92
79	390
79	391
80	81
80	82
80	91
80	203
81	82
81	83
81	90
81	91
81	203
82	83
82	84
82	85
82	88
82	89
82	90
82	91
82	230
83	84
83	85
83	86
83	87
83	88
83	89
83	90
83	194
83	195
83	196
83	229
83	230
84	85
84	86
84	87
84	88
84	229
84	230
84	231
84	560
85	86
85	87
85	88
85	229
85	230
85	231
85	560
86	87
86	88
86	193
86	194
86	560
87	88
87	89
87	194
88	89
88	90
88	394
88	461
88	462
89	90
89	91
89	166
89	461
89	462
90	91
90	92
91	92
91	93
91	394
92	93
92	94
92	95
92	132
92	391
93	94
93	95
93	132
93	157
93	394
93	395
94	95
94	96
94	132
94	157
94	158
94	159
94	160
95	96
95	97
95	98
95	131
95	132
95	159
95	160
96	97
96	98
96	99
96	102
96	163
97	98
97	99
97	102
97	103
98	99
98	103
99	100
99	101
99	102
99	103
99	162
99	163
100	101
100	102
100	103
100	104
100	163
101	102
101	103
101	104
101	105
102	103
102	104
102	105
103	104
103	105
103	108
103	112
104	105
104	106
104	108
104	109
104	262
104	263
104	264
105	106
105	107
105	108
105	109
105	201
106	107
106	108
106	109
106	201
106	202
107	108
107	109
107	201
107	202
107	203
108	109
108	110
108	111
109	110
109	111
109	112
109	275
109	289
110	111
110	112
110	113
110	114
110	275
110	289
111	112
111	113
111	114
111	115
112	113
112	114
112	115
112	116
112	273
113	114
113	115
113	116
113	117
113	273
114	115
114	116
114	117
114	118
115	116
115	117
115	118
115	119
116	117
116	118
116	119
117	118
117	119
118	119
118	120
118	121
118	122
119	120
119	121
119	122
119	123
120	121
120	122
120	123
120	124
121	122
121	123
121	124
121	125
122	123
122	124
122	125
122	126
123	124
123	125
123	126
124	125
124	126
125	126
125	127
125	128
125	129
126	127
126	128
126	129
127	128
127	129
127	130
128	129
128	130
129	130
129	131
129	133
129	134
130	131
130	132
130	133
130	134
130	157
130	158
130	159
131	132
131	133
131	134
131	135
131	159
132	133
132	134
132	135
132	136
132	157
132	158
132	159
133	134
133	135
133	136
133	137
133	155
133	156
133	157
134	135
134	136
134	137
134	138
135	136
135	137
135	138
135	139
136	137
136	138
136	139
136	140
136	391
137	138
137	139
137	140
137	141
138	139
138	140
138	141
138	142
139	140
139	141
139	142
139	143
140	141
140	142
140	143
140	144
140	150
141	142
141	143
141	144
141	145
142	143
142	144
142	145
142	146
143	144
143	145
143	146
143	147
143	148
144	145
144	146
144	147
144	148
144	149
144	150
145	146
145	147
146	147
146	148
146	301
146	302
146	303
147	148
147	149
147	302
147	303
148	149
148	150
148	303
149	150
149	151
150	151
150	152
150	384
151	152
151	384
151	385
151	388
151	407
152	153
152	388
152	405
152	406
152	407
153	154
153	155
153	405
153	406
154	155
154	156
154	401
154	402
154	403
154	405
154	406
155	156
155	157
155	401
155	402
155	403
156	157
156	158
156	400
156	401
156	402
157	158
157	159
158	159
158	160
159	160
159	161
160	161
160	162
161	162
162	163
162	164
163	164
163	165
164	165
164	166
165	166
165	167
166	167
166	168
167	168
167	169
168	169
168	195
169	170
169	171
169	184
169	195
169	200
170	171
170	172
170	182
171	172
171	173
171	176
171	182
171	183
171	200
172	173
172	174
173	174
173	175
173	176
174	175
174	176
174	200
174	201
175	176
175	177
175	199
175	200
175	201
176	177
176	178
176	199
176	200
177	178
177	179
177	199
177	211
178	179
178	180
178	183
178	184
178	185
178	211
179	180
179	181
179	183
179	185
180	181
180	182
180	183
181	182
181	183
182	183
182	184
183	184
183	185
184	185
184	186
184	191
184	192
185	186
185	187
185	189
185	190
185	191
185	192
186	187
186	188
186	189
186	190
186	191
187	188
187	189
187	190
188	189
188	190
189	190
189	191
190	191
190	192
191	192
191	193
191	195
192	193
192	194
192	195
193	194
193	195
194	195
194	196
195	196
195	197
196	197
196	198
196	204
196	226
196	229
196	230
197	198
197	199
197	202
197	203
197	204
197	205
197	226
198	199
198	204
198	205
199	200
199	201
199	202
200	201
200	202
201	202
201	203
202	203
202	204
202	205
203	204
203	205
204	205
204	226
205	206
205	207
205	222
205	223
206	207
206	208
206	209
206	210
206	211
206	212
207	208
207	209
207	352
207	353
207	354
208	209
208	212
208	213
208	214
208	326
208	327
208	352
208	353
208	354
209	210
209	211
209	212
209	213
209	214
209	215
209	216
209	219
209	353
209	354
210	211
210	212
210	213
210	218
210	219
211	212
211	213
212	213
212	214
213	214
213	215
214	215
214	216
214	326
214	353
215	216
215	217
215	218
215	219
215	353
216	217
216	218
216	219
216	220
216	353
216	354
216	356
216	357
216	360
217	218
217	219
217	220
217	221
217	357
217	360
217	361
218	219
218	220
218	221
218	222
219	220
219	221
219	222
219	223
219	354
219	357
220	221
220	222
220	223
220	224
220	354
220	357
220	361
221	222
221	223
221	224
221	225
222	223
222	224
222	225
222	226
223	224
223	225
223	226
223	227
224	225
224	226
224	227
224	228
224	234
225	226
225	227
225	228
225	229
226	227
226	228
226	229
226	230
227	228
227	229
227	230
227	231
227	232
227	237
228	229
228	230
228	231
228	232
228	233
229	230
229	231
230	231
230	232
231	232
231	233
232	233
232	234
232	236
232	237
233	234
233	235
233	236
233	237
234	235
234	236
234	237
234	238
234	364
235	236
235	237
235	238
235	239
235	367
236	237
236	238
236	239
236	240
236	382
236	386
237	238
237	239
237	240
237	241
238	239
238	240
238	241
238	242
238	358
238	364
238	368
239	240
239	241
239	242
239	243
239	379
239	382
239	383
240	241
240	242
240	243
240	244
240	383
240	386
240	387
241	242
241	243
241	244
241	245
242	243
242	244
242	245
242	246
242	307
243	244
243	245
243	246
243	383
244	245
244	246
244	247
245	246
245	247
245	296
246	247
246	296
246	297
246	300
246	303
246	304
246	307
247	248
247	249
247	300
247	301
248	249
248	295
248	300
248	301
249	250
249	251
249	294
249	295
249	296
250	251
250	252
250	290
250	292
250	293
250	294
250	295
251	252
251	253
251	287
251	288
251	289
251	290
251	291
251	292
251	293
252	253
252	254
252	287
252	288
252	289
252	290
252	291
252	292
252	293
252	321
252	322
252	323
253	254
253	286
253	287
253	288
253	293
253	322
253	323
254	255
254	256
254	279
254	288
254	322
254	323
255	256
255	257
255	258
255	322
255	323
256	257
256	258
256	259
256	288
256	291
256	323
257	258
257	259
258	259
258	260
258	277
258	278
258	279
259	260
259	275
259	276
259	277
259	278
260	261
260	262
260	275
260	276
260	277
261	262
261	263
261	265
261	266
261	274
261	275
262	263
262	264
262	265
262	266
262	274
262	275
263	264
263	265
263	266
263	272
263	273
263	274
263	275
264	265
264	266
265	266
265	267
266	267
266	268
266	270
266	274
267	268
267	269
267	270
268	269
268	270
268	271
269	270
269	271
270	271
270	272
270	273
270	274
271	272
271	273
272	273
272	274
273	274
274	275
274	276
275	276
275	277
276	277
276	278
276	282
277	278
277	279
277	282
278	279
278	280
278	282
279	280
279	281
279	282
279	286
280	281
280	282
280	286
281	282
281	283
281	286
282	283
282	286
282	287
283	284
283	285
283	286
283	287
284	285
284	286
284	287
285	286
285	287
285	340
285	341
286	287
286	288
287	288
287	289
288	289
288	290
288	291
289	290
289	291
290	291
290	292
291	292
291	293
291	323
291	325
292	293
292	294
292	321
292	323
292	325
292	327
293	294
293	321
294	295
294	296
294	350
294	351
295	296
295	297
295	349
295	350
296	297
296	307
296	349
296	350
296	351
297	298
297	299
297	300
297	306
297	307
297	337
298	299
298	300
298	336
298	337
298	338
299	300
299	301
299	302
300	301
300	302
301	302
302	303
302	304
303	304
304	305
304	306
305	306
305	307
305	308
305	309
305	376
306	307
306	308
306	309
306	310
307	308
307	309
307	310
307	311
308	309
308	310
308	311
308	312
308	373
309	310
309	311
309	312
309	313
309	373
310	311
310	312
310	313
310	314
311	312
311	313
311	314
312	313
312	314
313	314
314	315
314	316
314	330
314	331
315	316
315	317
315	330
315	331
316	317
316	318
316	328
316	329
316	330
316	331
317	318
317	319
317	328
317	329
317	330
317	331
318	319
318	326
318	327
318	328
318	329
319	320
319	321
319	326
319	327
319	328
319	329
320	321
320	322
320	324
320	325
320	326
320	327
321	322
321	323
321	324
321	325
321	326
321	327
322	323
322	324
323	324
323	325
324	325
324	326
325	326
325	327
326	327
327	328
327	351
327	352
327	353
328	329
328	330
328	350
328	351
328	352
328	353
329	330
329	331
329	348
329	349
329	350
329	351
330	331
330	332
330	333
330	348
330	349
330	350
331	332
331	333
332	333
332	334
333	334
333	335
333	348
334	335
334	336
334	348
335	336
335	337
335	346
335	347
335	348
336	337
336	338
336	346
336	347
336	348
337	338
337	339
337	346
337	347
337	348
337	349
338	339
338	340
338	345
338	346
338	347
339	340
339	341
339	342
339	343
339	345
339	346
339	347
340	341
340	342
341	342
341	343
342	343
342	344
342	345
343	344
343	345
344	345
344	346
345	346
345	347
346	347
347	348
347	349
348	349
348	350
349	350
350	351
351	352
351	353
351	355
351	356
352	353
352	354
352	355
352	356
353	354
353	355
353	356
353	357
354	355
354	356
354	357
355	356
355	357
355	358
356	357
356	358
356	359
356	360
357	358
357	359
357	360
357	361
358	359
358	360
358	361
358	364
358	365
358	368
359	360
359	361
359	364
359	365
359	368
360	361
360	362
360	365
361	362
361	363
361	364
361	365
362	363
362	364
362	365
362	366
363	364
363	365
363	366
363	367
364	365
364	366
364	367
364	368
365	366
365	367
365	368
365	369
365	370
366	367
366	368
366	369
366	370
366	371
367	368
367	369
367	370
367	371
367	372
368	369
368	370
368	371
368	372
368	373
369	370
369	371
369	372
369	373
369	374
370	371
370	372
370	373
370	374
371	372
371	373
371	374
371	375
372	373
372	374
372	375
372	376
372	378
372	379
373	374
373	375
373	376
374	375
374	376
375	376
375	377
375	378
375	379
376	377
376	378
376	379
376	380
377	378
377	379
377	380
377	381
378	379
378	380
378	381
378	382
379	380
379	381
379	382
379	383
380	381
380	382
380	383
380	384
381	382
381	383
381	384
381	385
382	383
382	384
382	385
382	386
383	384
383	385
383	386
383	387
384	385
384	386
384	387
384	388
385	386
385	387
385	388
385	389
386	387
386	388
386	389
386	390
387	388
387	389
387	390
387	391
388	389
388	390
388	391
388	392
389	390
389	391
389	392
389	393
390	391
390	392
390	393
391	392
391	393
392	393
392	394
392	395
393	394
393	395
394	395
394	396
394	462
394	463
395	396
395	397
395	462
395	463
396	397
396	398
396	400
396	462
396	463
396	464
397	398
397	399
397	400
397	414
398	399
398	400
398	401
399	400
399	401
399	713
399	714
400	401
400	402
400	713
401	402
401	406
402	403
402	406
403	404
403	405
403	406
404	405
404	406
405	406
405	407
406	407
406	408
407	408
407	409
408	409
408	410
409	410
409	411
410	411
410	412
410	416
411	412
411	413
411	414
412	413
412	414
412	415
412	416
412	552
412	553
412	554
413	414
413	415
413	554
414	415
414	416
415	416
415	417
415	553
416	417
416	418
416	552
417	418
417	419
417	469
417	546
417	547
417	548
418	419
418	420
418	546
418	547
418	548
419	420
419	421
420	421
420	422
420	546
421	422
422	423
422	424
422	509
422	510
423	424
423	425
423	509
423	510
423	511
424	425
424	426
424	510
424	511
424	512
424	543
424	544
425	426
425	427
425	429
425	430
425	510
425	511
425	512
425	543
426	427
426	428
426	429
426	430
427	428
427	429
427	430
427	431
428	429
428	430
428	431
428	432
429	430
429	431
429	432
429	433
430	431
430	432
430	433
430	434
431	432
431	433
431	434
431	435
432	433
432	434
432	435
432	436
433	434
433	435
433	436
433	437
434	435
434	436
434	437
434	438
434	520
434	521
434	524
435	436
435	437
435	438
435	439
436	437
436	438
436	439
436	440
437	438
437	439
437	440
437	442
437	521
438	439
438	440
438	441
438	442
438	524
439	440
439	441
440	441
440	442
441	442
441	443
442	443
442	444
442	446
442	447
443	444
443	445
443	446
443	447
444	445
444	446
444	447
444	448
444	525
444	526
444	528
444	529
444	608
444	625
445	446
445	447
445	448
445	449
445	608
445	609
445	610
445	625
446	447
446	448
446	449
446	450
446	491
447	448
447	449
447	450
447	451
447	521
447	522
447	525
448	449
448	450
448	451
448	452
448	522
448	525
448	526
448	610
449	450
449	451
449	452
449	453
449	610
450	451
450	452
450	453
450	454
450	488
451	452
451	453
451	454
451	455
451	518
451	519
451	522
452	453
452	454
452	455
452	456
453	454
453	455
453	456
453	483
454	455
454	456
454	457
454	466
454	467
454	472
455	456
455	457
455	458
455	466
455	467
455	707
455	708
456	457
456	458
456	466
456	707
457	458
457	459
457	465
457	466
457	561
458	459
458	460
458	463
458	464
458	465
458	466
458	591
458	710
458	711
459	460
459	461
459	462
459	463
459	464
459	465
459	590
459	591
460	461
460	462
460	463
460	590
460	591
460	592
461	462
461	463
461	590
462	463
462	464
463	464
463	465
464	465
464	466
465	466
466	467
466	468
466	710
466	711
467	468
467	469
467	470
467	515
468	469
468	470
468	515
468	545
468	546
468	711
469	470
469	471
469	515
469	545
469	546
469	547
469	548
470	471
470	472
470	473
470	514
470	515
470	547
470	548
471	472
471	473
471	474
471	477
471	548
472	473
472	474
472	477
472	478
473	474
473	477
473	478
474	475
474	476
474	477
474	478
474	550
475	476
475	477
475	478
475	479
475	555
476	477
476	478
476	479
476	480
476	555
477	478
477	479
477	480
478	479
478	480
478	483
478	485
479	480
479	481
479	485
480	481
480	482
480	483
480	484
480	485
480	562
481	482
481	483
481	484
481	485
482	483
482	484
482	563
482	571
482	612
483	484
483	485
483	488
484	485
484	486
484	487
484	488
484	612
485	486
485	487
485	488
485	489
486	487
486	488
486	489
486	490
487	488
487	489
487	490
487	491
488	489
488	490
488	491
488	492
489	490
489	491
489	492
489	493
490	491
490	492
490	493
490	494
491	492
491	493
491	494
491	495
492	493
492	494
492	495
492	496
493	494
493	495
493	496
493	497
494	495
494	496
494	497
494	498
495	496
495	497
495	498
495	499
496	497
496	498
496	499
496	500
496	514
497	498
497	499
497	500
497	501
498	499
498	500
498	501
498	502
499	500
499	501
499	502
499	503
499	512
500	501
500	502
500	503
500	504
501	502
501	503
501	504
501	505
502	503
502	504
502	505
502	506
503	504
503	505
503	506
503	511
503	512
504	505
504	506
505	506
505	507
506	507
506	508
506	509
506	510
507	508
507	509
507	510
508	509
508	510
509	510
509	511
510	511
511	512
511	513
512	513
512	514
512	516
512	517
513	514
513	515
513	516
513	517
513	545
513	546
513	547
514	515
514	516
514	517
514	518
514	547
515	516
515	517
515	518
515	519
515	545
515	546
515	547
516	517
516	518
516	519
516	520
516	543
516	544
516	545
517	518
517	519
517	520
517	521
518	519
518	520
518	521
518	522
519	520
519	521
519	522
519	523
519	708
520	521
520	522
520	523
520	524
520	541
521	522
521	523
521	524
521	525
522	523
522	524
522	525
522	526
523	524
523	525
523	526
523	527
523	539
524	525
524	526
524	527
524	528
525	526
525	527
525	528
525	529
526	527
526	528
526	529
526	530
527	528
527	529
527	530
527	531
527	537
527	538
527	539
528	529
528	530
528	531
528	532
529	530
529	531
529	532
529	533
529	625
529	626
529	627
530	531
530	532
530	533
530	534
530	535
530	536
530	537
530	626
530	627
531	532
531	533
531	534
531	535
531	536
532	533
532	534
532	626
533	534
533	535
533	626
533	627
533	628
534	535
534	536
535	536
535	537
536	537
536	538
537	538
537	539
538	539
538	540
539	540
539	541
539	701
540	541
540	542
540	705
541	542
541	543
542	543
542	544
543	544
543	545
544	545
544	546
545	546
546	547
546	548
547	548
547	549
548	549
548	550
548	552
549	550
549	551
549	552
549	553
550	551
550	552
550	553
551	552
551	553
552	553
552	554
553	554
553	555
554	555
554	556
554	557
554	558
555	556
555	557
555	558
555	559
556	557
556	558
556	559
557	558
557	559
557	560
558	559
558	560
558	561
559	560
559	561
559	562
560	561
560	562
561	562
561	563
562	563
562	564
563	564
563	565
563	566
564	565
564	566
564	572
564	573
565	566
565	567
565	571
565	572
565	573
565	583
566	567
566	568
566	569
566	570
566	571
566	572
566	584
566	587
567	568
567	569
567	570
567	571
567	584
567	669
568	569
568	570
568	602
568	605
569	570
569	571
569	610
569	611
569	612
570	571
570	572
570	611
570	612
571	572
571	573
571	612
572	573
572	574
573	574
574	575
574	576
575	576
576	577
576	578
577	578
577	579
578	579
578	580
578	582
578	583
579	580
579	581
579	582
579	583
580	581
580	582
580	583
580	584
580	668
580	669
581	582
581	583
581	584
581	585
581	668
581	669
581	672
582	583
582	584
582	585
582	586
583	584
583	585
583	586
583	587
584	585
584	586
584	587
584	588
584	669
585	586
585	587
585	588
585	589
586	587
586	588
586	589
586	590
587	588
587	589
587	590
587	591
588	589
588	590
588	591
588	592
588	593
588	598
589	590
589	591
589	592
589	593
590	591
590	592
591	592
591	593
592	593
592	594
593	594
593	595
593	597
593	598
594	595
594	596
594	597
594	598
595	596
595	597
595	598
595	599
596	597
596	598
596	599
596	600
596	683
597	598
597	599
597	600
597	601
597	703
598	599
598	600
598	601
598	602
599	600
599	601
599	602
599	603
599	684
600	601
600	602
600	603
600	604
600	696
600	699
600	700
601	602
601	603
601	604
601	605
601	700
601	703
602	603
602	604
602	605
602	606
603	604
603	605
603	606
603	607
603	631
603	632
604	605
604	606
604	607
604	608
604	627
604	700
605	606
605	607
605	608
605	609
605	610
606	607
606	608
606	609
606	610
606	611
606	618
606	619
607	608
607	609
607	619
607	621
607	624
607	625
607	626
607	627
607	631
608	609
608	610
608	624
608	625
608	626
608	627
609	610
609	611
609	614
609	624
609	625
610	611
610	612
611	612
611	613
611	614
611	615
612	613
612	614
612	615
613	614
613	615
614	615
614	616
615	616
615	617
616	617
616	618
616	619
617	618
617	619
617	665
617	666
617	667
618	619
618	620
618	665
618	666
618	667
618	670
619	620
619	621
619	631
620	621
620	630
620	631
620	634
620	664
621	622
621	623
621	624
621	630
621	631
622	623
622	624
623	624
623	625
623	626
624	625
624	626
625	626
625	627
626	627
626	628
627	628
628	629
628	630
628	693
629	630
629	631
629	632
629	633
629	687
629	688
629	693
629	696
630	631
630	632
630	633
630	634
631	632
631	633
631	634
631	635
632	633
632	634
632	635
632	636
632	684
632	687
632	688
633	634
633	635
633	636
633	637
633	688
634	635
634	636
634	637
635	636
635	637
635	674
636	637
636	638
636	674
637	638
637	639
637	640
638	639
638	640
639	640
639	641
639	656
639	657
640	641
640	642
640	654
640	655
640	656
640	657
641	642
641	643
641	654
641	655
641	656
641	657
642	643
642	644
642	652
642	653
642	654
642	655
643	644
643	645
643	652
643	653
643	654
644	645
644	646
644	649
644	650
644	651
644	652
644	653
645	646
645	647
645	648
645	649
645	651
645	652
645	653
646	647
646	648
646	649
647	648
647	649
648	649
648	650
648	651
649	650
649	651
650	651
650	652
650	667
650	668
651	652
651	653
651	665
651	666
651	667
651	668
652	653
652	654
652	665
652	666
652	667
653	654
653	655
653	662
653	664
653	665
653	666
654	655
654	656
654	662
654	663
654	664
654	665
655	656
655	657
655	660
655	661
655	662
655	663
656	657
656	658
656	659
656	660
656	661
656	662
656	663
657	658
657	659
657	660
658	659
658	660
659	660
659	661
660	661
660	662
661	662
661	663
662	663
662	664
663	664
664	665
664	666
665	666
666	667
666	668
666	670
666	671
667	668
667	669
667	670
667	671
668	669
668	670
668	671
668	672
669	670
669	671
669	672
670	671
670	672
670	673
671	672
671	673
671	674
671	675
672	673
672	674
672	675
672	676
673	674
673	675
673	676
673	680
673	681
673	684
674	675
674	676
674	681
675	676
675	677
675	681
676	677
676	678
676	679
676	680
676	681
677	678
677	679
677	680
677	681
677	682
678	679
678	680
678	681
678	682
678	683
679	680
679	681
679	682
679	683
680	681
680	682
680	683
680	684
681	682
681	683
681	684
681	685
682	683
682	684
682	685
682	686
683	684
683	685
683	686
683	687
684	685
684	686
684	687
684	688
685	686
685	687
685	688
685	689
686	687
686	688
686	689
686	692
687	688
687	689
687	692
687	696
688	689
688	690
688	692
689	690
689	691
689	692
690	691
690	692
691	692
691	693
692	693
692	694
692	695
692	696
693	694
693	695
693	696
693	697
694	695
694	696
694	697
694	698
695	696
695	697
695	698
695	699
696	697
696	698
696	699
696	700
697	698
697	699
697	700
697	701
698	699
698	700
698	701
698	702
699	700
699	701
699	702
699	703
700	701
700	702
700	703
700	704
701	702
701	703
701	704
701	705
702	703
702	704
702	705
702	706
703	704
703	705
703	706
703	707
704	705
704	706
704	707
704	708
705	706
705	707
705	708
705	709
706	707
706	708
706	709
706	710
707	708
707	709
707	710
708	709
708	710
709	710
709	711
709	712
710	711
710	712
711	712
711	713
712	713
712	714
712	715
713	714
713	715
713	716
714	715
714	716
715	716
