0	1
0	2
0	107
1	2
1	3
1	92
2	3
2	4
3	4
3	5
3	92
3	96
4	5
4	6
4	7
4	96
5	6
5	7
5	96
5	335
6	7
6	8
7	8
7	9
7	93
7	96
7	97
8	9
8	10
9	10
9	11
10	11
10	12
11	12
11	13
11	194
11	197
11	198
12	13
12	43
12	44
12	194
12	197
13	14
13	15
13	20
13	21
13	22
13	43
13	44
14	15
14	16
14	20
14	21
14	22
14	23
14	44
14	46
14	215
14	216
14	217
15	16
15	17
15	18
15	19
15	20
15	21
15	214
15	215
15	216
16	17
16	18
16	19
16	20
16	54
16	57
16	211
16	214
16	215
17	18
17	19
17	57
17	210
17	211
17	214
18	19
18	204
18	210
18	211
19	20
19	21
20	21
21	22
21	23
22	23
22	24
22	26
22	44
23	24
23	25
23	26
23	27
23	44
23	45
23	46
23	50
24	25
24	26
24	49
24	50
25	26
25	27
26	27
26	28
27	28
27	29
27	44
27	45
28	29
28	30
28	42
28	43
28	44
28	45
29	30
29	31
29	42
29	43
29	44
29	45
30	31
30	32
30	39
30	41
30	42
30	43
31	32
31	39
31	40
31	41
31	42
31	190
31	191
32	33
32	34
32	37
32	38
32	39
32	40
32	101
33	34
33	35
33	36
33	37
33	38
33	39
33	40
33	100
33	101
34	35
34	36
34	37
34	101
34	102
34	103
34	343
34	344
34	345
34	346
34	378
34	379
35	36
35	37
35	103
35	333
35	343
35	378
35	379
36	37
36	38
36	377
36	378
37	38
37	39
37	378
38	39
38	40
39	40
39	41
40	41
41	42
41	43
42	43
42	44
43	44
43	45
44	45
44	46
44	217
45	46
45	47
45	217
45	218
46	47
46	50
46	216
46	217
46	218
46	223
47	48
47	49
47	50
47	51
47	218
47	222
47	223
48	49
48	50
48	51
48	52
48	222
48	223
48	226
49	50
49	51
49	52
49	53
50	51
50	52
50	53
50	54
51	52
51	53
51	54
51	55
51	216
51	223
51	226
51	227
52	53
52	54
52	55
52	56
53	54
53	55
53	56
53	57
54	55
54	56
54	57
54	58
54	185
54	214
55	56
55	57
55	58
55	59
55	185
56	57
56	58
56	59
56	60
57	58
57	59
57	60
57	61
57	211
58	59
58	60
58	61
58	62
58	154
58	183
58	184
58	211
58	212
59	60
59	61
59	62
59	63
59	154
60	61
60	62
60	63
61	62
61	63
61	66
61	68
61	210
61	211
61	212
62	63
62	64
62	66
62	68
62	69
62	153
62	183
63	64
63	65
63	66
63	69
64	65
64	66
64	69
65	66
65	67
65	69
65	70
66	67
66	68
66	69
66	70
67	68
67	69
67	70
67	71
67	209
68	69
68	70
68	71
68	209
69	70
69	71
70	71
70	72
71	72
71	73
71	75
71	76
72	73
72	74
72	75
72	76
73	74
73	75
73	76
73	77
73	129
73	130
74	75
74	76
74	77
74	78
74	129
74	130
75	76
75	77
75	78
75	79
76	77
76	78
76	79
76	80
76	129
76	179
77	78
77	79
77	80
77	81
77	126
77	127
77	129
77	179
78	79
78	80
78	81
78	82
78	126
79	80
79	81
79	82
79	83
79	206
79	207
79	208
80	81
80	82
80	83
80	84
80	122
80	123
80	126
81	82
81	83
81	84
81	85
81	122
81	123
81	126
82	83
82	84
82	85
82	86
82	206
83	84
83	85
83	86
83	87
83	202
83	203
83	206
84	85
84	86
84	87
84	88
84	119
84	122
84	123
85	86
85	87
85	88
85	89
86	87
86	88
86	89
86	90
86	202
87	88
87	89
87	90
87	91
88	89
88	90
88	91
89	90
89	91
90	91
90	92
90	93
90	94
91	92
91	93
91	94
91	95
91	114
92	93
92	94
92	95
92	96
92	110
93	94
93	95
93	96
93	97
94	95
94	96
94	97
94	98
94	195
95	96
95	97
95	98
95	99
95	106
95	109
95	110
95	114
96	97
96	98
96	99
96	100
96	106
97	98
97	99
97	100
97	101
97	195
98	99
98	100
98	101
98	102
98	109
98	195
99	100
99	101
99	102
99	103
99	104
99	105
99	106
99	109
99	334
100	101
100	102
100	103
101	102
101	103
101	192
102	103
102	104
102	192
102	345
103	104
103	105
103	334
103	342
103	343
103	344
103	345
104	105
104	106
104	109
104	294
104	334
104	341
104	342
105	106
105	107
105	108
105	109
105	334
105	335
105	339
105	340
105	341
105	342
106	107
106	108
106	109
106	110
106	334
106	335
107	108
107	109
107	110
107	111
107	337
108	109
108	110
108	111
108	112
108	113
109	110
109	111
109	112
109	113
109	114
110	111
110	112
110	113
110	114
111	112
111	113
111	114
111	115
112	113
112	114
112	115
112	116
112	117
113	114
113	115
113	116
113	117
113	118
113	166
114	115
114	116
114	117
114	118
114	119
115	116
115	117
115	118
115	119
115	120
116	117
116	118
116	119
116	120
116	121
116	166
117	118
117	119
117	120
117	121
117	166
118	119
118	120
118	121
118	122
118	165
118	166
118	170
119	120
119	121
119	122
119	123
120	121
120	122
120	123
120	124
120	461
121	122
121	123
121	124
121	125
121	170
121	171
121	175
121	461
122	123
122	124
122	125
122	126
122	170
122	175
123	124
123	125
123	126
123	127
124	125
124	126
124	127
124	461
125	126
125	127
125	128
125	129
125	175
125	176
125	179
126	127
126	128
126	129
126	179
127	128
127	129
128	129
128	130
128	131
128	132
128	179
129	130
129	131
129	132
129	179
129	180
130	131
130	132
131	132
131	133
132	133
132	134
133	134
133	135
133	149
134	135
134	147
134	148
134	149
135	136
135	137
135	146
135	147
136	137
136	138
136	145
136	146
136	147
137	138
137	139
137	145
137	146
138	139
138	140
139	140
139	141
139	143
139	145
140	141
141	142
141	143
141	500
142	143
142	496
142	497
142	498
142	499
142	500
143	144
143	145
143	494
143	495
143	496
143	497
143	500
144	145
144	146
144	494
144	495
144	496
144	497
145	146
145	492
145	493
145	494
145	495
146	147
146	148
146	492
146	493
146	494
147	148
147	149
147	490
147	491
147	492
147	493
148	149
148	150
148	490
148	491
148	492
149	150
149	151
149	488
149	489
149	490
149	491
150	151
150	152
150	488
150	489
150	490
151	152
151	153
151	180
151	181
151	182
151	487
151	488
151	489
152	153
152	154
152	182
152	234
152	235
152	487
152	488
152	489
153	154
153	155
153	182
153	183
153	234
154	155
154	156
154	182
154	183
154	184
154	233
154	234
154	235
155	156
155	157
155	182
155	183
155	184
155	185
155	233
155	234
155	235
155	236
156	157
156	158
156	184
156	185
156	186
156	227
156	233
156	235
156	236
156	237
157	158
157	159
157	184
157	185
157	186
157	187
157	236
157	237
157	238
158	159
158	160
158	186
158	187
158	188
158	224
158	237
158	238
158	239
159	160
159	161
159	167
159	168
159	169
159	187
159	188
159	189
159	238
159	239
160	161
160	162
160	164
160	188
160	189
160	239
160	240
161	162
161	163
161	164
161	189
161	191
161	192
162	163
162	164
162	297
162	298
162	299
163	164
163	165
163	166
163	167
163	168
164	165
164	166
164	167
164	168
164	169
164	192
164	196
165	166
165	167
165	168
165	169
165	170
165	195
165	196
166	167
166	168
166	169
166	170
166	171
167	168
167	169
167	170
167	171
167	172
167	173
168	169
168	170
168	171
168	172
168	173
169	170
169	171
169	172
169	173
169	174
169	196
170	171
170	172
170	173
170	174
170	175
171	172
171	173
171	174
171	175
171	478
172	173
172	174
172	175
172	176
172	177
173	174
173	175
173	176
173	177
174	175
174	176
174	177
174	178
175	176
175	177
175	178
175	179
176	177
176	178
176	179
176	180
176	482
176	483
176	487
177	178
177	179
177	180
177	181
177	182
177	487
178	179
178	180
178	181
178	182
178	183
179	180
179	181
180	181
180	182
180	487
180	488
181	182
181	183
182	183
182	184
183	184
183	212
183	213
184	185
184	186
184	212
184	213
184	214
185	186
185	187
185	213
185	214
185	215
186	187
186	188
186	214
186	215
186	216
187	188
187	189
187	215
187	216
187	217
187	224
188	189
188	190
188	193
188	216
188	217
189	190
189	191
189	192
189	193
189	217
190	191
190	192
190	193
190	217
190	218
190	219
191	192
191	193
192	193
192	194
193	194
193	195
193	196
193	197
193	217
194	195
194	196
194	197
194	198
195	196
195	197
195	198
195	199
196	197
196	198
196	199
196	200
197	198
197	199
197	200
197	201
198	199
198	200
198	201
198	202
199	200
199	201
199	202
199	203
200	201
200	202
200	203
200	204
201	202
201	203
201	204
201	205
202	203
202	204
202	205
202	206
203	204
203	205
203	206
203	207
203	208
204	205
204	206
204	207
204	208
205	206
205	207
206	207
206	208
207	208
207	209
208	209
208	210
208	212
209	210
209	211
209	212
210	211
210	212
211	212
211	213
211	214
212	213
212	214
213	214
213	215
214	215
214	216
215	216
215	217
216	217
216	218
217	218
218	219
218	220
218	223
219	220
219	221
219	222
219	223
219	224
220	221
220	222
220	223
220	224
220	225
221	222
221	223
221	224
221	225
222	223
222	224
222	225
222	226
223	224
223	225
223	226
223	227
224	225
224	226
224	227
224	228
225	226
225	227
225	228
225	229
226	227
226	228
226	229
226	230
227	228
227	229
227	230
228	229
228	230
228	236
228	248
228	251
228	252
229	230
229	231
229	251
229	252
229	255
230	231
230	232
230	233
230	255
231	232
231	233
231	255
231	256
232	233
232	234
233	234
233	235
233	258
234	235
234	258
234	259
234	260
235	236
235	237
235	258
235	259
235	260
235	261
236	237
236	238
236	258
236	259
236	260
236	261
236	262
237	238
237	239
237	261
237	262
237	263
238	239
238	240
238	262
238	263
238	264
238	265
239	240
239	263
239	264
239	265
239	266
240	241
240	242
240	244
240	264
240	265
240	266
240	267
241	242
241	243
241	244
241	245
241	266
241	267
242	243
242	244
242	245
242	246
242	266
242	267
242	470
242	471
242	472
243	244
243	245
243	246
244	245
244	246
244	247
244	248
245	246
245	247
245	248
245	249
245	263
245	266
246	247
246	248
246	249
246	250
247	248
247	249
247	250
247	251
248	249
248	250
248	251
248	252
249	250
249	251
249	252
249	253
249	261
250	251
250	252
250	253
250	254
251	252
251	253
251	254
251	255
252	253
252	254
252	255
252	256
252	257
252	258
253	254
253	255
253	256
253	257
254	255
254	256
255	256
255	257
256	257
256	258
257	258
257	259
257	260
258	259
258	260
258	261
259	260
259	261
260	261
261	262
261	263
262	263
262	474
262	475
263	264
263	265
263	266
263	473
263	474
263	475
264	265
264	266
264	466
264	467
264	472
264	473
264	474
265	266
265	466
265	467
265	472
265	473
265	474
266	267
266	268
266	300
266	472
266	473
267	268
267	300
267	301
267	399
267	472
268	269
268	270
268	300
268	301
268	302
268	399
268	425
268	426
268	427
268	472
269	270
269	271
269	305
269	306
269	397
269	398
269	399
269	425
270	271
270	272
270	302
270	303
270	304
270	305
270	306
270	426
270	427
270	428
270	429
271	272
271	273
271	304
271	305
271	306
271	307
271	308
271	420
271	429
271	430
272	273
272	274
272	304
272	306
272	307
272	308
272	429
272	430
272	431
273	274
273	275
273	307
273	308
273	309
273	430
273	431
273	432
274	275
274	276
274	278
274	308
274	309
274	310
274	311
274	431
274	432
274	433
275	276
275	277
275	278
275	309
275	310
275	311
275	432
275	433
276	277
276	278
276	310
276	311
276	313
276	314
277	278
277	279
277	433
277	434
278	279
278	280
278	283
278	432
278	433
278	434
279	280
279	281
279	282
279	283
280	281
280	282
280	283
280	284
281	282
281	283
281	284
281	285
282	283
282	284
282	285
282	286
283	284
283	285
283	286
283	287
283	432
284	285
284	286
284	287
284	288
284	318
284	321
284	322
285	286
285	287
285	288
285	289
286	287
286	288
286	289
286	290
286	455
286	456
287	288
287	289
287	290
287	291
288	289
288	290
288	291
288	292
288	322
289	290
289	291
289	292
289	293
290	291
290	292
290	293
290	303
290	304
290	456
290	457
291	292
291	293
291	296
291	303
291	304
291	305
291	403
291	405
292	293
292	294
292	295
292	296
292	403
293	294
293	295
293	296
294	295
294	296
294	297
294	298
294	299
295	296
295	297
295	341
295	342
295	344
295	402
295	403
296	297
296	298
296	299
296	303
296	401
296	402
296	403
297	298
297	299
297	300
297	301
297	401
297	402
298	299
298	300
298	301
298	302
298	303
298	401
299	300
299	301
299	302
299	303
299	401
300	301
300	302
300	303
301	302
301	303
302	303
302	304
302	427
302	428
303	304
303	305
304	305
304	306
304	307
305	306
305	307
305	405
305	406
306	307
306	308
306	396
306	406
306	407
306	408
307	308
307	309
307	406
307	407
307	408
308	309
308	310
308	311
308	407
308	408
308	409
308	410
309	310
309	311
309	312
309	314
309	315
309	408
309	409
309	410
310	311
310	312
310	313
310	314
310	315
310	409
310	410
310	411
311	312
311	313
311	314
311	315
311	409
311	410
311	411
312	313
312	314
312	315
312	409
312	410
312	411
313	314
313	315
314	315
314	316
314	317
314	318
315	316
315	317
315	318
315	319
315	409
316	317
316	318
316	319
316	320
317	318
317	319
317	320
317	321
318	319
318	320
318	321
318	322
319	320
319	321
319	322
319	323
320	321
320	322
320	323
320	324
321	322
321	323
321	324
321	325
322	323
322	324
322	325
322	326
323	324
323	325
323	326
323	327
323	368
323	369
323	385
324	325
324	326
324	327
324	328
325	326
325	327
325	328
325	329
326	327
326	328
326	329
326	383
327	328
327	329
327	369
327	383
328	329
328	330
329	330
329	331
329	340
330	331
330	332
330	339
330	340
330	341
331	332
331	339
331	340
331	341
331	342
332	333
332	334
332	339
332	341
332	342
333	334
333	335
333	336
333	339
333	342
334	335
334	336
334	339
334	342
335	336
335	337
336	337
336	338
336	339
337	338
337	339
338	339
338	340
339	340
339	341
340	341
340	342
341	342
341	343
342	343
342	344
342	380
343	344
343	345
343	378
343	379
343	380
343	381
344	345
344	346
344	349
344	350
344	379
344	380
345	346
345	349
346	347
346	348
346	349
346	350
346	379
347	348
347	349
347	350
347	351
347	379
348	349
348	350
348	351
348	352
349	350
349	351
349	352
349	353
350	351
350	352
350	353
350	354
350	379
351	352
351	353
351	354
351	355
352	353
352	354
352	355
352	356
353	354
353	355
353	356
353	357
353	400
353	402
354	355
354	356
354	357
354	358
355	356
355	357
355	358
355	359
356	357
356	358
356	359
356	360
356	395
356	400
357	358
357	359
357	360
357	361
357	371
358	359
358	360
358	361
358	362
359	360
359	361
359	362
359	363
360	361
360	362
360	363
360	364
360	365
360	395
361	362
361	363
361	364
361	365
361	367
362	363
362	364
363	364
363	365
363	393
364	365
364	366
365	366
365	367
365	386
365	387
365	388
365	389
366	367
366	368
366	386
366	387
366	388
367	368
367	369
367	385
367	386
367	387
368	369
368	385
368	386
368	387
369	370
369	371
369	384
369	385
370	371
370	372
370	382
370	383
370	384
370	385
371	372
371	382
371	384
372	373
372	374
372	381
372	382
373	374
373	375
373	380
373	381
373	382
374	375
374	380
374	381
374	382
375	376
375	377
375	378
375	380
376	377
376	378
377	378
377	379
378	379
378	380
379	380
379	381
380	381
380	382
381	382
381	383
382	383
382	384
383	384
383	385
383	403
383	404
384	385
384	386
384	403
384	404
384	405
385	386
385	387
385	404
385	405
385	406
386	387
386	389
386	405
386	406
386	407
387	388
387	389
387	406
387	407
387	408
388	389
388	390
388	407
388	408
388	409
389	390
389	391
389	396
389	406
389	407
389	408
390	391
390	392
390	393
390	396
390	408
391	392
391	393
391	396
392	393
392	394
392	396
393	394
393	395
393	396
393	397
394	395
394	396
394	397
394	398
395	396
395	397
395	398
396	397
396	398
396	406
397	398
397	399
398	399
398	400
399	400
399	401
400	401
400	402
401	402
402	403
402	404
403	404
403	405
404	405
404	406
405	406
405	407
406	407
406	408
407	408
407	409
408	409
408	410
409	410
410	411
410	412
410	416
411	412
411	415
412	413
412	414
412	415
412	416
413	414
413	415
413	416
413	417
414	415
414	416
414	417
414	418
415	416
415	417
415	418
415	419
416	417
416	418
416	419
416	420
417	418
417	419
417	420
417	421
417	445
417	446
418	419
418	420
418	421
418	422
419	420
419	421
419	422
420	421
420	422
421	422
421	423
421	446
421	447
422	423
422	424
423	424
423	425
424	425
424	426
424	469
424	470
424	471
425	426
425	427
425	468
425	469
425	470
425	471
425	472
426	427
426	428
426	447
426	448
426	449
426	467
426	468
426	469
426	470
426	471
426	472
427	428
427	448
427	449
427	450
427	466
427	467
427	468
427	472
428	429
428	448
428	449
428	450
428	451
429	430
429	448
429	450
429	451
429	452
430	431
430	432
430	451
430	452
430	453
430	456
431	432
431	433
431	439
431	452
431	453
431	454
432	433
432	453
432	454
433	434
433	435
433	439
433	454
434	435
434	436
435	436
435	437
435	438
435	439
436	437
436	438
436	439
436	440
437	438
437	439
437	440
437	441
438	439
438	440
438	441
438	442
439	440
439	441
439	442
439	443
439	453
440	441
440	442
440	443
440	444
441	442
441	443
441	444
441	445
442	443
442	444
442	445
442	446
443	444
443	445
443	446
443	451
444	445
444	446
445	446
445	447
446	447
446	448
447	448
447	468
448	449
448	450
448	451
448	467
448	468
449	450
449	451
449	465
449	466
449	467
449	468
450	451
450	452
450	465
451	452
451	453
452	453
452	454
452	455
452	456
453	454
453	455
454	455
455	456
455	458
456	457
456	458
457	458
457	459
458	459
458	460
459	460
459	461
460	461
460	462
460	463
461	462
461	463
461	478
461	479
462	463
462	464
462	478
462	479
463	464
463	465
463	478
463	479
464	465
464	466
464	476
464	477
464	478
464	479
464	481
464	482
465	466
465	476
465	477
465	478
466	467
466	473
466	474
466	475
466	476
466	477
467	468
467	469
467	472
467	473
467	474
468	469
468	470
468	471
468	472
468	473
468	474
469	470
469	471
469	472
469	473
470	471
470	472
470	473
471	472
471	473
472	473
473	474
474	475
474	476
475	476
475	477
476	477
476	478
476	481
476	482
477	478
477	479
477	481
477	482
478	479
478	480
478	481
478	482
479	480
479	481
479	482
480	481
480	482
480	483
481	482
481	483
481	484
481	485
482	483
482	484
482	485
482	486
483	484
483	485
483	486
483	487
483	488
484	485
484	486
484	487
484	488
485	486
485	487
485	488
486	487
486	488
487	488
487	489
488	489
488	490
489	490
489	491
490	491
490	492
491	492
491	493
492	493
492	494
493	494
493	495
494	495
494	496
495	496
495	497
496	497
496	498
497	498
497	499
497	500
498	499
498	500
499	500
499	501
500	501
500	502
501	502
