0	1
0	2
1	2
1	3
2	3
2	4
2	176
3	4
3	5
3	108
3	176
3	177
4	5
4	6
4	106
4	107
4	108
4	148
4	151
4	174
4	175
4	176
4	177
5	6
5	7
5	104
5	105
5	106
5	107
5	174
5	175
5	176
5	177
5	178
5	181
6	7
6	8
6	104
6	105
6	106
6	107
6	155
6	172
6	173
6	174
6	175
6	181
7	8
7	9
7	102
7	103
7	104
7	105
7	172
7	173
7	174
7	181
7	182
7	185
8	9
8	10
8	102
8	103
8	104
8	170
8	171
8	172
8	173
9	10
9	11
9	101
9	102
9	103
9	170
9	171
9	172
10	11
10	12
10	13
10	101
10	102
10	169
10	170
10	171
11	12
11	13
11	169
11	170
11	171
11	190
11	191
12	13
12	14
12	15
12	16
12	40
12	41
12	42
13	14
13	15
13	16
13	17
13	101
14	15
14	16
14	17
14	18
14	32
14	77
15	16
15	17
15	18
15	19
15	31
15	32
15	40
15	41
15	42
16	17
16	18
16	19
16	20
17	18
17	19
17	20
17	21
17	77
18	19
18	20
18	21
18	22
19	20
19	21
19	22
19	23
19	25
19	26
20	21
20	22
20	23
21	22
21	23
22	23
22	24
22	25
23	24
23	25
23	26
24	25
24	26
25	26
25	27
25	28
25	30
26	27
26	28
27	28
27	29
28	29
28	30
28	44
29	30
29	42
29	44
29	45
29	66
29	67
30	31
30	32
30	41
30	42
30	45
30	66
30	67
30	68
31	32
31	33
31	38
31	40
31	41
31	42
31	66
31	67
31	68
31	69
32	33
32	34
32	38
32	39
32	40
32	41
32	68
32	69
32	70
32	71
33	34
33	35
33	36
33	37
33	38
33	39
33	68
33	69
33	70
33	71
34	35
34	36
34	37
34	38
34	39
34	70
34	71
34	72
35	36
35	37
36	37
36	38
36	55
36	56
37	38
37	39
37	53
37	54
37	55
37	56
38	39
38	40
38	52
38	53
38	54
38	55
38	56
39	40
39	52
39	53
39	54
40	41
40	52
40	53
41	42
41	43
41	45
41	46
41	52
42	43
42	44
42	45
42	46
43	44
43	45
43	46
43	47
44	45
44	46
44	47
45	46
45	47
45	48
45	49
45	50
46	47
46	48
46	49
46	50
46	51
47	48
47	49
48	49
48	50
48	63
49	50
49	51
49	62
50	51
50	52
50	59
50	62
50	63
51	52
51	53
51	54
52	53
52	54
53	54
53	55
54	55
54	56
54	58
54	59
55	56
55	57
55	58
55	59
56	57
56	58
56	59
56	60
57	58
57	59
57	60
57	61
58	59
58	60
58	61
58	62
59	60
59	61
59	62
59	63
60	61
60	62
60	63
60	64
60	66
61	62
61	63
61	64
62	63
62	64
63	64
63	65
63	66
64	65
64	66
65	66
65	67
66	67
66	68
67	68
67	69
68	69
68	70
69	70
69	71
70	71
70	72
71	72
71	73
71	74
72	73
72	74
73	74
73	75
74	75
74	76
74	77
74	78
75	76
75	77
75	78
75	79
76	77
76	78
76	79
76	80
77	78
77	79
77	80
77	81
78	79
78	80
78	81
78	82
78	100
79	80
79	81
79	82
79	83
80	81
80	82
80	83
80	84
81	82
81	83
81	84
81	85
81	100
81	101
82	83
82	84
82	85
82	86
83	84
83	85
83	86
83	87
84	85
84	86
84	87
84	88
84	162
85	86
85	87
85	88
85	89
85	103
86	87
86	88
86	89
86	90
87	88
87	89
87	90
88	89
88	90
88	91
88	92
88	158
89	90
89	91
89	92
89	93
89	94
89	95
90	91
90	92
90	93
91	92
91	93
92	93
92	94
92	107
93	94
93	95
94	95
94	96
94	105
94	106
94	268
94	269
94	270
95	96
95	97
95	103
95	104
95	105
95	268
95	269
95	270
95	271
96	97
96	98
96	103
96	104
96	105
96	268
96	269
96	270
96	271
97	98
97	99
97	102
97	103
97	104
97	271
98	99
98	100
98	101
98	102
98	103
99	100
99	101
99	102
100	101
100	102
101	102
101	103
102	103
102	104
103	104
103	105
104	105
104	106
104	268
105	106
105	107
105	268
106	107
106	108
106	268
107	108
107	109
107	110
107	111
107	151
108	109
108	110
108	111
108	112
109	110
109	111
109	112
109	113
110	111
110	112
110	113
110	114
111	112
111	113
111	114
111	115
111	147
111	150
111	151
112	113
112	114
112	115
112	116
113	114
113	115
113	116
113	117
114	115
114	116
114	117
114	118
115	116
115	117
115	118
116	117
116	118
117	118
117	119
118	119
118	120
118	122
118	123
119	120
119	121
119	122
119	123
120	121
120	122
120	123
121	122
121	123
121	124
122	123
122	124
122	125
122	126
123	124
123	125
123	126
124	125
124	126
124	140
125	126
125	127
126	127
127	128
127	129
127	149
128	129
128	130
128	149
128	152
128	153
129	130
129	131
129	152
129	153
129	156
130	131
130	132
130	192
130	193
130	194
131	132
131	133
131	193
131	194
131	195
132	133
132	134
132	135
132	136
132	194
132	195
132	196
133	134
133	135
133	136
133	194
133	195
133	196
134	135
134	136
134	200
135	136
135	137
136	137
136	138
137	138
137	139
138	139
138	140
138	145
139	140
139	141
139	142
139	145
140	141
140	142
140	145
140	146
141	142
141	143
142	143
142	144
142	145
142	146
143	144
143	145
143	146
143	147
144	145
144	146
144	147
144	148
145	146
145	147
145	148
145	149
145	197
146	147
146	148
146	149
146	150
147	148
147	149
147	150
147	151
148	149
148	150
148	151
148	152
148	174
148	175
149	150
149	151
149	152
149	153
150	151
150	152
150	153
150	154
151	152
151	153
151	154
151	155
151	174
152	153
152	154
152	155
152	156
152	174
152	195
153	154
153	155
153	156
153	157
154	155
154	156
154	157
154	158
155	156
155	157
155	158
155	159
155	172
156	157
156	158
156	159
156	160
157	158
157	159
157	160
157	161
158	159
158	160
158	161
158	162
159	160
159	161
159	162
159	163
159	170
160	161
160	162
160	163
160	164
161	162
161	163
161	164
161	165
162	163
162	164
162	165
162	166
162	167
162	168
162	169
163	164
163	165
163	166
163	167
163	168
163	169
164	165
164	166
164	167
165	166
165	167
166	167
166	168
167	168
167	169
168	169
168	170
169	170
169	191
170	171
170	172
170	190
170	191
170	192
171	172
171	173
171	185
171	189
171	190
171	191
171	192
171	193
172	173
172	174
172	185
172	192
172	193
172	194
173	174
173	175
173	181
173	182
173	184
173	185
173	193
173	194
173	195
174	175
174	181
174	194
174	195
174	196
175	176
175	177
175	180
175	181
175	195
175	196
176	177
176	180
177	178
177	179
177	180
177	181
177	264
177	265
178	179
178	180
178	181
178	182
178	264
179	180
179	181
179	182
179	183
179	215
179	264
180	181
180	182
180	183
180	184
180	262
181	182
181	183
181	184
181	185
182	183
182	184
182	185
183	184
183	185
183	186
184	185
184	186
184	187
184	194
184	195
184	196
185	186
185	187
185	193
185	194
186	187
186	188
186	189
187	188
187	189
187	194
188	189
188	190
188	192
188	193
188	194
189	190
189	191
189	192
190	191
190	192
191	192
192	193
193	194
194	195
194	196
195	196
195	197
196	197
196	198
196	200
197	198
197	199
197	200
198	199
198	200
198	201
199	200
199	201
200	201
200	202
200	203
200	204
201	202
201	203
201	204
201	205
201	262
202	203
202	204
202	205
202	206
203	204
203	205
203	206
203	207
204	205
204	206
204	207
205	206
205	207
205	208
205	262
206	207
206	208
206	233
207	208
207	209
208	209
208	210
208	213
209	210
209	211
209	232
210	211
210	212
210	213
210	231
210	232
210	233
211	212
211	213
211	214
211	222
211	231
211	232
211	233
212	213
212	214
212	217
212	218
212	222
213	214
213	215
214	215
214	216
214	217
215	216
215	217
216	217
216	218
217	218
217	221
217	222
218	219
218	220
218	221
218	222
219	220
219	221
219	222
219	223
220	221
220	222
220	223
220	224
221	222
221	223
221	224
221	225
222	223
222	224
222	225
222	226
223	224
223	225
223	226
223	227
224	225
224	226
224	227
224	228
225	226
225	227
225	228
225	229
225	230
226	227
226	228
226	229
226	230
226	231
227	228
227	229
228	229
228	230
229	230
229	231
230	231
230	232
230	235
230	236
231	232
231	233
231	235
232	233
232	234
232	235
232	236
233	234
233	235
233	236
233	237
233	260
234	235
234	236
234	237
234	238
235	236
235	237
235	238
235	239
236	237
236	238
236	239
236	257
236	260
237	238
237	239
237	257
237	260
237	261
238	239
238	240
239	240
239	241
240	241
240	242
240	243
240	244
241	242
241	243
241	244
241	245
242	243
242	244
242	245
242	246
243	244
243	245
243	246
243	247
244	245
244	246
244	247
244	248
244	253
245	246
245	247
245	248
245	249
245	250
245	253
246	247
246	248
246	249
247	248
247	249
248	249
248	250
248	252
248	253
249	250
249	251
249	252
249	253
250	251
250	252
250	253
250	254
251	252
251	253
251	254
251	255
252	253
252	254
252	255
252	256
253	254
253	255
253	256
253	257
254	255
254	256
254	257
254	258
255	256
255	257
255	258
255	259
256	257
256	258
256	259
256	260
257	258
257	259
257	260
257	261
258	259
258	260
258	261
258	262
258	263
258	264
259	260
259	261
259	262
259	263
259	264
260	261
260	262
261	262
261	263
262	263
262	264
263	264
263	265
264	265
264	266
265	266
265	267
266	267
266	268
267	268
267	269
268	269
268	270
269	270
269	271
270	271
270	272
271	272
271	273
272	273
272	274
273	274
273	275
274	275
274	276
275	276
275	381
275	382
275	383
276	277
276	278
276	379
276	380
276	381
277	278
277	379
277	380
277	381
278	279
278	280
278	303
278	377
278	378
278	379
278	380
279	280
279	299
279	377
279	378
279	379
280	281
280	282
280	376
280	377
280	378
281	282
281	283
281	375
281	376
281	377
282	283
282	374
282	375
282	376
283	284
283	285
283	286
283	374
283	375
284	285
284	286
284	374
285	286
285	287
285	288
285	372
285	373
285	374
286	287
286	288
287	288
287	289
287	291
287	292
287	373
288	289
288	290
288	291
288	292
288	372
288	373
289	290
289	291
289	292
290	291
290	292
290	293
291	292
291	293
291	294
291	295
292	293
292	294
292	295
292	296
293	294
293	295
293	296
293	297
293	358
294	295
294	296
294	297
294	298
295	296
295	297
295	298
295	299
296	297
296	298
296	299
296	300
297	298
297	299
297	300
297	301
297	354
298	299
298	300
298	301
298	302
299	300
299	301
299	302
299	303
299	378
300	301
300	302
300	303
300	304
301	302
301	303
301	304
301	305
302	303
302	304
302	305
302	306
303	304
303	305
303	306
303	307
304	305
304	306
304	307
304	308
305	306
305	307
305	308
305	309
306	307
306	308
306	309
306	310
307	308
307	309
307	310
307	311
307	312
307	313
308	309
308	310
308	311
308	346
309	310
309	311
310	311
310	312
311	312
311	313
312	313
312	314
312	383
312	384
313	314
313	315
313	344
313	383
313	384
314	315
314	316
314	380
314	381
314	382
314	383
314	384
315	316
315	317
315	338
315	339
315	381
315	382
315	383
316	317
316	318
316	336
316	337
316	338
316	339
316	380
316	381
316	382
317	318
317	319
317	336
317	337
317	338
317	339
317	379
317	380
317	381
318	319
318	320
318	334
318	335
318	336
318	337
318	378
318	379
318	380
319	320
319	321
319	334
319	335
319	336
319	357
319	360
319	377
319	378
319	379
320	321
320	332
320	333
320	334
320	335
320	376
320	377
320	378
321	322
321	323
321	332
321	333
321	334
321	373
321	375
321	376
321	377
322	323
322	332
322	333
322	373
322	374
322	375
323	324
323	325
323	372
323	373
323	374
324	325
324	326
324	372
324	373
324	374
325	326
325	327
325	328
326	327
326	328
327	328
328	329
329	330
329	331
330	331
330	332
331	332
331	333
332	333
332	334
333	334
334	335
334	336
335	336
335	360
336	337
337	338
337	339
338	339
338	340
339	340
339	341
339	343
339	344
340	341
340	342
340	343
340	344
341	342
341	343
341	344
342	343
342	344
342	345
343	344
343	345
343	349
344	345
344	346
345	346
347	348
347	349
347	350
347	351
348	349
348	350
348	351
349	350
349	351
349	352
349	353
350	351
350	352
350	353
350	354
351	352
351	353
351	354
351	355
352	353
352	354
352	355
352	356
353	354
353	355
353	356
353	357
354	355
354	356
354	357
354	358
355	356
355	357
355	358
355	359
356	357
356	358
356	359
356	360
357	358
357	359
357	360
357	361
358	359
358	360
358	361
358	362
359	360
359	361
359	362
359	363
360	361
360	362
360	363
360	364
361	362
361	363
361	364
361	365
362	363
362	364
362	365
362	366
362	367
363	364
363	365
364	365
364	366
365	366
365	367
366	367
366	368
366	369
366	370
367	368
367	369
367	370
368	369
368	370
369	370
370	371
371	372
371	373
372	373
372	374
373	374
373	375
374	375
375	376
375	377
376	377
376	378
377	378
377	379
378	379
378	380
379	380
379	381
380	381
381	382
381	383
382	383
382	384
383	384
