0	1
0	2
0	86
1	2
1	3
1	25
1	26
1	86
2	3
2	25
2	26
2	27
2	28
2	85
2	86
2	87
3	4
3	5
3	25
3	26
3	27
3	28
3	85
3	86
3	87
3	88
3	89
4	5
4	6
4	27
4	28
4	29
4	30
4	31
4	85
4	87
4	88
4	89
5	6
5	7
5	17
5	27
5	29
5	30
5	31
5	88
5	89
5	90
6	7
6	8
6	13
6	30
6	31
6	32
6	89
6	90
7	8
7	9
7	13
7	30
7	31
7	32
8	9
8	10
8	13
8	32
8	42
8	46
8	49
9	10
9	11
9	13
9	14
9	45
9	49
9	178
9	179
10	11
10	12
10	13
10	14
10	177
10	178
10	179
11	12
11	13
11	14
11	15
11	131
11	177
11	178
11	179
12	13
12	14
12	15
12	16
12	91
12	93
13	14
13	15
13	16
13	17
13	90
13	91
14	15
14	16
14	17
14	18
15	16
15	17
15	18
15	19
16	17
16	18
16	19
16	20
16	89
16	90
16	91
16	116
17	18
17	19
17	20
17	21
18	19
18	20
18	21
18	22
19	20
19	21
19	22
19	23
20	21
20	22
20	23
20	24
20	25
21	22
21	23
21	24
21	25
21	26
21	27
22	23
22	24
23	24
23	25
24	25
24	26
25	26
25	27
26	27
26	28
27	28
27	29
28	29
28	59
29	30
29	31
29	58
29	59
29	60
29	61
30	31
30	32
30	58
30	59
30	60
30	61
31	32
31	60
31	61
31	62
32	33
32	61
32	62
32	63
33	34
33	35
33	43
33	46
33	62
33	63
33	64
33	65
34	35
34	36
34	37
34	39
34	43
34	64
34	65
34	66
34	67
35	36
35	37
35	65
35	66
35	67
36	37
36	38
36	39
36	66
36	67
37	38
37	39
37	43
38	39
38	40
39	40
39	41
39	42
39	67
39	68
40	41
40	69
41	42
41	43
42	43
42	44
43	44
43	45
43	46
44	45
44	46
45	46
45	47
45	48
45	49
46	47
46	48
46	49
47	48
47	49
47	50
48	49
48	50
48	51
49	50
49	51
49	52
49	53
50	51
50	52
50	53
50	54
51	52
51	53
51	54
51	55
52	53
52	54
52	55
52	56
53	54
53	55
53	56
53	57
53	58
53	59
53	60
54	55
54	56
54	57
55	56
55	57
55	184
55	185
55	186
55	187
56	57
56	58
56	183
56	184
56	185
57	58
57	59
58	59
58	60
59	60
59	61
60	61
60	62
61	62
61	63
62	63
62	64
63	64
63	65
63	79
64	65
65	66
65	67
65	72
65	75
66	67
66	68
67	68
67	69
67	72
68	69
68	70
68	71
68	72
69	70
69	71
69	72
70	71
70	72
70	73
71	72
71	73
71	74
71	75
72	73
72	74
72	75
72	76
73	74
73	75
73	76
73	77
73	101
73	105
74	75
74	76
74	77
74	78
75	76
75	77
75	78
75	79
76	77
76	78
76	79
76	80
77	78
77	79
77	80
77	81
77	105
78	79
78	80
78	81
78	82
79	80
79	81
79	82
80	81
80	82
80	83
81	82
81	83
81	109
82	83
82	84
83	84
83	85
84	85
85	86
85	87
86	87
86	111
86	112
87	88
87	89
87	111
87	112
87	113
88	89
88	90
88	111
88	112
88	113
88	114
89	90
89	113
89	114
89	115
90	91
90	92
90	114
90	115
91	92
91	93
91	94
91	115
91	116
92	93
92	94
92	115
92	116
93	94
93	95
93	171
94	95
94	96
94	98
94	99
95	96
95	97
95	98
95	99
96	97
96	98
96	99
96	100
97	98
97	99
97	100
97	101
98	99
98	100
98	101
98	102
99	100
99	101
99	102
99	103
100	101
100	102
100	103
100	104
101	102
101	103
101	104
101	105
102	103
102	104
102	105
102	106
103	104
103	105
103	106
103	107
103	113
104	105
104	106
104	107
104	108
105	106
105	107
105	108
105	109
106	107
106	108
106	109
106	110
106	111
106	112
106	113
107	108
107	109
107	110
107	111
108	109
108	110
109	110
109	111
110	111
110	112
111	112
111	113
112	113
112	114
113	114
113	115
114	115
114	116
115	116
117	118
117	119
117	120
117	121
118	119
118	120
118	121
118	168
118	169
119	120
119	121
119	122
119	168
120	121
120	122
120	123
121	122
121	123
121	124
122	123
122	124
122	125
122	126
123	124
123	125
123	126
123	127
124	125
124	126
124	127
124	128
124	129
125	126
125	127
125	128
125	129
125	150
126	127
126	128
127	128
127	129
128	129
128	130
128	182
129	130
129	131
129	181
130	131
130	148
130	179
130	180
130	181
131	132
131	148
131	149
131	177
131	178
131	179
131	180
132	133
132	134
132	144
132	145
132	146
132	147
132	148
132	175
132	176
132	177
132	178
133	134
133	145
133	146
133	176
133	177
133	178
133	205
133	206
134	135
134	136
134	145
134	175
134	176
134	177
134	204
134	205
134	206
135	136
135	137
135	140
135	145
135	174
135	175
135	176
135	203
135	204
135	205
136	137
136	140
136	174
136	175
136	202
136	203
136	204
137	138
137	139
137	140
137	174
138	139
138	140
139	140
139	141
139	160
139	164
140	141
140	142
140	144
141	142
141	143
141	144
142	143
142	144
142	145
142	204
143	144
143	145
144	145
144	146
144	147
145	146
145	147
145	195
145	205
145	206
146	147
146	148
146	206
147	148
147	149
148	149
148	150
149	150
149	151
149	153
149	154
150	151
150	152
150	153
150	154
151	152
151	153
151	154
151	155
152	153
152	154
152	155
152	156
153	154
153	155
153	156
153	157
154	155
154	156
154	157
154	158
155	156
155	157
155	158
155	159
156	157
156	158
156	159
156	160
157	158
157	159
157	160
157	161
157	168
158	159
158	160
158	161
158	162
158	168
159	160
159	161
159	162
159	163
160	161
160	162
160	163
160	164
160	165
160	166
161	162
161	163
161	164
161	165
161	166
161	167
161	168
162	163
162	164
162	165
163	164
163	165
164	165
164	166
165	166
165	167
166	167
166	168
166	174
167	168
167	169
167	170
167	171
167	172
167	174
168	169
168	170
169	170
169	171
170	171
170	172
170	173
170	174
170	175
171	172
171	173
172	173
172	174
173	174
173	175
174	175
175	176
175	177
176	177
177	178
177	179
178	179
178	180
179	180
179	181
180	181
180	187
180	188
181	184
181	187
181	188
182	183
182	184
183	184
183	185
184	185
184	186
184	187
185	186
185	216
186	187
186	188
186	213
186	214
186	215
186	216
187	188
187	189
187	213
187	214
187	215
187	216
188	189
188	190
188	211
188	212
188	213
188	214
189	190
189	191
189	211
189	212
189	213
190	191
190	192
190	208
190	210
190	211
190	212
191	192
191	210
191	211
192	193
192	208
192	209
192	210
192	211
193	194
193	195
193	206
193	207
193	208
193	209
193	210
194	195
194	196
194	206
194	207
194	208
195	196
195	197
195	204
195	205
195	206
195	207
196	197
196	198
196	204
196	205
196	206
197	198
197	199
197	203
197	204
197	205
198	199
198	200
198	201
198	202
198	203
198	204
199	200
199	201
199	202
199	203
200	201
200	202
201	202
201	203
202	203
203	204
204	205
205	206
205	207
206	207
206	208
207	208
207	209
208	209
208	210
209	210
209	211
210	211
211	212
212	213
212	214
213	214
213	215
214	215
214	216
215	216
215	217
216	217
