0	1
0	2
1	2
1	3
1	5
1	6
1	7
2	3
2	4
2	5
2	6
2	7
3	4
3	5
3	6
3	7
3	8
3	296
4	5
4	6
4	7
4	8
4	9
4	10
4	300
5	6
5	7
5	8
5	9
5	10
6	7
6	8
6	9
6	10
7	8
7	9
8	9
8	10
8	300
9	10
9	11
9	12
10	11
10	12
10	13
11	12
11	13
11	14
12	13
12	14
13	14
13	15
14	15
14	16
14	18
14	19
15	16
15	17
15	18
15	19
16	17
16	18
16	19
16	20
17	18
17	19
17	20
17	21
18	19
18	20
18	21
18	22
18	79
19	20
19	21
19	22
19	23
20	21
20	22
20	23
20	24
21	22
21	23
21	24
21	25
21	79
21	83
22	23
22	24
22	25
22	26
22	82
22	83
22	86
23	24
23	25
23	26
23	27
24	25
24	26
24	27
24	28
25	26
25	27
25	28
25	29
25	83
25	86
26	27
26	28
26	29
26	30
26	86
27	28
27	29
27	30
27	31
28	29
28	30
28	31
28	32
29	30
29	31
29	32
29	33
29	34
29	87
29	90
30	31
30	32
30	33
30	34
31	32
31	33
31	34
31	35
32	33
32	34
32	35
33	34
33	35
33	36
33	37
34	35
34	36
34	37
34	90
35	36
35	37
36	37
36	38
36	39
36	40
36	41
37	38
37	39
37	40
37	41
37	42
38	39
38	40
38	41
38	42
38	43
38	354
39	40
39	41
39	42
39	43
39	354
40	41
40	42
40	43
40	44
41	42
41	43
41	44
41	45
41	46
41	47
41	48
41	213
42	43
42	44
42	45
42	46
42	47
42	212
42	213
43	44
43	45
44	45
44	46
44	47
45	46
45	47
45	212
45	213
46	47
46	48
46	49
46	212
46	213
46	214
46	215
47	48
47	49
47	212
47	213
47	214
48	49
48	50
48	51
48	213
48	214
48	215
49	50
49	51
49	52
49	53
50	51
50	52
50	53
50	54
50	174
51	52
51	53
51	54
51	174
52	53
52	54
52	55
53	54
53	55
53	56
53	57
54	55
54	56
54	57
54	58
54	129
55	56
55	57
55	58
55	59
55	128
55	129
55	130
56	57
56	58
56	59
56	60
57	58
57	59
57	60
57	61
57	62
57	63
57	129
58	59
58	60
58	61
58	62
58	63
58	127
58	128
58	129
59	60
59	61
59	128
60	61
60	62
61	62
61	63
61	65
61	73
62	63
62	64
62	65
63	64
63	65
63	98
63	101
63	102
63	127
64	65
64	66
64	67
64	72
64	102
64	103
64	106
64	127
65	66
65	67
65	72
65	73
65	74
65	75
65	80
66	67
66	68
66	73
66	74
66	75
66	76
66	77
66	80
67	68
67	69
67	72
67	73
67	74
68	69
68	70
68	72
68	73
68	74
69	70
69	71
69	72
70	71
70	72
70	123
70	124
71	72
71	73
71	124
71	127
72	73
72	74
72	127
73	74
73	75
74	75
74	76
75	76
75	77
75	79
75	80
76	77
76	78
76	79
76	80
76	314
77	78
77	79
77	80
77	81
77	310
77	313
77	314
78	79
78	80
78	81
78	82
78	307
78	310
78	311
79	80
79	81
79	82
79	83
80	81
80	82
80	83
80	84
80	251
81	82
81	83
81	84
81	85
81	251
81	254
81	255
82	83
82	84
82	85
82	86
82	254
83	84
83	85
83	86
83	87
84	85
84	86
84	87
84	88
84	95
84	251
84	254
84	255
85	86
85	87
85	88
85	89
85	254
85	255
85	256
85	257
85	258
86	87
86	88
86	89
86	90
86	258
87	88
87	89
87	90
87	91
87	94
87	95
88	89
88	90
88	91
88	92
88	94
88	95
88	255
88	256
88	258
88	259
89	90
89	91
89	258
89	259
89	261
89	262
90	91
91	92
91	93
91	94
91	95
91	259
91	361
92	93
92	94
92	95
92	96
92	211
92	364
93	94
93	95
93	96
93	97
93	211
93	213
93	214
94	95
94	96
94	97
94	98
95	96
95	97
95	98
95	99
95	255
96	97
96	98
96	99
96	100
97	98
97	99
97	100
97	101
98	99
98	100
98	101
98	102
99	100
99	101
99	102
99	103
99	104
99	248
100	101
100	102
100	103
100	104
100	105
100	134
100	135
101	102
101	103
101	104
101	105
101	106
101	132
101	133
101	134
102	103
102	104
102	105
102	106
102	107
103	104
103	105
103	106
103	107
103	244
103	247
103	248
104	105
104	106
104	107
104	108
104	135
104	244
104	245
104	248
105	106
105	107
105	108
105	109
105	133
105	134
105	135
105	179
106	107
106	108
106	109
106	110
106	123
106	126
107	108
107	109
107	110
107	111
107	112
107	244
108	109
108	110
108	111
108	112
108	113
108	244
109	110
109	111
109	112
109	113
109	114
109	118
109	119
110	111
110	112
110	113
110	114
110	119
111	112
111	113
111	114
112	113
112	114
113	114
113	115
113	232
113	233
113	234
113	235
114	115
114	116
114	118
114	119
114	232
114	233
114	234
115	116
115	117
115	118
115	119
115	232
115	233
116	117
116	118
116	119
116	120
117	118
117	119
117	120
117	121
118	119
118	120
118	121
118	122
119	120
119	121
119	122
119	123
120	121
120	122
120	123
121	122
121	123
122	123
122	124
122	125
122	126
123	124
123	125
123	126
123	127
124	125
124	126
124	127
124	128
125	126
125	127
125	128
125	129
125	130
125	131
126	127
126	128
126	129
126	130
126	131
126	132
127	128
127	129
128	129
128	130
129	130
129	131
129	132
130	131
130	132
131	132
131	133
131	176
132	133
132	174
132	175
132	176
132	177
133	134
133	175
133	176
133	177
133	178
134	135
134	136
134	169
134	170
134	171
134	172
134	175
134	177
134	178
134	179
135	136
135	137
135	169
135	178
135	179
135	180
136	137
136	138
136	166
136	169
136	178
136	179
136	180
136	181
137	138
137	139
137	166
137	180
137	181
138	139
138	140
138	142
138	143
138	146
138	166
138	167
138	168
139	140
139	141
139	142
139	143
139	149
139	165
139	166
139	167
140	141
140	142
140	166
140	167
141	142
141	143
142	143
142	144
142	145
142	146
142	148
142	149
143	144
143	145
143	146
144	145
144	146
144	374
145	146
145	147
145	148
146	147
146	148
146	149
147	148
147	149
147	238
148	149
148	150
149	150
149	151
149	183
150	151
150	152
150	164
150	183
151	152
151	163
151	164
151	165
151	182
151	183
152	153
152	154
152	162
152	163
152	164
152	182
152	183
152	184
153	154
153	155
153	160
153	161
153	162
153	163
153	182
153	183
153	184
154	155
154	156
154	160
154	161
154	162
154	184
155	156
155	157
155	158
155	159
155	160
155	161
156	157
156	158
156	159
156	160
156	161
157	158
157	159
158	159
158	160
158	227
158	228
159	160
159	161
159	225
159	226
159	227
159	228
160	161
160	162
160	225
160	226
160	227
160	228
161	162
161	163
161	223
161	224
161	225
161	226
162	163
162	164
162	221
162	223
162	224
162	225
163	164
163	221
163	222
163	223
163	224
164	165
164	166
164	220
164	221
164	222
165	166
165	167
165	219
165	220
165	221
166	167
166	169
166	218
166	219
166	220
167	168
167	169
167	217
167	218
167	219
168	169
168	170
168	216
168	217
168	218
169	170
169	171
169	172
169	216
169	217
169	218
170	171
170	172
170	215
170	216
170	217
171	172
171	173
171	174
171	175
171	215
171	216
171	217
172	173
172	174
172	175
172	202
172	216
172	217
172	219
173	174
173	175
173	202
173	203
173	204
173	215
173	217
174	175
174	176
175	176
175	177
175	178
175	195
176	177
176	178
176	194
176	195
177	178
177	179
177	192
177	193
177	194
177	195
178	179
178	180
178	192
178	193
178	194
178	195
179	180
179	181
179	190
179	191
179	192
179	193
180	181
180	182
180	190
180	191
180	192
180	193
181	182
181	188
181	189
181	190
181	191
182	183
182	184
182	188
182	189
182	190
183	184
183	187
183	188
183	189
184	185
184	186
184	187
184	188
184	189
185	186
185	187
186	187
187	188
187	189
187	237
188	189
188	236
188	237
188	238
189	190
189	191
189	235
189	236
189	237
190	191
190	231
190	232
190	235
191	192
191	193
191	230
191	231
191	232
192	193
192	194
192	230
192	231
192	232
193	194
193	195
194	195
194	196
194	197
195	196
195	197
195	200
196	197
196	198
196	200
197	198
197	199
197	200
197	224
198	199
198	200
198	224
199	200
199	201
199	221
199	222
199	223
199	224
200	201
200	202
200	220
200	221
200	222
200	224
201	202
201	203
201	219
201	220
201	221
202	203
202	204
202	217
202	218
202	219
202	220
203	204
203	205
203	217
203	218
203	219
204	205
204	206
204	216
204	217
204	218
205	206
205	216
205	217
205	218
206	207
206	208
207	208
207	209
208	209
208	210
208	211
208	212
209	210
209	211
209	212
209	363
210	211
210	212
210	363
210	364
210	366
210	367
211	212
211	213
211	214
211	364
211	367
212	213
212	214
213	214
214	215
214	216
215	216
215	217
216	217
217	218
217	219
218	219
218	220
219	220
219	221
220	221
220	222
221	222
221	223
221	224
222	223
222	224
223	224
223	225
224	225
224	226
225	226
226	227
226	228
226	230
227	228
227	229
227	230
228	229
228	230
228	231
229	230
229	231
230	231
230	232
231	232
231	233
232	233
232	234
232	235
233	234
233	235
234	235
234	236
235	236
235	237
235	240
236	237
236	238
236	240
237	238
237	239
237	240
238	239
238	240
238	241
238	242
239	240
239	241
239	242
239	243
240	241
240	242
240	243
240	244
241	242
241	243
241	244
241	245
242	243
242	244
242	245
242	246
243	244
243	245
243	246
243	247
244	245
244	246
244	247
244	248
245	246
245	247
245	248
245	249
245	372
245	373
246	247
246	248
246	249
246	250
246	320
247	248
247	249
247	250
247	251
248	249
248	250
248	251
248	252
249	250
249	251
249	252
249	253
249	327
249	372
249	373
250	251
250	252
250	253
250	323
251	252
251	253
251	254
251	255
252	253
252	254
252	255
252	256
252	327
253	254
253	255
253	256
253	306
253	326
253	327
253	330
254	255
254	256
254	257
254	258
254	306
255	256
255	257
255	258
255	259
256	257
256	258
256	259
256	260
256	330
256	331
256	334
257	258
257	259
257	260
257	261
257	299
257	303
257	330
257	334
258	259
258	260
258	261
258	262
259	260
259	261
259	262
259	263
259	334
259	361
260	261
260	262
260	263
260	264
260	299
260	334
260	337
260	338
261	262
261	263
261	264
261	265
262	263
262	264
262	265
262	266
263	264
263	265
263	266
263	267
263	338
263	342
263	357
263	358
264	265
264	266
264	267
264	268
264	342
265	266
265	267
265	268
265	269
266	267
266	268
266	269
266	270
267	268
267	269
267	270
267	271
267	342
267	346
268	269
268	270
268	271
268	272
269	270
269	271
269	272
269	273
270	271
270	272
270	273
270	274
271	272
271	273
271	274
271	281
271	282
271	283
272	273
272	274
272	281
272	282
272	283
273	274
273	275
273	276
273	281
274	275
274	276
274	277
274	281
274	282
275	276
275	277
275	278
275	279
275	280
275	281
275	282
276	277
276	278
276	279
276	280
276	281
276	282
277	278
277	279
277	280
277	281
277	282
278	279
278	280
279	280
280	281
280	282
280	284
281	282
281	283
281	284
282	283
282	284
282	285
282	288
283	284
283	285
283	288
283	289
284	285
284	286
285	286
285	287
285	288
285	289
286	287
286	288
286	289
286	290
287	288
287	289
287	290
287	291
288	289
288	290
288	291
288	292
289	290
289	291
289	292
289	293
290	291
290	292
290	293
290	294
291	292
291	293
291	294
291	295
292	293
292	294
292	295
292	296
293	294
293	295
293	296
293	297
294	295
294	296
294	297
294	298
295	296
295	297
295	298
295	299
295	337
296	297
296	298
296	299
296	300
297	298
297	299
297	300
297	301
298	299
298	300
298	301
298	302
298	333
299	300
299	301
299	302
299	303
300	301
300	302
300	303
300	304
301	302
301	303
301	304
301	305
302	303
302	304
302	305
302	306
302	330
303	304
303	305
303	306
303	307
304	305
304	306
304	307
304	308
305	306
305	307
305	308
305	309
305	326
306	307
306	308
306	309
306	310
306	326
307	308
307	309
307	310
307	311
308	309
308	310
308	311
308	312
309	310
309	311
309	312
309	313
309	318
310	311
310	312
310	313
310	314
311	312
311	313
311	314
311	315
312	313
312	314
312	315
312	316
312	317
312	318
313	314
313	315
313	316
313	317
313	318
314	315
314	316
314	317
315	316
315	317
316	317
316	318
317	318
317	319
318	319
318	320
318	322
318	323
319	320
319	321
319	322
319	323
320	321
320	322
320	323
320	324
321	322
321	323
321	324
321	325
321	382
321	383
321	384
321	388
322	323
322	324
322	325
323	324
323	325
323	326
323	327
324	325
324	326
324	327
324	328
324	379
324	384
325	326
325	327
325	328
325	329
326	327
326	328
326	329
326	330
327	328
327	329
327	330
327	331
328	329
328	330
328	331
328	332
328	376
328	379
328	380
329	330
329	331
329	332
329	333
330	331
330	332
330	333
330	334
331	332
331	333
331	334
331	335
331	368
331	369
332	333
332	334
332	335
332	336
332	369
333	334
333	335
333	336
333	337
334	335
334	336
334	337
334	338
335	336
335	337
335	338
335	339
335	362
335	365
336	337
336	338
336	339
336	340
336	341
337	338
337	339
337	340
337	341
337	342
338	339
338	340
338	341
338	342
338	343
338	358
338	359
338	361
338	362
339	340
339	341
339	342
339	343
339	344
339	358
339	359
339	362
340	341
340	342
340	343
340	344
341	342
341	343
341	344
342	343
342	344
342	345
342	346
342	358
343	344
343	345
343	346
343	347
343	351
343	358
343	359
344	345
344	346
344	347
345	346
345	347
346	347
346	348
346	349
346	350
346	351
347	348
347	349
347	350
347	351
348	349
348	350
348	351
348	352
349	350
349	351
349	352
349	353
350	351
350	352
350	353
351	352
351	353
351	356
351	359
352	353
352	359
353	354
353	355
354	355
354	356
354	357
354	360
355	356
355	357
356	357
356	358
357	358
357	359
357	360
357	361
358	359
358	360
358	361
358	362
359	360
359	361
359	362
359	363
360	361
360	362
360	363
360	364
361	362
361	363
361	364
361	365
362	363
362	364
362	365
362	366
363	364
363	365
363	366
364	365
364	366
364	367
364	368
365	366
365	367
365	368
365	369
366	367
366	368
366	369
366	370
367	368
367	369
367	370
367	371
368	369
368	370
368	371
369	370
369	371
369	375
369	376
370	371
370	372
370	373
370	374
370	375
370	376
371	372
371	373
371	374
371	375
372	373
372	374
372	375
373	374
373	375
374	375
374	376
374	378
374	379
375	376
375	377
375	378
375	379
376	377
376	378
376	379
376	380
377	378
377	379
377	380
377	381
378	379
378	380
378	381
378	382
378	383
379	380
379	381
379	382
379	383
379	384
380	381
380	382
380	383
380	384
380	385
381	382
381	383
381	384
381	385
381	386
381	387
381	394
381	395
382	383
382	384
382	385
382	386
382	387
382	388
383	384
383	385
383	386
383	387
383	388
384	385
384	386
384	387
384	388
384	389
385	386
385	387
385	388
385	389
385	390
386	387
386	388
386	389
386	390
386	391
386	392
386	393
387	388
387	389
387	390
387	391
387	392
387	393
388	389
388	390
388	391
389	390
389	391
390	391
390	392
391	392
391	393
392	393
392	394
393	394
393	395
394	395
394	396
394	397
395	396
395	397
396	397
