0	1
0	2
0	3
1	2
1	3
2	3
2	4
3	4
3	5
3	81
4	5
4	6
4	7
4	54
4	81
5	6
5	7
5	78
5	79
5	80
5	81
6	7
6	54
6	55
6	78
6	79
6	80
6	81
7	8
7	9
7	53
7	54
7	55
7	56
7	57
7	77
7	78
7	79
8	9
8	10
8	52
8	53
8	54
8	56
8	57
8	58
8	75
8	76
8	77
8	78
9	10
9	11
9	51
9	52
9	53
9	75
9	76
9	77
10	11
10	12
10	50
10	51
10	52
10	73
10	74
10	75
10	76
11	12
11	13
11	49
11	50
11	51
11	73
11	74
11	75
12	13
12	14
12	48
12	49
12	50
12	72
12	73
12	74
13	14
13	15
13	17
13	18
13	48
13	49
13	50
13	70
13	72
13	73
14	15
14	16
14	17
14	48
14	49
14	70
15	16
15	17
15	18
15	39
15	47
15	48
15	49
16	17
16	18
16	19
17	18
17	19
17	20
17	21
18	19
18	20
18	21
18	22
18	38
18	49
18	50
19	20
19	21
19	22
19	23
20	21
20	22
20	23
20	24
21	22
21	23
21	24
21	25
22	23
22	24
22	25
22	26
22	27
22	28
23	24
23	25
23	26
23	27
23	28
24	25
24	26
25	26
25	27
25	62
26	27
26	28
26	29
27	28
27	29
27	30
28	29
28	30
29	30
30	31
30	32
31	32
31	33
32	33
32	34
32	53
32	54
32	55
33	34
33	35
33	53
33	54
34	35
34	36
34	52
34	53
34	54
35	36
35	37
35	51
35	52
35	53
36	37
36	38
36	50
36	51
36	52
37	38
37	39
37	40
37	49
37	50
37	51
38	39
38	40
38	48
38	49
38	50
39	40
39	41
39	47
39	48
39	49
40	41
40	42
40	47
40	48
40	49
41	42
41	43
41	46
41	47
41	48
42	43
42	44
42	45
42	46
42	47
42	48
43	44
43	45
43	46
44	45
44	46
45	46
45	47
46	47
47	48
48	49
48	50
49	50
49	51
50	51
50	52
51	52
51	53
52	53
52	54
53	54
53	55
53	56
54	55
54	56
55	56
56	57
56	58
57	58
57	59
58	59
58	60
58	62
58	63
59	60
59	61
59	62
59	63
60	61
60	62
60	63
60	64
61	62
61	63
61	64
61	65
62	63
62	64
62	65
62	66
63	64
63	65
63	66
63	67
63	89
64	65
64	66
64	67
64	89
64	90
64	91
64	92
65	66
65	67
65	68
65	69
66	67
66	68
66	69
66	70
66	71
66	89
67	68
67	69
67	70
67	71
67	89
67	90
67	91
68	69
68	70
68	71
68	91
69	70
69	71
70	71
70	72
70	73
71	72
71	73
71	89
72	73
72	74
73	74
73	75
73	88
74	75
74	76
74	87
74	88
75	76
75	77
75	86
75	87
75	88
76	77
76	78
76	83
76	85
76	86
76	87
77	78
77	83
77	84
77	85
77	86
78	79
78	80
78	81
78	82
78	83
78	84
79	80
79	81
79	82
79	83
79	84
80	81
80	82
81	82
81	83
82	83
82	84
83	84
83	85
84	85
85	86
85	87
86	87
87	88
87	89
88	89
88	90
89	90
89	91
90	91
90	92
91	92
91	93
92	93
92	94
92	119
93	94
93	118
93	119
94	95
94	96
94	116
94	117
94	118
94	119
95	96
95	97
95	116
95	117
95	118
96	97
96	98
96	114
96	115
96	116
96	117
97	98
97	99
97	114
97	115
97	116
98	99
98	100
98	115
99	100
99	101
99	115
99	142
100	101
100	102
100	115
100	142
101	102
101	103
101	130
101	142
102	103
102	104
102	142
103	104
103	105
103	106
104	105
104	106
105	106
105	107
106	107
106	108
106	109
106	132
106	133
107	108
107	109
107	110
107	111
108	109
108	110
108	111
108	113
108	115
108	132
109	110
109	111
110	111
111	112
111	113
112	113
113	114
113	115
114	115
114	116
115	116
115	117
116	117
116	118
116	130
116	131
117	118
117	119
117	128
117	129
117	130
117	131
118	119
118	120
118	128
118	129
118	130
119	120
119	121
119	126
119	127
119	128
119	129
120	121
120	122
120	126
120	127
120	128
121	122
121	123
121	125
121	126
121	127
122	123
122	124
122	125
122	126
122	127
123	124
123	125
124	125
125	126
125	127
125	138
125	139
126	127
126	128
126	138
126	139
127	128
127	129
127	136
127	137
127	138
127	139
128	129
128	130
128	136
128	137
128	138
128	139
129	130
129	131
129	134
129	135
129	136
129	137
130	131
130	132
130	133
130	134
130	135
130	136
131	132
131	133
131	134
132	133
132	134
133	134
133	135
134	135
134	136
135	136
135	137
136	137
137	138
137	139
137	141
137	142
138	139
138	140
138	141
138	142
139	140
139	141
139	142
139	143
140	141
140	142
140	143
140	144
141	142
141	143
141	144
142	143
142	144
143	144
143	145
144	145
