2ptr b
[0, 0, 32, 0, 0, 0, 0, 0, 0, 0, 0, 0, 0, 0, 0]
[0, 0, 8, 15, 0, 0, 0, 0, 0, 0, 0, 4, 6, 1, 24]
[32, 8, 0, 5, 7, 0, 0, 21, 0, 0, 0, 0, 33, 27, 0]
[0, 15, 5, 0, 35, 0, 0, 3, 0, 0, 0, 19, 0, 0, 0]
[0, 0, 7, 35, 0, 0, 0, 0, 0, 0, 14, 0, 0, 0, 0]
[0, 0, 0, 0, 0, 0, 8, 0, 0, 0, 0, 0, 0, 0, 16]
[0, 0, 0, 0, 0, 8, 0, 0, 0, 0, 0, 0, 0, 0, 21]
[0, 0, 21, 3, 0, 0, 0, 0, 0, 0, 0, 3, 3, 0, 0]
[0, 0, 0, 0, 0, 0, 0, 0, 0, 0, 0, 0, 0, 10, 0]
[0, 0, 0, 0, 0, 0, 0, 0, 0, 0, 0, 0, 0, 11, 0]
[0, 0, 0, 0, 14, 0, 0, 0, 0, 0, 0, 4, 0, 0, 0]
[0, 4, 0, 19, 0, 0, 0, 3, 0, 0, 4, 0, 19, 0, 0]
[0, 6, 33, 0, 0, 0, 0, 3, 0, 0, 0, 19, 0, 23, 0]
[0, 1, 27, 0, 0, 0, 0, 0, 10, 11, 0, 0, 23, 0, 11]
[0, 24, 0, 0, 0, 16, 21, 0, 0, 0, 0, 0, 0, 11, 0]
Dendrogram, 15 elements, 14 merges

5 6 14 12 1 9 8 13 3 11 7 4 10 2 0
| | |  |  | | | |  | |  | | |  | |
`-' |  |  | | | |  | |  | | |  | |
 |  |  |  | | | |  | |  | | |  | |
 `--'  |  | | `-'  | |  | `-'  | |
  |    |  | |  |   | |  |  |   | |
  |    |  | `--'   | `--'  |   `-'
  |    |  |  |     |  |    |    | 
  |    |  |  |     `--'    |    | 
  |    |  |  |      |      |    | 
  |    `--'  |      `------'    | 
  |     |    |         |        | 
  |     `----'         `--------' 
  |       |                |      
  `-------'                |      
      |                    |      
      `--------------------'
No. of Domains:  3

0 0 - 8 --
1 142 - 144 146 - 162 179 - 199 445 - 455 --
2 9 - 20 312 - 313 341 - 354 --
3 25 - 26 125 - 141 --
4 21 - 24 27 - 34 36 - 73 --
5 384 - 409 --
6 410 - 430 --
7 333 - 338 --
8 288 - 292 --
9 294 - 296 --
10 74 - 118 --
11 119 - 124 200 - 256 325 - 332 --
12 257 - 269 310 - 311 314 - 324 --
13 270 - 287 297 - 308 355 - 365 --
14 163 - 178 366 - 383 431 - 444 --

[(6, 5), (14, 15), (13, 8), (10, 4), (17, 9), (0, 2), (7, 11), (21, 3), (18, 22), (1, 12), (19, 24), (20, 23), (25, 16), (26, 27)]

0 - 145 200 - 256 325 - 354 -- 146 - 162 179 - 199 257 - 324 355 - 365 445 - 455 -- 163 - 178 366 - 444 --
**************************CLAUSET'S END***************************


************************************** STEP # 1 ****************************
BEFORE MERGE
0 0 - 8 --

1 142 - 144 146 - 162 179 - 199 445 - 455 --

2 9 - 20 312 - 313 341 - 354 --

3 25 - 26 125 - 141 --

4 21 - 24 27 - 34 36 - 73 --

5 384 - 409 --

6 410 - 430 --

7 333 - 338 --

8 288 - 292 --

9 294 - 296 --

10 74 - 118 --

11 119 - 124 200 - 256 325 - 332 --

12 257 - 269 310 - 311 314 - 324 --

13 270 - 287 297 - 308 355 - 365 --

14 163 - 178 366 - 383 431 - 444 --


0 0.000 0.000 32.000 0.000 0.000 0.000 0.000 0.000 0.000 0.000 0.000 0.000 0.000 0.000 0.000
1 0.000 0.000 8.000 15.000 0.000 0.000 0.000 0.000 0.000 0.000 0.000 4.000 6.000 1.000 24.000
2 32.000 8.000 0.000 5.000 7.000 0.000 0.000 21.000 0.000 0.000 0.000 0.000 33.000 27.000 0.000
3 0.000 15.000 5.000 0.000 35.000 0.000 0.000 3.000 0.000 0.000 0.000 19.000 0.000 0.000 0.000
4 0.000 0.000 7.000 35.000 0.000 0.000 0.000 0.000 0.000 0.000 14.000 0.000 0.000 0.000 0.000
5 0.000 0.000 0.000 0.000 0.000 0.000 8.000 0.000 0.000 0.000 0.000 0.000 0.000 0.000 16.000
6 0.000 0.000 0.000 0.000 0.000 8.000 0.000 0.000 0.000 0.000 0.000 0.000 0.000 0.000 21.000
7 0.000 0.000 21.000 3.000 0.000 0.000 0.000 0.000 0.000 0.000 0.000 3.000 3.000 0.000 0.000
8 0.000 0.000 0.000 0.000 0.000 0.000 0.000 0.000 0.000 0.000 0.000 0.000 0.000 10.000 0.000
9 0.000 0.000 0.000 0.000 0.000 0.000 0.000 0.000 0.000 0.000 0.000 0.000 0.000 11.000 0.000
10 0.000 0.000 0.000 0.000 14.000 0.000 0.000 0.000 0.000 0.000 0.000 4.000 0.000 0.000 0.000
11 0.000 4.000 0.000 19.000 0.000 0.000 0.000 3.000 0.000 0.000 4.000 0.000 19.000 0.000 0.000
12 0.000 6.000 33.000 0.000 0.000 0.000 0.000 3.000 0.000 0.000 0.000 19.000 0.000 23.000 0.000
13 0.000 1.000 27.000 0.000 0.000 0.000 0.000 0.000 10.000 11.000 0.000 0.000 23.000 0.000 11.000
14 0.000 24.000 0.000 0.000 0.000 16.000 21.000 0.000 0.000 0.000 0.000 0.000 0.000 11.000 0.000

35
Merge Cluster 3 & Cluster 4

AFTER MERGE
0 0 - 8 --

1 142 - 144 146 - 162 179 - 199 445 - 455 --

2 9 - 20 312 - 313 341 - 354 --

5 384 - 409 --

6 410 - 430 --

7 333 - 338 --

8 288 - 292 --

9 294 - 296 --

10 74 - 118 --

11 119 - 124 200 - 256 325 - 332 --

12 257 - 269 310 - 311 314 - 324 --

13 270 - 287 297 - 308 355 - 365 --

14 163 - 178 366 - 383 431 - 444 --

15 21 - 73 125 - 141 --

************************************ END OF STEP ***************************
************************************** STEP # 2 ****************************
BEFORE MERGE
0 0 - 8 --

1 142 - 144 146 - 162 179 - 199 445 - 455 --

2 9 - 20 312 - 313 341 - 354 --

5 384 - 409 --

6 410 - 430 --

7 333 - 338 --

8 288 - 292 --

9 294 - 296 --

10 74 - 118 --

11 119 - 124 200 - 256 325 - 332 --

12 257 - 269 310 - 311 314 - 324 --

13 270 - 287 297 - 308 355 - 365 --

14 163 - 178 366 - 383 431 - 444 --

15 21 - 73 125 - 141 --


0 0.000 0.000 32.000 0.000 0.000 0.000 0.000 0.000 0.000 0.000 0.000 0.000 0.000 0.000
1 0.000 0.000 8.000 0.000 0.000 0.000 0.000 0.000 0.000 4.000 6.000 1.000 24.000 9.000
2 32.000 8.000 0.000 0.000 0.000 21.000 0.000 0.000 0.000 0.000 33.000 27.000 0.000 8.000
5 0.000 0.000 0.000 0.000 8.000 0.000 0.000 0.000 0.000 0.000 0.000 0.000 16.000 0.000
6 0.000 0.000 0.000 8.000 0.000 0.000 0.000 0.000 0.000 0.000 0.000 0.000 21.000 0.000
7 0.000 0.000 21.000 0.000 0.000 0.000 0.000 0.000 0.000 3.000 3.000 0.000 0.000 1.000
8 0.000 0.000 0.000 0.000 0.000 0.000 0.000 0.000 0.000 0.000 0.000 10.000 0.000 0.000
9 0.000 0.000 0.000 0.000 0.000 0.000 0.000 0.000 0.000 0.000 0.000 11.000 0.000 0.000
10 0.000 0.000 0.000 0.000 0.000 0.000 0.000 0.000 0.000 4.000 0.000 0.000 0.000 12.000
11 0.000 4.000 0.000 0.000 0.000 3.000 0.000 0.000 4.000 0.000 19.000 0.000 0.000 12.000
12 0.000 6.000 33.000 0.000 0.000 3.000 0.000 0.000 0.000 19.000 0.000 23.000 0.000 0.000
13 0.000 1.000 27.000 0.000 0.000 0.000 10.000 11.000 0.000 0.000 23.000 0.000 11.000 0.000
14 0.000 24.000 0.000 16.000 21.000 0.000 0.000 0.000 0.000 0.000 0.000 11.000 0.000 0.000
15 0.000 9.000 8.000 0.000 0.000 1.000 0.000 0.000 12.000 12.000 0.000 0.000 0.000 0.000

33
Merge Cluster 2 & Cluster 12

AFTER MERGE
0 0 - 8 --

1 142 - 144 146 - 162 179 - 199 445 - 455 --

5 384 - 409 --

6 410 - 430 --

7 333 - 338 --

8 288 - 292 --

9 294 - 296 --

10 74 - 118 --

11 119 - 124 200 - 256 325 - 332 --

13 270 - 287 297 - 308 355 - 365 --

14 163 - 178 366 - 383 431 - 444 --

15 21 - 73 125 - 141 --

16 9 - 20 257 - 269 309 - 324 341 - 354 --

************************************ END OF STEP ***************************
************************************** STEP # 3 ****************************
BEFORE MERGE
0 0 - 8 --

1 142 - 144 146 - 162 179 - 199 445 - 455 --

5 384 - 409 --

6 410 - 430 --

7 333 - 338 --

8 288 - 292 --

9 294 - 296 --

10 74 - 118 --

11 119 - 124 200 - 256 325 - 332 --

13 270 - 287 297 - 308 355 - 365 --

14 163 - 178 366 - 383 431 - 444 --

15 21 - 73 125 - 141 --

16 9 - 20 257 - 269 309 - 324 341 - 354 --


0 0.000 0.000 0.000 0.000 0.000 0.000 0.000 0.000 0.000 0.000 0.000 0.000 19.000
1 0.000 0.000 0.000 0.000 0.000 0.000 0.000 0.000 4.000 1.000 24.000 9.000 11.000
5 0.000 0.000 0.000 8.000 0.000 0.000 0.000 0.000 0.000 0.000 16.000 0.000 0.000
6 0.000 0.000 8.000 0.000 0.000 0.000 0.000 0.000 0.000 0.000 21.000 0.000 0.000
7 0.000 0.000 0.000 0.000 0.000 0.000 0.000 0.000 3.000 0.000 0.000 1.000 14.000
8 0.000 0.000 0.000 0.000 0.000 0.000 0.000 0.000 0.000 10.000 0.000 0.000 0.000
9 0.000 0.000 0.000 0.000 0.000 0.000 0.000 0.000 0.000 11.000 0.000 0.000 0.000
10 0.000 0.000 0.000 0.000 0.000 0.000 0.000 0.000 4.000 0.000 0.000 12.000 0.000
11 0.000 4.000 0.000 0.000 3.000 0.000 0.000 4.000 0.000 0.000 0.000 12.000 14.000
13 0.000 1.000 0.000 0.000 0.000 10.000 11.000 0.000 0.000 0.000 11.000 0.000 36.000
14 0.000 24.000 16.000 21.000 0.000 0.000 0.000 0.000 0.000 11.000 0.000 0.000 0.000
15 0.000 9.000 0.000 0.000 1.000 0.000 0.000 12.000 12.000 0.000 0.000 0.000 7.000
16 19.000 11.000 0.000 0.000 14.000 0.000 0.000 0.000 14.000 36.000 0.000 7.000 0.000

36
Merge Cluster 13 & Cluster 16

AFTER MERGE
0 0 - 8 --

1 142 - 144 146 - 162 179 - 199 445 - 455 --

5 384 - 409 --

6 410 - 430 --

7 333 - 338 --

8 288 - 292 --

9 294 - 296 --

10 74 - 118 --

11 119 - 124 200 - 256 325 - 332 --

14 163 - 178 366 - 383 431 - 444 --

15 21 - 73 125 - 141 --

17 9 - 20 257 - 287 297 - 324 341 - 365 --

************************************ END OF STEP ***************************
************************************** STEP # 4 ****************************
BEFORE MERGE
0 0 - 8 --

1 142 - 144 146 - 162 179 - 199 445 - 455 --

5 384 - 409 --

6 410 - 430 --

7 333 - 338 --

8 288 - 292 --

9 294 - 296 --

10 74 - 118 --

11 119 - 124 200 - 256 325 - 332 --

14 163 - 178 366 - 383 431 - 444 --

15 21 - 73 125 - 141 --

17 9 - 20 257 - 287 297 - 324 341 - 365 --


0 0.000 0.000 0.000 0.000 0.000 0.000 0.000 0.000 0.000 0.000 0.000 12.000
1 0.000 0.000 0.000 0.000 0.000 0.000 0.000 0.000 4.000 24.000 9.000 8.000
5 0.000 0.000 0.000 8.000 0.000 0.000 0.000 0.000 0.000 16.000 0.000 0.000
6 0.000 0.000 8.000 0.000 0.000 0.000 0.000 0.000 0.000 21.000 0.000 0.000
7 0.000 0.000 0.000 0.000 0.000 0.000 0.000 0.000 3.000 0.000 1.000 8.000
8 0.000 0.000 0.000 0.000 0.000 0.000 0.000 0.000 0.000 0.000 0.000 4.000
9 0.000 0.000 0.000 0.000 0.000 0.000 0.000 0.000 0.000 0.000 0.000 4.000
10 0.000 0.000 0.000 0.000 0.000 0.000 0.000 0.000 4.000 0.000 12.000 0.000
11 0.000 4.000 0.000 0.000 3.000 0.000 0.000 4.000 0.000 0.000 12.000 11.000
14 0.000 24.000 16.000 21.000 0.000 0.000 0.000 0.000 0.000 0.000 0.000 6.000
15 0.000 9.000 0.000 0.000 1.000 0.000 0.000 12.000 12.000 0.000 0.000 5.000
17 12.000 8.000 0.000 0.000 8.000 4.000 4.000 0.000 11.000 6.000 5.000 0.000

24
Merge Cluster 1 & Cluster 14

AFTER MERGE
0 0 - 8 --

5 384 - 409 --

6 410 - 430 --

7 333 - 338 --

8 288 - 292 --

9 294 - 296 --

10 74 - 118 --

11 119 - 124 200 - 256 325 - 332 --

15 21 - 73 125 - 141 --

17 9 - 20 257 - 287 297 - 324 341 - 365 --

18 142 - 144 146 - 199 366 - 383 431 - 455 --

************************************ END OF STEP ***************************
************************************** STEP # 5 ****************************
BEFORE MERGE
0 0 - 8 --

5 384 - 409 --

6 410 - 430 --

7 333 - 338 --

8 288 - 292 --

9 294 - 296 --

10 74 - 118 --

11 119 - 124 200 - 256 325 - 332 --

15 21 - 73 125 - 141 --

17 9 - 20 257 - 287 297 - 324 341 - 365 --

18 142 - 144 146 - 199 366 - 383 431 - 455 --


0 0.000 0.000 0.000 0.000 0.000 0.000 0.000 0.000 0.000 12.000 0.000
5 0.000 0.000 8.000 0.000 0.000 0.000 0.000 0.000 0.000 0.000 9.000
6 0.000 8.000 0.000 0.000 0.000 0.000 0.000 0.000 0.000 0.000 12.000
7 0.000 0.000 0.000 0.000 0.000 0.000 0.000 3.000 1.000 8.000 0.000
8 0.000 0.000 0.000 0.000 0.000 0.000 0.000 0.000 0.000 4.000 0.000
9 0.000 0.000 0.000 0.000 0.000 0.000 0.000 0.000 0.000 4.000 0.000
10 0.000 0.000 0.000 0.000 0.000 0.000 0.000 4.000 12.000 0.000 0.000
11 0.000 0.000 0.000 3.000 0.000 0.000 4.000 0.000 12.000 11.000 3.000
15 0.000 0.000 0.000 1.000 0.000 0.000 12.000 12.000 0.000 5.000 6.000
17 12.000 0.000 0.000 8.000 4.000 4.000 0.000 11.000 5.000 0.000 11.000
18 0.000 9.000 12.000 0.000 0.000 0.000 0.000 3.000 6.000 11.000 0.000

12
Merge Cluster 0 & Cluster 17

AFTER MERGE
5 384 - 409 --

6 410 - 430 --

7 333 - 338 --

8 288 - 292 --

9 294 - 296 --

10 74 - 118 --

11 119 - 124 200 - 256 325 - 332 --

15 21 - 73 125 - 141 --

18 142 - 144 146 - 199 366 - 383 431 - 455 --

19 0 - 20 257 - 287 297 - 324 341 - 365 --

************************************ END OF STEP ***************************
************************************** STEP # 6 ****************************
BEFORE MERGE
5 384 - 409 --

6 410 - 430 --

7 333 - 338 --

8 288 - 292 --

9 294 - 296 --

10 74 - 118 --

11 119 - 124 200 - 256 325 - 332 --

15 21 - 73 125 - 141 --

18 142 - 144 146 - 199 366 - 383 431 - 455 --

19 0 - 20 257 - 287 297 - 324 341 - 365 --


5 0.000 8.000 0.000 0.000 0.000 0.000 0.000 0.000 9.000 0.000
6 8.000 0.000 0.000 0.000 0.000 0.000 0.000 0.000 12.000 0.000
7 0.000 0.000 0.000 0.000 0.000 0.000 3.000 1.000 0.000 7.000
8 0.000 0.000 0.000 0.000 0.000 0.000 0.000 0.000 0.000 4.000
9 0.000 0.000 0.000 0.000 0.000 0.000 0.000 0.000 0.000 4.000
10 0.000 0.000 0.000 0.000 0.000 0.000 4.000 12.000 0.000 0.000
11 0.000 0.000 3.000 0.000 0.000 4.000 0.000 12.000 3.000 10.000
15 0.000 0.000 1.000 0.000 0.000 12.000 12.000 0.000 6.000 5.000
18 9.000 12.000 0.000 0.000 0.000 0.000 3.000 6.000 0.000 11.000
19 0.000 0.000 7.000 4.000 4.000 0.000 10.000 5.000 11.000 0.000

12
Merge Cluster 6 & Cluster 18

AFTER MERGE
5 384 - 409 --

7 333 - 338 --

8 288 - 292 --

9 294 - 296 --

10 74 - 118 --

11 119 - 124 200 - 256 325 - 332 --

15 21 - 73 125 - 141 --

19 0 - 20 257 - 287 297 - 324 341 - 365 --

20 142 - 144 146 - 199 366 - 383 410 - 455 --

************************************ END OF STEP ***************************
************************************** STEP # 7 ****************************
BEFORE MERGE
5 384 - 409 --

7 333 - 338 --

8 288 - 292 --

9 294 - 296 --

10 74 - 118 --

11 119 - 124 200 - 256 325 - 332 --

15 21 - 73 125 - 141 --

19 0 - 20 257 - 287 297 - 324 341 - 365 --

20 142 - 144 146 - 199 366 - 383 410 - 455 --


5 0.000 0.000 0.000 0.000 0.000 0.000 0.000 0.000 10.000
7 0.000 0.000 0.000 0.000 0.000 3.000 1.000 7.000 0.000
8 0.000 0.000 0.000 0.000 0.000 0.000 0.000 4.000 0.000
9 0.000 0.000 0.000 0.000 0.000 0.000 0.000 4.000 0.000
10 0.000 0.000 0.000 0.000 0.000 4.000 12.000 0.000 0.000
11 0.000 3.000 0.000 0.000 4.000 0.000 12.000 10.000 3.000
15 0.000 1.000 0.000 0.000 12.000 12.000 0.000 5.000 5.000
19 0.000 7.000 4.000 4.000 0.000 10.000 5.000 0.000 10.000
20 10.000 0.000 0.000 0.000 0.000 3.000 5.000 10.000 0.000

12
Merge Cluster 10 & Cluster 15

AFTER MERGE
5 384 - 409 --

7 333 - 338 --

8 288 - 292 --

9 294 - 296 --

11 119 - 124 200 - 256 325 - 332 --

19 0 - 20 257 - 287 297 - 324 341 - 365 --

20 142 - 144 146 - 199 366 - 383 410 - 455 --

21 21 - 118 125 - 141 --

************************************ END OF STEP ***************************
************************************** STEP # 8 ****************************
BEFORE MERGE
5 384 - 409 --

7 333 - 338 --

8 288 - 292 --

9 294 - 296 --

11 119 - 124 200 - 256 325 - 332 --

19 0 - 20 257 - 287 297 - 324 341 - 365 --

20 142 - 144 146 - 199 366 - 383 410 - 455 --

21 21 - 118 125 - 141 --


5 0.000 0.000 0.000 0.000 0.000 0.000 10.000 0.000
7 0.000 0.000 0.000 0.000 3.000 7.000 0.000 0.000
8 0.000 0.000 0.000 0.000 0.000 4.000 0.000 0.000
9 0.000 0.000 0.000 0.000 0.000 4.000 0.000 0.000
11 0.000 3.000 0.000 0.000 0.000 10.000 3.000 12.000
19 0.000 7.000 4.000 4.000 10.000 0.000 10.000 4.000
20 10.000 0.000 0.000 0.000 3.000 10.000 0.000 4.000
21 0.000 0.000 0.000 0.000 12.000 4.000 4.000 0.000

12
Merge Cluster 11 & Cluster 21

AFTER MERGE
5 384 - 409 --

7 333 - 338 --

8 288 - 292 --

9 294 - 296 --

19 0 - 20 257 - 287 297 - 324 341 - 365 --

20 142 - 144 146 - 199 366 - 383 410 - 455 --

22 21 - 141 200 - 256 325 - 332 --

************************************ END OF STEP ***************************
************************************** STEP # 9 ****************************
BEFORE MERGE
5 384 - 409 --

7 333 - 338 --

8 288 - 292 --

9 294 - 296 --

19 0 - 20 257 - 287 297 - 324 341 - 365 --

20 142 - 144 146 - 199 366 - 383 410 - 455 --

22 21 - 141 200 - 256 325 - 332 --


5 0.000 0.000 0.000 0.000 0.000 10.000 0.000
7 0.000 0.000 0.000 0.000 7.000 0.000 2.000
8 0.000 0.000 0.000 0.000 4.000 0.000 0.000
9 0.000 0.000 0.000 0.000 4.000 0.000 0.000
19 0.000 7.000 4.000 4.000 0.000 10.000 9.000
20 10.000 0.000 0.000 0.000 10.000 0.000 5.000
22 0.000 2.000 0.000 0.000 9.000 5.000 0.000

10
Merge Cluster 5 & Cluster 20

AFTER MERGE
7 333 - 338 --

8 288 - 292 --

9 294 - 296 --

19 0 - 20 257 - 287 297 - 324 341 - 365 --

22 21 - 141 200 - 256 325 - 332 --

23 142 - 144 146 - 199 366 - 455 --

************************************ END OF STEP ***************************
************************************** STEP # 10 ****************************
BEFORE MERGE
7 333 - 338 --

8 288 - 292 --

9 294 - 296 --

19 0 - 20 257 - 287 297 - 324 341 - 365 --

22 21 - 141 200 - 256 325 - 332 --

23 142 - 144 146 - 199 366 - 455 --


7 0.000 0.000 0.000 7.000 2.000 0.000
8 0.000 0.000 0.000 4.000 0.000 0.000
9 0.000 0.000 0.000 4.000 0.000 0.000
19 7.000 4.000 4.000 0.000 9.000 9.000
22 2.000 0.000 0.000 9.000 0.000 5.000
23 0.000 0.000 0.000 9.000 5.000 0.000

9
Merge Cluster 19 & Cluster 22

AFTER MERGE
7 333 - 338 --

8 288 - 292 --

9 294 - 296 --

23 142 - 144 146 - 199 366 - 455 --

24 0 - 141 200 - 287 297 - 332 341 - 365 --

************************************ END OF STEP ***************************
************************************** STEP # 11 ****************************
BEFORE MERGE
7 333 - 338 --

8 288 - 292 --

9 294 - 296 --

23 142 - 144 146 - 199 366 - 455 --

24 0 - 141 200 - 287 297 - 332 341 - 365 --


7 0.000 0.000 0.000 0.000 4.000
8 0.000 0.000 0.000 0.000 1.000
9 0.000 0.000 0.000 0.000 1.000
23 0.000 0.000 0.000 0.000 9.000
24 4.000 1.000 1.000 9.000 0.000

9
Merge Cluster 23 & Cluster 24

AFTER MERGE
7 333 - 338 --

8 288 - 292 --

9 294 - 296 --

25 0 - 287 297 - 332 341 - 455 --

************************************ END OF STEP ***************************
************************************** STEP # 12 ****************************
BEFORE MERGE
7 333 - 338 --

8 288 - 292 --

9 294 - 296 --

25 0 - 287 297 - 332 341 - 455 --


7 0.000 0.000 0.000 2.000
8 0.000 0.000 0.000 1.000
9 0.000 0.000 0.000 1.000
25 2.000 1.000 1.000 0.000

2
Merge Cluster 7 & Cluster 25

AFTER MERGE
8 288 - 292 --

9 294 - 296 --

26 0 - 287 297 - 455 --

************************************ END OF STEP ***************************
************************************** STEP # 13 ****************************
BEFORE MERGE
8 288 - 292 --

9 294 - 296 --

26 0 - 287 297 - 455 --


8 0.000 0.000 1.000
9 0.000 0.000 1.000
26 1.000 1.000 0.000

1
Merge Cluster 8 & Cluster 26

AFTER MERGE
9 294 - 296 --

27 0 - 293 297 - 455 --

************************************ END OF STEP ***************************
************************************** STEP # 14 ****************************
BEFORE MERGE
9 294 - 296 --

27 0 - 293 297 - 455 --


9 0.000 1.000
27 1.000 0.000

1
Merge Cluster 9 & Cluster 27

AFTER MERGE
28 0 - 455 --

************************************ END OF STEP ***************************
