3bg2 a
[0, 22, 0, 0, 0, 10, 6, 0, 0, 0, 0, 0, 31, 0, 6]
[22, 0, 0, 20, 7, 25, 14, 0, 0, 0, 12, 0, 7, 0, 48]
[0, 0, 0, 8, 18, 0, 0, 0, 0, 0, 16, 21, 22, 0, 2]
[0, 20, 8, 0, 6, 0, 0, 0, 0, 0, 6, 11, 0, 0, 18]
[0, 7, 18, 6, 0, 0, 1, 0, 0, 26, 0, 0, 0, 0, 5]
[10, 25, 0, 0, 0, 0, 0, 0, 0, 0, 5, 0, 0, 0, 16]
[6, 14, 0, 0, 1, 0, 0, 0, 0, 13, 0, 0, 0, 0, 14]
[0, 0, 0, 0, 0, 0, 0, 0, 0, 0, 0, 23, 0, 0, 0]
[0, 0, 0, 0, 0, 0, 0, 0, 0, 0, 32, 0, 0, 0, 0]
[0, 0, 0, 0, 26, 0, 13, 0, 0, 0, 0, 0, 0, 0, 14]
[0, 12, 16, 6, 0, 5, 0, 0, 32, 0, 0, 8, 11, 24, 1]
[0, 0, 21, 11, 0, 0, 0, 23, 0, 0, 8, 0, 0, 0, 0]
[31, 7, 22, 0, 0, 0, 0, 0, 0, 0, 11, 0, 0, 8, 0]
[0, 0, 0, 0, 0, 0, 0, 0, 0, 0, 24, 0, 8, 0, 0]
[6, 48, 2, 18, 5, 16, 14, 0, 0, 14, 1, 0, 0, 0, 0]
Dendrogram, 15 elements, 14 merges

0 5 1 9 6 4 14 12 13 8 10 2 7 11 3
| | | | | | |  |  |  | |  | | |  |
| | | | | | |  `--'  `-'  | `-'  |
| | | | | | |   |     |   |  |   |
| | | `-' | |   `-----'   |  |   |
| | |  |  | |      |      |  |   |
| | |  `--' |      |      |  |   |
| | |   |   |      |      |  |   |
`-' |   `---'      |      |  |   |
 |  |     |        |      |  |   |
 `--'     |        |      |  |   |
  |       |        |      |  |   |
  `-------'        `------'  `---'
      |               |        |  
      |               `--------'  
      |                   |       
      `-------------------'
No. of Domains:  2

0 0 - 6 202 - 216 219 - 221 --
1 7 - 8 27 - 34 106 - 111 176 - 186 222 - 227 229 - 231 298 - 300 --
2 49 - 51 118 - 141 150 - 153 327 - 335 337 - 338 --
3 37 - 48 56 - 57 --
4 52 - 53 241 - 242 244 - 246 248 - 253 301 - 326 --
5 9 - 26 91 - 94 --
6 277 - 279 281 - 297 --
7 351 - 364 --
8 168 - 171 --
9 239 - 240 254 - 275 --
10 112 - 117 154 - 167 172 - 175 376 - 381 --
11 339 - 350 382 - 396 --
12 142 - 149 189 - 201 217 - 218 --
13 365 - 375 --
14 60 - 87 95 - 102 104 - 105 232 - 237 --

[(11, 7), (10, 8), (13, 12), (16, 17), (6, 9), (4, 19), (14, 20), (5, 0), (1, 22), (21, 23), (2, 18), (3, 15), (26, 25), (27, 24)]

0 - 36 60 - 111 176 - 188 202 - 326 -- 37 - 59 112 - 175 189 - 201 327 - 396 --
**************************CLAUSET'S END***************************


************************************** STEP # 1 ****************************
BEFORE MERGE
0 0 - 6 202 - 216 219 - 221 --

1 7 - 8 27 - 34 106 - 111 176 - 186 222 - 227 229 - 231 298 - 300 --

2 49 - 51 118 - 141 150 - 153 327 - 335 337 - 338 --

3 37 - 48 56 - 57 --

4 52 - 53 241 - 242 244 - 246 248 - 253 301 - 326 --

5 9 - 26 91 - 94 --

6 277 - 279 281 - 297 --

7 351 - 364 --

8 168 - 171 --

9 239 - 240 254 - 275 --

10 112 - 117 154 - 167 172 - 175 376 - 381 --

11 339 - 350 382 - 396 --

12 142 - 149 189 - 201 217 - 218 --

13 365 - 375 --

14 60 - 87 95 - 102 104 - 105 232 - 237 --


0 0.000 22.000 0.000 0.000 0.000 10.000 6.000 0.000 0.000 0.000 0.000 0.000 31.000 0.000 6.000
1 22.000 0.000 0.000 20.000 7.000 25.000 14.000 0.000 0.000 0.000 12.000 0.000 7.000 0.000 48.000
2 0.000 0.000 0.000 8.000 18.000 0.000 0.000 0.000 0.000 0.000 16.000 21.000 22.000 0.000 2.000
3 0.000 20.000 8.000 0.000 6.000 0.000 0.000 0.000 0.000 0.000 6.000 11.000 0.000 0.000 18.000
4 0.000 7.000 18.000 6.000 0.000 0.000 1.000 0.000 0.000 26.000 0.000 0.000 0.000 0.000 5.000
5 10.000 25.000 0.000 0.000 0.000 0.000 0.000 0.000 0.000 0.000 5.000 0.000 0.000 0.000 16.000
6 6.000 14.000 0.000 0.000 1.000 0.000 0.000 0.000 0.000 13.000 0.000 0.000 0.000 0.000 14.000
7 0.000 0.000 0.000 0.000 0.000 0.000 0.000 0.000 0.000 0.000 0.000 23.000 0.000 0.000 0.000
8 0.000 0.000 0.000 0.000 0.000 0.000 0.000 0.000 0.000 0.000 32.000 0.000 0.000 0.000 0.000
9 0.000 0.000 0.000 0.000 26.000 0.000 13.000 0.000 0.000 0.000 0.000 0.000 0.000 0.000 14.000
10 0.000 12.000 16.000 6.000 0.000 5.000 0.000 0.000 32.000 0.000 0.000 8.000 11.000 24.000 1.000
11 0.000 0.000 21.000 11.000 0.000 0.000 0.000 23.000 0.000 0.000 8.000 0.000 0.000 0.000 0.000
12 31.000 7.000 22.000 0.000 0.000 0.000 0.000 0.000 0.000 0.000 11.000 0.000 0.000 8.000 0.000
13 0.000 0.000 0.000 0.000 0.000 0.000 0.000 0.000 0.000 0.000 24.000 0.000 8.000 0.000 0.000
14 6.000 48.000 2.000 18.000 5.000 16.000 14.000 0.000 0.000 14.000 1.000 0.000 0.000 0.000 0.000

48
Merge Cluster 1 & Cluster 14

AFTER MERGE
0 0 - 6 202 - 216 219 - 221 --

2 49 - 51 118 - 141 150 - 153 327 - 335 337 - 338 --

3 37 - 48 56 - 57 --

4 52 - 53 241 - 242 244 - 246 248 - 253 301 - 326 --

5 9 - 26 91 - 94 --

6 277 - 279 281 - 297 --

7 351 - 364 --

8 168 - 171 --

9 239 - 240 254 - 275 --

10 112 - 117 154 - 167 172 - 175 376 - 381 --

11 339 - 350 382 - 396 --

12 142 - 149 189 - 201 217 - 218 --

13 365 - 375 --

15 7 - 8 27 - 34 60 - 87 95 - 111 176 - 186 222 - 237 298 - 300 --

************************************ END OF STEP ***************************
************************************** STEP # 2 ****************************
BEFORE MERGE
0 0 - 6 202 - 216 219 - 221 --

2 49 - 51 118 - 141 150 - 153 327 - 335 337 - 338 --

3 37 - 48 56 - 57 --

4 52 - 53 241 - 242 244 - 246 248 - 253 301 - 326 --

5 9 - 26 91 - 94 --

6 277 - 279 281 - 297 --

7 351 - 364 --

8 168 - 171 --

9 239 - 240 254 - 275 --

10 112 - 117 154 - 167 172 - 175 376 - 381 --

11 339 - 350 382 - 396 --

12 142 - 149 189 - 201 217 - 218 --

13 365 - 375 --

15 7 - 8 27 - 34 60 - 87 95 - 111 176 - 186 222 - 237 298 - 300 --


0 0.000 0.000 0.000 0.000 10.000 6.000 0.000 0.000 0.000 0.000 0.000 31.000 0.000 17.000
2 0.000 0.000 8.000 18.000 0.000 0.000 0.000 0.000 0.000 16.000 21.000 22.000 0.000 1.000
3 0.000 8.000 0.000 6.000 0.000 0.000 0.000 0.000 0.000 6.000 11.000 0.000 0.000 22.000
4 0.000 18.000 6.000 0.000 0.000 1.000 0.000 0.000 26.000 0.000 0.000 0.000 0.000 8.000
5 10.000 0.000 0.000 0.000 0.000 0.000 0.000 0.000 0.000 5.000 0.000 0.000 0.000 24.000
6 6.000 0.000 0.000 1.000 0.000 0.000 0.000 0.000 13.000 0.000 0.000 0.000 0.000 17.000
7 0.000 0.000 0.000 0.000 0.000 0.000 0.000 0.000 0.000 0.000 23.000 0.000 0.000 0.000
8 0.000 0.000 0.000 0.000 0.000 0.000 0.000 0.000 0.000 32.000 0.000 0.000 0.000 0.000
9 0.000 0.000 0.000 26.000 0.000 13.000 0.000 0.000 0.000 0.000 0.000 0.000 0.000 9.000
10 0.000 16.000 6.000 0.000 5.000 0.000 0.000 32.000 0.000 0.000 8.000 11.000 24.000 8.000
11 0.000 21.000 11.000 0.000 0.000 0.000 23.000 0.000 0.000 8.000 0.000 0.000 0.000 0.000
12 31.000 22.000 0.000 0.000 0.000 0.000 0.000 0.000 0.000 11.000 0.000 0.000 8.000 4.000
13 0.000 0.000 0.000 0.000 0.000 0.000 0.000 0.000 0.000 24.000 0.000 8.000 0.000 0.000
15 17.000 1.000 22.000 8.000 24.000 17.000 0.000 0.000 9.000 8.000 0.000 4.000 0.000 0.000

32
Merge Cluster 8 & Cluster 10

AFTER MERGE
0 0 - 6 202 - 216 219 - 221 --

2 49 - 51 118 - 141 150 - 153 327 - 335 337 - 338 --

3 37 - 48 56 - 57 --

4 52 - 53 241 - 242 244 - 246 248 - 253 301 - 326 --

5 9 - 26 91 - 94 --

6 277 - 279 281 - 297 --

7 351 - 364 --

9 239 - 240 254 - 275 --

11 339 - 350 382 - 396 --

12 142 - 149 189 - 201 217 - 218 --

13 365 - 375 --

15 7 - 8 27 - 34 60 - 87 95 - 111 176 - 186 222 - 237 298 - 300 --

16 112 - 117 154 - 175 376 - 381 --

************************************ END OF STEP ***************************
************************************** STEP # 3 ****************************
BEFORE MERGE
0 0 - 6 202 - 216 219 - 221 --

2 49 - 51 118 - 141 150 - 153 327 - 335 337 - 338 --

3 37 - 48 56 - 57 --

4 52 - 53 241 - 242 244 - 246 248 - 253 301 - 326 --

5 9 - 26 91 - 94 --

6 277 - 279 281 - 297 --

7 351 - 364 --

9 239 - 240 254 - 275 --

11 339 - 350 382 - 396 --

12 142 - 149 189 - 201 217 - 218 --

13 365 - 375 --

15 7 - 8 27 - 34 60 - 87 95 - 111 176 - 186 222 - 237 298 - 300 --

16 112 - 117 154 - 175 376 - 381 --


0 0.000 0.000 0.000 0.000 10.000 6.000 0.000 0.000 0.000 31.000 0.000 17.000 0.000
2 0.000 0.000 8.000 18.000 0.000 0.000 0.000 0.000 21.000 22.000 0.000 1.000 15.000
3 0.000 8.000 0.000 6.000 0.000 0.000 0.000 0.000 11.000 0.000 0.000 22.000 5.000
4 0.000 18.000 6.000 0.000 0.000 1.000 0.000 26.000 0.000 0.000 0.000 8.000 0.000
5 10.000 0.000 0.000 0.000 0.000 0.000 0.000 0.000 0.000 0.000 0.000 24.000 5.000
6 6.000 0.000 0.000 1.000 0.000 0.000 0.000 13.000 0.000 0.000 0.000 17.000 0.000
7 0.000 0.000 0.000 0.000 0.000 0.000 0.000 0.000 23.000 0.000 0.000 0.000 0.000
9 0.000 0.000 0.000 26.000 0.000 13.000 0.000 0.000 0.000 0.000 0.000 9.000 0.000
11 0.000 21.000 11.000 0.000 0.000 0.000 23.000 0.000 0.000 0.000 0.000 0.000 8.000
12 31.000 22.000 0.000 0.000 0.000 0.000 0.000 0.000 0.000 0.000 8.000 4.000 10.000
13 0.000 0.000 0.000 0.000 0.000 0.000 0.000 0.000 0.000 8.000 0.000 0.000 22.000
15 17.000 1.000 22.000 8.000 24.000 17.000 0.000 9.000 0.000 4.000 0.000 0.000 8.000
16 0.000 15.000 5.000 0.000 5.000 0.000 0.000 0.000 8.000 10.000 22.000 8.000 0.000

31
Merge Cluster 0 & Cluster 12

AFTER MERGE
2 49 - 51 118 - 141 150 - 153 327 - 335 337 - 338 --

3 37 - 48 56 - 57 --

4 52 - 53 241 - 242 244 - 246 248 - 253 301 - 326 --

5 9 - 26 91 - 94 --

6 277 - 279 281 - 297 --

7 351 - 364 --

9 239 - 240 254 - 275 --

11 339 - 350 382 - 396 --

13 365 - 375 --

15 7 - 8 27 - 34 60 - 87 95 - 111 176 - 186 222 - 237 298 - 300 --

16 112 - 117 154 - 175 376 - 381 --

17 0 - 6 142 - 149 187 - 221 --

************************************ END OF STEP ***************************
************************************** STEP # 4 ****************************
BEFORE MERGE
2 49 - 51 118 - 141 150 - 153 327 - 335 337 - 338 --

3 37 - 48 56 - 57 --

4 52 - 53 241 - 242 244 - 246 248 - 253 301 - 326 --

5 9 - 26 91 - 94 --

6 277 - 279 281 - 297 --

7 351 - 364 --

9 239 - 240 254 - 275 --

11 339 - 350 382 - 396 --

13 365 - 375 --

15 7 - 8 27 - 34 60 - 87 95 - 111 176 - 186 222 - 237 298 - 300 --

16 112 - 117 154 - 175 376 - 381 --

17 0 - 6 142 - 149 187 - 221 --


2 0.000 8.000 18.000 0.000 0.000 0.000 0.000 21.000 0.000 1.000 15.000 16.000
3 8.000 0.000 6.000 0.000 0.000 0.000 0.000 11.000 0.000 22.000 5.000 0.000
4 18.000 6.000 0.000 0.000 1.000 0.000 26.000 0.000 0.000 8.000 0.000 0.000
5 0.000 0.000 0.000 0.000 0.000 0.000 0.000 0.000 0.000 24.000 5.000 6.000
6 0.000 0.000 1.000 0.000 0.000 0.000 13.000 0.000 0.000 17.000 0.000 4.000
7 0.000 0.000 0.000 0.000 0.000 0.000 0.000 23.000 0.000 0.000 0.000 0.000
9 0.000 0.000 26.000 0.000 13.000 0.000 0.000 0.000 0.000 9.000 0.000 0.000
11 21.000 11.000 0.000 0.000 0.000 23.000 0.000 0.000 0.000 0.000 8.000 0.000
13 0.000 0.000 0.000 0.000 0.000 0.000 0.000 0.000 0.000 0.000 22.000 4.000
15 1.000 22.000 8.000 24.000 17.000 0.000 9.000 0.000 0.000 0.000 8.000 17.000
16 15.000 5.000 0.000 5.000 0.000 0.000 0.000 8.000 22.000 8.000 0.000 7.000
17 16.000 0.000 0.000 6.000 4.000 0.000 0.000 0.000 4.000 17.000 7.000 0.000

26
Merge Cluster 4 & Cluster 9

AFTER MERGE
2 49 - 51 118 - 141 150 - 153 327 - 335 337 - 338 --

3 37 - 48 56 - 57 --

5 9 - 26 91 - 94 --

6 277 - 279 281 - 297 --

7 351 - 364 --

11 339 - 350 382 - 396 --

13 365 - 375 --

15 7 - 8 27 - 34 60 - 87 95 - 111 176 - 186 222 - 237 298 - 300 --

16 112 - 117 154 - 175 376 - 381 --

17 0 - 6 142 - 149 187 - 221 --

18 52 - 53 238 - 275 301 - 326 --

************************************ END OF STEP ***************************
************************************** STEP # 5 ****************************
BEFORE MERGE
2 49 - 51 118 - 141 150 - 153 327 - 335 337 - 338 --

3 37 - 48 56 - 57 --

5 9 - 26 91 - 94 --

6 277 - 279 281 - 297 --

7 351 - 364 --

11 339 - 350 382 - 396 --

13 365 - 375 --

15 7 - 8 27 - 34 60 - 87 95 - 111 176 - 186 222 - 237 298 - 300 --

16 112 - 117 154 - 175 376 - 381 --

17 0 - 6 142 - 149 187 - 221 --

18 52 - 53 238 - 275 301 - 326 --


2 0.000 8.000 0.000 0.000 0.000 21.000 0.000 1.000 15.000 16.000 13.000
3 8.000 0.000 0.000 0.000 0.000 11.000 0.000 22.000 5.000 0.000 4.000
5 0.000 0.000 0.000 0.000 0.000 0.000 0.000 24.000 5.000 6.000 0.000
6 0.000 0.000 0.000 0.000 0.000 0.000 0.000 17.000 0.000 4.000 8.000
7 0.000 0.000 0.000 0.000 0.000 23.000 0.000 0.000 0.000 0.000 0.000
11 21.000 11.000 0.000 0.000 23.000 0.000 0.000 0.000 8.000 0.000 0.000
13 0.000 0.000 0.000 0.000 0.000 0.000 0.000 0.000 22.000 4.000 0.000
15 1.000 22.000 24.000 17.000 0.000 0.000 0.000 0.000 8.000 17.000 14.000
16 15.000 5.000 5.000 0.000 0.000 8.000 22.000 8.000 0.000 7.000 0.000
17 16.000 0.000 6.000 4.000 0.000 0.000 4.000 17.000 7.000 0.000 0.000
18 13.000 4.000 0.000 8.000 0.000 0.000 0.000 14.000 0.000 0.000 0.000

24
Merge Cluster 5 & Cluster 15

AFTER MERGE
2 49 - 51 118 - 141 150 - 153 327 - 335 337 - 338 --

3 37 - 48 56 - 57 --

6 277 - 279 281 - 297 --

7 351 - 364 --

11 339 - 350 382 - 396 --

13 365 - 375 --

16 112 - 117 154 - 175 376 - 381 --

17 0 - 6 142 - 149 187 - 221 --

18 52 - 53 238 - 275 301 - 326 --

19 7 - 34 60 - 88 90 - 111 176 - 186 222 - 237 298 - 300 --

************************************ END OF STEP ***************************
************************************** STEP # 6 ****************************
BEFORE MERGE
2 49 - 51 118 - 141 150 - 153 327 - 335 337 - 338 --

3 37 - 48 56 - 57 --

6 277 - 279 281 - 297 --

7 351 - 364 --

11 339 - 350 382 - 396 --

13 365 - 375 --

16 112 - 117 154 - 175 376 - 381 --

17 0 - 6 142 - 149 187 - 221 --

18 52 - 53 238 - 275 301 - 326 --

19 7 - 34 60 - 88 90 - 111 176 - 186 222 - 237 298 - 300 --


2 0.000 8.000 0.000 0.000 21.000 0.000 15.000 16.000 13.000 1.000
3 8.000 0.000 0.000 0.000 11.000 0.000 5.000 0.000 4.000 18.000
6 0.000 0.000 0.000 0.000 0.000 0.000 0.000 4.000 8.000 14.000
7 0.000 0.000 0.000 0.000 23.000 0.000 0.000 0.000 0.000 0.000
11 21.000 11.000 0.000 23.000 0.000 0.000 8.000 0.000 0.000 0.000
13 0.000 0.000 0.000 0.000 0.000 0.000 22.000 4.000 0.000 0.000
16 15.000 5.000 0.000 0.000 8.000 22.000 0.000 7.000 0.000 8.000
17 16.000 0.000 4.000 0.000 0.000 4.000 7.000 0.000 0.000 18.000
18 13.000 4.000 8.000 0.000 0.000 0.000 0.000 0.000 0.000 12.000
19 1.000 18.000 14.000 0.000 0.000 0.000 8.000 18.000 12.000 0.000

23
Merge Cluster 7 & Cluster 11

AFTER MERGE
2 49 - 51 118 - 141 150 - 153 327 - 335 337 - 338 --

3 37 - 48 56 - 57 --

6 277 - 279 281 - 297 --

13 365 - 375 --

16 112 - 117 154 - 175 376 - 381 --

17 0 - 6 142 - 149 187 - 221 --

18 52 - 53 238 - 275 301 - 326 --

19 7 - 34 60 - 88 90 - 111 176 - 186 222 - 237 298 - 300 --

20 339 - 364 382 - 396 --

************************************ END OF STEP ***************************
************************************** STEP # 7 ****************************
BEFORE MERGE
2 49 - 51 118 - 141 150 - 153 327 - 335 337 - 338 --

3 37 - 48 56 - 57 --

6 277 - 279 281 - 297 --

13 365 - 375 --

16 112 - 117 154 - 175 376 - 381 --

17 0 - 6 142 - 149 187 - 221 --

18 52 - 53 238 - 275 301 - 326 --

19 7 - 34 60 - 88 90 - 111 176 - 186 222 - 237 298 - 300 --

20 339 - 364 382 - 396 --


2 0.000 8.000 0.000 0.000 15.000 16.000 13.000 1.000 17.000
3 8.000 0.000 0.000 0.000 5.000 0.000 4.000 18.000 8.000
6 0.000 0.000 0.000 0.000 0.000 4.000 8.000 14.000 0.000
13 0.000 0.000 0.000 0.000 22.000 4.000 0.000 0.000 0.000
16 15.000 5.000 0.000 22.000 0.000 7.000 0.000 8.000 6.000
17 16.000 0.000 4.000 4.000 7.000 0.000 0.000 18.000 0.000
18 13.000 4.000 8.000 0.000 0.000 0.000 0.000 12.000 0.000
19 1.000 18.000 14.000 0.000 8.000 18.000 12.000 0.000 0.000
20 17.000 8.000 0.000 0.000 6.000 0.000 0.000 0.000 0.000

22
Merge Cluster 13 & Cluster 16

AFTER MERGE
2 49 - 51 118 - 141 150 - 153 327 - 335 337 - 338 --

3 37 - 48 56 - 57 --

6 277 - 279 281 - 297 --

17 0 - 6 142 - 149 187 - 221 --

18 52 - 53 238 - 275 301 - 326 --

19 7 - 34 60 - 88 90 - 111 176 - 186 222 - 237 298 - 300 --

20 339 - 364 382 - 396 --

21 112 - 117 154 - 175 365 - 381 --

************************************ END OF STEP ***************************
************************************** STEP # 8 ****************************
BEFORE MERGE
2 49 - 51 118 - 141 150 - 153 327 - 335 337 - 338 --

3 37 - 48 56 - 57 --

6 277 - 279 281 - 297 --

17 0 - 6 142 - 149 187 - 221 --

18 52 - 53 238 - 275 301 - 326 --

19 7 - 34 60 - 88 90 - 111 176 - 186 222 - 237 298 - 300 --

20 339 - 364 382 - 396 --

21 112 - 117 154 - 175 365 - 381 --


2 0.000 8.000 0.000 16.000 13.000 1.000 17.000 13.000
3 8.000 0.000 0.000 0.000 4.000 18.000 8.000 4.000
6 0.000 0.000 0.000 4.000 8.000 14.000 0.000 0.000
17 16.000 0.000 4.000 0.000 0.000 18.000 0.000 9.000
18 13.000 4.000 8.000 0.000 0.000 12.000 0.000 0.000
19 1.000 18.000 14.000 18.000 12.000 0.000 0.000 8.000
20 17.000 8.000 0.000 0.000 0.000 0.000 0.000 5.000
21 13.000 4.000 0.000 9.000 0.000 8.000 5.000 0.000

18
Merge Cluster 3 & Cluster 19

AFTER MERGE
2 49 - 51 118 - 141 150 - 153 327 - 335 337 - 338 --

6 277 - 279 281 - 297 --

17 0 - 6 142 - 149 187 - 221 --

18 52 - 53 238 - 275 301 - 326 --

20 339 - 364 382 - 396 --

21 112 - 117 154 - 175 365 - 381 --

22 7 - 48 56 - 88 90 - 111 176 - 186 222 - 237 298 - 300 --

************************************ END OF STEP ***************************
************************************** STEP # 9 ****************************
BEFORE MERGE
2 49 - 51 118 - 141 150 - 153 327 - 335 337 - 338 --

6 277 - 279 281 - 297 --

17 0 - 6 142 - 149 187 - 221 --

18 52 - 53 238 - 275 301 - 326 --

20 339 - 364 382 - 396 --

21 112 - 117 154 - 175 365 - 381 --

22 7 - 48 56 - 88 90 - 111 176 - 186 222 - 237 298 - 300 --


2 0.000 0.000 16.000 13.000 17.000 13.000 4.000
6 0.000 0.000 4.000 8.000 0.000 0.000 12.000
17 16.000 4.000 0.000 0.000 0.000 9.000 16.000
18 13.000 8.000 0.000 0.000 0.000 0.000 13.000
20 17.000 0.000 0.000 0.000 0.000 5.000 2.000
21 13.000 0.000 9.000 0.000 5.000 0.000 9.000
22 4.000 12.000 16.000 13.000 2.000 9.000 0.000

17
Merge Cluster 2 & Cluster 20

AFTER MERGE
6 277 - 279 281 - 297 --

17 0 - 6 142 - 149 187 - 221 --

18 52 - 53 238 - 275 301 - 326 --

21 112 - 117 154 - 175 365 - 381 --

22 7 - 48 56 - 88 90 - 111 176 - 186 222 - 237 298 - 300 --

23 49 - 51 118 - 141 150 - 153 327 - 364 382 - 396 --

************************************ END OF STEP ***************************
************************************** STEP # 10 ****************************
BEFORE MERGE
6 277 - 279 281 - 297 --

17 0 - 6 142 - 149 187 - 221 --

18 52 - 53 238 - 275 301 - 326 --

21 112 - 117 154 - 175 365 - 381 --

22 7 - 48 56 - 88 90 - 111 176 - 186 222 - 237 298 - 300 --

23 49 - 51 118 - 141 150 - 153 327 - 364 382 - 396 --


6 0.000 4.000 8.000 0.000 12.000 0.000
17 4.000 0.000 0.000 9.000 16.000 11.000
18 8.000 0.000 0.000 0.000 13.000 9.000
21 0.000 9.000 0.000 0.000 9.000 13.000
22 12.000 16.000 13.000 9.000 0.000 5.000
23 0.000 11.000 9.000 13.000 5.000 0.000

16
Merge Cluster 17 & Cluster 22

AFTER MERGE
6 277 - 279 281 - 297 --

18 52 - 53 238 - 275 301 - 326 --

21 112 - 117 154 - 175 365 - 381 --

23 49 - 51 118 - 141 150 - 153 327 - 364 382 - 396 --

24 0 - 48 56 - 111 142 - 149 176 - 237 298 - 300 --

************************************ END OF STEP ***************************
************************************** STEP # 11 ****************************
BEFORE MERGE
6 277 - 279 281 - 297 --

18 52 - 53 238 - 275 301 - 326 --

21 112 - 117 154 - 175 365 - 381 --

23 49 - 51 118 - 141 150 - 153 327 - 364 382 - 396 --

24 0 - 48 56 - 111 142 - 149 176 - 237 298 - 300 --


6 0.000 8.000 0.000 0.000 10.000
18 8.000 0.000 0.000 9.000 10.000
21 0.000 0.000 0.000 13.000 11.000
23 0.000 9.000 13.000 0.000 10.000
24 10.000 10.000 11.000 10.000 0.000

13
Merge Cluster 21 & Cluster 23

AFTER MERGE
6 277 - 279 281 - 297 --

18 52 - 53 238 - 275 301 - 326 --

24 0 - 48 56 - 111 142 - 149 176 - 237 298 - 300 --

25 49 - 51 112 - 141 150 - 175 327 - 396 --

************************************ END OF STEP ***************************
************************************** STEP # 12 ****************************
BEFORE MERGE
6 277 - 279 281 - 297 --

18 52 - 53 238 - 275 301 - 326 --

24 0 - 48 56 - 111 142 - 149 176 - 237 298 - 300 --

25 49 - 51 112 - 141 150 - 175 327 - 396 --


6 0.000 8.000 10.000 0.000
18 8.000 0.000 10.000 7.000
24 10.000 10.000 0.000 16.000
25 0.000 7.000 16.000 0.000

16
Merge Cluster 24 & Cluster 25

AFTER MERGE
6 277 - 279 281 - 297 --

18 52 - 53 238 - 275 301 - 326 --

26 0 - 51 56 - 237 298 - 300 327 - 396 --

************************************ END OF STEP ***************************
************************************** STEP # 13 ****************************
BEFORE MERGE
6 277 - 279 281 - 297 --

18 52 - 53 238 - 275 301 - 326 --

26 0 - 51 56 - 237 298 - 300 327 - 396 --


6 0.000 8.000 6.000
18 8.000 0.000 10.000
26 6.000 10.000 0.000

10
Merge Cluster 18 & Cluster 26

AFTER MERGE
6 277 - 279 281 - 297 --

27 0 - 276 298 - 396 --

************************************ END OF STEP ***************************
************************************** STEP # 14 ****************************
BEFORE MERGE
6 277 - 279 281 - 297 --

27 0 - 276 298 - 396 --


6 0.000 7.000
27 7.000 0.000

7
Merge Cluster 6 & Cluster 27

AFTER MERGE
28 0 - 396 --

************************************ END OF STEP ***************************
